Call Sign = ZSDA,	Ship Name = SA Agulhas,	Lloyds Num = 0
Date = 02/03/2017,	Time = 04:34,	
Latitude = 43 11.67  S,	Longitude = 008 16.44  E
Instr = Sippican Deep Blue,	Card Type = Sippican MK-21,	
Wind Instr = ,	Measur Method = 
Probe Serial Num = -1,	Ship Dir = -1,	Ship Speed = -1.00
Wind Dir = 252,	Wind Speed = 36.00
Dry Bulb Temp = 10.30,	Total Water Depth = -1.00

Full Resolution Values
Depth,	 Temp
0.67,	9.8900
1.34,	9.5500
2.01,	9.4700
2.68,	9.4500
3.34,	9.4400
4.01,	9.4200
4.68,	9.4300
5.35,	9.4200
6.02,	9.4400
6.69,	9.4600
7.36,	9.4600
8.03,	9.4600
8.69,	9.4600
9.36,	9.4600
10.03,	9.4700
10.70,	9.4700
11.37,	9.4700
12.04,	9.4600
12.70,	9.4600
13.37,	9.4600
14.04,	9.4600
14.71,	9.4600
15.38,	9.4600
16.05,	9.4700
16.71,	9.4700
17.38,	9.4700
18.05,	9.4700
18.72,	9.4600
19.38,	9.4600
20.05,	9.4700
20.72,	9.4600
21.39,	9.4700
22.06,	9.4600
22.72,	9.4700
23.39,	9.4700
24.06,	9.4700
24.73,	9.4700
25.39,	9.4700
26.06,	9.4700
26.73,	9.4700
27.40,	9.4700
28.06,	9.4600
28.73,	9.4600
29.40,	9.4600
30.06,	9.4700
30.73,	9.4700
31.40,	9.4700
32.06,	9.4700
32.73,	9.4700
33.40,	9.4700
34.07,	9.4700
34.73,	9.4700
35.40,	9.4700
36.07,	9.4700
36.73,	9.4800
37.40,	9.4800
38.07,	9.4800
38.73,	9.4800
39.40,	9.4800
40.06,	9.4800
40.73,	9.4800
41.40,	9.4800
42.06,	9.4700
42.73,	9.4700
43.40,	9.4700
44.06,	9.4800
44.73,	9.4800
45.39,	9.5000
46.06,	9.5000
46.73,	9.5000
47.39,	9.5100
48.06,	9.5200
48.72,	9.5300
49.39,	9.5300
50.06,	9.5200
50.72,	9.5300
51.39,	9.5300
52.05,	9.5500
52.72,	9.5500
53.38,	9.5600
54.05,	9.5600
54.71,	9.5600
55.38,	9.5600
56.05,	9.5600
56.71,	9.5700
57.38,	9.5800
58.04,	9.5900
58.71,	9.6000
59.37,	9.6000
60.04,	9.6100
60.70,	9.6100
61.37,	9.6200
62.03,	9.6300
62.70,	9.6300
63.36,	9.6300
64.03,	9.6300
64.69,	9.6300
65.36,	9.6200
66.02,	9.6200
66.69,	9.6100
67.35,	9.6100
68.01,	9.6100
68.68,	9.6000
69.34,	9.5900
70.01,	9.5900
70.67,	9.5800
71.34,	9.5800
72.00,	9.5700
72.66,	9.5600
73.33,	9.5600
73.99,	9.5400
74.66,	9.5200
75.32,	9.5100
75.98,	9.5000
76.65,	9.5000
77.31,	9.4900
77.98,	9.4700
78.64,	9.4600
79.30,	9.4400
79.97,	9.4000
80.63,	9.3700
81.30,	9.3600
81.96,	9.3400
82.62,	9.3200
83.29,	9.3100
83.95,	9.3100
84.61,	9.3100
85.28,	9.3100
85.94,	9.3100
86.60,	9.3000
87.27,	9.3000
87.93,	9.2900
88.59,	9.2700
89.26,	9.2500
89.92,	9.2400
90.58,	9.2400
91.24,	9.2300
91.91,	9.2200
92.57,	9.2100
93.23,	9.2200
93.90,	9.2100
94.56,	9.2100
95.22,	9.2000
95.88,	9.1900
96.55,	9.1800
97.21,	9.1700
97.87,	9.1600
98.53,	9.1400
99.20,	9.1400
99.86,	9.1300
100.52,	9.1300
101.18,	9.1200
101.85,	9.1200
102.51,	9.1200
103.17,	9.1100
103.83,	9.1200
104.49,	9.1100
105.16,	9.1100
105.82,	9.1100
106.48,	9.1100
107.14,	9.1100
107.80,	9.1100
108.47,	9.1100
109.13,	9.1100
109.79,	9.1100
110.45,	9.1100
111.11,	9.1000
111.77,	9.1000
112.44,	9.1000
113.10,	9.0900
113.76,	9.0900
114.42,	9.0900
115.08,	9.1000
115.74,	9.0900
116.40,	9.0800
117.06,	9.0700
117.73,	9.0500
118.39,	9.0100
119.05,	8.9400
119.71,	8.8400
120.37,	8.7900
121.03,	8.7600
121.69,	8.7500
122.35,	8.7300
123.01,	8.7300
123.67,	8.7200
124.33,	8.7100
125.00,	8.7000
125.66,	8.7000
126.32,	8.7000
126.98,	8.6900
127.64,	8.6900
128.30,	8.6900
128.96,	8.6900
129.62,	8.6800
130.28,	8.6800
130.94,	8.6700
131.60,	8.6500
132.26,	8.6200
132.92,	8.5900
133.58,	8.5800
134.24,	8.5800
134.90,	8.5700
135.56,	8.5700
136.22,	8.5700
136.88,	8.5700
137.54,	8.5700
138.20,	8.5600
138.86,	8.5500
139.52,	8.5400
140.18,	8.5200
140.84,	8.5100
141.50,	8.4900
142.16,	8.4700
142.82,	8.4600
143.48,	8.4600
144.14,	8.4600
144.79,	8.4500
145.45,	8.4500
146.11,	8.4500
146.77,	8.4400
147.43,	8.4300
148.09,	8.4100
148.75,	8.4000
149.41,	8.4000
150.07,	8.3900
150.73,	8.3800
151.39,	8.3600
152.04,	8.3400
152.70,	8.3300
153.36,	8.3000
154.02,	8.2800
154.68,	8.2500
155.34,	8.2300
156.00,	8.2200
156.65,	8.2100
157.31,	8.1900
157.97,	8.1900
158.63,	8.2000
159.29,	8.1900
159.95,	8.1800
160.60,	8.1700
161.26,	8.1800
161.92,	8.1700
162.58,	8.1700
163.24,	8.1700
163.90,	8.1600
164.55,	8.1600
165.21,	8.1500
165.87,	8.1400
166.53,	8.1400
167.18,	8.1300
167.84,	8.1400
168.50,	8.1400
169.16,	8.1300
169.82,	8.1200
170.47,	8.1000
171.13,	8.0800
171.79,	8.0800
172.44,	8.0800
173.10,	8.0700
173.76,	8.0600
174.42,	8.0400
175.07,	8.0400
175.73,	8.0300
176.39,	8.0100
177.05,	7.9800
177.70,	7.9500
178.36,	7.9300
179.02,	7.9300
179.67,	7.9300
180.33,	7.9200
180.99,	7.9200
181.64,	7.9200
182.30,	7.9200
182.96,	7.9300
183.61,	7.9100
184.27,	7.8800
184.93,	7.8600
185.58,	7.8500
186.24,	7.8400
186.90,	7.8400
187.55,	7.8400
188.21,	7.8400
188.87,	7.8400
189.52,	7.8400
190.18,	7.8400
190.83,	7.8600
191.49,	7.8600
192.15,	7.8700
192.80,	7.8800
193.46,	7.8800
194.11,	7.8800
194.77,	7.8800
195.43,	7.8700
196.08,	7.8700
196.74,	7.8800
197.39,	7.9000
198.05,	7.9200
198.70,	7.9300
199.36,	7.9300
200.02,	7.9300
200.67,	7.9200
201.33,	7.9200
201.98,	7.9100
202.64,	7.9100
203.29,	7.9100
203.95,	7.9000
204.60,	7.9000
205.26,	7.8900
205.91,	7.8900
206.57,	7.8800
207.22,	7.8800
207.88,	7.8800
208.53,	7.8800
209.19,	7.8900
209.84,	7.9000
210.50,	7.9000
211.15,	7.9000
211.81,	7.9000
212.46,	7.9000
213.12,	7.9000
213.77,	7.9000
214.43,	7.9000
215.08,	7.9000
215.74,	7.8900
216.39,	7.8800
217.04,	7.8800
217.70,	7.8800
218.35,	7.8800
219.01,	7.8700
219.66,	7.8600
220.32,	7.8600
220.97,	7.8600
221.62,	7.8500
222.28,	7.8400
222.93,	7.8300
223.59,	7.8200
224.24,	7.8200
224.89,	7.8100
225.55,	7.8000
226.20,	7.8000
226.85,	7.8000
227.51,	7.8000
228.16,	7.8000
228.81,	7.8000
229.47,	7.7900
230.12,	7.7800
230.78,	7.7800
231.43,	7.7600
232.08,	7.7400
232.74,	7.7300
233.39,	7.7000
234.04,	7.6700
234.69,	7.6500
235.35,	7.6400
236.00,	7.6400
236.65,	7.6300
237.31,	7.6100
237.96,	7.5800
238.61,	7.5700
239.27,	7.5600
239.92,	7.5500
240.57,	7.5400
241.22,	7.5300
241.88,	7.5300
242.53,	7.5200
243.18,	7.5200
243.83,	7.5200
244.49,	7.5200
245.14,	7.5200
245.79,	7.5200
246.44,	7.5200
247.10,	7.5200
247.75,	7.5200
248.40,	7.5100
249.05,	7.5200
249.70,	7.5200
250.36,	7.5100
251.01,	7.5000
251.66,	7.5000
252.31,	7.5000
252.96,	7.5000
253.62,	7.4900
254.27,	7.4900
254.92,	7.4800
255.57,	7.4700
256.22,	7.4700
256.88,	7.4600
257.53,	7.4500
258.18,	7.4400
258.83,	7.4200
259.48,	7.4000
260.13,	7.3900
260.78,	7.3700
261.44,	7.3500
262.09,	7.3200
262.74,	7.2800
263.39,	7.2600
264.04,	7.2400
264.69,	7.2300
265.34,	7.2200
265.99,	7.2100
266.64,	7.2000
267.29,	7.1800
267.95,	7.1700
268.60,	7.1700
269.25,	7.1600
269.90,	7.1600
270.55,	7.1600
271.20,	7.1600
271.85,	7.1600
272.50,	7.1600
273.15,	7.1600
273.80,	7.1500
274.45,	7.1500
275.10,	7.1600
275.75,	7.1600
276.40,	7.1600
277.05,	7.1500
277.70,	7.1500
278.35,	7.1500
279.00,	7.1400
279.65,	7.1400
280.30,	7.1400
280.95,	7.1300
281.60,	7.1200
282.25,	7.1100
282.90,	7.1000
283.55,	7.0800
284.20,	7.0600
284.85,	7.0400
285.50,	7.0400
286.15,	7.0400
286.80,	7.0400
287.45,	7.0400
288.10,	7.0300
288.75,	7.0300
289.40,	7.0200
290.05,	7.0200
290.70,	7.0000
291.35,	6.9900
292.00,	6.9700
292.64,	6.9600
293.29,	6.9600
293.94,	6.9600
294.59,	6.9600
295.24,	6.9600
295.89,	6.9600
296.54,	6.9600
297.19,	6.9600
297.84,	6.9700
298.49,	6.9700
299.13,	6.9900
299.78,	7.0000
300.43,	7.0100
301.08,	7.0200
301.73,	7.0200
302.38,	7.0200
303.02,	7.0200
303.67,	7.0300
304.32,	7.0400
304.97,	7.0300
305.62,	7.0400
306.27,	7.0400
306.91,	7.0400
307.56,	7.0500
308.21,	7.0500
308.86,	7.0400
309.51,	7.0200
310.15,	7.0000
310.80,	6.9900
311.45,	6.9900
312.10,	6.9900
312.75,	6.9900
313.39,	6.9900
314.04,	6.9900
314.69,	6.9600
315.34,	6.9500
315.98,	6.9300
316.63,	6.8900
317.28,	6.8600
317.93,	6.8500
318.57,	6.8400
319.22,	6.8300
319.87,	6.7900
320.52,	6.7700
321.16,	6.7300
321.81,	6.7000
322.46,	6.6700
323.10,	6.6500
323.75,	6.6400
324.40,	6.6200
325.04,	6.6100
325.69,	6.6200
326.34,	6.6000
326.99,	6.5600
327.63,	6.5300
328.28,	6.5200
328.93,	6.5100
329.57,	6.5100
330.22,	6.5100
330.86,	6.5100
331.51,	6.5000
332.16,	6.4900
332.80,	6.4900
333.45,	6.4700
334.10,	6.4500
334.74,	6.4300
335.39,	6.4300
336.03,	6.4200
336.68,	6.4200
337.33,	6.4100
337.97,	6.4100
338.62,	6.4100
339.26,	6.4000
339.91,	6.4000
340.56,	6.3900
341.20,	6.3900
341.85,	6.3900
342.49,	6.3800
343.14,	6.3700
343.78,	6.3700
344.43,	6.3700
345.08,	6.3700
345.72,	6.3600
346.37,	6.3600
347.01,	6.3600
347.66,	6.3500
348.30,	6.3500
348.95,	6.3500
349.59,	6.3400
350.24,	6.3400
350.88,	6.3200
351.53,	6.3100
352.17,	6.3000
352.82,	6.3000
353.46,	6.2900
354.11,	6.2900
354.75,	6.2900
355.40,	6.2900
356.04,	6.2800
356.69,	6.2800
357.33,	6.2800
357.98,	6.2800
358.62,	6.2800
359.27,	6.2700
359.91,	6.2600
360.55,	6.2500
361.20,	6.2400
361.84,	6.2300
362.49,	6.2200
363.13,	6.2100
363.78,	6.2100
364.42,	6.2100
365.06,	6.2000
365.71,	6.1700
366.35,	6.1500
367.00,	6.1300
367.64,	6.1200
368.28,	6.1000
368.93,	6.0900
369.57,	6.0800
370.22,	6.0700
370.86,	6.0600
371.50,	6.0300
372.15,	6.0000
372.79,	5.9700
373.43,	5.9400
374.08,	5.9100
374.72,	5.8700
375.36,	5.8500
376.01,	5.8500
376.65,	5.8300
377.29,	5.8100
377.94,	5.7700
378.58,	5.7400
379.22,	5.7100
379.87,	5.6900
380.51,	5.6700
381.15,	5.6500
381.79,	5.6500
382.44,	5.6400
383.08,	5.6400
383.72,	5.6300
384.37,	5.6300
385.01,	5.6200
385.65,	5.6200
386.29,	5.6100
386.94,	5.6100
387.58,	5.6000
388.22,	5.5900
388.86,	5.5800
389.51,	5.5600
390.15,	5.5400
390.79,	5.5400
391.43,	5.5300
392.08,	5.5200
392.72,	5.5100
393.36,	5.5000
394.00,	5.5000
394.64,	5.5000
395.29,	5.5000
395.93,	5.4900
396.57,	5.4900
397.21,	5.4700
397.85,	5.4700
398.50,	5.4600
399.14,	5.4500
399.78,	5.4500
400.42,	5.4400
401.06,	5.4400
401.70,	5.4400
402.34,	5.4300
402.99,	5.4300
403.63,	5.4200
404.27,	5.4200
404.91,	5.4100
405.55,	5.4100
406.19,	5.4000
406.83,	5.4000
407.48,	5.4100
408.12,	5.4000
408.76,	5.4000
409.40,	5.4000
410.04,	5.4000
410.68,	5.4000
411.32,	5.4100
411.96,	5.4100
412.60,	5.4200
413.24,	5.4200
413.88,	5.4200
414.52,	5.4300
415.17,	5.4400
415.81,	5.4400
416.45,	5.4300
417.09,	5.4400
417.73,	5.4500
418.37,	5.4500
419.01,	5.4600
419.65,	5.4600
420.29,	5.4600
420.93,	5.4800
421.57,	5.4800
422.21,	5.4900
422.85,	5.4900
423.49,	5.4900
424.13,	5.5000
424.77,	5.5000
425.41,	5.5000
426.05,	5.5000
426.69,	5.4900
427.33,	5.4900
427.97,	5.4800
428.61,	5.4500
429.25,	5.4200
429.89,	5.4000
430.53,	5.4000
431.17,	5.4000
431.80,	5.4000
432.44,	5.4000
433.08,	5.3900
433.72,	5.3900
434.36,	5.3800
435.00,	5.3800
435.64,	5.3800
436.28,	5.3800
436.92,	5.3800
437.56,	5.3800
438.20,	5.3700
438.84,	5.3700
439.47,	5.3700
440.11,	5.3700
440.75,	5.3700
441.39,	5.3600
442.03,	5.3400
442.67,	5.3200
443.31,	5.3100
443.95,	5.2900
444.58,	5.2900
445.22,	5.2900
445.86,	5.2800
446.50,	5.2600
447.14,	5.2500
447.78,	5.2200
448.41,	5.2000
449.05,	5.1800
449.69,	5.1700
450.33,	5.1600
450.97,	5.1600
451.60,	5.1500
452.24,	5.1500
452.88,	5.1400
453.52,	5.1300
454.16,	5.1100
454.79,	5.0900
455.43,	5.0700
456.07,	5.0600
456.71,	5.0500
457.35,	5.0400
457.98,	5.0400
458.62,	5.0400
459.26,	5.0300
459.90,	5.0200
460.53,	5.0200
461.17,	5.0100
461.81,	5.0100
462.44,	5.0000
463.08,	4.9800
463.72,	4.9700
464.36,	4.9600
464.99,	4.9500
465.63,	4.9500
466.27,	4.9400
466.90,	4.9400
467.54,	4.9400
468.18,	4.9400
468.81,	4.9300
469.45,	4.9300
470.09,	4.9200
470.72,	4.9200
471.36,	4.9200
472.00,	4.9200
472.63,	4.9100
473.27,	4.9100
473.91,	4.9100
474.54,	4.9100
475.18,	4.9000
475.82,	4.8900
476.45,	4.8800
477.09,	4.8700
477.73,	4.8600
478.36,	4.8600
479.00,	4.8500
479.63,	4.8400
480.27,	4.8400
480.91,	4.8400
481.54,	4.8400
482.18,	4.8300
482.81,	4.8300
483.45,	4.8200
484.08,	4.8200
484.72,	4.8200
485.36,	4.8100
485.99,	4.8100
486.63,	4.8100
487.26,	4.7900
487.90,	4.7700
488.53,	4.7600
489.17,	4.7600
489.80,	4.7700
490.44,	4.7700
491.07,	4.7600
491.71,	4.7600
492.34,	4.7600
492.98,	4.7600
493.62,	4.7600
494.25,	4.7500
494.89,	4.7500
495.52,	4.7400
496.15,	4.7400
496.79,	4.7400
497.42,	4.7400
498.06,	4.7300
498.69,	4.7300
499.33,	4.7300
499.96,	4.7200
500.60,	4.7200
501.23,	4.7100
501.87,	4.7100
502.50,	4.7000
503.14,	4.7000
503.77,	4.6900
504.40,	4.6800
505.04,	4.6600
505.67,	4.6400
506.31,	4.6200
506.94,	4.6200
507.57,	4.6100
508.21,	4.6000
508.84,	4.6000
509.48,	4.5900
510.11,	4.5900
510.74,	4.5900
511.38,	4.5900
512.01,	4.5900
512.65,	4.5800
513.28,	4.5800
513.91,	4.5800
514.55,	4.5800
515.18,	4.5800
515.81,	4.5800
516.45,	4.5800
517.08,	4.5800
517.71,	4.5800
518.35,	4.5800
518.98,	4.5800
519.61,	4.5800
520.25,	4.5800
520.88,	4.5900
521.51,	4.6200
522.15,	4.6400
522.78,	4.6600
523.41,	4.6700
524.04,	4.6700
524.68,	4.6700
525.31,	4.6700
525.94,	4.6700
526.58,	4.6800
527.21,	4.6700
527.84,	4.6700
528.47,	4.6600
529.11,	4.6600
529.74,	4.6500
530.37,	4.6500
531.00,	4.6400
531.64,	4.6400
532.27,	4.6300
532.90,	4.6300
533.53,	4.6300
534.17,	4.6200
534.80,	4.6100
535.43,	4.6100
536.06,	4.5900
536.69,	4.5700
537.33,	4.5700
537.96,	4.5700
538.59,	4.5700
539.22,	4.5700
539.85,	4.5600
540.48,	4.5600
541.12,	4.5600
541.75,	4.5500
542.38,	4.5500
543.01,	4.5500
543.64,	4.5500
544.27,	4.5400
544.91,	4.5300
545.54,	4.5300
546.17,	4.5300
546.80,	4.5200
547.43,	4.5100
548.06,	4.5000
548.69,	4.4900
549.32,	4.4900
549.95,	4.4900
550.59,	4.4900
551.22,	4.4900
551.85,	4.4900
552.48,	4.4900
553.11,	4.5000
553.74,	4.4900
554.37,	4.4800
555.00,	4.4800
555.63,	4.4700
556.26,	4.4700
556.89,	4.4700
557.52,	4.4600
558.15,	4.4500
558.78,	4.4500
559.42,	4.4400
560.05,	4.4300
560.68,	4.4200
561.31,	4.4200
561.94,	4.4200
562.57,	4.4200
563.20,	4.4200
563.83,	4.4200
564.46,	4.4200
565.09,	4.4100
565.72,	4.4000
566.35,	4.3900
566.98,	4.3700
567.61,	4.3600
568.24,	4.3500
568.87,	4.3500
569.50,	4.3400
570.12,	4.3400
570.75,	4.3400
571.38,	4.3400
572.01,	4.3300
572.64,	4.3300
573.27,	4.3300
573.90,	4.3200
574.53,	4.3200
575.16,	4.3200
575.79,	4.3200
576.42,	4.3100
577.05,	4.3000
577.68,	4.2800
578.31,	4.2700
578.93,	4.2600
579.56,	4.2600
580.19,	4.2600
580.82,	4.2600
581.45,	4.2700
582.08,	4.2800
582.71,	4.3000
583.34,	4.3200
583.97,	4.3200
584.59,	4.3300
585.22,	4.3300
585.85,	4.3400
586.48,	4.3300
587.11,	4.3300
587.74,	4.3400
588.36,	4.3300
588.99,	4.3200
589.62,	4.3100
590.25,	4.2900
590.88,	4.2700
591.50,	4.2700
592.13,	4.2600
592.76,	4.2600
593.39,	4.2600
594.02,	4.2600
594.64,	4.2600
595.27,	4.2500
595.90,	4.2500
596.53,	4.2500
597.16,	4.2600
597.78,	4.2600
598.41,	4.2600
599.04,	4.2600
599.67,	4.2600
600.29,	4.2600
600.92,	4.2600
601.55,	4.2600
602.18,	4.2600
602.80,	4.2600
603.43,	4.2600
604.06,	4.2500
604.68,	4.2500
605.31,	4.2500
605.94,	4.2500
606.57,	4.2500
607.19,	4.2500
607.82,	4.2400
608.45,	4.2400
609.07,	4.2400
609.70,	4.2400
610.33,	4.2400
610.95,	4.2200
611.58,	4.2100
612.21,	4.2100
612.83,	4.2100
613.46,	4.2100
614.09,	4.2000
614.71,	4.2000
615.34,	4.1900
615.97,	4.1900
616.59,	4.1900
617.22,	4.1900
617.84,	4.1800
618.47,	4.1800
619.10,	4.1800
619.72,	4.1800
620.35,	4.1800
620.97,	4.1800
621.60,	4.1800
622.23,	4.1800
622.85,	4.1800
623.48,	4.1800
624.10,	4.1800
624.73,	4.1700
625.35,	4.1700
625.98,	4.1700
626.61,	4.1600
627.23,	4.1600
627.86,	4.1500
628.48,	4.1400
629.11,	4.1300
629.73,	4.1300
630.36,	4.1200
630.98,	4.1100
631.61,	4.1100
632.23,	4.1000
632.86,	4.1000
633.48,	4.1000
634.11,	4.0900
634.73,	4.0900
635.36,	4.0900
635.98,	4.0800
636.61,	4.0700
637.23,	4.0600
637.86,	4.0600
638.48,	4.0500
639.11,	4.0500
639.73,	4.0500
640.36,	4.0400
640.98,	4.0300
641.61,	4.0100
642.23,	4.0000
642.85,	3.9900
643.48,	3.9800
644.10,	3.9700
644.73,	3.9700
645.35,	3.9600
645.98,	3.9600
646.60,	3.9500
647.22,	3.9400
647.85,	3.9300
648.47,	3.9200
649.10,	3.9100
649.72,	3.9000
650.34,	3.9000
650.97,	3.8900
651.59,	3.8900
652.22,	3.8900
652.84,	3.8900
653.46,	3.8900
654.09,	3.8900
654.71,	3.8800
655.33,	3.8800
655.96,	3.8800
656.58,	3.8700
657.20,	3.8700
657.83,	3.8600
658.45,	3.8500
659.07,	3.8500
659.70,	3.8400
660.32,	3.8400
660.94,	3.8400
661.57,	3.8400
662.19,	3.8300
662.81,	3.8200
663.43,	3.8100
664.06,	3.8000
664.68,	3.7900
665.30,	3.7800
665.93,	3.7700
666.55,	3.7700
667.17,	3.7700
667.79,	3.7700
668.42,	3.7700
669.04,	3.7700
669.66,	3.7700
670.28,	3.7700
670.91,	3.7800
671.53,	3.7900
672.15,	3.8000
672.77,	3.7900
673.39,	3.7700
674.02,	3.7600
674.64,	3.7600
675.26,	3.7600
675.88,	3.7600
676.50,	3.7500
677.13,	3.7500
677.75,	3.7500
678.37,	3.7500
678.99,	3.7500
679.61,	3.7500
680.24,	3.7400
680.86,	3.7500
681.48,	3.7500
682.10,	3.7500
682.72,	3.7400
683.34,	3.7400
683.96,	3.7400
684.59,	3.7400
685.21,	3.7300
685.83,	3.7300
686.45,	3.7300
687.07,	3.7200
687.69,	3.7300
688.31,	3.7300
688.93,	3.7300
689.56,	3.7400
690.18,	3.7500
690.80,	3.7500
691.42,	3.7500
692.04,	3.7400
692.66,	3.7400
693.28,	3.7400
693.90,	3.7400
694.52,	3.7400
695.14,	3.7500
695.76,	3.7400
696.38,	3.7500
697.00,	3.7500
697.62,	3.7500
698.25,	3.7600
698.87,	3.7600
699.49,	3.7600
700.11,	3.7500
700.73,	3.7500
701.35,	3.7500
701.97,	3.7500
702.59,	3.7500
703.21,	3.7500
703.83,	3.7500
704.45,	3.7500
705.07,	3.7500
705.69,	3.7500
706.31,	3.7500
706.93,	3.7600
707.55,	3.7600
708.17,	3.7600
708.79,	3.7600
709.40,	3.7600
710.02,	3.7600
710.64,	3.7500
711.26,	3.7500
711.88,	3.7500
712.50,	3.7500
713.12,	3.7500
713.74,	3.7400
714.36,	3.7400
714.98,	3.7300
715.60,	3.7300
716.22,	3.7300
716.84,	3.7300
717.45,	3.7300
718.07,	3.7300
718.69,	3.7300
719.31,	3.7200
719.93,	3.7200
720.55,	3.7200
721.17,	3.7200
721.79,	3.7200
722.41,	3.7200
723.02,	3.7100
723.64,	3.7100
724.26,	3.7000
724.88,	3.7100
725.50,	3.7000
726.12,	3.7000
726.73,	3.7000
727.35,	3.7000
727.97,	3.7000
728.59,	3.7000
729.21,	3.7000
729.83,	3.7000
730.44,	3.7000
731.06,	3.6900
731.68,	3.6900
732.30,	3.6900
732.92,	3.6900
733.53,	3.6900
734.15,	3.6900
734.77,	3.6900
735.39,	3.6800
736.00,	3.6900
736.62,	3.6800
737.24,	3.6800
737.86,	3.6800
738.47,	3.6800
739.09,	3.6700
739.71,	3.6700
740.33,	3.6700
740.94,	3.6700
741.56,	3.6700
742.18,	3.6700
742.79,	3.6700
743.41,	3.6700
744.03,	3.6700
744.65,	3.6700
745.26,	3.6700
745.88,	3.6700
746.50,	3.6700
747.11,	3.6600
747.73,	3.6600
748.35,	3.6600
748.96,	3.6600
749.58,	3.6500
750.20,	3.6500
750.81,	3.6500
751.43,	3.6500
752.05,	3.6500
752.66,	3.6500
753.28,	3.6500
753.90,	3.6500
754.51,	3.6400
755.13,	3.6400
755.74,	3.6400
756.36,	3.6400
756.98,	3.6400
757.59,	3.6400
758.21,	3.6400
758.82,	3.6400
759.44,	3.6400
760.06,	3.6300
760.67,	3.6400
761.29,	3.6300
761.90,	3.6300
762.52,	3.6300
763.14,	3.6200
763.75,	3.6200
764.37,	3.6300
764.98,	3.6300
765.60,	3.6300
766.21,	3.6300
766.83,	3.6300
767.44,	3.6300
768.06,	3.6200
768.67,	3.6300
769.29,	3.6300
769.90,	3.6200
770.52,	3.6200
771.14,	3.6200
771.75,	3.6200
772.37,	3.6200
772.98,	3.6200
773.59,	3.6200
774.21,	3.6100
774.82,	3.6100
775.44,	3.6100
776.05,	3.6100
776.67,	3.6100
777.28,	3.6100
777.90,	3.6000
778.51,	3.6000
779.13,	3.5900
779.74,	3.5900
780.36,	3.5900
780.97,	3.5900
781.58,	3.5900
782.20,	3.5900
782.81,	3.5900
783.43,	3.5900
784.04,	3.5900
784.66,	3.5900
785.27,	3.5900
785.88,	3.5800
786.50,	3.5800
787.11,	3.5800
787.73,	3.5800
788.34,	3.5800
788.95,	3.5800
789.57,	3.5800
790.18,	3.5700
790.79,	3.5700
791.41,	3.5700
792.02,	3.5700
792.63,	3.5700
793.25,	3.5700
793.86,	3.5600
794.47,	3.5600
795.09,	3.5600
795.70,	3.5500
796.31,	3.5400
796.93,	3.5400
797.54,	3.5400
798.15,	3.5400
798.77,	3.5400
799.38,	3.5400
799.99,	3.5400
800.61,	3.5400
801.22,	3.5300
801.83,	3.5300
802.44,	3.5300
803.06,	3.5200
803.67,	3.5200
804.28,	3.5200
804.90,	3.5200
805.51,	3.5200
806.12,	3.5200
806.73,	3.5100
807.34,	3.5100
807.96,	3.5100
808.57,	3.5000
809.18,	3.5000
809.79,	3.5000
810.41,	3.5000
811.02,	3.5000
811.63,	3.5000
812.24,	3.5000
812.85,	3.5000
813.47,	3.4900
814.08,	3.4900
814.69,	3.4900
815.30,	3.4900
815.91,	3.4900
816.53,	3.4800
817.14,	3.4800
817.75,	3.4700
818.36,	3.4600
818.97,	3.4600
819.58,	3.4500
820.20,	3.4500
820.81,	3.4500
821.42,	3.4500
822.03,	3.4500
822.64,	3.4400
823.25,	3.4400
823.86,	3.4400
824.47,	3.4400
825.09,	3.4400
825.70,	3.4400
826.31,	3.4300
826.92,	3.4300
827.53,	3.4300
828.14,	3.4300
828.75,	3.4200
829.36,	3.4200
829.97,	3.4200
830.58,	3.4200
831.19,	3.4200
831.80,	3.4200
832.42,	3.4200
833.03,	3.4100
833.64,	3.4100
834.25,	3.4100
834.86,	3.4100
835.47,	3.4100
836.08,	3.4100
836.69,	3.4000
837.30,	3.4100
837.91,	3.4000
838.52,	3.4000
839.13,	3.4000
839.74,	3.4000
840.35,	3.4000
840.96,	3.4000
841.57,	3.4000
842.18,	3.3900
842.79,	3.3900
843.40,	3.3900
844.01,	3.3900
844.62,	3.3900
845.23,	3.3900
845.84,	3.3800
846.45,	3.3800
847.06,	3.3800
847.67,	3.3700
848.27,	3.3700
848.88,	3.3700
849.49,	3.3700
850.10,	3.3700
850.71,	3.3700
851.32,	3.3700
851.93,	3.3800
852.54,	3.3700
853.15,	3.3700
853.76,	3.3700
854.37,	3.3800
854.98,	3.3800
855.58,	3.3800
856.19,	3.3700
856.80,	3.3700
857.41,	3.3700
858.02,	3.3700
858.63,	3.3600
859.24,	3.3600
859.85,	3.3600
860.45,	3.3600
861.06,	3.3700
861.67,	3.3700
862.28,	3.3700
862.89,	3.3700
863.50,	3.3700
864.10,	3.3600
864.71,	3.3700
865.32,	3.3700
865.93,	3.3600
866.54,	3.3600
867.14,	3.3600
867.75,	3.3600
868.36,	3.3600
868.97,	3.3600
869.58,	3.3600
870.18,	3.3600
870.79,	3.3600
871.40,	3.3600
872.01,	3.3600
872.61,	3.3600
873.22,	3.3600
873.83,	3.3600
874.44,	3.3600
875.04,	3.3600
875.65,	3.3600
876.26,	3.3600
876.87,	3.3600
877.47,	3.3600
878.08,	3.3600
878.69,	3.3600
879.29,	3.3600
879.90,	3.3600
880.51,	3.3600
881.12,	3.3600
881.72,	3.3500
882.33,	3.3400
882.94,	3.3300
883.54,	3.3300
884.15,	3.3300
884.76,	3.3300
885.36,	3.3200
885.97,	3.3200
886.58,	3.3200
887.18,	3.3200
887.79,	3.3200
888.40,	3.3200
889.00,	3.3200
889.61,	3.3200
890.22,	3.3200
890.82,	3.3200
891.43,	3.3200
892.03,	3.3200
892.64,	3.3200
893.25,	3.3200
893.85,	3.3200
894.46,	3.3200
895.06,	3.3200
895.67,	3.3200
896.28,	3.3200
896.88,	3.3100
897.49,	3.3100
898.09,	3.3100
898.70,	3.3000
899.30,	3.3000
899.91,	3.2900
900.52,	3.2800
901.12,	3.2700
901.73,	3.2500
902.33,	3.2400
902.94,	3.2400
903.54,	3.2300
904.15,	3.2300
904.75,	3.2300
905.36,	3.2200
905.96,	3.2200
906.57,	3.2200
907.17,	3.2200
907.78,	3.2100
908.38,	3.2100
908.99,	3.2000
909.59,	3.2000
910.20,	3.1900
910.80,	3.1900
911.41,	3.1900
912.01,	3.1900
912.62,	3.1900
913.22,	3.1800
913.83,	3.1900
914.43,	3.1900
915.03,	3.1900
915.64,	3.1900
916.24,	3.1800
916.85,	3.1800
917.45,	3.1800
918.06,	3.1800
918.66,	3.1800
919.26,	3.1800
919.87,	3.1800
920.47,	3.1800
921.08,	3.1800
921.68,	3.1800
922.28,	3.1800
922.89,	3.1900
923.49,	3.1900
924.10,	3.1900
924.70,	3.2000
925.30,	3.9000
925.91,	9.1000
926.51,	15.1700
927.11,	17.5200
927.72,	19.0900
928.32,	20.3500
928.92,	21.4200
929.53,	22.3300
930.13,	23.1200
930.74,	23.8300
931.34,	24.4700
931.94,	25.0500
932.54,	25.5800
933.15,	26.0600
933.75,	26.5100
934.35,	26.9400
934.96,	27.3300
935.56,	27.7100
936.16,	28.0700
936.77,	29.1300
937.37,	35.5000
937.97,	35.5000
938.57,	35.5000
939.18,	35.5000
939.78,	35.5000
940.38,	35.5000
940.98,	35.5000
941.59,	35.5000
942.19,	35.5000
942.79,	35.5000
943.39,	35.5000
944.00,	35.5000
944.60,	35.5000
945.20,	35.5000
945.80,	35.5000
946.40,	35.5000
947.01,	35.5000
947.61,	35.5000
948.21,	35.5000
948.81,	35.5000
949.41,	35.5000
950.02,	35.5000
950.62,	35.5000
951.22,	35.5000
951.82,	35.5000
952.42,	35.5000
953.02,	35.5000
953.63,	35.5000
954.23,	35.5000
954.83,	35.5000
955.43,	35.5000
956.03,	35.5000
956.63,	35.5000
957.24,	35.5000
957.84,	35.5000
958.44,	35.5000
959.04,	35.5000
959.64,	35.5000
960.24,	35.5000
960.84,	35.5000
961.44,	35.5000
962.04,	35.5000
962.64,	35.5000
963.25,	35.5000
963.85,	35.5000
964.45,	35.5000
965.05,	35.5000
965.65,	35.5000
966.25,	35.5000
966.85,	35.5000
967.45,	35.5000
968.05,	35.5000
968.65,	35.5000
969.25,	35.5000
969.85,	35.5000
970.45,	35.5000
971.05,	35.5000
971.65,	35.5000
972.25,	35.5000
972.85,	35.5000
973.45,	35.5000
974.05,	35.5000
974.65,	35.5000
975.25,	35.5000
975.85,	35.5000
976.45,	35.5000
977.05,	35.5000
977.65,	35.5000
978.25,	35.5000
978.85,	35.5000
979.45,	35.5000
980.05,	35.5000
980.65,	35.5000
981.25,	35.5000
981.85,	35.5000
982.45,	35.5000
983.05,	35.5000
983.65,	35.5000
984.25,	35.5000
984.85,	35.5000
985.45,	35.5000
986.04,	6.0400
986.64,	-2.5200
987.24,	-2.5200
987.84,	-2.5200
988.44,	-2.5200
989.04,	-2.5200
989.64,	-2.5200
990.24,	-2.5200
990.84,	-2.5200
991.44,	-2.5200
992.03,	-2.5200
992.63,	-2.5200
993.23,	-2.5200
993.83,	-2.5200
994.43,	-2.5200
995.03,	-2.5200
995.63,	-2.5200
996.22,	-2.5200
996.82,	-2.5200
997.42,	-2.5200
998.02,	-2.5200
998.62,	-2.5200
999.21,	-2.5200
999.81,	-2.5200
1000.41,	-2.5200
