Call Sign = ZSDA,	Ship Name = SA Agulhas,	Lloyds Num = 0
Date = 02/03/2017,	Time = 07:59,	
Latitude = 42 35.01  S,	Longitude = 008 50.06  E
Instr = Sippican Deep Blue,	Card Type = Sippican MK-21,	
Wind Instr = ,	Measur Method = 
Probe Serial Num = -1,	Ship Dir = -1,	Ship Speed = -1.00
Wind Dir = 255,	Wind Speed = 33.20
Dry Bulb Temp = 10.80,	Total Water Depth = -1.00

Full Resolution Values
Depth,	 Temp
0.67,	11.5100
1.34,	11.3300
2.01,	11.3200
2.68,	11.3100
3.34,	11.3100
4.01,	11.3200
4.68,	11.3100
5.35,	11.3100
6.02,	11.3100
6.69,	11.3200
7.36,	11.3200
8.03,	11.3200
8.69,	11.3200
9.36,	11.3200
10.03,	11.3200
10.70,	11.3100
11.37,	11.3200
12.04,	11.3100
12.70,	11.3100
13.37,	11.3100
14.04,	11.3100
14.71,	11.3200
15.38,	11.3200
16.05,	11.3100
16.71,	11.3100
17.38,	11.3100
18.05,	11.3100
18.72,	11.3100
19.38,	11.3100
20.05,	11.3100
20.72,	11.3100
21.39,	11.3100
22.06,	11.3100
22.72,	11.3100
23.39,	11.3100
24.06,	11.3100
24.73,	11.3100
25.39,	11.3100
26.06,	11.3100
26.73,	11.3100
27.40,	11.3100
28.06,	11.3100
28.73,	11.3100
29.40,	11.3100
30.06,	11.3100
30.73,	11.3100
31.40,	11.3100
32.06,	11.3100
32.73,	11.3100
33.40,	11.3100
34.07,	11.3100
34.73,	11.3100
35.40,	11.3100
36.07,	11.3100
36.73,	11.3100
37.40,	11.3100
38.07,	11.3100
38.73,	11.3100
39.40,	11.3100
40.06,	11.3100
40.73,	11.3100
41.40,	11.3100
42.06,	11.3100
42.73,	11.3100
43.40,	11.3100
44.06,	11.3100
44.73,	11.3000
45.39,	11.3100
46.06,	11.3100
46.73,	11.3100
47.39,	11.3100
48.06,	11.3100
48.72,	11.3100
49.39,	11.3100
50.06,	11.3100
50.72,	11.3100
51.39,	11.3000
52.05,	11.3000
52.72,	11.3000
53.38,	11.3000
54.05,	11.2900
54.71,	11.2900
55.38,	11.2900
56.05,	11.2900
56.71,	11.2800
57.38,	11.2500
58.04,	11.2100
58.71,	11.1800
59.37,	11.1600
60.04,	11.1300
60.70,	11.0900
61.37,	11.0500
62.03,	11.0000
62.70,	10.9400
63.36,	10.8500
64.03,	10.7500
64.69,	10.6900
65.36,	10.6700
66.02,	10.6400
66.69,	10.6300
67.35,	10.6000
68.01,	10.5600
68.68,	10.5000
69.34,	10.4600
70.01,	10.4400
70.67,	10.4200
71.34,	10.4000
72.00,	10.3800
72.66,	10.3700
73.33,	10.3500
73.99,	10.3400
74.66,	10.3200
75.32,	10.3100
75.98,	10.3000
76.65,	10.2800
77.31,	10.2600
77.98,	10.2600
78.64,	10.2500
79.30,	10.2500
79.97,	10.2500
80.63,	10.2400
81.30,	10.2400
81.96,	10.2300
82.62,	10.2300
83.29,	10.2200
83.95,	10.2000
84.61,	10.1800
85.28,	10.1300
85.94,	10.0800
86.60,	10.0500
87.27,	10.0400
87.93,	10.0200
88.59,	10.0000
89.26,	9.9800
89.92,	9.9500
90.58,	9.9200
91.24,	9.8700
91.91,	9.8300
92.57,	9.8100
93.23,	9.8000
93.90,	9.7900
94.56,	9.7700
95.22,	9.7600
95.88,	9.7500
96.55,	9.7400
97.21,	9.7200
97.87,	9.6900
98.53,	9.6800
99.20,	9.6600
99.86,	9.6400
100.52,	9.6300
101.18,	9.6200
101.85,	9.6000
102.51,	9.5700
103.17,	9.5500
103.83,	9.5300
104.49,	9.5100
105.16,	9.4900
105.82,	9.4800
106.48,	9.4800
107.14,	9.4700
107.80,	9.4500
108.47,	9.4100
109.13,	9.3800
109.79,	9.3600
110.45,	9.3300
111.11,	9.2900
111.77,	9.2300
112.44,	9.1800
113.10,	9.1400
113.76,	9.1000
114.42,	9.0600
115.08,	9.0300
115.74,	9.0000
116.40,	8.9700
117.06,	8.9500
117.73,	8.9200
118.39,	8.8600
119.05,	8.7600
119.71,	8.6500
120.37,	8.5700
121.03,	8.5300
121.69,	8.4900
122.35,	8.4500
123.01,	8.4200
123.67,	8.4000
124.33,	8.3800
125.00,	8.3600
125.66,	8.3500
126.32,	8.3400
126.98,	8.3400
127.64,	8.3200
128.30,	8.3100
128.96,	8.3000
129.62,	8.2900
130.28,	8.2900
130.94,	8.2900
131.60,	8.2800
132.26,	8.2700
132.92,	8.2700
133.58,	8.2600
134.24,	8.2600
134.90,	8.2500
135.56,	8.2500
136.22,	8.2600
136.88,	8.2600
137.54,	8.2500
138.20,	8.2400
138.86,	8.2400
139.52,	8.2300
140.18,	8.2100
140.84,	8.1800
141.50,	8.1600
142.16,	8.1600
142.82,	8.1500
143.48,	8.1500
144.14,	8.1400
144.79,	8.1200
145.45,	8.1200
146.11,	8.1100
146.77,	8.0900
147.43,	8.0800
148.09,	8.0700
148.75,	8.0700
149.41,	8.0600
150.07,	8.0500
150.73,	8.0600
151.39,	8.0500
152.04,	8.0500
152.70,	8.0500
153.36,	8.0500
154.02,	8.0500
154.68,	8.0500
155.34,	8.0500
156.00,	8.0400
156.65,	8.0300
157.31,	8.0300
157.97,	8.0300
158.63,	8.0300
159.29,	8.0200
159.95,	8.0200
160.60,	8.0300
161.26,	8.0200
161.92,	8.0200
162.58,	8.0100
163.24,	8.0100
163.90,	8.0000
164.55,	8.0000
165.21,	7.9900
165.87,	7.9800
166.53,	7.9800
167.18,	7.9700
167.84,	7.9600
168.50,	7.9500
169.16,	7.9400
169.82,	7.9400
170.47,	7.9300
171.13,	7.9100
171.79,	7.9100
172.44,	7.8900
173.10,	7.8800
173.76,	7.8800
174.42,	7.8800
175.07,	7.8700
175.73,	7.8600
176.39,	7.8500
177.05,	7.8400
177.70,	7.8300
178.36,	7.8200
179.02,	7.8000
179.67,	7.7900
180.33,	7.7900
180.99,	7.7800
181.64,	7.7800
182.30,	7.7700
182.96,	7.7700
183.61,	7.7700
184.27,	7.7600
184.93,	7.7400
185.58,	7.7400
186.24,	7.7300
186.90,	7.7200
187.55,	7.7100
188.21,	7.7000
188.87,	7.6900
189.52,	7.6900
190.18,	7.6800
190.83,	7.6600
191.49,	7.6600
192.15,	7.6500
192.80,	7.6500
193.46,	7.6500
194.11,	7.6500
194.77,	7.6500
195.43,	7.6400
196.08,	7.6400
196.74,	7.6300
197.39,	7.6300
198.05,	7.6200
198.70,	7.6100
199.36,	7.6100
200.02,	7.6100
200.67,	7.6000
201.33,	7.6000
201.98,	7.6100
202.64,	7.6300
203.29,	7.6300
203.95,	7.6400
204.60,	7.6600
205.26,	7.6700
205.91,	7.6800
206.57,	7.6800
207.22,	7.6800
207.88,	7.6700
208.53,	7.6600
209.19,	7.6500
209.84,	7.6400
210.50,	7.6200
211.15,	7.6100
211.81,	7.6000
212.46,	7.5600
213.12,	7.5200
213.77,	7.4900
214.43,	7.4700
215.08,	7.4700
215.74,	7.4600
216.39,	7.4600
217.04,	7.4500
217.70,	7.4500
218.35,	7.4500
219.01,	7.4500
219.66,	7.4600
220.32,	7.4400
220.97,	7.4300
221.62,	7.4200
222.28,	7.4200
222.93,	7.4100
223.59,	7.4000
224.24,	7.4000
224.89,	7.4000
225.55,	7.4000
226.20,	7.4100
226.85,	7.4100
227.51,	7.4100
228.16,	7.4200
228.81,	7.4300
229.47,	7.4400
230.12,	7.4400
230.78,	7.4400
231.43,	7.4400
232.08,	7.4400
232.74,	7.4400
233.39,	7.4400
234.04,	7.4400
234.69,	7.4200
235.35,	7.4000
236.00,	7.3800
236.65,	7.3800
237.31,	7.3700
237.96,	7.3700
238.61,	7.3700
239.27,	7.3700
239.92,	7.3700
240.57,	7.3800
241.22,	7.3700
241.88,	7.3700
242.53,	7.3600
243.18,	7.3600
243.83,	7.3500
244.49,	7.3500
245.14,	7.3400
245.79,	7.3200
246.44,	7.3200
247.10,	7.3100
247.75,	7.3000
248.40,	7.2900
249.05,	7.2800
249.70,	7.2700
250.36,	7.2700
251.01,	7.2700
251.66,	7.2600
252.31,	7.2600
252.96,	7.2600
253.62,	7.2500
254.27,	7.2300
254.92,	7.2100
255.57,	7.2000
256.22,	7.1900
256.88,	7.1700
257.53,	7.1600
258.18,	7.1500
258.83,	7.1400
259.48,	7.1400
260.13,	7.1400
260.78,	7.1400
261.44,	7.1300
262.09,	7.1100
262.74,	7.1000
263.39,	7.0900
264.04,	7.1000
264.69,	7.0900
265.34,	7.0900
265.99,	7.0900
266.64,	7.0800
267.29,	7.0600
267.95,	7.0500
268.60,	7.0500
269.25,	7.0400
269.90,	7.0200
270.55,	7.0100
271.20,	7.0100
271.85,	7.0000
272.50,	7.0000
273.15,	7.0000
273.80,	6.9900
274.45,	6.9900
275.10,	6.9800
275.75,	6.9800
276.40,	6.9700
277.05,	6.9600
277.70,	6.9500
278.35,	6.9400
279.00,	6.9300
279.65,	6.9200
280.30,	6.9300
280.95,	6.9400
281.60,	6.9500
282.25,	6.9500
282.90,	6.9500
283.55,	6.9400
284.20,	6.9300
284.85,	6.9300
285.50,	6.9200
286.15,	6.9200
286.80,	6.9200
287.45,	6.9100
288.10,	6.9000
288.75,	6.8900
289.40,	6.8700
290.05,	6.8800
290.70,	6.8700
291.35,	6.8800
292.00,	6.8800
292.64,	6.8700
293.29,	6.8600
293.94,	6.8600
294.59,	6.8600
295.24,	6.8600
295.89,	6.8500
296.54,	6.8600
297.19,	6.8600
297.84,	6.8600
298.49,	6.8600
299.13,	6.8600
299.78,	6.8700
300.43,	6.8700
301.08,	6.8600
301.73,	6.8400
302.38,	6.8300
303.02,	6.8100
303.67,	6.8000
304.32,	6.7900
304.97,	6.7800
305.62,	6.7600
306.27,	6.7600
306.91,	6.7600
307.56,	6.7600
308.21,	6.7500
308.86,	6.7500
309.51,	6.7500
310.15,	6.7500
310.80,	6.7200
311.45,	6.6900
312.10,	6.6700
312.75,	6.6600
313.39,	6.6600
314.04,	6.6600
314.69,	6.6500
315.34,	6.6500
315.98,	6.6400
316.63,	6.6400
317.28,	6.6400
317.93,	6.6300
318.57,	6.6200
319.22,	6.6000
319.87,	6.5900
320.52,	6.5900
321.16,	6.5900
321.81,	6.5900
322.46,	6.5900
323.10,	6.5900
323.75,	6.5800
324.40,	6.5800
325.04,	6.5800
325.69,	6.5800
326.34,	6.5700
326.99,	6.5600
327.63,	6.5500
328.28,	6.5500
328.93,	6.5400
329.57,	6.5400
330.22,	6.5300
330.86,	6.5200
331.51,	6.5100
332.16,	6.5100
332.80,	6.5000
333.45,	6.4900
334.10,	6.4800
334.74,	6.4800
335.39,	6.4700
336.03,	6.4600
336.68,	6.4600
337.33,	6.4600
337.97,	6.4600
338.62,	6.4600
339.26,	6.4500
339.91,	6.4500
340.56,	6.4400
341.20,	6.4200
341.85,	6.4000
342.49,	6.3900
343.14,	6.3900
343.78,	6.3800
344.43,	6.3800
345.08,	6.3800
345.72,	6.3700
346.37,	6.3700
347.01,	6.3600
347.66,	6.3600
348.30,	6.3500
348.95,	6.3300
349.59,	6.3200
350.24,	6.3100
350.88,	6.3100
351.53,	6.2900
352.17,	6.2700
352.82,	6.2600
353.46,	6.2500
354.11,	6.2400
354.75,	6.2300
355.40,	6.2200
356.04,	6.2000
356.69,	6.1800
357.33,	6.1700
357.98,	6.1500
358.62,	6.1400
359.27,	6.1400
359.91,	6.1300
360.55,	6.1200
361.20,	6.1100
361.84,	6.1000
362.49,	6.1000
363.13,	6.1000
363.78,	6.1000
364.42,	6.0900
365.06,	6.0900
365.71,	6.0900
366.35,	6.0900
367.00,	6.0900
367.64,	6.0900
368.28,	6.0900
368.93,	6.0900
369.57,	6.0900
370.22,	6.0900
370.86,	6.0900
371.50,	6.0900
372.15,	6.0800
372.79,	6.0800
373.43,	6.0800
374.08,	6.0800
374.72,	6.0900
375.36,	6.0800
376.01,	6.0800
376.65,	6.0800
377.29,	6.0800
377.94,	6.0800
378.58,	6.0800
379.22,	6.0600
379.87,	6.0300
380.51,	6.0100
381.15,	6.0000
381.79,	6.0000
382.44,	5.9900
383.08,	5.9900
383.72,	5.9900
384.37,	5.9800
385.01,	5.9700
385.65,	5.9600
386.29,	5.9500
386.94,	5.9400
387.58,	5.9300
388.22,	5.9300
388.86,	5.9200
389.51,	5.9200
390.15,	5.9200
390.79,	5.9200
391.43,	5.9100
392.08,	5.9100
392.72,	5.9000
393.36,	5.8900
394.00,	5.8800
394.64,	5.8700
395.29,	5.8500
395.93,	5.8400
396.57,	5.8300
397.21,	5.8300
397.85,	5.8200
398.50,	5.8100
399.14,	5.8000
399.78,	5.8000
400.42,	5.8000
401.06,	5.7900
401.70,	5.8000
402.34,	5.7900
402.99,	5.7900
403.63,	5.7800
404.27,	5.7800
404.91,	5.7700
405.55,	5.7700
406.19,	5.7700
406.83,	5.7600
407.48,	5.7500
408.12,	5.7400
408.76,	5.7300
409.40,	5.7200
410.04,	5.6900
410.68,	5.6800
411.32,	5.6800
411.96,	5.6800
412.60,	5.6800
413.24,	5.6800
413.88,	5.6800
414.52,	5.6800
415.17,	5.6700
415.81,	5.6700
416.45,	5.6700
417.09,	5.6600
417.73,	5.6500
418.37,	5.6300
419.01,	5.6200
419.65,	5.6200
420.29,	5.6100
420.93,	5.6100
421.57,	5.6000
422.21,	5.6000
422.85,	5.5800
423.49,	5.5800
424.13,	5.5700
424.77,	5.5600
425.41,	5.5600
426.05,	5.5500
426.69,	5.5400
427.33,	5.5300
427.97,	5.5200
428.61,	5.5200
429.25,	5.5100
429.89,	5.5000
430.53,	5.5000
431.17,	5.4900
431.80,	5.4800
432.44,	5.4700
433.08,	5.4600
433.72,	5.4700
434.36,	5.4700
435.00,	5.4600
435.64,	5.4600
436.28,	5.4600
436.92,	5.4500
437.56,	5.4500
438.20,	5.4500
438.84,	5.4400
439.47,	5.4300
440.11,	5.4200
440.75,	5.4000
441.39,	5.3900
442.03,	5.3800
442.67,	5.3700
443.31,	5.3700
443.95,	5.3600
444.58,	5.3600
445.22,	5.3500
445.86,	5.3300
446.50,	5.3200
447.14,	5.3000
447.78,	5.2900
448.41,	5.2800
449.05,	5.2800
449.69,	5.2700
450.33,	5.2400
450.97,	5.2100
451.60,	5.1900
452.24,	5.1800
452.88,	5.1600
453.52,	5.1400
454.16,	5.1300
454.79,	5.1200
455.43,	5.1100
456.07,	5.1100
456.71,	5.1000
457.35,	5.0900
457.98,	5.0900
458.62,	5.0700
459.26,	5.0600
459.90,	5.0400
460.53,	5.0300
461.17,	5.0200
461.81,	5.0100
462.44,	5.0000
463.08,	5.0000
463.72,	4.9900
464.36,	4.9900
464.99,	4.9900
465.63,	4.9900
466.27,	4.9900
466.90,	4.9900
467.54,	4.9900
468.18,	4.9900
468.81,	4.9900
469.45,	4.9900
470.09,	4.9900
470.72,	4.9900
471.36,	4.9900
472.00,	4.9800
472.63,	4.9700
473.27,	4.9600
473.91,	4.9400
474.54,	4.9300
475.18,	4.9200
475.82,	4.9100
476.45,	4.9200
477.09,	4.9100
477.73,	4.9000
478.36,	4.9000
479.00,	4.9000
479.63,	4.8900
480.27,	4.8900
480.91,	4.8900
481.54,	4.8800
482.18,	4.8800
482.81,	4.8800
483.45,	4.8800
484.08,	4.8700
484.72,	4.8600
485.36,	4.8500
485.99,	4.8400
486.63,	4.8300
487.26,	4.8300
487.90,	4.8300
488.53,	4.8300
489.17,	4.8200
489.80,	4.8200
490.44,	4.8200
491.07,	4.8100
491.71,	4.8000
492.34,	4.7900
492.98,	4.7800
493.62,	4.7800
494.25,	4.7700
494.89,	4.7700
495.52,	4.7700
496.15,	4.7700
496.79,	4.7600
497.42,	4.7600
498.06,	4.7500
498.69,	4.7500
499.33,	4.7500
499.96,	4.7500
500.60,	4.7400
501.23,	4.7400
501.87,	4.7400
502.50,	4.7300
503.14,	4.7200
503.77,	4.7200
504.40,	4.7200
505.04,	4.7100
505.67,	4.7000
506.31,	4.6900
506.94,	4.6900
507.57,	4.6800
508.21,	4.6800
508.84,	4.6700
509.48,	4.6700
510.11,	4.6600
510.74,	4.6600
511.38,	4.6600
512.01,	4.6600
512.65,	4.6600
513.28,	4.6600
513.91,	4.6500
514.55,	4.6500
515.18,	4.6500
515.81,	4.6600
516.45,	4.6500
517.08,	4.6500
517.71,	4.6500
518.35,	4.6500
518.98,	4.6400
519.61,	4.6300
520.25,	4.6300
520.88,	4.6300
521.51,	4.6200
522.15,	4.6200
522.78,	4.6100
523.41,	4.6100
524.04,	4.6000
524.68,	4.6000
525.31,	4.5900
525.94,	4.5700
526.58,	4.5600
527.21,	4.5500
527.84,	4.5500
528.47,	4.5400
529.11,	4.5400
529.74,	4.5400
530.37,	4.5300
531.00,	4.5300
531.64,	4.5300
532.27,	4.5100
532.90,	4.5100
533.53,	4.5100
534.17,	4.5000
534.80,	4.5000
535.43,	4.5000
536.06,	4.4900
536.69,	4.4900
537.33,	4.4900
537.96,	4.4800
538.59,	4.4800
539.22,	4.4800
539.85,	4.4700
540.48,	4.4700
541.12,	4.4600
541.75,	4.4600
542.38,	4.4600
543.01,	4.4500
543.64,	4.4400
544.27,	4.4400
544.91,	4.4400
545.54,	4.4400
546.17,	4.4400
546.80,	4.4400
547.43,	4.4300
548.06,	4.4300
548.69,	4.4300
549.32,	4.4300
549.95,	4.4300
550.59,	4.4300
551.22,	4.4200
551.85,	4.4100
552.48,	4.4100
553.11,	4.4000
553.74,	4.4000
554.37,	4.3900
555.00,	4.3900
555.63,	4.3900
556.26,	4.3800
556.89,	4.3800
557.52,	4.3800
558.15,	4.3800
558.78,	4.3700
559.42,	4.3800
560.05,	4.3800
560.68,	4.3800
561.31,	4.3700
561.94,	4.3700
562.57,	4.3700
563.20,	4.3700
563.83,	4.3600
564.46,	4.3500
565.09,	4.3500
565.72,	4.3500
566.35,	4.3300
566.98,	4.3200
567.61,	4.3100
568.24,	4.3000
568.87,	4.3000
569.50,	4.3000
570.12,	4.3000
570.75,	4.3000
571.38,	4.3000
572.01,	4.3000
572.64,	4.3000
573.27,	4.3000
573.90,	4.2900
574.53,	4.2900
575.16,	4.2800
575.79,	4.2800
576.42,	4.2700
577.05,	4.2700
577.68,	4.2700
578.31,	4.2700
578.93,	4.2700
579.56,	4.2700
580.19,	4.2700
580.82,	4.2700
581.45,	4.2600
582.08,	4.2600
582.71,	4.2600
583.34,	4.2500
583.97,	4.2500
584.59,	4.2600
585.22,	4.2500
585.85,	4.2600
586.48,	4.2600
587.11,	4.2600
587.74,	4.2600
588.36,	4.2500
588.99,	4.2500
589.62,	4.2500
590.25,	4.2500
590.88,	4.2500
591.50,	4.2500
592.13,	4.2400
592.76,	4.2400
593.39,	4.2300
594.02,	4.2200
594.64,	4.2200
595.27,	4.2200
595.90,	4.2200
596.53,	4.2100
597.16,	4.2000
597.78,	4.2000
598.41,	4.1900
599.04,	4.1900
599.67,	4.1900
600.29,	4.1900
600.92,	4.1800
601.55,	4.1700
602.18,	4.1700
602.80,	4.1700
603.43,	4.1600
604.06,	4.1700
604.68,	4.1700
605.31,	4.1600
605.94,	4.1600
606.57,	4.1500
607.19,	4.1500
607.82,	4.1500
608.45,	4.1400
609.07,	4.1400
609.70,	4.1400
610.33,	4.1400
610.95,	4.1400
611.58,	4.1400
612.21,	4.1300
612.83,	4.1400
613.46,	4.1300
614.09,	4.1300
614.71,	4.1200
615.34,	4.1200
615.97,	4.1200
616.59,	4.1200
617.22,	4.1100
617.84,	4.1100
618.47,	4.1100
619.10,	4.1100
619.72,	4.1100
620.35,	4.1100
620.97,	4.1100
621.60,	4.1100
622.23,	4.1000
622.85,	4.0900
623.48,	4.0900
624.10,	4.0800
624.73,	4.0800
625.35,	4.0800
625.98,	4.0800
626.61,	4.0800
627.23,	4.0800
627.86,	4.0700
628.48,	4.0600
629.11,	4.0600
629.73,	4.0500
630.36,	4.0500
630.98,	4.0500
631.61,	4.0400
632.23,	4.0400
632.86,	4.0400
633.48,	4.0400
634.11,	4.0400
634.73,	4.0400
635.36,	4.0400
635.98,	4.0400
636.61,	4.0300
637.23,	4.0300
637.86,	4.0300
638.48,	4.0300
639.11,	4.0300
639.73,	4.0300
640.36,	4.0300
640.98,	4.0300
641.61,	4.0300
642.23,	4.0300
642.85,	4.0300
643.48,	4.0200
644.10,	4.0200
644.73,	4.0200
645.35,	4.0200
645.98,	4.0200
646.60,	4.0200
647.22,	4.0100
647.85,	4.0100
648.47,	4.0100
649.10,	4.0100
649.72,	4.0100
650.34,	4.0100
650.97,	4.0000
651.59,	4.0000
652.22,	4.0000
652.84,	4.0000
653.46,	4.0000
654.09,	3.9900
654.71,	3.9900
655.33,	3.9800
655.96,	3.9800
656.58,	3.9800
657.20,	3.9800
657.83,	3.9700
658.45,	3.9700
659.07,	3.9700
659.70,	3.9700
660.32,	3.9600
660.94,	3.9600
661.57,	3.9600
662.19,	3.9600
662.81,	3.9600
663.43,	3.9600
664.06,	3.9600
664.68,	3.9600
665.30,	3.9500
665.93,	3.9400
666.55,	3.9400
667.17,	3.9300
667.79,	3.9300
668.42,	3.9300
669.04,	3.9200
669.66,	3.9300
670.28,	3.9300
670.91,	3.9200
671.53,	3.9200
672.15,	3.9200
672.77,	3.9200
673.39,	3.9200
674.02,	3.9200
674.64,	3.9200
675.26,	3.9200
675.88,	3.9100
676.50,	3.9100
677.13,	3.9100
677.75,	3.9100
678.37,	3.9100
678.99,	3.9000
679.61,	3.9000
680.24,	3.9000
680.86,	3.8900
681.48,	3.8900
682.10,	3.8800
682.72,	3.8700
683.34,	3.8800
683.96,	3.8700
684.59,	3.8700
685.21,	3.8700
685.83,	3.8700
686.45,	3.8700
687.07,	3.8700
687.69,	3.8700
688.31,	3.8600
688.93,	3.8600
689.56,	3.8600
690.18,	3.8600
690.80,	3.8600
691.42,	3.8600
692.04,	3.8600
692.66,	3.8600
693.28,	3.8500
693.90,	3.8600
694.52,	3.8500
695.14,	3.8500
695.76,	3.8500
696.38,	3.8500
697.00,	3.8600
697.62,	3.8500
698.25,	3.8500
698.87,	3.8500
699.49,	3.8500
700.11,	3.8500
700.73,	3.8500
701.35,	3.8500
701.97,	3.8400
702.59,	3.8400
703.21,	3.8400
703.83,	3.8300
704.45,	3.8400
705.07,	3.8400
705.69,	3.8400
706.31,	3.8400
706.93,	3.8300
707.55,	3.8300
708.17,	3.8200
708.79,	3.8200
709.40,	3.8200
710.02,	3.8200
710.64,	3.8200
711.26,	3.8200
711.88,	3.8200
712.50,	3.8100
713.12,	3.8100
713.74,	3.8100
714.36,	3.8100
714.98,	3.8100
715.60,	3.8100
716.22,	3.8100
716.84,	3.8000
717.45,	3.8100
718.07,	3.8100
718.69,	3.8000
719.31,	3.7900
719.93,	3.7800
720.55,	3.7700
721.17,	3.7700
721.79,	3.7600
722.41,	3.7500
723.02,	3.7500
723.64,	3.7400
724.26,	3.7500
724.88,	3.7500
725.50,	3.7500
726.12,	3.7500
726.73,	3.7500
727.35,	3.7400
727.97,	3.7300
728.59,	3.7300
729.21,	3.7300
729.83,	3.7300
730.44,	3.7300
731.06,	3.7300
731.68,	3.7300
732.30,	3.7300
732.92,	3.7300
733.53,	3.7300
734.15,	3.7300
734.77,	3.7300
735.39,	3.7300
736.00,	3.7200
736.62,	3.7200
737.24,	3.7100
737.86,	3.7100
738.47,	3.7100
739.09,	3.7100
739.71,	3.7000
740.33,	3.6900
740.94,	3.6800
741.56,	3.6800
742.18,	3.6800
742.79,	3.6700
743.41,	3.6700
744.03,	3.6600
744.65,	3.6600
745.26,	3.6600
745.88,	3.6600
746.50,	3.6600
747.11,	3.6600
747.73,	3.6600
748.35,	3.6500
748.96,	3.6500
749.58,	3.6500
750.20,	3.6500
750.81,	3.6500
751.43,	3.6400
752.05,	3.6400
752.66,	3.6400
753.28,	3.6400
753.90,	3.6400
754.51,	3.6400
755.13,	3.6300
755.74,	3.6300
756.36,	3.6200
756.98,	3.6200
757.59,	3.6200
758.21,	3.6200
758.82,	3.6100
759.44,	3.6100
760.06,	3.6100
760.67,	3.6100
761.29,	3.6100
761.90,	3.6100
762.52,	3.6100
763.14,	3.6100
763.75,	3.6100
764.37,	3.6000
764.98,	3.6000
765.60,	3.6000
766.21,	3.6000
766.83,	3.6000
767.44,	3.6000
768.06,	3.6000
768.67,	3.6000
769.29,	3.6000
769.90,	3.6000
770.52,	3.6000
771.14,	3.6000
771.75,	3.5900
772.37,	3.5900
772.98,	3.5900
773.59,	3.5900
774.21,	3.5900
774.82,	3.5900
775.44,	3.5900
776.05,	3.5900
776.67,	3.5900
777.28,	3.5900
777.90,	3.5900
778.51,	3.6000
779.13,	3.6000
779.74,	3.6000
780.36,	3.6000
780.97,	3.6000
781.58,	3.6000
782.20,	3.6000
782.81,	3.6000
783.43,	3.6000
784.04,	3.5900
784.66,	3.5900
785.27,	3.5900
785.88,	3.5900
786.50,	3.5900
787.11,	3.5900
787.73,	3.5900
788.34,	3.5900
788.95,	3.5800
789.57,	3.5800
790.18,	3.5900
790.79,	3.5800
791.41,	3.5800
792.02,	3.5800
792.63,	3.5800
793.25,	3.5800
793.86,	3.5700
794.47,	3.5700
795.09,	3.5700
795.70,	3.5700
796.31,	3.5700
796.93,	3.5700
797.54,	3.5700
798.15,	3.5700
798.77,	3.5700
799.38,	3.5700
799.99,	3.5700
800.61,	3.5700
801.22,	3.5600
801.83,	3.5600
802.44,	3.5600
803.06,	3.5600
803.67,	3.5500
804.28,	3.5500
804.90,	3.5500
805.51,	3.5500
806.12,	3.5500
806.73,	3.5500
807.34,	3.5500
807.96,	3.5500
808.57,	3.5600
809.18,	3.5600
809.79,	3.5600
810.41,	3.5600
811.02,	3.5600
811.63,	3.5600
812.24,	3.5600
812.85,	3.5600
813.47,	3.5600
814.08,	3.5700
814.69,	3.5700
815.30,	3.5700
815.91,	3.5800
816.53,	3.5900
817.14,	3.5900
817.75,	3.5900
818.36,	3.5900
818.97,	3.5900
819.58,	3.5900
820.20,	3.5900
820.81,	3.6000
821.42,	3.6100
822.03,	3.6200
822.64,	3.6300
823.25,	3.6300
823.86,	3.6300
824.47,	3.6300
825.09,	3.6400
825.70,	3.6400
826.31,	3.6400
826.92,	3.6500
827.53,	3.6500
828.14,	3.6400
828.75,	3.6400
829.36,	3.6500
829.97,	3.6500
830.58,	3.6400
831.19,	3.6400
831.80,	3.6400
832.42,	3.6400
833.03,	3.6400
833.64,	3.6400
834.25,	3.6400
834.86,	3.6400
835.47,	3.6400
836.08,	3.6400
836.69,	3.6300
837.30,	3.6400
837.91,	3.6400
838.52,	3.6300
839.13,	3.6300
839.74,	3.6300
840.35,	3.6300
840.96,	3.6400
841.57,	3.6300
842.18,	3.6300
842.79,	3.6300
843.40,	3.6300
844.01,	3.6300
844.62,	3.6300
845.23,	3.6300
845.84,	3.6300
846.45,	3.6300
847.06,	3.6300
847.67,	3.6200
848.27,	3.6200
848.88,	3.6300
849.49,	3.6300
850.10,	3.6300
850.71,	3.6300
851.32,	3.6200
851.93,	3.6200
852.54,	3.6200
853.15,	3.6200
853.76,	3.6200
854.37,	3.6100
854.98,	3.6100
855.58,	3.6100
856.19,	3.6200
856.80,	3.6100
857.41,	3.6100
858.02,	3.6100
858.63,	3.6100
859.24,	3.6100
859.85,	3.6100
860.45,	3.6000
861.06,	3.5900
861.67,	3.5900
862.28,	3.5900
862.89,	3.6000
863.50,	3.6000
864.10,	3.6000
864.71,	3.6000
865.32,	3.6000
865.93,	3.5900
866.54,	3.5900
867.14,	3.5900
867.75,	3.5900
868.36,	3.5900
868.97,	3.5900
869.58,	3.5900
870.18,	3.5900
870.79,	3.5900
871.40,	3.5900
872.01,	3.6000
872.61,	3.6000
873.22,	3.6000
873.83,	3.6000
874.44,	3.5900
875.04,	3.5900
875.65,	3.6000
876.26,	3.6000
876.87,	3.6000
877.47,	3.6000
878.08,	3.6000
878.69,	3.6000
879.29,	3.6000
879.90,	3.6000
880.51,	3.6000
881.12,	3.6000
881.72,	3.6000
882.33,	3.6000
882.94,	3.6000
883.54,	3.6000
884.15,	3.5900
884.76,	3.5900
885.36,	3.5900
885.97,	3.5800
886.58,	3.5800
887.18,	3.5800
887.79,	3.5700
888.40,	3.5700
889.00,	3.5700
889.61,	3.5700
890.22,	3.5700
890.82,	3.5700
891.43,	3.5700
892.03,	3.5800
892.64,	3.5700
893.25,	3.5700
893.85,	3.5700
894.46,	3.5700
895.06,	3.5700
895.67,	3.5700
896.28,	3.5600
896.88,	3.5600
897.49,	3.5700
898.09,	3.5700
898.70,	3.5700
899.30,	3.5700
899.91,	3.5700
900.52,	3.5700
901.12,	3.5700
901.73,	3.5700
902.33,	3.5700
902.94,	3.5700
903.54,	3.5700
904.15,	3.5700
904.75,	3.5700
905.36,	3.5700
905.96,	3.5700
906.57,	3.5700
907.17,	3.5700
907.78,	3.5700
908.38,	3.5700
908.99,	3.5700
909.59,	3.5700
910.20,	3.5700
910.80,	3.5700
911.41,	3.5800
912.01,	3.5700
912.62,	3.5700
913.22,	3.5800
913.83,	3.5800
914.43,	3.5800
915.03,	3.5800
915.64,	3.5800
916.24,	3.5800
916.85,	3.5800
917.45,	3.5800
918.06,	3.5800
918.66,	3.5800
919.26,	3.5800
919.87,	3.5800
920.47,	3.5800
921.08,	3.5800
921.68,	3.5800
922.28,	4.5300
922.89,	10.8100
923.49,	16.9600
924.10,	19.0900
924.70,	20.5800
925.30,	21.8300
925.91,	22.9300
926.51,	23.9100
927.11,	24.8000
927.72,	25.6200
928.32,	26.3800
928.92,	27.0700
929.53,	27.7100
930.13,	32.6300
930.74,	35.5000
931.34,	35.5000
931.94,	35.5000
932.54,	35.5000
933.15,	35.5000
933.75,	35.5000
934.35,	35.5000
934.96,	35.5000
935.56,	35.5000
936.16,	35.5000
936.77,	35.5000
937.37,	35.5000
937.97,	35.5000
938.57,	35.5000
939.18,	35.5000
939.78,	35.5000
940.38,	35.5000
940.98,	35.5000
941.59,	35.5000
942.19,	35.5000
942.79,	35.5000
943.39,	35.5000
944.00,	35.5000
944.60,	35.5000
945.20,	35.5000
945.80,	35.5000
946.40,	35.5000
947.01,	35.5000
947.61,	35.5000
948.21,	35.5000
948.81,	35.5000
949.41,	35.5000
950.02,	35.5000
950.62,	35.5000
951.22,	35.5000
951.82,	35.5000
952.42,	35.5000
953.02,	35.5000
953.63,	35.5000
954.23,	35.5000
954.83,	35.5000
955.43,	35.5000
956.03,	35.5000
956.63,	35.5000
957.24,	35.5000
957.84,	35.5000
958.44,	35.5000
959.04,	35.5000
959.64,	35.5000
960.24,	35.5000
960.84,	35.5000
961.44,	35.5000
962.04,	35.5000
962.64,	35.5000
963.25,	35.5000
963.85,	35.5000
964.45,	35.5000
965.05,	35.5000
965.65,	35.5000
966.25,	35.5000
966.85,	35.5000
967.45,	35.5000
968.05,	35.5000
968.65,	35.5000
969.25,	35.5000
969.85,	35.5000
970.45,	35.5000
971.05,	35.5000
971.65,	35.5000
972.25,	35.5000
972.85,	35.5000
973.45,	35.5000
974.05,	35.5000
974.65,	9.3100
975.25,	-2.5200
975.85,	-2.5200
976.45,	-2.5200
977.05,	-2.5200
977.65,	-2.5200
978.25,	-2.5200
978.85,	-2.5200
979.45,	-2.5200
980.05,	-2.5200
980.65,	-2.5200
981.25,	-2.5200
981.85,	-2.5200
982.45,	-2.5200
983.05,	-2.5200
983.65,	-2.5200
984.25,	-2.5200
984.85,	-2.5200
985.45,	-2.5200
986.04,	-2.5200
986.64,	-2.5200
987.24,	-2.5200
987.84,	-2.5200
988.44,	-2.5200
989.04,	-2.5200
989.64,	-2.5200
990.24,	-2.5200
990.84,	-2.5200
991.44,	-2.5200
992.03,	-2.5200
992.63,	-2.5200
993.23,	-2.5200
993.83,	-2.5200
994.43,	-2.5200
995.03,	-2.5200
995.63,	-2.5200
996.22,	-2.5200
996.82,	-2.5200
997.42,	-2.5200
998.02,	-2.5200
998.62,	-2.5200
999.21,	-2.5200
999.81,	-2.5200
1000.41,	-2.5200
