Call Sign = ZSDA,	Ship Name = SA Agulhas,	Lloyds Num = 0
Date = 02/05/2017,	Time = 04:34,	
Latitude = 38 40.32  S,	Longitude = 011 54.62  E
Instr = Sippican Deep Blue,	Card Type = Sippican MK-21,	
Wind Instr = ,	Measur Method = 
Probe Serial Num = -1,	Ship Dir = -1,	Ship Speed = -1.00
Wind Dir = 170,	Wind Speed = 23.90
Dry Bulb Temp = 11.50,	Total Water Depth = -1.00

Full Resolution Values
Depth,	 Temp
0.67,	16.3200
1.34,	16.6600
2.01,	16.7600
2.68,	16.7800
3.34,	16.7900
4.01,	16.8100
4.68,	16.8000
5.35,	16.7900
6.02,	16.7900
6.69,	16.8000
7.36,	16.8000
8.03,	16.8000
8.69,	16.8000
9.36,	16.8000
10.03,	16.8100
10.70,	16.8200
11.37,	16.8300
12.04,	16.8200
12.70,	16.8000
13.37,	16.8100
14.04,	16.8100
14.71,	16.8200
15.38,	16.8300
16.05,	16.8200
16.71,	16.8300
17.38,	16.8200
18.05,	16.8200
18.72,	16.8200
19.38,	16.8100
20.05,	16.8200
20.72,	16.8100
21.39,	16.8100
22.06,	16.8100
22.72,	16.8000
23.39,	16.8100
24.06,	16.8200
24.73,	16.8100
25.39,	16.8100
26.06,	16.8000
26.73,	16.7900
27.40,	16.7900
28.06,	16.8000
28.73,	16.8100
29.40,	16.8100
30.06,	16.7900
30.73,	16.7800
31.40,	16.8000
32.06,	16.8000
32.73,	16.7900
33.40,	16.7800
34.07,	16.7900
34.73,	16.7900
35.40,	16.8000
36.07,	16.7800
36.73,	16.7000
37.40,	16.5900
38.07,	16.5300
38.73,	16.4900
39.40,	16.4700
40.06,	16.4400
40.73,	16.3700
41.40,	16.3000
42.06,	16.2400
42.73,	16.1800
43.40,	15.9800
44.06,	15.7000
44.73,	15.5000
45.39,	15.3600
46.06,	15.2600
46.73,	15.1900
47.39,	15.1600
48.06,	15.1300
48.72,	15.1100
49.39,	15.0900
50.06,	15.0900
50.72,	15.0900
51.39,	15.1000
52.05,	15.1000
52.72,	15.1000
53.38,	15.1000
54.05,	15.0900
54.71,	15.0700
55.38,	15.0600
56.05,	15.0500
56.71,	15.0300
57.38,	15.0200
58.04,	15.0000
58.71,	14.9900
59.37,	14.9800
60.04,	14.9500
60.70,	14.9400
61.37,	14.9300
62.03,	14.9300
62.70,	14.9300
63.36,	14.9100
64.03,	14.8700
64.69,	14.8400
65.36,	14.8300
66.02,	14.8000
66.69,	14.7900
67.35,	14.7800
68.01,	14.7400
68.68,	14.7000
69.34,	14.6200
70.01,	14.5300
70.67,	14.4700
71.34,	14.4300
72.00,	14.4000
72.66,	14.4000
73.33,	14.4000
73.99,	14.3800
74.66,	14.3700
75.32,	14.3600
75.98,	14.3500
76.65,	14.3500
77.31,	14.3500
77.98,	14.3400
78.64,	14.3300
79.30,	14.3000
79.97,	14.2300
80.63,	14.0800
81.30,	13.9300
81.96,	13.8400
82.62,	13.7700
83.29,	13.7300
83.95,	13.6800
84.61,	13.6100
85.28,	13.5500
85.94,	13.5000
86.60,	13.4600
87.27,	13.4200
87.93,	13.3700
88.59,	13.3200
89.26,	13.3000
89.92,	13.2600
90.58,	13.2100
91.24,	13.1900
91.91,	13.1800
92.57,	13.1600
93.23,	13.1400
93.90,	13.1100
94.56,	13.0800
95.22,	13.0600
95.88,	13.0600
96.55,	13.0500
97.21,	13.0400
97.87,	13.0200
98.53,	12.9800
99.20,	12.9500
99.86,	12.9200
100.52,	12.8900
101.18,	12.8500
101.85,	12.8200
102.51,	12.8000
103.17,	12.7700
103.83,	12.7100
104.49,	12.6800
105.16,	12.6400
105.82,	12.6100
106.48,	12.5700
107.14,	12.5500
107.80,	12.5400
108.47,	12.5300
109.13,	12.5200
109.79,	12.5100
110.45,	12.4900
111.11,	12.4700
111.77,	12.4500
112.44,	12.4400
113.10,	12.4400
113.76,	12.4300
114.42,	12.4200
115.08,	12.4200
115.74,	12.4200
116.40,	12.4100
117.06,	12.3900
117.73,	12.3800
118.39,	12.3600
119.05,	12.3400
119.71,	12.3200
120.37,	12.3100
121.03,	12.2900
121.69,	12.2800
122.35,	12.2700
123.01,	12.2600
123.67,	12.2500
124.33,	12.2500
125.00,	12.2300
125.66,	12.2300
126.32,	12.2200
126.98,	12.2200
127.64,	12.2100
128.30,	12.2000
128.96,	12.1900
129.62,	12.1800
130.28,	12.1700
130.94,	12.1500
131.60,	12.1300
132.26,	12.1000
132.92,	12.0700
133.58,	12.0600
134.24,	12.0600
134.90,	12.0500
135.56,	12.0500
136.22,	12.0400
136.88,	12.0400
137.54,	12.0400
138.20,	12.0200
138.86,	12.0100
139.52,	12.0000
140.18,	11.9800
140.84,	11.9700
141.50,	11.9500
142.16,	11.9200
142.82,	11.9000
143.48,	11.8900
144.14,	11.8900
144.79,	11.8800
145.45,	11.8800
146.11,	11.8700
146.77,	11.8500
147.43,	11.8400
148.09,	11.8300
148.75,	11.8200
149.41,	11.8300
150.07,	11.8200
150.73,	11.8200
151.39,	11.8200
152.04,	11.8100
152.70,	11.8000
153.36,	11.7900
154.02,	11.7800
154.68,	11.7700
155.34,	11.7600
156.00,	11.7400
156.65,	11.7100
157.31,	11.6700
157.97,	11.6500
158.63,	11.6400
159.29,	11.6300
159.95,	11.6200
160.60,	11.6100
161.26,	11.6100
161.92,	11.5900
162.58,	11.5600
163.24,	11.5400
163.90,	11.5300
164.55,	11.5200
165.21,	11.5000
165.87,	11.4700
166.53,	11.4400
167.18,	11.4300
167.84,	11.4200
168.50,	11.4000
169.16,	11.3900
169.82,	11.3900
170.47,	11.3900
171.13,	11.4000
171.79,	11.3900
172.44,	11.3900
173.10,	11.3900
173.76,	11.4100
174.42,	11.4300
175.07,	11.4900
175.73,	11.5600
176.39,	11.5800
177.05,	11.5900
177.70,	11.5900
178.36,	11.5800
179.02,	11.5800
179.67,	11.5700
180.33,	11.5700
180.99,	11.5800
181.64,	11.5700
182.30,	11.5700
182.96,	11.5700
183.61,	11.5700
184.27,	11.5600
184.93,	11.5500
185.58,	11.5400
186.24,	11.5400
186.90,	11.5500
187.55,	11.5700
188.21,	11.5700
188.87,	11.5800
189.52,	11.5900
190.18,	11.5900
190.83,	11.6000
191.49,	11.6200
192.15,	11.6300
192.80,	11.6400
193.46,	11.6500
194.11,	11.6600
194.77,	11.6800
195.43,	11.6700
196.08,	11.6800
196.74,	11.7000
197.39,	11.6900
198.05,	11.6700
198.70,	11.6700
199.36,	11.6500
200.02,	11.6100
200.67,	11.6000
201.33,	11.6000
201.98,	11.6100
202.64,	11.6400
203.29,	11.6500
203.95,	11.6400
204.60,	11.6400
205.26,	11.6400
205.91,	11.6400
206.57,	11.6600
207.22,	11.6800
207.88,	11.6900
208.53,	11.7000
209.19,	11.6900
209.84,	11.6800
210.50,	11.6800
211.15,	11.6700
211.81,	11.6500
212.46,	11.6500
213.12,	11.6600
213.77,	11.6600
214.43,	11.6600
215.08,	11.6700
215.74,	11.6700
216.39,	11.6700
217.04,	11.6800
217.70,	11.6800
218.35,	11.6900
219.01,	11.6900
219.66,	11.6900
220.32,	11.6800
220.97,	11.6700
221.62,	11.6500
222.28,	11.6300
222.93,	11.6100
223.59,	11.5900
224.24,	11.5800
224.89,	11.5700
225.55,	11.5700
226.20,	11.5600
226.85,	11.5500
227.51,	11.5500
228.16,	11.5400
228.81,	11.5500
229.47,	11.5700
230.12,	11.5700
230.78,	11.5700
231.43,	11.5800
232.08,	11.5800
232.74,	11.5700
233.39,	11.5700
234.04,	11.5700
234.69,	11.5600
235.35,	11.5600
236.00,	11.5400
236.65,	11.5300
237.31,	11.5200
237.96,	11.5100
238.61,	11.5100
239.27,	11.5100
239.92,	11.5100
240.57,	11.5000
241.22,	11.5100
241.88,	11.5100
242.53,	11.5100
243.18,	11.5100
243.83,	11.5300
244.49,	11.5500
245.14,	11.5500
245.79,	11.5600
246.44,	11.5600
247.10,	11.5600
247.75,	11.5500
248.40,	11.5200
249.05,	11.4600
249.70,	11.4200
250.36,	11.4100
251.01,	11.4000
251.66,	11.3900
252.31,	11.3800
252.96,	11.3700
253.62,	11.3600
254.27,	11.3400
254.92,	11.3200
255.57,	11.3000
256.22,	11.2700
256.88,	11.2600
257.53,	11.2500
258.18,	11.2400
258.83,	11.2300
259.48,	11.2100
260.13,	11.1900
260.78,	11.1500
261.44,	11.1100
262.09,	11.0900
262.74,	11.0800
263.39,	11.0700
264.04,	11.0600
264.69,	11.0600
265.34,	11.0600
265.99,	11.0500
266.64,	11.0400
267.29,	11.0300
267.95,	11.0200
268.60,	11.0200
269.25,	11.0100
269.90,	11.0100
270.55,	11.0100
271.20,	11.0100
271.85,	11.0000
272.50,	10.9800
273.15,	10.9700
273.80,	10.9600
274.45,	10.9500
275.10,	10.9400
275.75,	10.9200
276.40,	10.9100
277.05,	10.9000
277.70,	10.9000
278.35,	10.8900
279.00,	10.8800
279.65,	10.8800
280.30,	10.8800
280.95,	10.8800
281.60,	10.8700
282.25,	10.8700
282.90,	10.8700
283.55,	10.8600
284.20,	10.8600
284.85,	10.8500
285.50,	10.8500
286.15,	10.8500
286.80,	10.8300
287.45,	10.8100
288.10,	10.8100
288.75,	10.8000
289.40,	10.8000
290.05,	10.7900
290.70,	10.7600
291.35,	10.7300
292.00,	10.7000
292.64,	10.6500
293.29,	10.6000
293.94,	10.5700
294.59,	10.5500
295.24,	10.5400
295.89,	10.5300
296.54,	10.5300
297.19,	10.5200
297.84,	10.5200
298.49,	10.5200
299.13,	10.5300
299.78,	10.5400
300.43,	10.5400
301.08,	10.5400
301.73,	10.5400
302.38,	10.5200
303.02,	10.5200
303.67,	10.5200
304.32,	10.5200
304.97,	10.4900
305.62,	10.4700
306.27,	10.4600
306.91,	10.4600
307.56,	10.4600
308.21,	10.4700
308.86,	10.4800
309.51,	10.4800
310.15,	10.4800
310.80,	10.4900
311.45,	10.4900
312.10,	10.4900
312.75,	10.4800
313.39,	10.4800
314.04,	10.4800
314.69,	10.4700
315.34,	10.4700
315.98,	10.4700
316.63,	10.4700
317.28,	10.4700
317.93,	10.4700
318.57,	10.4700
319.22,	10.4600
319.87,	10.4600
320.52,	10.4600
321.16,	10.4500
321.81,	10.4500
322.46,	10.4500
323.10,	10.4400
323.75,	10.4400
324.40,	10.4300
325.04,	10.4300
325.69,	10.4200
326.34,	10.3800
326.99,	10.2900
327.63,	10.2300
328.28,	10.2100
328.93,	10.2000
329.57,	10.1800
330.22,	10.1700
330.86,	10.1400
331.51,	10.1100
332.16,	10.0800
332.80,	10.0600
333.45,	10.0500
334.10,	10.0400
334.74,	10.0300
335.39,	10.0300
336.03,	10.0300
336.68,	10.0300
337.33,	10.0300
337.97,	10.0300
338.62,	10.0300
339.26,	10.0300
339.91,	10.0300
340.56,	10.0300
341.20,	10.0400
341.85,	10.0700
342.49,	10.0800
343.14,	10.1100
343.78,	10.1300
344.43,	10.1400
345.08,	10.1500
345.72,	10.1600
346.37,	10.1900
347.01,	10.2000
347.66,	10.1900
348.30,	10.1900
348.95,	10.1900
349.59,	10.2100
350.24,	10.2100
350.88,	10.1700
351.53,	10.1300
352.17,	10.1000
352.82,	10.0700
353.46,	10.0400
354.11,	10.0000
354.75,	9.9800
355.40,	9.9700
356.04,	9.9600
356.69,	9.9500
357.33,	9.9500
357.98,	9.9400
358.62,	9.9300
359.27,	9.9300
359.91,	9.9300
360.55,	9.9600
361.20,	9.9900
361.84,	10.0000
362.49,	10.0100
363.13,	10.0100
363.78,	10.0000
364.42,	9.9900
365.06,	10.0100
365.71,	10.0200
366.35,	10.0200
367.00,	10.0100
367.64,	10.0100
368.28,	9.9900
368.93,	9.9800
369.57,	9.9700
370.22,	9.9600
370.86,	9.9500
371.50,	9.9400
372.15,	9.9300
372.79,	9.9100
373.43,	9.9000
374.08,	9.8900
374.72,	9.8800
375.36,	9.8600
376.01,	9.8500
376.65,	9.8400
377.29,	9.8400
377.94,	9.8300
378.58,	9.8200
379.22,	9.8200
379.87,	9.8100
380.51,	9.8100
381.15,	9.8000
381.79,	9.8000
382.44,	9.7900
383.08,	9.7800
383.72,	9.7800
384.37,	9.7700
385.01,	9.7700
385.65,	9.7700
386.29,	9.7700
386.94,	9.7600
387.58,	9.7500
388.22,	9.7400
388.86,	9.7300
389.51,	9.7200
390.15,	9.7000
390.79,	9.6800
391.43,	9.6600
392.08,	9.6500
392.72,	9.6400
393.36,	9.6300
394.00,	9.6300
394.64,	9.6300
395.29,	9.6200
395.93,	9.6100
396.57,	9.6100
397.21,	9.6100
397.85,	9.6100
398.50,	9.6100
399.14,	9.6100
399.78,	9.6000
400.42,	9.5900
401.06,	9.5900
401.70,	9.5900
402.34,	9.5800
402.99,	9.5700
403.63,	9.5700
404.27,	9.5600
404.91,	9.5700
405.55,	9.5600
406.19,	9.5600
406.83,	9.5600
407.48,	9.5600
408.12,	9.5500
408.76,	9.5300
409.40,	9.5200
410.04,	9.5000
410.68,	9.4800
411.32,	9.4800
411.96,	9.4700
412.60,	9.4700
413.24,	9.4700
413.88,	9.4600
414.52,	9.4600
415.17,	9.4600
415.81,	9.4600
416.45,	9.4700
417.09,	9.4600
417.73,	9.4500
418.37,	9.4400
419.01,	9.4200
419.65,	9.4000
420.29,	9.3900
420.93,	9.4000
421.57,	9.4000
422.21,	9.4000
422.85,	9.4000
423.49,	9.3900
424.13,	9.3900
424.77,	9.3800
425.41,	9.3600
426.05,	9.3300
426.69,	9.3200
427.33,	9.3000
427.97,	9.3000
428.61,	9.2800
429.25,	9.2700
429.89,	9.2600
430.53,	9.2600
431.17,	9.2500
431.80,	9.2400
432.44,	9.2400
433.08,	9.2300
433.72,	9.2300
434.36,	9.2300
435.00,	9.2200
435.64,	9.2100
436.28,	9.2000
436.92,	9.1800
437.56,	9.1600
438.20,	9.1500
438.84,	9.1400
439.47,	9.1300
440.11,	9.1100
440.75,	9.0900
441.39,	9.0700
442.03,	9.0500
442.67,	9.0300
443.31,	9.0300
443.95,	9.0100
444.58,	9.0100
445.22,	9.0000
445.86,	9.0000
446.50,	8.9900
447.14,	8.9900
447.78,	8.9800
448.41,	8.9700
449.05,	8.9600
449.69,	8.9500
450.33,	8.9500
450.97,	8.9500
451.60,	8.9500
452.24,	8.9500
452.88,	8.9500
453.52,	8.9500
454.16,	8.9500
454.79,	8.9400
455.43,	8.9400
456.07,	8.9200
456.71,	8.9000
457.35,	8.8900
457.98,	8.8900
458.62,	8.8900
459.26,	8.8900
459.90,	8.9000
460.53,	8.9000
461.17,	8.9000
461.81,	8.8900
462.44,	8.8800
463.08,	8.8600
463.72,	8.8200
464.36,	8.8000
464.99,	8.7800
465.63,	8.7700
466.27,	8.7700
466.90,	8.7600
467.54,	8.7600
468.18,	8.7400
468.81,	8.7300
469.45,	8.7300
470.09,	8.7100
470.72,	8.7100
471.36,	8.7100
472.00,	8.7000
472.63,	8.6900
473.27,	8.6800
473.91,	8.6700
474.54,	8.6600
475.18,	8.6300
475.82,	8.6100
476.45,	8.5900
477.09,	8.5600
477.73,	8.5500
478.36,	8.5200
479.00,	8.4900
479.63,	8.4700
480.27,	8.4600
480.91,	8.4600
481.54,	8.4500
482.18,	8.4500
482.81,	8.4400
483.45,	8.4400
484.08,	8.4400
484.72,	8.4300
485.36,	8.4300
485.99,	8.4200
486.63,	8.4200
487.26,	8.4200
487.90,	8.4200
488.53,	8.4300
489.17,	8.4400
489.80,	8.4500
490.44,	8.4600
491.07,	8.4600
491.71,	8.4700
492.34,	8.4800
492.98,	8.4800
493.62,	8.4800
494.25,	8.4800
494.89,	8.4800
495.52,	8.4900
496.15,	8.4800
496.79,	8.4800
497.42,	8.4600
498.06,	8.4300
498.69,	8.4000
499.33,	8.4000
499.96,	8.4100
500.60,	8.4000
501.23,	8.4000
501.87,	8.4100
502.50,	8.4000
503.14,	8.4000
503.77,	8.3900
504.40,	8.3900
505.04,	8.3800
505.67,	8.3800
506.31,	8.3700
506.94,	8.3600
507.57,	8.3500
508.21,	8.3300
508.84,	8.3200
509.48,	8.3100
510.11,	8.3100
510.74,	8.3000
511.38,	8.2800
512.01,	8.2700
512.65,	8.2500
513.28,	8.2400
513.91,	8.2300
514.55,	8.2200
515.18,	8.2200
515.81,	8.2100
516.45,	8.2000
517.08,	8.2000
517.71,	8.1900
518.35,	8.1900
518.98,	8.1900
519.61,	8.1800
520.25,	8.1700
520.88,	8.1600
521.51,	8.1500
522.15,	8.1300
522.78,	8.1200
523.41,	8.1100
524.04,	8.1100
524.68,	8.1000
525.31,	8.0900
525.94,	8.0800
526.58,	8.0600
527.21,	8.0400
527.84,	8.0200
528.47,	8.0000
529.11,	7.9800
529.74,	7.9600
530.37,	7.9500
531.00,	7.9400
531.64,	7.9300
532.27,	7.9200
532.90,	7.9100
533.53,	7.9000
534.17,	7.8900
534.80,	7.8900
535.43,	7.8900
536.06,	7.8900
536.69,	7.8800
537.33,	7.8800
537.96,	7.8900
538.59,	7.8900
539.22,	7.8800
539.85,	7.8900
540.48,	7.8900
541.12,	7.8800
541.75,	7.8700
542.38,	7.8500
543.01,	7.8400
543.64,	7.8200
544.27,	7.8100
544.91,	7.8000
545.54,	7.7900
546.17,	7.7800
546.80,	7.7700
547.43,	7.7700
548.06,	7.7700
548.69,	7.7700
549.32,	7.7500
549.95,	7.7300
550.59,	7.7100
551.22,	7.6900
551.85,	7.6700
552.48,	7.6500
553.11,	7.6500
553.74,	7.6400
554.37,	7.6300
555.00,	7.6200
555.63,	7.6100
556.26,	7.6100
556.89,	7.6000
557.52,	7.5900
558.15,	7.5800
558.78,	7.5800
559.42,	7.5700
560.05,	7.5500
560.68,	7.5500
561.31,	7.5500
561.94,	7.5400
562.57,	7.5200
563.20,	7.5100
563.83,	7.5100
564.46,	7.5100
565.09,	7.5000
565.72,	7.5000
566.35,	7.4900
566.98,	7.4700
567.61,	7.4500
568.24,	7.4200
568.87,	7.4000
569.50,	7.3900
570.12,	7.3700
570.75,	7.3500
571.38,	7.3100
572.01,	7.2700
572.64,	7.2600
573.27,	7.2400
573.90,	7.2400
574.53,	7.2300
575.16,	7.2300
575.79,	7.2300
576.42,	7.2300
577.05,	7.2200
577.68,	7.2100
578.31,	7.1800
578.93,	7.1400
579.56,	7.0900
580.19,	7.0600
580.82,	7.0500
581.45,	7.0400
582.08,	7.0300
582.71,	7.0100
583.34,	6.9900
583.97,	6.9600
584.59,	6.9500
585.22,	6.9400
585.85,	6.9200
586.48,	6.9000
587.11,	6.8800
587.74,	6.8700
588.36,	6.8500
588.99,	6.8400
589.62,	6.8200
590.25,	6.8200
590.88,	6.8200
591.50,	6.7900
592.13,	6.7500
592.76,	6.7300
593.39,	6.7000
594.02,	6.6800
594.64,	6.6600
595.27,	6.6400
595.90,	6.6200
596.53,	6.6100
597.16,	6.6100
597.78,	6.6000
598.41,	6.6000
599.04,	6.6000
599.67,	6.5900
600.29,	6.5800
600.92,	6.5600
601.55,	6.5500
602.18,	6.5400
602.80,	6.5300
603.43,	6.5200
604.06,	6.5100
604.68,	6.4900
605.31,	6.4600
605.94,	6.4400
606.57,	6.4300
607.19,	6.4200
607.82,	6.4000
608.45,	6.3900
609.07,	6.3600
609.70,	6.3400
610.33,	6.3200
610.95,	6.3000
611.58,	6.2800
612.21,	6.2700
612.83,	6.2600
613.46,	6.2500
614.09,	6.2400
614.71,	6.2400
615.34,	6.2400
615.97,	6.2300
616.59,	6.2300
617.22,	6.2300
617.84,	6.2300
618.47,	6.2200
619.10,	6.2200
619.72,	6.2200
620.35,	6.2200
620.97,	6.2100
621.60,	6.2000
622.23,	6.2000
622.85,	6.2000
623.48,	6.1900
624.10,	6.1600
624.73,	6.1400
625.35,	6.1300
625.98,	6.1200
626.61,	6.1000
627.23,	6.0800
627.86,	6.0600
628.48,	6.0500
629.11,	6.0400
629.73,	6.0300
630.36,	6.0300
630.98,	6.0300
631.61,	6.0300
632.23,	6.0300
632.86,	6.0300
633.48,	6.0300
634.11,	6.0300
634.73,	6.0200
635.36,	6.0200
635.98,	6.0200
636.61,	6.0200
637.23,	6.0200
637.86,	6.0200
638.48,	6.0100
639.11,	6.0100
639.73,	6.0100
640.36,	6.0000
640.98,	5.9900
641.61,	5.9800
642.23,	5.9600
642.85,	5.9500
643.48,	5.9500
644.10,	5.9200
644.73,	5.9000
645.35,	5.8900
645.98,	5.8800
646.60,	5.8800
647.22,	5.8800
647.85,	5.8800
648.47,	5.8700
649.10,	5.8600
649.72,	5.8400
650.34,	5.8200
650.97,	5.7900
651.59,	5.7600
652.22,	5.7500
652.84,	5.7400
653.46,	5.7200
654.09,	5.7200
654.71,	5.7100
655.33,	5.7100
655.96,	5.7100
656.58,	5.6900
657.20,	5.6700
657.83,	5.6500
658.45,	5.6400
659.07,	5.6100
659.70,	5.5900
660.32,	5.5700
660.94,	5.5600
661.57,	5.5500
662.19,	5.5500
662.81,	5.5400
663.43,	5.5300
664.06,	5.5100
664.68,	5.4900
665.30,	5.4700
665.93,	5.4600
666.55,	5.4600
667.17,	5.4500
667.79,	5.4400
668.42,	5.4400
669.04,	5.4400
669.66,	5.4400
670.28,	5.4400
670.91,	5.4400
671.53,	5.4400
672.15,	5.4300
672.77,	5.4200
673.39,	5.4000
674.02,	5.3700
674.64,	5.3700
675.26,	5.3600
675.88,	5.3600
676.50,	5.3600
677.13,	5.3500
677.75,	5.3400
678.37,	5.3300
678.99,	5.3300
679.61,	5.3200
680.24,	5.3100
680.86,	5.3000
681.48,	5.3000
682.10,	5.3000
682.72,	5.2900
683.34,	5.2800
683.96,	5.2700
684.59,	5.2700
685.21,	5.2800
685.83,	5.2900
686.45,	5.2900
687.07,	5.2900
687.69,	5.2900
688.31,	5.2800
688.93,	5.2700
689.56,	5.2700
690.18,	5.2500
690.80,	5.2500
691.42,	5.2500
692.04,	5.2400
692.66,	5.2400
693.28,	5.2300
693.90,	5.2200
694.52,	5.2100
695.14,	5.1900
695.76,	5.1800
696.38,	5.1700
697.00,	5.1800
697.62,	5.1900
698.25,	5.1900
698.87,	5.1800
699.49,	5.1800
700.11,	5.1700
700.73,	5.1700
701.35,	5.1500
701.97,	5.1200
702.59,	5.0900
703.21,	5.0700
703.83,	5.0700
704.45,	5.0800
705.07,	5.0900
705.69,	5.1000
706.31,	5.1200
706.93,	5.1300
707.55,	5.1300
708.17,	5.1300
708.79,	5.1400
709.40,	5.1400
710.02,	5.1400
710.64,	5.1400
711.26,	5.1400
711.88,	5.1500
712.50,	5.1500
713.12,	5.1300
713.74,	5.0900
714.36,	5.0700
714.98,	5.0400
715.60,	5.0200
716.22,	5.0200
716.84,	5.0200
717.45,	5.0200
718.07,	5.0200
718.69,	5.0100
719.31,	5.0100
719.93,	5.0000
720.55,	4.9900
721.17,	4.9700
721.79,	4.9600
722.41,	4.9500
723.02,	4.9500
723.64,	4.9500
724.26,	4.9400
724.88,	4.9400
725.50,	4.9400
726.12,	4.9400
726.73,	4.9500
727.35,	4.9600
727.97,	4.9500
728.59,	4.9200
729.21,	4.9000
729.83,	4.9000
730.44,	4.8900
731.06,	4.8900
731.68,	4.8900
732.30,	4.8900
732.92,	4.8800
733.53,	4.8600
734.15,	4.8500
734.77,	4.8600
735.39,	4.8600
736.00,	4.8600
736.62,	4.8700
737.24,	4.8700
737.86,	4.8800
738.47,	4.8800
739.09,	4.8900
739.71,	4.8900
740.33,	4.8700
740.94,	4.8500
741.56,	4.8400
742.18,	4.8200
742.79,	4.8100
743.41,	4.8000
744.03,	4.7900
744.65,	4.7900
745.26,	4.7800
745.88,	4.7600
746.50,	4.7700
747.11,	4.7700
747.73,	4.7700
748.35,	4.7700
748.96,	4.7700
749.58,	4.7700
750.20,	4.7700
750.81,	4.7700
751.43,	4.7700
752.05,	4.7700
752.66,	4.7700
753.28,	4.7700
753.90,	4.7700
754.51,	4.7800
755.13,	4.7700
755.74,	4.7600
756.36,	4.7500
756.98,	4.7400
757.59,	4.7300
758.21,	4.7200
758.82,	4.7300
759.44,	4.7400
760.06,	4.7400
760.67,	4.7500
761.29,	4.7500
761.90,	4.7400
762.52,	4.7400
763.14,	4.7400
763.75,	4.7400
764.37,	4.7400
764.98,	4.7300
765.60,	4.7300
766.21,	4.7000
766.83,	4.6700
767.44,	4.6500
768.06,	4.6500
768.67,	4.6400
769.29,	4.6400
769.90,	4.6400
770.52,	4.6400
771.14,	4.6300
771.75,	4.6300
772.37,	4.6300
772.98,	4.6300
773.59,	4.6200
774.21,	4.6200
774.82,	4.6200
775.44,	4.6100
776.05,	4.6000
776.67,	4.6000
777.28,	4.5900
777.90,	4.5900
778.51,	4.5900
779.13,	4.5800
779.74,	4.5800
780.36,	4.5800
780.97,	4.5700
781.58,	4.5600
782.20,	4.5500
782.81,	4.5400
783.43,	4.5100
784.04,	4.4900
784.66,	4.4800
785.27,	4.4700
785.88,	4.4600
786.50,	4.4500
787.11,	4.4500
787.73,	4.4500
788.34,	4.4400
788.95,	4.4400
789.57,	4.4300
790.18,	4.4300
790.79,	4.4300
791.41,	4.4200
792.02,	4.4200
792.63,	4.4100
793.25,	4.4000
793.86,	4.4000
794.47,	4.4000
795.09,	4.4000
795.70,	4.4000
796.31,	4.4000
796.93,	4.4100
797.54,	4.4100
798.15,	4.4100
798.77,	4.4100
799.38,	4.4100
799.99,	4.4100
800.61,	4.4100
801.22,	4.4100
801.83,	4.4100
802.44,	4.4100
803.06,	4.4100
803.67,	4.4100
804.28,	4.4100
804.90,	4.4000
805.51,	4.4000
806.12,	4.4000
806.73,	4.4000
807.34,	4.4000
807.96,	4.4000
808.57,	4.4000
809.18,	4.4000
809.79,	4.4000
810.41,	4.4000
811.02,	4.4000
811.63,	4.4000
812.24,	4.3900
812.85,	4.3900
813.47,	4.3900
814.08,	4.3800
814.69,	4.3800
815.30,	4.3800
815.91,	4.3800
816.53,	4.3800
817.14,	4.3800
817.75,	4.3700
818.36,	4.3700
818.97,	4.3700
819.58,	4.3600
820.20,	4.3600
820.81,	4.3600
821.42,	4.3600
822.03,	4.3600
822.64,	4.3600
823.25,	4.3600
823.86,	4.3600
824.47,	4.3600
825.09,	4.3600
825.70,	4.3600
826.31,	4.3500
826.92,	4.3500
827.53,	4.3500
828.14,	4.3500
828.75,	4.3500
829.36,	4.3500
829.97,	4.3500
830.58,	4.3600
831.19,	4.3600
831.80,	4.3700
832.42,	4.3700
833.03,	4.3700
833.64,	4.3700
834.25,	4.3800
834.86,	4.3800
835.47,	4.3900
836.08,	4.4000
836.69,	4.4100
837.30,	4.4100
837.91,	4.4100
838.52,	4.4100
839.13,	4.4100
839.74,	4.4200
840.35,	4.4200
840.96,	4.4200
841.57,	4.4000
842.18,	4.3800
842.79,	4.3700
843.40,	4.3500
844.01,	4.3500
844.62,	4.3500
845.23,	4.3500
845.84,	4.3500
846.45,	4.3500
847.06,	4.3600
847.67,	4.3600
848.27,	4.3600
848.88,	4.3600
849.49,	4.3600
850.10,	4.3600
850.71,	4.3500
851.32,	4.3400
851.93,	4.3200
852.54,	4.3100
853.15,	4.3100
853.76,	4.3100
854.37,	4.3100
854.98,	4.3100
855.58,	4.3100
856.19,	4.3200
856.80,	4.3200
857.41,	4.3200
858.02,	4.3200
858.63,	4.3200
859.24,	4.3200
859.85,	4.3200
860.45,	4.3200
861.06,	4.3200
861.67,	4.3200
862.28,	4.3100
862.89,	4.3100
863.50,	4.3000
864.10,	4.2900
864.71,	4.2800
865.32,	4.2800
865.93,	4.2700
866.54,	4.2700
867.14,	4.2700
867.75,	4.2700
868.36,	4.2900
868.97,	4.3000
869.58,	4.3000
870.18,	4.2900
870.79,	4.2800
871.40,	4.2700
872.01,	4.2600
872.61,	4.2600
873.22,	4.2600
873.83,	4.2500
874.44,	4.2400
875.04,	4.2300
875.65,	4.2300
876.26,	4.2300
876.87,	4.2400
877.47,	4.2400
878.08,	4.2500
878.69,	4.2600
879.29,	4.2600
879.90,	4.2400
880.51,	4.2200
881.12,	4.1900
881.72,	4.1700
882.33,	4.1600
882.94,	4.1600
883.54,	4.1500
884.15,	4.1400
884.76,	4.1300
885.36,	4.1300
885.97,	4.1300
886.58,	4.1300
887.18,	4.1400
887.79,	4.1600
888.40,	4.1800
889.00,	4.1700
889.61,	4.1600
890.22,	4.1500
890.82,	4.1400
891.43,	4.1300
892.03,	4.1300
892.64,	4.1300
893.25,	4.1200
893.85,	4.1200
894.46,	4.1300
895.06,	4.1500
895.67,	4.1700
896.28,	4.2200
896.88,	4.2600
897.49,	4.2700
898.09,	4.2600
898.70,	4.2400
899.30,	4.2200
899.91,	4.2100
900.52,	4.2100
901.12,	4.2100
901.73,	4.2100
902.33,	4.2200
902.94,	4.2200
903.54,	4.2200
904.15,	4.2300
904.75,	4.2300
905.36,	4.2400
905.96,	4.2400
906.57,	4.2400
907.17,	4.2300
907.78,	4.2200
908.38,	4.2200
908.99,	4.2100
909.59,	4.2100
910.20,	4.2200
910.80,	4.2200
911.41,	4.2300
912.01,	4.2200
912.62,	4.2100
913.22,	4.2000
913.83,	4.1800
914.43,	4.1500
915.03,	4.1400
915.64,	4.1300
916.24,	4.1200
916.85,	4.1200
917.45,	4.1200
918.06,	4.1100
918.66,	4.1000
919.26,	4.0900
919.87,	4.0900
920.47,	4.1100
921.08,	4.1200
921.68,	4.1400
922.28,	4.1700
922.89,	4.1900
923.49,	4.2200
924.10,	4.2400
924.70,	4.2600
925.30,	4.2600
925.91,	4.2700
926.51,	4.2700
927.11,	4.2700
927.72,	4.2700
928.32,	4.2700
928.92,	4.2600
929.53,	4.2500
930.13,	4.2400
930.74,	4.2300
931.34,	4.2200
931.94,	4.2000
932.54,	4.1900
933.15,	4.1900
933.75,	4.1800
934.35,	4.1800
934.96,	4.1700
935.56,	4.1600
936.16,	4.1400
936.77,	4.1300
937.37,	4.1300
937.97,	4.1300
938.57,	4.1300
939.18,	4.1300
939.78,	4.1200
940.38,	4.1200
940.98,	4.1300
941.59,	4.1300
942.19,	4.1300
942.79,	4.1400
943.39,	4.3100
944.00,	5.0100
944.60,	6.5200
945.20,	8.8800
945.80,	11.5500
946.40,	13.3600
947.01,	14.3700
947.61,	15.0400
948.21,	15.5500
948.81,	15.9700
949.41,	16.3400
950.02,	16.6900
950.62,	17.0000
951.22,	17.3000
951.82,	17.5800
952.42,	17.8400
953.02,	18.0900
953.63,	18.3300
954.23,	18.5600
954.83,	18.7700
955.43,	18.9700
956.03,	19.1800
956.63,	23.9700
957.24,	35.5000
957.84,	35.5000
958.44,	35.5000
959.04,	35.5000
959.64,	35.5000
960.24,	35.5000
960.84,	35.5000
961.44,	35.5000
962.04,	35.5000
962.64,	35.5000
963.25,	35.5000
963.85,	35.5000
964.45,	35.5000
965.05,	35.5000
965.65,	35.5000
966.25,	35.5000
966.85,	35.5000
967.45,	35.5000
968.05,	35.5000
968.65,	35.5000
969.25,	35.5000
969.85,	35.5000
970.45,	35.5000
971.05,	35.5000
971.65,	35.5000
972.25,	35.5000
972.85,	35.5000
973.45,	35.5000
974.05,	35.5000
974.65,	35.5000
975.25,	35.5000
975.85,	35.5000
976.45,	35.5000
977.05,	35.5000
977.65,	35.5000
978.25,	35.5000
978.85,	35.5000
979.45,	35.5000
980.05,	35.5000
980.65,	35.5000
981.25,	35.5000
981.85,	35.5000
982.45,	35.5000
983.05,	35.5000
983.65,	35.5000
984.25,	35.5000
984.85,	35.5000
985.45,	35.5000
986.04,	35.5000
986.64,	35.5000
987.24,	35.5000
987.84,	32.7200
988.44,	-2.5200
989.04,	-2.5200
989.64,	-2.5200
990.24,	-2.5200
990.84,	-2.5200
991.44,	-2.5200
992.03,	-2.5200
992.63,	-2.5200
993.23,	-2.5200
993.83,	-2.5200
994.43,	-2.5200
995.03,	-2.5200
995.63,	-2.5200
996.22,	-2.5200
996.82,	-2.5200
997.42,	-2.5200
998.02,	-2.5200
998.62,	-2.5200
999.21,	-2.5200
999.81,	-2.5200
1000.41,	-2.5200
