Call Sign = ZSDA,	Ship Name = SA Agulhas,	Lloyds Num = 0
Date = 02/05/2017,	Time = 15:07,	
Latitude = 37 36.23  S,	Longitude = 012 23.52  E
Instr = Sippican Deep Blue,	Card Type = Sippican MK-21,	
Wind Instr = ,	Measur Method = 
Probe Serial Num = -1,	Ship Dir = -1,	Ship Speed = -1.00
Wind Dir = 250,	Wind Speed = 21.80
Dry Bulb Temp = 15.60,	Total Water Depth = -1.00

Full Resolution Values
Depth,	 Temp
0.67,	19.9600
1.34,	20.2000
2.01,	20.2500
2.68,	20.2700
3.34,	20.2700
4.01,	20.2700
4.68,	20.2700
5.35,	20.2700
6.02,	20.2700
6.69,	20.2700
7.36,	20.2800
8.03,	20.2800
8.69,	20.2700
9.36,	20.2600
10.03,	20.2700
10.70,	20.2800
11.37,	20.2700
12.04,	20.2700
12.70,	20.2600
13.37,	20.2700
14.04,	20.2600
14.71,	20.2500
15.38,	20.2500
16.05,	20.2400
16.71,	20.2400
17.38,	20.2300
18.05,	20.2300
18.72,	20.2300
19.38,	20.2300
20.05,	20.2300
20.72,	20.2200
21.39,	20.2200
22.06,	20.2200
22.72,	20.2200
23.39,	20.2200
24.06,	20.2300
24.73,	20.2200
25.39,	20.2200
26.06,	20.2200
26.73,	20.2300
27.40,	20.2300
28.06,	20.2400
28.73,	20.2300
29.40,	20.2200
30.06,	20.2200
30.73,	20.2200
31.40,	20.2200
32.06,	20.2200
32.73,	20.2300
33.40,	20.2200
34.07,	20.2200
34.73,	20.2200
35.40,	20.2200
36.07,	20.2200
36.73,	20.2200
37.40,	20.2300
38.07,	20.2300
38.73,	20.2200
39.40,	20.2200
40.06,	20.2300
40.73,	20.2300
41.40,	20.2200
42.06,	20.2300
42.73,	20.2300
43.40,	20.2300
44.06,	20.2300
44.73,	20.2200
45.39,	20.2300
46.06,	20.2300
46.73,	20.2200
47.39,	20.2200
48.06,	20.2300
48.72,	20.2200
49.39,	20.2200
50.06,	20.2100
50.72,	20.2100
51.39,	20.2200
52.05,	20.2200
52.72,	20.2200
53.38,	20.2300
54.05,	20.2300
54.71,	20.2200
55.38,	20.2300
56.05,	20.2200
56.71,	20.2300
57.38,	20.2300
58.04,	20.2100
58.71,	20.2200
59.37,	20.2200
60.04,	20.2200
60.70,	20.2200
61.37,	20.2100
62.03,	20.2200
62.70,	20.2200
63.36,	20.2100
64.03,	20.2200
64.69,	20.2300
65.36,	20.2200
66.02,	20.2100
66.69,	20.2200
67.35,	20.2200
68.01,	20.2200
68.68,	20.2400
69.34,	20.2200
70.01,	20.2100
70.67,	20.2200
71.34,	20.2300
72.00,	20.2200
72.66,	20.2100
73.33,	20.2100
73.99,	20.2100
74.66,	20.2200
75.32,	20.2100
75.98,	20.2000
76.65,	20.2000
77.31,	20.1800
77.98,	20.1600
78.64,	20.1000
79.30,	20.0500
79.97,	19.9900
80.63,	19.9200
81.30,	19.8500
81.96,	19.7900
82.62,	19.7600
83.29,	19.7200
83.95,	19.6600
84.61,	19.6100
85.28,	19.5400
85.94,	19.4600
86.60,	19.4100
87.27,	19.3100
87.93,	19.2000
88.59,	19.1600
89.26,	19.1200
89.92,	19.0700
90.58,	19.0300
91.24,	19.0100
91.91,	18.9800
92.57,	18.9200
93.23,	18.8300
93.90,	18.7800
94.56,	18.7200
95.22,	18.6200
95.88,	18.5400
96.55,	18.4800
97.21,	18.4400
97.87,	18.4200
98.53,	18.4000
99.20,	18.3700
99.86,	18.3500
100.52,	18.3300
101.18,	18.3300
101.85,	18.3200
102.51,	18.2900
103.17,	18.2400
103.83,	18.2000
104.49,	18.1500
105.16,	18.1300
105.82,	18.1200
106.48,	18.1000
107.14,	18.0800
107.80,	18.0700
108.47,	18.0700
109.13,	18.0600
109.79,	18.0400
110.45,	18.0100
111.11,	17.9900
111.77,	17.9700
112.44,	17.9600
113.10,	17.9600
113.76,	17.9600
114.42,	17.9500
115.08,	17.9400
115.74,	17.9400
116.40,	17.9300
117.06,	17.9000
117.73,	17.8800
118.39,	17.8400
119.05,	17.8000
119.71,	17.7600
120.37,	17.7600
121.03,	17.7700
121.69,	17.7500
122.35,	17.7200
123.01,	17.6700
123.67,	17.6100
124.33,	17.5500
125.00,	17.4900
125.66,	17.4400
126.32,	17.4100
126.98,	17.3800
127.64,	17.3400
128.30,	17.3100
128.96,	17.2700
129.62,	17.2500
130.28,	17.2200
130.94,	17.1900
131.60,	17.1600
132.26,	17.1400
132.92,	17.1300
133.58,	17.1100
134.24,	17.0800
134.90,	17.0500
135.56,	17.0400
136.22,	17.0500
136.88,	17.0800
137.54,	17.1300
138.20,	17.1900
138.86,	17.2500
139.52,	17.3200
140.18,	17.3500
140.84,	17.3500
141.50,	17.3300
142.16,	17.3000
142.82,	17.2800
143.48,	17.2800
144.14,	17.2700
144.79,	17.2700
145.45,	17.2500
146.11,	17.2400
146.77,	17.2300
147.43,	17.2200
148.09,	17.2100
148.75,	17.2100
149.41,	17.2000
150.07,	17.1900
150.73,	17.1700
151.39,	17.1400
152.04,	17.1300
152.70,	17.1100
153.36,	17.1000
154.02,	17.0700
154.68,	17.0300
155.34,	17.0100
156.00,	17.0000
156.65,	16.9900
157.31,	17.0000
157.97,	16.9900
158.63,	16.9800
159.29,	16.9700
159.95,	16.9600
160.60,	16.9600
161.26,	16.9600
161.92,	16.9600
162.58,	16.9500
163.24,	16.9500
163.90,	16.9500
164.55,	16.9400
165.21,	16.9400
165.87,	16.9300
166.53,	16.9200
167.18,	16.8900
167.84,	16.8400
168.50,	16.8100
169.16,	16.8000
169.82,	16.7900
170.47,	16.7800
171.13,	16.7600
171.79,	16.7600
172.44,	16.7500
173.10,	16.7400
173.76,	16.7300
174.42,	16.7200
175.07,	16.7000
175.73,	16.6900
176.39,	16.6700
177.05,	16.6600
177.70,	16.6600
178.36,	16.6600
179.02,	16.6500
179.67,	16.6500
180.33,	16.6300
180.99,	16.6100
181.64,	16.5900
182.30,	16.5700
182.96,	16.5500
183.61,	16.5400
184.27,	16.5300
184.93,	16.5200
185.58,	16.5200
186.24,	16.5200
186.90,	16.5100
187.55,	16.5000
188.21,	16.4900
188.87,	16.4600
189.52,	16.4300
190.18,	16.4100
190.83,	16.4000
191.49,	16.3900
192.15,	16.3900
192.80,	16.3800
193.46,	16.3700
194.11,	16.3600
194.77,	16.3500
195.43,	16.3300
196.08,	16.3200
196.74,	16.3100
197.39,	16.2900
198.05,	16.2800
198.70,	16.2500
199.36,	16.2200
200.02,	16.2000
200.67,	16.1800
201.33,	16.1600
201.98,	16.1300
202.64,	16.1100
203.29,	16.0800
203.95,	16.0700
204.60,	16.0600
205.26,	16.0400
205.91,	16.0100
206.57,	15.9700
207.22,	15.9500
207.88,	15.9200
208.53,	15.9000
209.19,	15.8900
209.84,	15.8700
210.50,	15.8500
211.15,	15.8300
211.81,	15.8200
212.46,	15.8100
213.12,	15.8100
213.77,	15.8100
214.43,	15.8100
215.08,	15.8100
215.74,	15.8100
216.39,	15.8100
217.04,	15.8100
217.70,	15.8100
218.35,	15.8000
219.01,	15.8100
219.66,	15.8000
220.32,	15.7800
220.97,	15.7800
221.62,	15.7600
222.28,	15.7500
222.93,	15.7400
223.59,	15.7300
224.24,	15.7200
224.89,	15.7100
225.55,	15.7000
226.20,	15.6900
226.85,	15.6700
227.51,	15.6400
228.16,	15.6100
228.81,	15.5900
229.47,	15.5800
230.12,	15.5700
230.78,	15.5600
231.43,	15.5400
232.08,	15.5300
232.74,	15.5300
233.39,	15.5300
234.04,	15.5200
234.69,	15.5200
235.35,	15.5100
236.00,	15.5000
236.65,	15.5000
237.31,	15.5000
237.96,	15.4900
238.61,	15.4900
239.27,	15.4900
239.92,	15.4700
240.57,	15.4600
241.22,	15.4300
241.88,	15.4200
242.53,	15.4000
243.18,	15.3900
243.83,	15.3700
244.49,	15.3400
245.14,	15.3400
245.79,	15.3200
246.44,	15.3100
247.10,	15.3000
247.75,	15.2800
248.40,	15.2600
249.05,	15.2600
249.70,	15.3000
250.36,	15.3100
251.01,	15.2900
251.66,	15.2600
252.31,	15.2400
252.96,	15.2400
253.62,	15.2600
254.27,	15.2700
254.92,	15.2700
255.57,	15.2500
256.22,	15.2100
256.88,	15.1800
257.53,	15.1600
258.18,	15.1600
258.83,	15.1800
259.48,	15.1900
260.13,	15.2000
260.78,	15.2000
261.44,	15.2000
262.09,	15.2000
262.74,	15.1900
263.39,	15.1900
264.04,	15.1700
264.69,	15.1500
265.34,	15.1300
265.99,	15.1300
266.64,	15.1200
267.29,	15.1200
267.95,	15.1100
268.60,	15.1100
269.25,	15.1000
269.90,	15.0900
270.55,	15.0600
271.20,	15.0500
271.85,	15.0300
272.50,	15.0000
273.15,	14.9800
273.80,	14.9600
274.45,	14.9500
275.10,	14.9300
275.75,	14.9200
276.40,	14.9100
277.05,	14.8900
277.70,	14.8700
278.35,	14.8500
279.00,	14.8500
279.65,	14.8400
280.30,	14.8200
280.95,	14.8100
281.60,	14.7900
282.25,	14.7800
282.90,	14.7600
283.55,	14.7500
284.20,	14.7300
284.85,	14.7000
285.50,	14.6700
286.15,	14.6500
286.80,	14.6400
287.45,	14.6300
288.10,	14.6300
288.75,	14.6200
289.40,	14.6300
290.05,	14.6200
290.70,	14.6200
291.35,	14.6200
292.00,	14.6100
292.64,	14.6100
293.29,	14.6000
293.94,	14.6000
294.59,	14.6000
295.24,	14.5900
295.89,	14.5700
296.54,	14.5500
297.19,	14.5300
297.84,	14.5200
298.49,	14.5100
299.13,	14.5100
299.78,	14.5000
300.43,	14.4800
301.08,	14.4600
301.73,	14.4500
302.38,	14.4500
303.02,	14.4600
303.67,	14.4700
304.32,	14.4900
304.97,	14.5200
305.62,	14.5400
306.27,	14.5600
306.91,	14.5700
307.56,	14.5600
308.21,	14.5500
308.86,	14.5600
309.51,	14.5600
310.15,	14.5700
310.80,	14.5600
311.45,	14.5600
312.10,	14.5700
312.75,	14.5700
313.39,	14.5600
314.04,	14.5500
314.69,	14.5200
315.34,	14.5000
315.98,	14.4800
316.63,	14.4800
317.28,	14.4700
317.93,	14.4600
318.57,	14.4500
319.22,	14.4400
319.87,	14.4300
320.52,	14.4300
321.16,	14.4200
321.81,	14.4200
322.46,	14.4100
323.10,	14.4000
323.75,	14.3900
324.40,	14.3800
325.04,	14.3800
325.69,	14.3600
326.34,	14.3500
326.99,	14.3400
327.63,	14.3200
328.28,	14.2900
328.93,	14.2400
329.57,	14.2100
330.22,	14.1700
330.86,	14.1100
331.51,	14.0800
332.16,	14.0800
332.80,	14.0800
333.45,	14.0900
334.10,	14.1000
334.74,	14.1400
335.39,	14.1800
336.03,	14.1900
336.68,	14.1800
337.33,	14.1500
337.97,	14.1400
338.62,	14.1200
339.26,	14.0500
339.91,	14.0000
340.56,	13.9600
341.20,	13.9000
341.85,	13.8600
342.49,	13.8500
343.14,	13.8500
343.78,	13.8200
344.43,	13.7600
345.08,	13.7100
345.72,	13.6600
346.37,	13.5800
347.01,	13.5100
347.66,	13.4600
348.30,	13.4300
348.95,	13.4100
349.59,	13.3900
350.24,	13.3800
350.88,	13.3600
351.53,	13.3600
352.17,	13.3500
352.82,	13.3500
353.46,	13.3600
354.11,	13.3600
354.75,	13.3700
355.40,	13.3800
356.04,	13.3900
356.69,	13.4000
357.33,	13.4100
357.98,	13.4200
358.62,	13.4200
359.27,	13.4200
359.91,	13.4200
360.55,	13.4200
361.20,	13.4100
361.84,	13.3700
362.49,	13.3200
363.13,	13.3000
363.78,	13.3000
364.42,	13.2900
365.06,	13.2900
365.71,	13.2800
366.35,	13.2800
367.00,	13.2800
367.64,	13.2900
368.28,	13.3100
368.93,	13.3200
369.57,	13.3400
370.22,	13.3600
370.86,	13.3700
371.50,	13.3800
372.15,	13.3900
372.79,	13.4000
373.43,	13.4100
374.08,	13.4100
374.72,	13.4100
375.36,	13.4100
376.01,	13.4100
376.65,	13.4200
377.29,	13.4000
377.94,	13.3800
378.58,	13.3700
379.22,	13.3600
379.87,	13.3500
380.51,	13.3400
381.15,	13.3300
381.79,	13.3200
382.44,	13.3200
383.08,	13.3200
383.72,	13.3100
384.37,	13.3200
385.01,	13.3100
385.65,	13.3100
386.29,	13.3100
386.94,	13.3100
387.58,	13.3100
388.22,	13.3000
388.86,	13.2900
389.51,	13.2800
390.15,	13.2800
390.79,	13.2700
391.43,	13.2600
392.08,	13.2500
392.72,	13.2400
393.36,	13.2300
394.00,	13.2200
394.64,	13.2000
395.29,	13.1900
395.93,	13.1700
396.57,	13.1600
397.21,	13.1500
397.85,	13.1300
398.50,	13.1100
399.14,	13.1000
399.78,	13.0800
400.42,	13.0800
401.06,	13.0900
401.70,	13.1000
402.34,	13.1000
402.99,	13.0900
403.63,	13.0900
404.27,	13.0900
404.91,	13.0900
405.55,	13.0800
406.19,	13.0800
406.83,	13.0700
407.48,	13.0600
408.12,	13.0500
408.76,	13.0300
409.40,	13.0100
410.04,	13.0000
410.68,	12.9900
411.32,	12.9800
411.96,	12.9800
412.60,	12.9800
413.24,	12.9800
413.88,	12.9700
414.52,	12.9600
415.17,	12.9400
415.81,	12.9200
416.45,	12.9200
417.09,	12.9200
417.73,	12.9100
418.37,	12.9100
419.01,	12.8700
419.65,	12.8500
420.29,	12.8200
420.93,	12.8000
421.57,	12.7800
422.21,	12.7800
422.85,	12.7700
423.49,	12.7500
424.13,	12.7200
424.77,	12.6800
425.41,	12.6600
426.05,	12.6500
426.69,	12.6400
427.33,	12.6300
427.97,	12.6300
428.61,	12.6300
429.25,	12.6400
429.89,	12.6300
430.53,	12.6300
431.17,	12.6300
431.80,	12.6200
432.44,	12.6100
433.08,	12.6100
433.72,	12.6000
434.36,	12.5800
435.00,	12.5500
435.64,	12.5300
436.28,	12.5200
436.92,	12.5200
437.56,	12.5100
438.20,	12.4900
438.84,	12.4900
439.47,	12.4800
440.11,	12.4700
440.75,	12.4600
441.39,	12.4500
442.03,	12.4500
442.67,	12.4300
443.31,	12.4200
443.95,	12.4200
444.58,	12.4200
445.22,	12.4300
445.86,	12.4500
446.50,	12.4700
447.14,	12.4700
447.78,	12.4700
448.41,	12.4700
449.05,	12.4600
449.69,	12.4500
450.33,	12.4400
450.97,	12.4400
451.60,	12.4400
452.24,	12.4300
452.88,	12.4200
453.52,	12.4000
454.16,	12.3900
454.79,	12.3900
455.43,	12.3900
456.07,	12.3700
456.71,	12.3600
457.35,	12.3400
457.98,	12.3300
458.62,	12.3300
459.26,	12.3300
459.90,	12.3000
460.53,	12.2700
461.17,	12.2300
461.81,	12.2100
462.44,	12.2000
463.08,	12.1800
463.72,	12.1700
464.36,	12.1600
464.99,	12.1500
465.63,	12.1400
466.27,	12.1300
466.90,	12.1200
467.54,	12.1100
468.18,	12.1100
468.81,	12.1000
469.45,	12.0900
470.09,	12.0900
470.72,	12.0900
471.36,	12.0900
472.00,	12.0800
472.63,	12.0800
473.27,	12.0700
473.91,	12.0600
474.54,	12.0600
475.18,	12.0400
475.82,	12.0200
476.45,	11.9900
477.09,	11.9600
477.73,	11.9300
478.36,	11.9000
479.00,	11.8900
479.63,	11.8800
480.27,	11.8700
480.91,	11.8600
481.54,	11.8500
482.18,	11.8300
482.81,	11.8100
483.45,	11.7800
484.08,	11.7500
484.72,	11.7200
485.36,	11.7000
485.99,	11.6800
486.63,	11.6700
487.26,	11.6600
487.90,	11.6600
488.53,	11.6600
489.17,	11.6500
489.80,	11.6400
490.44,	11.6200
491.07,	11.6100
491.71,	11.6000
492.34,	11.5900
492.98,	11.5900
493.62,	11.5700
494.25,	11.5500
494.89,	11.5400
495.52,	11.5300
496.15,	11.5100
496.79,	11.5000
497.42,	11.4900
498.06,	11.4900
498.69,	11.4600
499.33,	11.4300
499.96,	11.4100
500.60,	11.4000
501.23,	11.4000
501.87,	11.3900
502.50,	11.3700
503.14,	11.3500
503.77,	11.3400
504.40,	11.3300
505.04,	11.3100
505.67,	11.3100
506.31,	11.3000
506.94,	11.3000
507.57,	11.2900
508.21,	11.2800
508.84,	11.2800
509.48,	11.2700
510.11,	11.2700
510.74,	11.2600
511.38,	11.2500
512.01,	11.2300
512.65,	11.2200
513.28,	11.2000
513.91,	11.2000
514.55,	11.2000
515.18,	11.1900
515.81,	11.1900
516.45,	11.1700
517.08,	11.1600
517.71,	11.1600
518.35,	11.1600
518.98,	11.1500
519.61,	11.1500
520.25,	11.1400
520.88,	11.1400
521.51,	11.1400
522.15,	11.1400
522.78,	11.1400
523.41,	11.1300
524.04,	11.1200
524.68,	11.1200
525.31,	11.1100
525.94,	11.1000
526.58,	11.0800
527.21,	11.0600
527.84,	11.0500
528.47,	11.0400
529.11,	11.0300
529.74,	11.0300
530.37,	11.0300
531.00,	11.0200
531.64,	10.9900
532.27,	10.9700
532.90,	10.9600
533.53,	10.9500
534.17,	10.9500
534.80,	10.9400
535.43,	10.9300
536.06,	10.9100
536.69,	10.8800
537.33,	10.8400
537.96,	10.8200
538.59,	10.8100
539.22,	10.8000
539.85,	10.7900
540.48,	10.7800
541.12,	10.7800
541.75,	10.7700
542.38,	10.7600
543.01,	10.7500
543.64,	10.7500
544.27,	10.7400
544.91,	10.7300
545.54,	10.7300
546.17,	10.7200
546.80,	10.7200
547.43,	10.7000
548.06,	10.7000
548.69,	10.6900
549.32,	10.6800
549.95,	10.6600
550.59,	10.6600
551.22,	10.6400
551.85,	10.6200
552.48,	10.6100
553.11,	10.6000
553.74,	10.5900
554.37,	10.5900
555.00,	10.5900
555.63,	10.5800
556.26,	10.5800
556.89,	10.5700
557.52,	10.5600
558.15,	10.5300
558.78,	10.5200
559.42,	10.5000
560.05,	10.5000
560.68,	10.4900
561.31,	10.4800
561.94,	10.4800
562.57,	10.4800
563.20,	10.4800
563.83,	10.4800
564.46,	10.4700
565.09,	10.4700
565.72,	10.4600
566.35,	10.4600
566.98,	10.4600
567.61,	10.4600
568.24,	10.4500
568.87,	10.4400
569.50,	10.4400
570.12,	10.4200
570.75,	10.4000
571.38,	10.3900
572.01,	10.3800
572.64,	10.3800
573.27,	10.3700
573.90,	10.3700
574.53,	10.3700
575.16,	10.3700
575.79,	10.3600
576.42,	10.3400
577.05,	10.3400
577.68,	10.3300
578.31,	10.3200
578.93,	10.3200
579.56,	10.3200
580.19,	10.3100
580.82,	10.3100
581.45,	10.3000
582.08,	10.3000
582.71,	10.3000
583.34,	10.2900
583.97,	10.2800
584.59,	10.2700
585.22,	10.2600
585.85,	10.2400
586.48,	10.2300
587.11,	10.2200
587.74,	10.2100
588.36,	10.1900
588.99,	10.1800
589.62,	10.1800
590.25,	10.1800
590.88,	10.1700
591.50,	10.1600
592.13,	10.1600
592.76,	10.1600
593.39,	10.1500
594.02,	10.1300
594.64,	10.1300
595.27,	10.1200
595.90,	10.1200
596.53,	10.1200
597.16,	10.1200
597.78,	10.1100
598.41,	10.1100
599.04,	10.1000
599.67,	10.1000
600.29,	10.1000
600.92,	10.0900
601.55,	10.0800
602.18,	10.0800
602.80,	10.0800
603.43,	10.0800
604.06,	10.0800
604.68,	10.0700
605.31,	10.0700
605.94,	10.0600
606.57,	10.0400
607.19,	10.0300
607.82,	10.0200
608.45,	10.0100
609.07,	9.9900
609.70,	9.9800
610.33,	9.9700
610.95,	9.9600
611.58,	9.9500
612.21,	9.9400
612.83,	9.9400
613.46,	9.9400
614.09,	9.9300
614.71,	9.9200
615.34,	9.9100
615.97,	9.9000
616.59,	9.8900
617.22,	9.8800
617.84,	9.8600
618.47,	9.8500
619.10,	9.8300
619.72,	9.8300
620.35,	9.8200
620.97,	9.8300
621.60,	9.8200
622.23,	9.8100
622.85,	9.8100
623.48,	9.8100
624.10,	9.8100
624.73,	9.8000
625.35,	9.8000
625.98,	9.8000
626.61,	9.7900
627.23,	9.7800
627.86,	9.7700
628.48,	9.7500
629.11,	9.7500
629.73,	9.7400
630.36,	9.7300
630.98,	9.7200
631.61,	9.7100
632.23,	9.7000
632.86,	9.6900
633.48,	9.6700
634.11,	9.6700
634.73,	9.6700
635.36,	9.6700
635.98,	9.6600
636.61,	9.6600
637.23,	9.6500
637.86,	9.6500
638.48,	9.6400
639.11,	9.6400
639.73,	9.6300
640.36,	9.6300
640.98,	9.6300
641.61,	9.6300
642.23,	9.6300
642.85,	9.6200
643.48,	9.6200
644.10,	9.6000
644.73,	9.5900
645.35,	9.5800
645.98,	9.5700
646.60,	9.5600
647.22,	9.5500
647.85,	9.5400
648.47,	9.5300
649.10,	9.5200
649.72,	9.5000
650.34,	9.4900
650.97,	9.4700
651.59,	9.4600
652.22,	9.4500
652.84,	9.4400
653.46,	9.4400
654.09,	9.4300
654.71,	9.4200
655.33,	9.4200
655.96,	9.4100
656.58,	9.4100
657.20,	9.4100
657.83,	9.4000
658.45,	9.3900
659.07,	9.3900
659.70,	9.3900
660.32,	9.3800
660.94,	9.3900
661.57,	9.3800
662.19,	9.3800
662.81,	9.3800
663.43,	9.3800
664.06,	9.3800
664.68,	9.3700
665.30,	9.3700
665.93,	9.3600
666.55,	9.3500
667.17,	9.3300
667.79,	9.3200
668.42,	9.3200
669.04,	9.3100
669.66,	9.3000
670.28,	9.2900
670.91,	9.2700
671.53,	9.2600
672.15,	9.2500
672.77,	9.2400
673.39,	9.2200
674.02,	9.2000
674.64,	9.1700
675.26,	9.1500
675.88,	9.1400
676.50,	9.1200
677.13,	9.1100
677.75,	9.1000
678.37,	9.0800
678.99,	9.0600
679.61,	9.0400
680.24,	9.0400
680.86,	9.0300
681.48,	9.0100
682.10,	8.9800
682.72,	8.9500
683.34,	8.9400
683.96,	8.9400
684.59,	8.9300
685.21,	8.9200
685.83,	8.9000
686.45,	8.8700
687.07,	8.8500
687.69,	8.8500
688.31,	8.8400
688.93,	8.8300
689.56,	8.8100
690.18,	8.8000
690.80,	8.7900
691.42,	8.7700
692.04,	8.7500
692.66,	8.7300
693.28,	8.7100
693.90,	8.7000
694.52,	8.6800
695.14,	8.6800
695.76,	8.6700
696.38,	8.6600
697.00,	8.6500
697.62,	8.6400
698.25,	8.6100
698.87,	8.5900
699.49,	8.5700
700.11,	8.5700
700.73,	8.5500
701.35,	8.5400
701.97,	8.5300
702.59,	8.5100
703.21,	8.5000
703.83,	8.4900
704.45,	8.4700
705.07,	8.4600
705.69,	8.4500
706.31,	8.4400
706.93,	8.4300
707.55,	8.4300
708.17,	8.4300
708.79,	8.4300
709.40,	8.4200
710.02,	8.4200
710.64,	8.4100
711.26,	8.3900
711.88,	8.3700
712.50,	8.3600
713.12,	8.3500
713.74,	8.3400
714.36,	8.3400
714.98,	8.3300
715.60,	8.3300
716.22,	8.3300
716.84,	8.3200
717.45,	8.3200
718.07,	8.3200
718.69,	8.3100
719.31,	8.3000
719.93,	8.2800
720.55,	8.2700
721.17,	8.2700
721.79,	8.2600
722.41,	8.2600
723.02,	8.2700
723.64,	8.2700
724.26,	8.2800
724.88,	8.2800
725.50,	8.2800
726.12,	8.2900
726.73,	8.2800
727.35,	8.2800
727.97,	8.2700
728.59,	8.2600
729.21,	8.2600
729.83,	8.2500
730.44,	8.2300
731.06,	8.2000
731.68,	8.1800
732.30,	8.1600
732.92,	8.1200
733.53,	8.1000
734.15,	8.0900
734.77,	8.0800
735.39,	8.1000
736.00,	8.1000
736.62,	8.1100
737.24,	8.1100
737.86,	8.1000
738.47,	8.0800
739.09,	8.0700
739.71,	8.0500
740.33,	8.0300
740.94,	8.0200
741.56,	8.0000
742.18,	7.9900
742.79,	7.9700
743.41,	7.9600
744.03,	7.9600
744.65,	7.9600
745.26,	7.9500
745.88,	7.9500
746.50,	7.9400
747.11,	7.9400
747.73,	7.9400
748.35,	7.9400
748.96,	7.9400
749.58,	7.9400
750.20,	7.9500
750.81,	7.9700
751.43,	7.9800
752.05,	7.9800
752.66,	7.9600
753.28,	7.9500
753.90,	7.9400
754.51,	7.9300
755.13,	7.9200
755.74,	7.9100
756.36,	7.9100
756.98,	7.9000
757.59,	7.8800
758.21,	7.8500
758.82,	7.8000
759.44,	7.7500
760.06,	7.7200
760.67,	7.7100
761.29,	7.7000
761.90,	7.6900
762.52,	7.6700
763.14,	7.6600
763.75,	7.6600
764.37,	7.6400
764.98,	7.6200
765.60,	7.6100
766.21,	7.6100
766.83,	7.6000
767.44,	7.6000
768.06,	7.6000
768.67,	7.6000
769.29,	7.6000
769.90,	7.6000
770.52,	7.6000
771.14,	7.6000
771.75,	7.6000
772.37,	7.6000
772.98,	7.6000
773.59,	7.6000
774.21,	7.5900
774.82,	7.5800
775.44,	7.5600
776.05,	7.5300
776.67,	7.5200
777.28,	7.5200
777.90,	7.5100
778.51,	7.5000
779.13,	7.4800
779.74,	7.4700
780.36,	7.4600
780.97,	7.4400
781.58,	7.4200
782.20,	7.3900
782.81,	7.3400
783.43,	7.2800
784.04,	7.2300
784.66,	7.2000
785.27,	7.1900
785.88,	7.1800
786.50,	7.1800
787.11,	7.1800
787.73,	7.1700
788.34,	7.1600
788.95,	7.1600
789.57,	7.1700
790.18,	7.1700
790.79,	7.1700
791.41,	7.1500
792.02,	7.1300
792.63,	7.1100
793.25,	7.0900
793.86,	7.0800
794.47,	7.0700
795.09,	7.0600
795.70,	7.0300
796.31,	7.0200
796.93,	7.0000
797.54,	6.9900
798.15,	6.9900
798.77,	6.9900
799.38,	6.9900
799.99,	6.9800
800.61,	6.9800
801.22,	6.9500
801.83,	6.9300
802.44,	6.9200
803.06,	6.9100
803.67,	6.8900
804.28,	6.8800
804.90,	6.8600
805.51,	6.8400
806.12,	6.8200
806.73,	6.7900
807.34,	6.7800
807.96,	6.7700
808.57,	6.7700
809.18,	6.7600
809.79,	6.7600
810.41,	6.7500
811.02,	6.7400
811.63,	6.7200
812.24,	6.7100
812.85,	6.7000
813.47,	6.6900
814.08,	6.7000
814.69,	6.7400
815.30,	6.7700
815.91,	6.7800
816.53,	6.7700
817.14,	6.7700
817.75,	6.7800
818.36,	6.7900
818.97,	6.7800
819.58,	6.7600
820.20,	6.7400
820.81,	6.7200
821.42,	6.7000
822.03,	6.6700
822.64,	6.6500
823.25,	6.6300
823.86,	6.6100
824.47,	6.6100
825.09,	6.6100
825.70,	6.6100
826.31,	6.6100
826.92,	6.6100
827.53,	6.6100
828.14,	6.5900
828.75,	6.5700
829.36,	6.5400
829.97,	6.4800
830.58,	6.4300
831.19,	6.4000
831.80,	6.3900
832.42,	6.3900
833.03,	6.3900
833.64,	6.3900
834.25,	6.3700
834.86,	6.3600
835.47,	6.3500
836.08,	6.3300
836.69,	6.3000
837.30,	6.2600
837.91,	6.2500
838.52,	6.2400
839.13,	6.2500
839.74,	6.2500
840.35,	6.2600
840.96,	6.2500
841.57,	6.2500
842.18,	6.2400
842.79,	6.2300
843.40,	6.2200
844.01,	6.2100
844.62,	6.1900
845.23,	6.1700
845.84,	6.1400
846.45,	6.0900
847.06,	6.0500
847.67,	6.0200
848.27,	6.0000
848.88,	6.0000
849.49,	5.9900
850.10,	5.9900
850.71,	5.9900
851.32,	5.9900
851.93,	5.9900
852.54,	5.9900
853.15,	5.9900
853.76,	5.9900
854.37,	5.9700
854.98,	5.9500
855.58,	5.9400
856.19,	5.9200
856.80,	5.9100
857.41,	5.9100
858.02,	5.9000
858.63,	5.9100
859.24,	5.9300
859.85,	5.9400
860.45,	5.9300
861.06,	5.9200
861.67,	5.9100
862.28,	5.9200
862.89,	5.9200
863.50,	5.9200
864.10,	5.9100
864.71,	5.9000
865.32,	5.9000
865.93,	5.8900
866.54,	5.8800
867.14,	5.8700
867.75,	5.8600
868.36,	5.8600
868.97,	5.8600
869.58,	5.8600
870.18,	5.8800
870.79,	5.9400
871.40,	5.9600
872.01,	5.9700
872.61,	5.9700
873.22,	5.9700
873.83,	5.9800
874.44,	5.9800
875.04,	5.9800
875.65,	5.9700
876.26,	5.9600
876.87,	5.9500
877.47,	5.9400
878.08,	5.9400
878.69,	5.9400
879.29,	5.9500
879.90,	5.9400
880.51,	5.9400
881.12,	5.9300
881.72,	5.9100
882.33,	5.9000
882.94,	5.8900
883.54,	5.9000
884.15,	5.9000
884.76,	5.9100
885.36,	5.9200
885.97,	5.9200
886.58,	5.9300
887.18,	5.9400
887.79,	5.9500
888.40,	5.9700
889.00,	5.9900
889.61,	5.9900
890.22,	5.9900
890.82,	5.9900
891.43,	5.9900
892.03,	5.9900
892.64,	5.9900
893.25,	5.9800
893.85,	5.9800
894.46,	5.9700
895.06,	5.9500
895.67,	5.9300
896.28,	5.9200
896.88,	5.9100
897.49,	5.9100
898.09,	5.9000
898.70,	5.8700
899.30,	5.8500
899.91,	5.8400
900.52,	5.8200
901.12,	5.8100
901.73,	5.8000
902.33,	5.7900
902.94,	5.7900
903.54,	5.7900
904.15,	5.7900
904.75,	5.7900
905.36,	5.7800
905.96,	5.7800
906.57,	5.7800
907.17,	5.7600
907.78,	5.7300
908.38,	5.6900
908.99,	5.6700
909.59,	5.6600
910.20,	5.6600
910.80,	5.6500
911.41,	5.6400
912.01,	5.6200
912.62,	5.6100
913.22,	5.6000
913.83,	5.5900
914.43,	5.5800
915.03,	5.5700
915.64,	5.5600
916.24,	5.5600
916.85,	5.5500
917.45,	5.5500
918.06,	5.5400
918.66,	5.5400
919.26,	5.5400
919.87,	5.5400
920.47,	5.5400
921.08,	5.5400
921.68,	5.5400
922.28,	5.5300
922.89,	5.5300
923.49,	5.5200
924.10,	5.5200
924.70,	5.5100
925.30,	5.5000
925.91,	5.4900
926.51,	5.4700
927.11,	5.4300
927.72,	5.4100
928.32,	5.3800
928.92,	5.3500
929.53,	5.4200
930.13,	6.1700
930.74,	8.0600
931.34,	10.7900
931.94,	13.3000
932.54,	14.7600
933.15,	15.6300
933.75,	16.2400
934.35,	16.7200
934.96,	17.1300
935.56,	17.5000
936.16,	19.9700
936.77,	35.5000
937.37,	35.5000
937.97,	35.5000
938.57,	35.5000
939.18,	35.5000
939.78,	35.5000
940.38,	35.5000
940.98,	35.5000
941.59,	35.5000
942.19,	35.5000
942.79,	35.5000
943.39,	35.5000
944.00,	35.5000
944.60,	35.5000
945.20,	35.5000
945.80,	35.5000
946.40,	35.5000
947.01,	35.5000
947.61,	35.5000
948.21,	35.5000
948.81,	35.5000
949.41,	35.5000
950.02,	35.5000
950.62,	35.5000
951.22,	35.5000
951.82,	35.5000
952.42,	35.5000
953.02,	35.5000
953.63,	35.5000
954.23,	35.5000
954.83,	35.5000
955.43,	35.5000
956.03,	35.5000
956.63,	35.5000
957.24,	35.5000
957.84,	35.5000
958.44,	35.5000
959.04,	35.5000
959.64,	35.5000
960.24,	35.5000
960.84,	35.5000
961.44,	35.5000
962.04,	35.5000
962.64,	35.5000
963.25,	35.5000
963.85,	35.5000
964.45,	35.5000
965.05,	35.5000
965.65,	35.5000
966.25,	35.5000
966.85,	35.5000
967.45,	35.5000
968.05,	35.5000
968.65,	35.5000
969.25,	35.5000
969.85,	35.5000
970.45,	35.5000
971.05,	35.5000
971.65,	35.5000
972.25,	35.5000
972.85,	35.5000
973.45,	35.5000
974.05,	35.5000
974.65,	35.5000
975.25,	35.5000
975.85,	35.5000
976.45,	35.5000
977.05,	35.5000
977.65,	35.5000
978.25,	35.5000
978.85,	35.5000
979.45,	35.5000
980.05,	35.5000
980.65,	35.5000
981.25,	35.5000
981.85,	35.5000
982.45,	35.5000
983.05,	35.5000
983.65,	35.5000
984.25,	35.5000
984.85,	-2.5200
985.45,	-2.5200
986.04,	-2.5200
986.64,	-2.5200
987.24,	-2.5200
987.84,	-2.5200
988.44,	-2.5200
989.04,	-2.5200
989.64,	-2.5200
990.24,	-2.5200
990.84,	-2.5200
991.44,	-2.5200
992.03,	-2.5200
992.63,	-2.5200
993.23,	-2.5200
993.83,	-2.5200
994.43,	-2.5200
995.03,	-2.5200
995.63,	-2.5200
996.22,	-2.5200
996.82,	-2.5200
997.42,	-2.5200
998.02,	-2.5200
998.62,	-2.5200
999.21,	-2.5200
999.81,	-2.5200
1000.41,	-2.5200
