Call Sign = ZSDA,	Ship Name = SA Agulhas,	Lloyds Num = 0
Date = 02/04/2017,	Time = 00:00,	
Latitude = 40 39.40  S,	Longitude = 010 20.67  E
Instr = Sippican Deep Blue,	Card Type = Sippican MK-21,	
Wind Instr = ,	Measur Method = 
Probe Serial Num = -1,	Ship Dir = -1,	Ship Speed = -1.00
Wind Dir = 236,	Wind Speed = 39.10
Dry Bulb Temp = 11.40,	Total Water Depth = -1.00

Full Resolution Values
Depth,	 Temp
0.67,	12.7700
1.34,	12.6500
2.01,	12.6300
2.68,	12.6200
3.34,	12.6200
4.01,	12.6200
4.68,	12.6200
5.35,	12.6200
6.02,	12.6200
6.69,	12.6300
7.36,	12.6300
8.03,	12.6300
8.69,	12.6300
9.36,	12.6300
10.03,	12.6300
10.70,	12.6300
11.37,	12.6300
12.04,	12.6300
12.70,	12.6300
13.37,	12.6300
14.04,	12.6400
14.71,	12.6300
15.38,	12.6300
16.05,	12.6400
16.71,	12.6300
17.38,	12.6400
18.05,	12.6400
18.72,	12.6300
19.38,	12.6300
20.05,	12.6300
20.72,	12.6300
21.39,	12.6300
22.06,	12.6300
22.72,	12.6300
23.39,	12.6400
24.06,	12.6300
24.73,	12.6300
25.39,	12.6200
26.06,	12.6100
26.73,	12.6000
27.40,	12.5900
28.06,	12.5900
28.73,	12.5700
29.40,	12.5700
30.06,	12.5800
30.73,	12.5800
31.40,	12.5600
32.06,	12.5400
32.73,	12.5100
33.40,	12.4900
34.07,	12.4500
34.73,	12.4200
35.40,	12.3900
36.07,	12.3200
36.73,	12.2000
37.40,	12.0900
38.07,	12.0100
38.73,	11.9800
39.40,	11.9300
40.06,	11.8500
40.73,	11.8100
41.40,	11.7800
42.06,	11.7100
42.73,	11.6400
43.40,	11.5600
44.06,	11.4900
44.73,	11.4200
45.39,	11.3800
46.06,	11.3400
46.73,	11.3000
47.39,	11.2900
48.06,	11.2800
48.72,	11.2700
49.39,	11.2600
50.06,	11.2600
50.72,	11.2400
51.39,	11.1800
52.05,	11.0900
52.72,	11.0300
53.38,	10.9800
54.05,	10.9600
54.71,	10.9400
55.38,	10.9200
56.05,	10.9100
56.71,	10.8900
57.38,	10.8400
58.04,	10.8000
58.71,	10.7400
59.37,	10.6700
60.04,	10.6200
60.70,	10.6000
61.37,	10.6000
62.03,	10.5900
62.70,	10.5800
63.36,	10.5700
64.03,	10.5500
64.69,	10.5100
65.36,	10.5000
66.02,	10.4800
66.69,	10.4600
67.35,	10.4300
68.01,	10.4000
68.68,	10.3400
69.34,	10.2800
70.01,	10.2400
70.67,	10.1800
71.34,	10.1200
72.00,	10.0800
72.66,	10.0200
73.33,	9.9800
73.99,	9.9400
74.66,	9.9100
75.32,	9.8600
75.98,	9.8800
76.65,	9.9300
77.31,	9.9500
77.98,	9.9600
78.64,	9.9400
79.30,	9.9300
79.97,	9.9100
80.63,	9.8800
81.30,	9.8400
81.96,	9.8000
82.62,	9.7700
83.29,	9.7400
83.95,	9.7000
84.61,	9.6600
85.28,	9.6200
85.94,	9.5800
86.60,	9.5600
87.27,	9.5400
87.93,	9.5200
88.59,	9.5000
89.26,	9.4700
89.92,	9.4300
90.58,	9.3900
91.24,	9.3700
91.91,	9.3700
92.57,	9.3800
93.23,	9.3800
93.90,	9.3900
94.56,	9.4000
95.22,	9.4000
95.88,	9.4000
96.55,	9.4000
97.21,	9.3800
97.87,	9.3800
98.53,	9.3700
99.20,	9.3700
99.86,	9.3800
100.52,	9.3800
101.18,	9.3800
101.85,	9.3800
102.51,	9.3900
103.17,	9.4200
103.83,	9.4500
104.49,	9.4800
105.16,	9.4900
105.82,	9.5000
106.48,	9.5000
107.14,	9.5100
107.80,	9.5200
108.47,	9.5200
109.13,	9.5100
109.79,	9.5100
110.45,	9.5000
111.11,	9.4900
111.77,	9.4700
112.44,	9.4400
113.10,	9.4200
113.76,	9.4000
114.42,	9.3900
115.08,	9.3700
115.74,	9.3500
116.40,	9.3200
117.06,	9.3000
117.73,	9.2600
118.39,	9.2300
119.05,	9.2000
119.71,	9.1900
120.37,	9.1800
121.03,	9.1500
121.69,	9.1200
122.35,	9.0900
123.01,	9.0500
123.67,	8.9700
124.33,	8.9200
125.00,	8.8800
125.66,	8.8600
126.32,	8.8400
126.98,	8.8100
127.64,	8.7900
128.30,	8.7700
128.96,	8.7600
129.62,	8.7500
130.28,	8.7400
130.94,	8.7400
131.60,	8.7300
132.26,	8.7200
132.92,	8.7100
133.58,	8.6800
134.24,	8.6400
134.90,	8.6300
135.56,	8.6000
136.22,	8.5700
136.88,	8.5500
137.54,	8.5300
138.20,	8.5200
138.86,	8.5000
139.52,	8.4900
140.18,	8.4800
140.84,	8.4600
141.50,	8.4500
142.16,	8.4400
142.82,	8.4400
143.48,	8.4300
144.14,	8.4200
144.79,	8.4200
145.45,	8.4000
146.11,	8.3800
146.77,	8.3400
147.43,	8.3100
148.09,	8.3000
148.75,	8.2900
149.41,	8.2900
150.07,	8.2900
150.73,	8.2500
151.39,	8.2200
152.04,	8.2000
152.70,	8.1800
153.36,	8.1700
154.02,	8.1600
154.68,	8.1400
155.34,	8.1300
156.00,	8.1200
156.65,	8.1100
157.31,	8.1100
157.97,	8.1100
158.63,	8.1000
159.29,	8.0800
159.95,	8.0700
160.60,	8.0800
161.26,	8.0600
161.92,	8.0500
162.58,	8.0400
163.24,	8.0400
163.90,	8.0400
164.55,	8.0300
165.21,	8.0300
165.87,	8.0100
166.53,	8.0000
167.18,	8.0000
167.84,	7.9900
168.50,	7.9800
169.16,	7.9800
169.82,	7.9700
170.47,	7.9600
171.13,	7.9500
171.79,	7.9400
172.44,	7.9400
173.10,	7.9300
173.76,	7.9300
174.42,	7.9100
175.07,	7.9000
175.73,	7.8800
176.39,	7.8700
177.05,	7.8600
177.70,	7.8500
178.36,	7.8300
179.02,	7.8300
179.67,	7.8200
180.33,	7.8200
180.99,	7.8200
181.64,	7.8200
182.30,	7.8300
182.96,	7.8300
183.61,	7.8200
184.27,	7.8300
184.93,	7.8300
185.58,	7.8300
186.24,	7.8300
186.90,	7.8400
187.55,	7.8500
188.21,	7.8600
188.87,	7.8600
189.52,	7.8600
190.18,	7.8700
190.83,	7.8800
191.49,	7.8700
192.15,	7.8800
192.80,	7.8900
193.46,	7.8900
194.11,	7.8900
194.77,	7.8900
195.43,	7.8800
196.08,	7.8700
196.74,	7.8700
197.39,	7.8800
198.05,	7.8900
198.70,	7.8800
199.36,	7.8500
200.02,	7.8200
200.67,	7.8000
201.33,	7.8000
201.98,	7.8100
202.64,	7.8100
203.29,	7.8200
203.95,	7.8300
204.60,	7.8300
205.26,	7.8300
205.91,	7.8200
206.57,	7.8200
207.22,	7.8200
207.88,	7.8000
208.53,	7.7800
209.19,	7.7700
209.84,	7.7600
210.50,	7.7500
211.15,	7.7500
211.81,	7.7400
212.46,	7.7400
213.12,	7.7400
213.77,	7.7300
214.43,	7.7100
215.08,	7.7100
215.74,	7.7200
216.39,	7.7400
217.04,	7.7600
217.70,	7.7700
218.35,	7.7800
219.01,	7.8000
219.66,	7.8000
220.32,	7.7900
220.97,	7.7900
221.62,	7.7900
222.28,	7.7900
222.93,	7.7900
223.59,	7.7800
224.24,	7.7700
224.89,	7.7700
225.55,	7.7600
226.20,	7.7600
226.85,	7.7600
227.51,	7.7600
228.16,	7.7600
228.81,	7.7600
229.47,	7.7600
230.12,	7.7600
230.78,	7.7700
231.43,	7.7700
232.08,	7.7700
232.74,	7.7600
233.39,	7.7400
234.04,	7.7100
234.69,	7.6900
235.35,	7.6800
236.00,	7.6700
236.65,	7.6600
237.31,	7.6500
237.96,	7.6200
238.61,	7.6000
239.27,	7.5900
239.92,	7.5800
240.57,	7.5700
241.22,	7.5600
241.88,	7.5500
242.53,	7.5500
243.18,	7.5600
243.83,	7.5800
244.49,	7.5900
245.14,	7.5900
245.79,	7.5900
246.44,	7.5900
247.10,	7.5900
247.75,	7.5800
248.40,	7.5800
249.05,	7.5800
249.70,	7.5700
250.36,	7.5500
251.01,	7.5500
251.66,	7.5500
252.31,	7.5500
252.96,	7.5500
253.62,	7.5600
254.27,	7.5600
254.92,	7.5500
255.57,	7.5500
256.22,	7.5500
256.88,	7.5600
257.53,	7.5700
258.18,	7.5800
258.83,	7.5800
259.48,	7.5900
260.13,	7.5800
260.78,	7.5800
261.44,	7.5800
262.09,	7.5800
262.74,	7.5800
263.39,	7.5800
264.04,	7.5800
264.69,	7.5800
265.34,	7.5800
265.99,	7.5700
266.64,	7.5700
267.29,	7.5600
267.95,	7.5500
268.60,	7.5500
269.25,	7.5500
269.90,	7.5400
270.55,	7.5400
271.20,	7.5300
271.85,	7.5300
272.50,	7.5200
273.15,	7.5200
273.80,	7.5100
274.45,	7.5100
275.10,	7.5000
275.75,	7.5000
276.40,	7.5000
277.05,	7.4900
277.70,	7.4700
278.35,	7.4700
279.00,	7.4600
279.65,	7.4600
280.30,	7.4600
280.95,	7.4600
281.60,	7.4500
282.25,	7.4400
282.90,	7.4400
283.55,	7.4400
284.20,	7.4200
284.85,	7.4000
285.50,	7.3400
286.15,	7.2900
286.80,	7.2600
287.45,	7.2500
288.10,	7.2400
288.75,	7.2300
289.40,	7.2200
290.05,	7.2200
290.70,	7.2200
291.35,	7.2100
292.00,	7.2000
292.64,	7.1900
293.29,	7.1900
293.94,	7.1800
294.59,	7.1700
295.24,	7.1600
295.89,	7.1600
296.54,	7.1600
297.19,	7.1600
297.84,	7.1600
298.49,	7.1500
299.13,	7.1500
299.78,	7.1500
300.43,	7.1400
301.08,	7.1300
301.73,	7.1200
302.38,	7.1200
303.02,	7.1100
303.67,	7.1100
304.32,	7.1100
304.97,	7.1000
305.62,	7.0900
306.27,	7.0800
306.91,	7.0800
307.56,	7.0800
308.21,	7.0900
308.86,	7.0900
309.51,	7.0800
310.15,	7.1000
310.80,	7.1300
311.45,	7.1600
312.10,	7.1800
312.75,	7.2000
313.39,	7.2100
314.04,	7.2100
314.69,	7.2100
315.34,	7.2100
315.98,	7.2100
316.63,	7.2200
317.28,	7.2100
317.93,	7.2200
318.57,	7.2200
319.22,	7.2100
319.87,	7.2000
320.52,	7.1900
321.16,	7.1700
321.81,	7.1500
322.46,	7.1300
323.10,	7.1100
323.75,	7.1000
324.40,	7.0800
325.04,	7.0600
325.69,	7.0200
326.34,	6.9800
326.99,	6.9600
327.63,	6.9500
328.28,	6.9400
328.93,	6.9300
329.57,	6.9100
330.22,	6.8800
330.86,	6.8500
331.51,	6.8200
332.16,	6.7900
332.80,	6.7800
333.45,	6.7600
334.10,	6.7500
334.74,	6.7500
335.39,	6.7500
336.03,	6.7400
336.68,	6.7400
337.33,	6.7300
337.97,	6.7300
338.62,	6.7200
339.26,	6.7100
339.91,	6.7000
340.56,	6.7000
341.20,	6.6900
341.85,	6.6900
342.49,	6.7000
343.14,	6.7000
343.78,	6.7000
344.43,	6.7000
345.08,	6.6900
345.72,	6.6900
346.37,	6.6800
347.01,	6.6800
347.66,	6.6800
348.30,	6.7000
348.95,	6.7000
349.59,	6.7100
350.24,	6.7100
350.88,	6.7200
351.53,	6.7100
352.17,	6.7100
352.82,	6.7000
353.46,	6.6700
354.11,	6.6500
354.75,	6.6300
355.40,	6.6100
356.04,	6.6100
356.69,	6.6100
357.33,	6.6000
357.98,	6.5900
358.62,	6.5900
359.27,	6.5800
359.91,	6.5700
360.55,	6.5500
361.20,	6.5300
361.84,	6.5100
362.49,	6.5000
363.13,	6.4800
363.78,	6.4800
364.42,	6.4800
365.06,	6.4700
365.71,	6.4700
366.35,	6.4600
367.00,	6.4600
367.64,	6.4600
368.28,	6.4600
368.93,	6.4500
369.57,	6.4400
370.22,	6.4400
370.86,	6.4300
371.50,	6.4200
372.15,	6.4200
372.79,	6.4100
373.43,	6.4100
374.08,	6.4100
374.72,	6.4000
375.36,	6.3900
376.01,	6.3900
376.65,	6.3900
377.29,	6.3800
377.94,	6.3800
378.58,	6.3800
379.22,	6.3800
379.87,	6.3800
380.51,	6.3800
381.15,	6.3700
381.79,	6.3600
382.44,	6.3500
383.08,	6.3300
383.72,	6.3100
384.37,	6.2800
385.01,	6.2600
385.65,	6.2300
386.29,	6.1900
386.94,	6.1600
387.58,	6.1400
388.22,	6.1200
388.86,	6.1200
389.51,	6.1100
390.15,	6.1000
390.79,	6.0900
391.43,	6.0800
392.08,	6.0700
392.72,	6.0600
393.36,	6.0300
394.00,	6.0100
394.64,	6.0000
395.29,	5.9900
395.93,	5.9700
396.57,	5.9700
397.21,	5.9600
397.85,	5.9500
398.50,	5.9300
399.14,	5.9200
399.78,	5.9000
400.42,	5.9000
401.06,	5.8900
401.70,	5.8800
402.34,	5.8600
402.99,	5.8400
403.63,	5.8300
404.27,	5.8100
404.91,	5.8100
405.55,	5.8000
406.19,	5.7900
406.83,	5.7600
407.48,	5.7400
408.12,	5.7300
408.76,	5.7200
409.40,	5.7100
410.04,	5.7000
410.68,	5.6800
411.32,	5.6700
411.96,	5.6600
412.60,	5.6500
413.24,	5.6400
413.88,	5.6200
414.52,	5.6100
415.17,	5.6100
415.81,	5.6000
416.45,	5.5900
417.09,	5.5800
417.73,	5.5700
418.37,	5.5700
419.01,	5.5600
419.65,	5.5600
420.29,	5.5600
420.93,	5.5600
421.57,	5.5600
422.21,	5.5500
422.85,	5.5600
423.49,	5.5500
424.13,	5.5500
424.77,	5.5500
425.41,	5.5500
426.05,	5.5400
426.69,	5.5400
427.33,	5.5300
427.97,	5.5200
428.61,	5.5200
429.25,	5.5100
429.89,	5.5100
430.53,	5.5100
431.17,	5.5000
431.80,	5.4900
432.44,	5.4900
433.08,	5.4900
433.72,	5.4800
434.36,	5.4800
435.00,	5.4800
435.64,	5.4800
436.28,	5.4800
436.92,	5.4800
437.56,	5.4800
438.20,	5.4700
438.84,	5.4700
439.47,	5.4600
440.11,	5.4600
440.75,	5.4600
441.39,	5.4500
442.03,	5.4500
442.67,	5.4500
443.31,	5.4500
443.95,	5.4500
444.58,	5.4400
445.22,	5.4300
445.86,	5.4300
446.50,	5.4200
447.14,	5.4200
447.78,	5.4200
448.41,	5.4200
449.05,	5.4100
449.69,	5.4100
450.33,	5.4100
450.97,	5.4100
451.60,	5.4000
452.24,	5.3900
452.88,	5.3900
453.52,	5.3800
454.16,	5.3800
454.79,	5.3700
455.43,	5.3700
456.07,	5.3600
456.71,	5.3600
457.35,	5.3500
457.98,	5.3400
458.62,	5.3400
459.26,	5.3300
459.90,	5.3300
460.53,	5.3300
461.17,	5.3200
461.81,	5.3200
462.44,	5.3100
463.08,	5.3000
463.72,	5.2900
464.36,	5.2900
464.99,	5.2800
465.63,	5.2800
466.27,	5.2700
466.90,	5.2500
467.54,	5.2300
468.18,	5.2100
468.81,	5.2000
469.45,	5.2000
470.09,	5.2000
470.72,	5.1900
471.36,	5.1800
472.00,	5.1800
472.63,	5.1800
473.27,	5.1800
473.91,	5.1800
474.54,	5.1800
475.18,	5.1700
475.82,	5.1600
476.45,	5.1600
477.09,	5.1500
477.73,	5.1400
478.36,	5.1300
479.00,	5.1200
479.63,	5.1000
480.27,	5.0800
480.91,	5.0600
481.54,	5.0500
482.18,	5.0400
482.81,	5.0300
483.45,	5.0200
484.08,	5.0100
484.72,	5.0000
485.36,	4.9900
485.99,	4.9900
486.63,	4.9900
487.26,	4.9900
487.90,	4.9900
488.53,	4.9900
489.17,	4.9800
489.80,	4.9800
490.44,	4.9800
491.07,	4.9800
491.71,	4.9800
492.34,	4.9800
492.98,	4.9800
493.62,	4.9700
494.25,	4.9700
494.89,	4.9600
495.52,	4.9600
496.15,	4.9600
496.79,	4.9600
497.42,	4.9700
498.06,	4.9600
498.69,	4.9500
499.33,	4.9300
499.96,	4.9000
500.60,	4.8600
501.23,	4.8400
501.87,	4.8400
502.50,	4.8300
503.14,	4.8300
503.77,	4.8200
504.40,	4.8100
505.04,	4.8100
505.67,	4.8000
506.31,	4.7900
506.94,	4.7700
507.57,	4.7500
508.21,	4.7400
508.84,	4.7400
509.48,	4.7300
510.11,	4.7300
510.74,	4.7100
511.38,	4.7000
512.01,	4.6900
512.65,	4.6800
513.28,	4.6600
513.91,	4.6500
514.55,	4.6500
515.18,	4.6500
515.81,	4.6400
516.45,	4.6400
517.08,	4.6400
517.71,	4.6400
518.35,	4.6300
518.98,	4.6300
519.61,	4.6300
520.25,	4.6200
520.88,	4.6200
521.51,	4.6200
522.15,	4.6200
522.78,	4.6300
523.41,	4.6200
524.04,	4.6200
524.68,	4.6200
525.31,	4.6200
525.94,	4.6200
526.58,	4.6100
527.21,	4.6100
527.84,	4.6000
528.47,	4.6000
529.11,	4.6000
529.74,	4.6000
530.37,	4.6000
531.00,	4.6000
531.64,	4.6000
532.27,	4.6000
532.90,	4.5900
533.53,	4.5900
534.17,	4.5900
534.80,	4.5900
535.43,	4.5800
536.06,	4.5800
536.69,	4.5600
537.33,	4.5500
537.96,	4.5300
538.59,	4.5200
539.22,	4.5200
539.85,	4.5200
540.48,	4.5200
541.12,	4.5200
541.75,	4.5100
542.38,	4.5100
543.01,	4.5000
543.64,	4.4800
544.27,	4.4800
544.91,	4.4700
545.54,	4.4700
546.17,	4.4600
546.80,	4.4500
547.43,	4.4400
548.06,	4.4300
548.69,	4.4300
549.32,	4.4300
549.95,	4.4200
550.59,	4.4300
551.22,	4.4200
551.85,	4.4300
552.48,	4.4200
553.11,	4.4300
553.74,	4.4300
554.37,	4.4300
555.00,	4.4200
555.63,	4.4200
556.26,	4.4200
556.89,	4.4200
557.52,	4.4200
558.15,	4.4100
558.78,	4.4000
559.42,	4.4000
560.05,	4.3900
560.68,	4.3800
561.31,	4.3800
561.94,	4.3800
562.57,	4.3800
563.20,	4.3700
563.83,	4.3700
564.46,	4.3600
565.09,	4.3500
565.72,	4.3400
566.35,	4.3300
566.98,	4.3300
567.61,	4.3200
568.24,	4.3200
568.87,	4.3200
569.50,	4.3200
570.12,	4.3200
570.75,	4.3200
571.38,	4.3100
572.01,	4.3100
572.64,	4.3100
573.27,	4.3100
573.90,	4.3100
574.53,	4.3000
575.16,	4.3000
575.79,	4.2900
576.42,	4.2900
577.05,	4.2900
577.68,	4.2900
578.31,	4.2800
578.93,	4.2800
579.56,	4.2700
580.19,	4.2700
580.82,	4.2700
581.45,	4.2600
582.08,	4.2600
582.71,	4.2600
583.34,	4.2500
583.97,	4.2500
584.59,	4.2400
585.22,	4.2400
585.85,	4.2400
586.48,	4.2300
587.11,	4.2300
587.74,	4.2300
588.36,	4.2200
588.99,	4.2100
589.62,	4.2100
590.25,	4.2000
590.88,	4.2000
591.50,	4.1900
592.13,	4.1900
592.76,	4.1800
593.39,	4.1800
594.02,	4.1800
594.64,	4.1800
595.27,	4.1700
595.90,	4.1600
596.53,	4.1600
597.16,	4.1500
597.78,	4.1500
598.41,	4.1500
599.04,	4.1400
599.67,	4.1400
600.29,	4.1300
600.92,	4.1400
601.55,	4.1300
602.18,	4.1300
602.80,	4.1300
603.43,	4.1200
604.06,	4.1100
604.68,	4.1100
605.31,	4.1100
605.94,	4.1000
606.57,	4.1000
607.19,	4.1000
607.82,	4.0900
608.45,	4.0900
609.07,	4.0800
609.70,	4.0700
610.33,	4.0700
610.95,	4.0700
611.58,	4.0700
612.21,	4.0700
612.83,	4.0700
613.46,	4.0600
614.09,	4.0600
614.71,	4.0600
615.34,	4.0600
615.97,	4.0600
616.59,	4.0600
617.22,	4.0500
617.84,	4.0500
618.47,	4.0400
619.10,	4.0400
619.72,	4.0300
620.35,	4.0300
620.97,	4.0300
621.60,	4.0300
622.23,	4.0200
622.85,	4.0100
623.48,	4.0100
624.10,	4.0100
624.73,	4.0100
625.35,	4.0000
625.98,	4.0000
626.61,	4.0000
627.23,	4.0000
627.86,	3.9900
628.48,	3.9900
629.11,	3.9800
629.73,	3.9800
630.36,	3.9800
630.98,	3.9800
631.61,	3.9800
632.23,	3.9800
632.86,	3.9800
633.48,	3.9700
634.11,	3.9700
634.73,	3.9700
635.36,	3.9700
635.98,	3.9700
636.61,	3.9600
637.23,	3.9500
637.86,	3.9500
638.48,	3.9500
639.11,	3.9400
639.73,	3.9400
640.36,	3.9300
640.98,	3.9200
641.61,	3.9200
642.23,	3.9200
642.85,	3.9200
643.48,	3.9200
644.10,	3.9100
644.73,	3.9000
645.35,	3.9000
645.98,	3.9000
646.60,	3.8900
647.22,	3.8900
647.85,	3.8900
648.47,	3.8900
649.10,	3.8900
649.72,	3.8800
650.34,	3.8800
650.97,	3.8900
651.59,	3.8800
652.22,	3.8800
652.84,	3.8800
653.46,	3.8800
654.09,	3.8700
654.71,	3.8700
655.33,	3.8600
655.96,	3.8600
656.58,	3.8600
657.20,	3.8600
657.83,	3.8600
658.45,	3.8500
659.07,	3.8500
659.70,	3.8500
660.32,	3.8500
660.94,	3.8500
661.57,	3.8500
662.19,	3.8500
662.81,	3.8500
663.43,	3.8500
664.06,	3.8500
664.68,	3.8500
665.30,	3.8500
665.93,	3.8400
666.55,	3.8400
667.17,	3.8400
667.79,	3.8400
668.42,	3.8400
669.04,	3.8400
669.66,	3.8300
670.28,	3.8200
670.91,	3.8200
671.53,	3.8200
672.15,	3.8200
672.77,	3.8200
673.39,	3.8200
674.02,	3.8200
674.64,	3.8200
675.26,	3.8200
675.88,	3.8200
676.50,	3.8200
677.13,	3.8200
677.75,	3.8200
678.37,	3.8100
678.99,	3.8200
679.61,	3.8200
680.24,	3.8200
680.86,	3.8200
681.48,	3.8200
682.10,	3.8100
682.72,	3.8100
683.34,	3.8100
683.96,	3.8000
684.59,	3.8000
685.21,	3.8000
685.83,	3.8000
686.45,	3.8000
687.07,	3.8000
687.69,	3.8000
688.31,	3.7900
688.93,	3.7900
689.56,	3.7800
690.18,	3.7800
690.80,	3.7800
691.42,	3.7700
692.04,	3.7700
692.66,	3.7600
693.28,	3.7700
693.90,	3.7700
694.52,	3.7600
695.14,	3.7600
695.76,	3.7600
696.38,	3.7600
697.00,	3.7600
697.62,	3.7600
698.25,	3.7600
698.87,	3.7600
699.49,	3.7600
700.11,	3.7500
700.73,	3.7500
701.35,	3.7500
701.97,	3.7500
702.59,	3.7500
703.21,	3.7500
703.83,	3.7400
704.45,	3.7400
705.07,	3.7400
705.69,	3.7400
706.31,	3.7400
706.93,	3.7400
707.55,	3.7400
708.17,	3.7300
708.79,	3.7300
709.40,	3.7300
710.02,	3.7300
710.64,	3.7300
711.26,	3.7200
711.88,	3.7200
712.50,	3.7200
713.12,	3.7100
713.74,	3.7100
714.36,	3.7100
714.98,	3.7000
715.60,	3.7000
716.22,	3.7100
716.84,	3.7100
717.45,	3.7100
718.07,	3.7100
718.69,	3.7100
719.31,	3.7100
719.93,	3.7100
720.55,	3.7100
721.17,	3.7000
721.79,	3.7000
722.41,	3.6900
723.02,	3.6800
723.64,	3.6800
724.26,	3.6800
724.88,	3.6800
725.50,	3.6700
726.12,	3.6700
726.73,	3.6600
727.35,	3.6600
727.97,	3.6600
728.59,	3.6600
729.21,	3.6500
729.83,	3.6600
730.44,	3.6500
731.06,	3.6500
731.68,	3.6500
732.30,	3.6500
732.92,	3.6500
733.53,	3.6500
734.15,	3.6500
734.77,	3.6500
735.39,	3.6400
736.00,	3.6400
736.62,	3.6400
737.24,	3.6500
737.86,	3.6500
738.47,	3.6400
739.09,	3.6300
739.71,	3.6300
740.33,	3.6300
740.94,	3.6300
741.56,	3.6300
742.18,	3.6300
742.79,	3.6300
743.41,	3.6200
744.03,	3.6200
744.65,	3.6200
745.26,	3.6200
745.88,	3.6200
746.50,	3.6200
747.11,	3.6100
747.73,	3.6200
748.35,	3.6100
748.96,	3.6100
749.58,	3.6100
750.20,	3.6100
750.81,	3.6000
751.43,	3.6000
752.05,	3.5900
752.66,	3.5900
753.28,	3.5800
753.90,	3.5800
754.51,	3.5800
755.13,	3.5700
755.74,	3.5800
756.36,	3.5700
756.98,	3.5700
757.59,	3.5700
758.21,	3.5700
758.82,	3.5600
759.44,	3.5600
760.06,	3.5600
760.67,	3.5600
761.29,	3.5500
761.90,	3.5500
762.52,	3.5500
763.14,	3.5500
763.75,	3.5500
764.37,	3.5400
764.98,	3.5500
765.60,	3.5400
766.21,	3.5400
766.83,	3.5400
767.44,	3.5400
768.06,	3.5400
768.67,	3.5400
769.29,	3.5400
769.90,	3.5400
770.52,	3.5300
771.14,	3.5300
771.75,	3.5300
772.37,	3.5300
772.98,	3.5300
773.59,	3.5200
774.21,	3.5200
774.82,	3.5200
775.44,	3.5200
776.05,	3.5200
776.67,	3.5200
777.28,	3.5200
777.90,	3.5200
778.51,	3.5200
779.13,	3.5200
779.74,	3.5200
780.36,	3.5200
780.97,	3.5100
781.58,	3.5100
782.20,	3.5100
782.81,	3.5100
783.43,	3.5100
784.04,	3.5100
784.66,	3.5100
785.27,	3.5000
785.88,	3.5000
786.50,	3.5000
787.11,	3.4900
787.73,	3.4900
788.34,	3.4900
788.95,	3.4900
789.57,	3.4900
790.18,	3.4800
790.79,	3.4800
791.41,	3.4800
792.02,	3.4800
792.63,	3.4800
793.25,	3.4800
793.86,	3.4800
794.47,	3.4800
795.09,	3.4800
795.70,	3.4700
796.31,	3.4700
796.93,	3.4700
797.54,	3.4700
798.15,	3.4800
798.77,	3.4800
799.38,	3.4800
799.99,	3.4800
800.61,	3.4700
801.22,	3.4700
801.83,	3.4600
802.44,	3.4600
803.06,	3.4500
803.67,	3.4500
804.28,	3.4500
804.90,	3.4500
805.51,	3.4500
806.12,	3.4500
806.73,	3.4500
807.34,	3.4400
807.96,	3.4400
808.57,	3.4400
809.18,	3.4400
809.79,	3.4400
810.41,	3.4400
811.02,	3.4400
811.63,	3.4500
812.24,	3.4500
812.85,	3.4500
813.47,	3.4600
814.08,	3.4600
814.69,	3.4600
815.30,	3.4600
815.91,	3.4600
816.53,	3.4600
817.14,	3.4600
817.75,	3.4600
818.36,	3.4600
818.97,	3.4600
819.58,	3.4600
820.20,	3.4600
820.81,	3.4600
821.42,	3.4600
822.03,	3.4600
822.64,	3.4500
823.25,	3.4600
823.86,	3.4600
824.47,	3.4600
825.09,	3.4600
825.70,	3.4600
826.31,	3.4600
826.92,	3.4600
827.53,	3.4500
828.14,	3.4600
828.75,	3.4500
829.36,	3.4500
829.97,	3.4500
830.58,	3.4500
831.19,	3.4400
831.80,	3.4500
832.42,	3.4500
833.03,	3.4500
833.64,	3.4500
834.25,	3.4500
834.86,	3.4500
835.47,	3.4500
836.08,	3.4400
836.69,	3.4500
837.30,	3.4500
837.91,	3.4500
838.52,	3.4500
839.13,	3.4500
839.74,	3.4400
840.35,	3.4400
840.96,	3.4400
841.57,	3.4300
842.18,	3.4300
842.79,	3.4200
843.40,	3.4200
844.01,	3.4200
844.62,	3.4200
845.23,	3.4200
845.84,	3.4100
846.45,	3.4200
847.06,	3.4200
847.67,	3.4200
848.27,	3.4200
848.88,	3.4200
849.49,	3.4100
850.10,	3.4000
850.71,	3.4000
851.32,	3.4000
851.93,	3.4000
852.54,	3.4000
853.15,	3.4000
853.76,	3.4000
854.37,	3.4100
854.98,	3.4100
855.58,	3.4100
856.19,	3.4100
856.80,	3.4100
857.41,	3.4100
858.02,	3.4000
858.63,	3.3900
859.24,	3.3900
859.85,	3.3800
860.45,	3.3800
861.06,	3.3800
861.67,	3.3800
862.28,	3.3800
862.89,	3.3800
863.50,	3.3700
864.10,	3.3700
864.71,	3.3700
865.32,	3.3700
865.93,	3.3600
866.54,	3.3600
867.14,	3.3700
867.75,	3.3700
868.36,	3.3700
868.97,	3.3700
869.58,	3.3600
870.18,	3.3600
870.79,	3.3600
871.40,	3.3600
872.01,	3.3600
872.61,	3.3600
873.22,	3.3600
873.83,	3.3500
874.44,	3.3500
875.04,	3.3400
875.65,	3.3400
876.26,	3.3400
876.87,	3.3400
877.47,	3.3400
878.08,	3.3300
878.69,	3.3400
879.29,	3.3400
879.90,	3.3400
880.51,	3.3400
881.12,	3.3400
881.72,	3.3400
882.33,	3.3500
882.94,	3.3500
883.54,	3.3400
884.15,	3.3400
884.76,	3.3400
885.36,	3.3400
885.97,	3.3400
886.58,	3.3400
887.18,	3.3300
887.79,	3.3300
888.40,	3.3300
889.00,	3.3300
889.61,	3.3300
890.22,	3.3300
890.82,	3.3300
891.43,	3.3300
892.03,	3.3200
892.64,	3.3200
893.25,	3.3200
893.85,	3.3100
894.46,	3.3100
895.06,	3.3200
895.67,	3.3200
896.28,	3.3200
896.88,	3.3200
897.49,	3.3200
898.09,	3.3200
898.70,	3.3200
899.30,	3.3300
899.91,	3.3300
900.52,	3.3400
901.12,	3.3400
901.73,	3.3500
902.33,	3.3500
902.94,	3.3400
903.54,	3.3400
904.15,	3.3300
904.75,	3.3300
905.36,	3.3300
905.96,	3.3300
906.57,	3.3300
907.17,	3.3300
907.78,	3.3400
908.38,	3.3400
908.99,	3.3300
909.59,	3.3200
910.20,	3.3200
910.80,	3.3200
911.41,	3.3100
912.01,	3.3000
912.62,	3.3000
913.22,	3.3000
913.83,	3.3800
914.43,	3.8000
915.03,	4.8800
915.64,	6.8800
916.24,	9.9700
916.85,	13.1000
917.45,	14.9000
918.06,	15.8600
918.66,	16.5100
919.26,	17.0000
919.87,	17.4100
920.47,	17.7900
921.08,	18.2400
921.68,	28.1900
922.28,	35.5000
922.89,	35.5000
923.49,	35.5000
924.10,	35.5000
924.70,	35.5000
925.30,	35.5000
925.91,	35.5000
926.51,	35.5000
927.11,	35.5000
927.72,	35.5000
928.32,	35.5000
928.92,	35.5000
929.53,	35.5000
930.13,	35.5000
930.74,	35.5000
931.34,	35.5000
931.94,	35.5000
932.54,	35.5000
933.15,	35.5000
933.75,	35.5000
934.35,	35.5000
934.96,	35.5000
935.56,	35.5000
936.16,	35.5000
936.77,	35.5000
937.37,	35.5000
937.97,	35.5000
938.57,	35.5000
939.18,	35.5000
939.78,	35.5000
940.38,	35.5000
940.98,	35.5000
941.59,	35.5000
942.19,	35.5000
942.79,	35.5000
943.39,	35.5000
944.00,	35.5000
944.60,	35.5000
945.20,	35.5000
945.80,	35.5000
946.40,	35.5000
947.01,	35.5000
947.61,	35.5000
948.21,	35.5000
948.81,	35.5000
949.41,	35.5000
950.02,	35.5000
950.62,	35.5000
951.22,	35.5000
951.82,	35.5000
952.42,	35.5000
953.02,	35.5000
953.63,	35.5000
954.23,	35.5000
954.83,	35.5000
955.43,	35.5000
956.03,	35.5000
956.63,	35.5000
957.24,	35.5000
957.84,	35.5000
958.44,	35.5000
959.04,	35.5000
959.64,	35.5000
960.24,	-2.5200
960.84,	-2.5200
961.44,	-2.5200
962.04,	-2.5200
962.64,	-2.5200
963.25,	-2.5200
963.85,	-2.5200
964.45,	-2.5200
965.05,	-2.5200
965.65,	-2.5200
966.25,	-2.5200
966.85,	-2.5200
967.45,	-2.5200
968.05,	-2.5200
968.65,	-2.5200
969.25,	-2.5200
969.85,	-2.5200
970.45,	-2.5200
971.05,	-2.5200
971.65,	-2.5200
972.25,	-2.5200
972.85,	-2.5200
973.45,	-2.5200
974.05,	-2.5200
974.65,	-2.5200
975.25,	-2.5200
975.85,	-2.5200
976.45,	-2.5200
977.05,	-2.5200
977.65,	-2.5200
978.25,	-2.5200
978.85,	-2.5200
979.45,	-2.5200
980.05,	-2.5200
980.65,	-2.5200
981.25,	-2.5200
981.85,	-2.5200
982.45,	-2.5200
983.05,	-2.5200
983.65,	-2.5200
984.25,	-2.5200
984.85,	-2.5200
985.45,	-2.5200
986.04,	-2.5200
986.64,	-2.5200
987.24,	-2.5200
987.84,	-2.5200
988.44,	-2.5200
989.04,	-2.5200
989.64,	-2.5200
990.24,	-2.5200
990.84,	-2.5200
991.44,	-2.5200
992.03,	-2.5200
992.63,	-2.5200
993.23,	-2.5200
993.83,	-2.5200
994.43,	-2.5200
995.03,	-2.5200
995.63,	-2.5200
996.22,	-2.5200
996.82,	-2.5200
997.42,	-2.5200
998.02,	-2.5200
998.62,	-2.5200
999.21,	-2.5200
999.81,	-2.5200
1000.41,	-2.5200
