Call Sign = ZSDA,	Ship Name = SA Agulhas,	Lloyds Num = 0
Date = 02/03/2017,	Time = 09:28,	
Latitude = 42 17.49  S,	Longitude = 009 04.75  E
Instr = Sippican Deep Blue,	Card Type = Sippican MK-21,	
Wind Instr = ,	Measur Method = 
Probe Serial Num = -1,	Ship Dir = -1,	Ship Speed = -1.00
Wind Dir = 256,	Wind Speed = 34.60
Dry Bulb Temp = 11.50,	Total Water Depth = -1.00

Full Resolution Values
Depth,	 Temp
0.67,	11.3900
1.34,	11.2400
2.01,	11.2000
2.68,	11.2100
3.34,	11.2000
4.01,	11.1900
4.68,	11.2000
5.35,	11.2000
6.02,	11.2000
6.69,	11.2000
7.36,	11.2000
8.03,	11.2000
8.69,	11.2000
9.36,	11.2000
10.03,	11.2000
10.70,	11.2000
11.37,	11.2000
12.04,	11.2000
12.70,	11.2000
13.37,	11.2000
14.04,	11.2000
14.71,	11.2100
15.38,	11.2000
16.05,	11.2000
16.71,	11.2000
17.38,	11.2000
18.05,	11.2000
18.72,	11.2100
19.38,	11.2100
20.05,	11.2000
20.72,	11.2000
21.39,	11.2100
22.06,	11.2000
22.72,	11.2100
23.39,	11.2100
24.06,	11.2000
24.73,	11.2000
25.39,	11.1900
26.06,	11.1900
26.73,	11.1900
27.40,	11.1900
28.06,	11.1900
28.73,	11.1900
29.40,	11.1800
30.06,	11.1700
30.73,	11.1500
31.40,	11.1500
32.06,	11.1600
32.73,	11.1600
33.40,	11.1600
34.07,	11.1500
34.73,	11.1600
35.40,	11.1600
36.07,	11.1600
36.73,	11.1500
37.40,	11.1500
38.07,	11.1500
38.73,	11.1500
39.40,	11.1400
40.06,	11.1400
40.73,	11.1400
41.40,	11.1400
42.06,	11.1400
42.73,	11.1400
43.40,	11.1400
44.06,	11.1300
44.73,	11.1300
45.39,	11.1400
46.06,	11.1400
46.73,	11.1300
47.39,	11.1300
48.06,	11.1200
48.72,	11.1100
49.39,	11.1100
50.06,	11.1000
50.72,	11.0700
51.39,	11.0400
52.05,	11.0300
52.72,	11.0200
53.38,	11.0100
54.05,	11.0100
54.71,	11.0000
55.38,	10.9900
56.05,	10.9700
56.71,	10.9600
57.38,	10.9400
58.04,	10.9100
58.71,	10.8600
59.37,	10.7700
60.04,	10.5900
60.70,	10.4400
61.37,	10.3500
62.03,	10.3200
62.70,	10.3000
63.36,	10.2900
64.03,	10.2800
64.69,	10.2700
65.36,	10.2600
66.02,	10.2500
66.69,	10.2300
67.35,	10.2300
68.01,	10.2300
68.68,	10.2100
69.34,	10.2100
70.01,	10.1900
70.67,	10.1800
71.34,	10.1700
72.00,	10.1500
72.66,	10.1300
73.33,	10.1100
73.99,	10.1000
74.66,	10.0900
75.32,	10.0800
75.98,	10.0700
76.65,	10.0600
77.31,	10.0600
77.98,	10.0500
78.64,	10.0400
79.30,	10.0400
79.97,	10.0300
80.63,	10.0000
81.30,	9.9900
81.96,	9.9800
82.62,	9.9800
83.29,	9.9700
83.95,	9.9500
84.61,	9.9100
85.28,	9.8900
85.94,	9.8700
86.60,	9.8300
87.27,	9.7700
87.93,	9.7600
88.59,	9.7500
89.26,	9.7500
89.92,	9.7400
90.58,	9.7400
91.24,	9.7300
91.91,	9.7300
92.57,	9.7300
93.23,	9.7300
93.90,	9.7300
94.56,	9.7300
95.22,	9.7200
95.88,	9.7200
96.55,	9.7200
97.21,	9.7200
97.87,	9.7200
98.53,	9.7000
99.20,	9.7000
99.86,	9.7000
100.52,	9.7000
101.18,	9.7000
101.85,	9.6900
102.51,	9.6900
103.17,	9.6800
103.83,	9.6700
104.49,	9.6600
105.16,	9.6500
105.82,	9.6600
106.48,	9.6600
107.14,	9.6600
107.80,	9.6600
108.47,	9.6600
109.13,	9.6600
109.79,	9.6500
110.45,	9.6400
111.11,	9.6400
111.77,	9.6400
112.44,	9.6300
113.10,	9.6300
113.76,	9.6300
114.42,	9.6200
115.08,	9.6200
115.74,	9.6100
116.40,	9.5900
117.06,	9.5700
117.73,	9.5400
118.39,	9.5200
119.05,	9.5100
119.71,	9.5000
120.37,	9.5000
121.03,	9.5000
121.69,	9.5000
122.35,	9.5000
123.01,	9.4900
123.67,	9.4800
124.33,	9.4800
125.00,	9.4800
125.66,	9.4700
126.32,	9.4700
126.98,	9.4600
127.64,	9.4700
128.30,	9.5200
128.96,	9.6100
129.62,	9.6700
130.28,	9.7100
130.94,	9.7200
131.60,	9.7300
132.26,	9.7200
132.92,	9.7200
133.58,	9.7200
134.24,	9.7100
134.90,	9.7000
135.56,	9.6900
136.22,	9.6800
136.88,	9.6700
137.54,	9.6700
138.20,	9.6700
138.86,	9.6800
139.52,	9.6800
140.18,	9.6900
140.84,	9.7000
141.50,	9.7100
142.16,	9.7200
142.82,	9.7100
143.48,	9.7100
144.14,	9.7100
144.79,	9.7200
145.45,	9.7100
146.11,	9.6800
146.77,	9.6500
147.43,	9.6500
148.09,	9.6400
148.75,	9.6100
149.41,	9.5700
150.07,	9.5400
150.73,	9.5300
151.39,	9.5100
152.04,	9.5000
152.70,	9.4800
153.36,	9.4800
154.02,	9.4700
154.68,	9.4300
155.34,	9.3700
156.00,	9.3200
156.65,	9.2900
157.31,	9.2700
157.97,	9.2600
158.63,	9.2500
159.29,	9.2300
159.95,	9.2200
160.60,	9.2000
161.26,	9.2000
161.92,	9.1900
162.58,	9.1900
163.24,	9.1800
163.90,	9.1800
164.55,	9.1800
165.21,	9.1800
165.87,	9.1700
166.53,	9.1700
167.18,	9.1800
167.84,	9.1700
168.50,	9.1700
169.16,	9.1700
169.82,	9.1700
170.47,	9.1700
171.13,	9.1600
171.79,	9.1600
172.44,	9.1500
173.10,	9.1500
173.76,	9.1400
174.42,	9.1400
175.07,	9.1300
175.73,	9.1200
176.39,	9.1100
177.05,	9.0700
177.70,	9.0400
178.36,	9.0400
179.02,	9.0400
179.67,	9.0500
180.33,	9.0400
180.99,	9.0300
181.64,	9.0200
182.30,	9.0000
182.96,	9.0000
183.61,	8.9900
184.27,	8.9900
184.93,	8.9800
185.58,	8.9700
186.24,	8.9300
186.90,	8.9200
187.55,	8.9300
188.21,	8.9200
188.87,	8.9100
189.52,	8.9000
190.18,	8.9000
190.83,	8.8900
191.49,	8.9000
192.15,	8.9100
192.80,	8.9200
193.46,	8.9100
194.11,	8.9100
194.77,	8.9000
195.43,	8.8900
196.08,	8.8900
196.74,	8.8800
197.39,	8.8600
198.05,	8.8200
198.70,	8.8000
199.36,	8.7500
200.02,	8.7100
200.67,	8.6800
201.33,	8.6500
201.98,	8.6400
202.64,	8.6400
203.29,	8.6300
203.95,	8.6200
204.60,	8.6200
205.26,	8.6200
205.91,	8.6400
206.57,	8.6600
207.22,	8.6700
207.88,	8.6700
208.53,	8.6700
209.19,	8.6800
209.84,	8.7000
210.50,	8.7300
211.15,	8.7500
211.81,	8.7700
212.46,	8.7700
213.12,	8.7700
213.77,	8.7700
214.43,	8.7700
215.08,	8.7800
215.74,	8.7700
216.39,	8.7600
217.04,	8.7400
217.70,	8.7200
218.35,	8.7100
219.01,	8.7100
219.66,	8.7200
220.32,	8.7400
220.97,	8.7500
221.62,	8.7600
222.28,	8.7700
222.93,	8.7700
223.59,	8.7600
224.24,	8.7500
224.89,	8.7300
225.55,	8.7200
226.20,	8.7100
226.85,	8.7000
227.51,	8.6900
228.16,	8.6700
228.81,	8.6600
229.47,	8.6500
230.12,	8.6300
230.78,	8.5900
231.43,	8.5600
232.08,	8.5000
232.74,	8.4500
233.39,	8.3900
234.04,	8.3400
234.69,	8.2900
235.35,	8.2800
236.00,	8.3100
236.65,	8.3300
237.31,	8.3400
237.96,	8.3500
238.61,	8.3500
239.27,	8.3400
239.92,	8.3500
240.57,	8.3500
241.22,	8.3500
241.88,	8.3400
242.53,	8.3500
243.18,	8.3500
243.83,	8.3400
244.49,	8.3400
245.14,	8.3400
245.79,	8.3400
246.44,	8.3300
247.10,	8.2900
247.75,	8.2500
248.40,	8.2100
249.05,	8.1800
249.70,	8.1400
250.36,	8.1100
251.01,	8.0800
251.66,	8.0600
252.31,	8.0300
252.96,	7.9800
253.62,	7.9200
254.27,	7.8900
254.92,	7.8800
255.57,	7.8700
256.22,	7.8700
256.88,	7.8700
257.53,	7.8700
258.18,	7.8700
258.83,	7.8700
259.48,	7.8600
260.13,	7.8700
260.78,	7.8700
261.44,	7.8700
262.09,	7.8700
262.74,	7.8800
263.39,	7.8800
264.04,	7.8700
264.69,	7.8800
265.34,	7.8600
265.99,	7.8300
266.64,	7.8200
267.29,	7.8100
267.95,	7.8000
268.60,	7.7900
269.25,	7.7900
269.90,	7.7900
270.55,	7.7800
271.20,	7.7900
271.85,	7.7900
272.50,	7.7900
273.15,	7.7900
273.80,	7.7800
274.45,	7.7800
275.10,	7.7700
275.75,	7.7700
276.40,	7.7700
277.05,	7.7700
277.70,	7.7700
278.35,	7.7700
279.00,	7.7600
279.65,	7.7600
280.30,	7.7600
280.95,	7.7500
281.60,	7.7300
282.25,	7.6500
282.90,	7.6000
283.55,	7.5800
284.20,	7.5800
284.85,	7.5800
285.50,	7.5800
286.15,	7.5800
286.80,	7.5800
287.45,	7.5700
288.10,	7.5600
288.75,	7.5400
289.40,	7.5200
290.05,	7.4900
290.70,	7.4600
291.35,	7.4400
292.00,	7.4300
292.64,	7.4300
293.29,	7.4100
293.94,	7.3900
294.59,	7.3700
295.24,	7.3700
295.89,	7.3700
296.54,	7.3700
297.19,	7.3700
297.84,	7.3700
298.49,	7.3700
299.13,	7.3700
299.78,	7.3700
300.43,	7.3700
301.08,	7.3800
301.73,	7.3700
302.38,	7.3700
303.02,	7.3700
303.67,	7.3600
304.32,	7.3600
304.97,	7.3700
305.62,	7.4000
306.27,	7.4300
306.91,	7.4500
307.56,	7.4600
308.21,	7.4700
308.86,	7.4800
309.51,	7.4800
310.15,	7.4800
310.80,	7.4800
311.45,	7.4700
312.10,	7.4700
312.75,	7.4500
313.39,	7.4300
314.04,	7.4100
314.69,	7.3400
315.34,	7.2800
315.98,	7.2500
316.63,	7.2300
317.28,	7.2100
317.93,	7.2000
318.57,	7.1900
319.22,	7.1600
319.87,	7.1400
320.52,	7.1300
321.16,	7.1200
321.81,	7.1200
322.46,	7.1100
323.10,	7.1000
323.75,	7.0900
324.40,	7.0800
325.04,	7.0700
325.69,	7.0500
326.34,	7.0400
326.99,	7.0300
327.63,	7.0300
328.28,	7.0200
328.93,	7.0200
329.57,	7.0100
330.22,	7.0000
330.86,	6.9900
331.51,	6.9900
332.16,	6.9800
332.80,	6.9800
333.45,	6.9800
334.10,	6.9700
334.74,	6.9600
335.39,	6.9500
336.03,	6.9300
336.68,	6.9200
337.33,	6.9100
337.97,	6.9100
338.62,	6.9000
339.26,	6.9000
339.91,	6.8900
340.56,	6.8800
341.20,	6.8700
341.85,	6.8500
342.49,	6.8300
343.14,	6.8100
343.78,	6.8100
344.43,	6.8100
345.08,	6.8100
345.72,	6.8100
346.37,	6.8100
347.01,	6.8100
347.66,	6.8000
348.30,	6.8000
348.95,	6.8000
349.59,	6.8000
350.24,	6.8000
350.88,	6.8000
351.53,	6.8000
352.17,	6.7900
352.82,	6.7900
353.46,	6.7900
354.11,	6.7900
354.75,	6.7800
355.40,	6.7800
356.04,	6.7800
356.69,	6.7700
357.33,	6.7700
357.98,	6.7500
358.62,	6.7400
359.27,	6.7300
359.91,	6.7200
360.55,	6.7200
361.20,	6.7200
361.84,	6.7100
362.49,	6.7000
363.13,	6.6800
363.78,	6.6500
364.42,	6.6300
365.06,	6.6300
365.71,	6.6300
366.35,	6.6200
367.00,	6.6300
367.64,	6.6200
368.28,	6.6200
368.93,	6.6200
369.57,	6.6100
370.22,	6.6100
370.86,	6.6100
371.50,	6.6000
372.15,	6.6000
372.79,	6.6000
373.43,	6.6000
374.08,	6.6000
374.72,	6.5900
375.36,	6.5900
376.01,	6.5800
376.65,	6.5800
377.29,	6.5800
377.94,	6.5700
378.58,	6.5600
379.22,	6.5500
379.87,	6.5400
380.51,	6.5400
381.15,	6.5400
381.79,	6.5300
382.44,	6.5300
383.08,	6.5300
383.72,	6.5300
384.37,	6.5300
385.01,	6.5200
385.65,	6.5200
386.29,	6.5200
386.94,	6.5100
387.58,	6.5100
388.22,	6.5000
388.86,	6.5000
389.51,	6.4900
390.15,	6.4800
390.79,	6.4700
391.43,	6.4600
392.08,	6.4500
392.72,	6.4500
393.36,	6.4500
394.00,	6.4500
394.64,	6.4400
395.29,	6.4400
395.93,	6.4300
396.57,	6.4300
397.21,	6.4300
397.85,	6.4200
398.50,	6.4200
399.14,	6.4200
399.78,	6.4100
400.42,	6.4100
401.06,	6.4100
401.70,	6.4000
402.34,	6.3900
402.99,	6.3800
403.63,	6.3600
404.27,	6.3500
404.91,	6.3300
405.55,	6.3000
406.19,	6.2800
406.83,	6.2800
407.48,	6.2700
408.12,	6.2600
408.76,	6.2600
409.40,	6.2600
410.04,	6.2500
410.68,	6.2400
411.32,	6.2400
411.96,	6.2300
412.60,	6.2300
413.24,	6.2200
413.88,	6.2200
414.52,	6.2200
415.17,	6.2000
415.81,	6.1900
416.45,	6.1900
417.09,	6.1900
417.73,	6.2000
418.37,	6.2100
419.01,	6.2000
419.65,	6.2000
420.29,	6.2000
420.93,	6.1900
421.57,	6.1900
422.21,	6.1900
422.85,	6.1900
423.49,	6.1900
424.13,	6.1900
424.77,	6.1900
425.41,	6.1900
426.05,	6.1800
426.69,	6.1600
427.33,	6.1400
427.97,	6.1300
428.61,	6.1200
429.25,	6.1100
429.89,	6.1100
430.53,	6.0900
431.17,	6.0800
431.80,	6.0600
432.44,	6.0400
433.08,	6.0300
433.72,	6.0200
434.36,	6.0200
435.00,	6.0100
435.64,	6.0000
436.28,	5.9800
436.92,	5.9700
437.56,	5.9600
438.20,	5.9500
438.84,	5.9400
439.47,	5.9300
440.11,	5.9100
440.75,	5.8900
441.39,	5.8800
442.03,	5.8600
442.67,	5.8500
443.31,	5.8500
443.95,	5.8400
444.58,	5.8400
445.22,	5.8200
445.86,	5.8100
446.50,	5.8000
447.14,	5.7800
447.78,	5.7700
448.41,	5.7600
449.05,	5.7700
449.69,	5.7700
450.33,	5.7600
450.97,	5.7600
451.60,	5.7500
452.24,	5.7300
452.88,	5.7200
453.52,	5.7200
454.16,	5.7100
454.79,	5.7100
455.43,	5.7000
456.07,	5.7000
456.71,	5.6900
457.35,	5.6800
457.98,	5.6700
458.62,	5.6600
459.26,	5.6500
459.90,	5.6400
460.53,	5.6400
461.17,	5.6300
461.81,	5.6100
462.44,	5.6000
463.08,	5.5900
463.72,	5.5900
464.36,	5.5900
464.99,	5.5800
465.63,	5.5800
466.27,	5.5700
466.90,	5.5600
467.54,	5.5500
468.18,	5.5500
468.81,	5.5400
469.45,	5.5200
470.09,	5.5100
470.72,	5.5000
471.36,	5.4900
472.00,	5.4900
472.63,	5.4900
473.27,	5.4800
473.91,	5.4700
474.54,	5.4700
475.18,	5.4600
475.82,	5.4600
476.45,	5.4500
477.09,	5.4300
477.73,	5.4200
478.36,	5.4100
479.00,	5.4100
479.63,	5.4100
480.27,	5.4100
480.91,	5.4000
481.54,	5.4000
482.18,	5.4000
482.81,	5.3900
483.45,	5.3900
484.08,	5.3900
484.72,	5.3900
485.36,	5.3800
485.99,	5.3700
486.63,	5.3600
487.26,	5.3600
487.90,	5.3400
488.53,	5.3300
489.17,	5.3300
489.80,	5.3300
490.44,	5.3300
491.07,	5.3200
491.71,	5.3200
492.34,	5.3200
492.98,	5.3200
493.62,	5.3100
494.25,	5.3100
494.89,	5.3000
495.52,	5.2800
496.15,	5.2700
496.79,	5.2700
497.42,	5.2600
498.06,	5.2500
498.69,	5.2400
499.33,	5.2300
499.96,	5.2200
500.60,	5.2100
501.23,	5.2000
501.87,	5.1900
502.50,	5.1800
503.14,	5.1700
503.77,	5.1600
504.40,	5.1600
505.04,	5.1600
505.67,	5.1500
506.31,	5.1500
506.94,	5.1500
507.57,	5.1500
508.21,	5.1500
508.84,	5.1400
509.48,	5.1400
510.11,	5.1400
510.74,	5.1300
511.38,	5.1300
512.01,	5.1200
512.65,	5.1100
513.28,	5.1000
513.91,	5.0900
514.55,	5.0800
515.18,	5.0800
515.81,	5.0700
516.45,	5.0600
517.08,	5.0600
517.71,	5.0500
518.35,	5.0500
518.98,	5.0400
519.61,	5.0300
520.25,	5.0200
520.88,	5.0100
521.51,	5.0100
522.15,	5.0000
522.78,	4.9900
523.41,	4.9800
524.04,	4.9600
524.68,	4.9300
525.31,	4.9200
525.94,	4.9200
526.58,	4.9100
527.21,	4.9100
527.84,	4.9100
528.47,	4.9100
529.11,	4.9100
529.74,	4.9000
530.37,	4.9000
531.00,	4.8900
531.64,	4.8900
532.27,	4.8900
532.90,	4.8800
533.53,	4.8800
534.17,	4.8800
534.80,	4.8800
535.43,	4.8700
536.06,	4.8600
536.69,	4.8600
537.33,	4.8500
537.96,	4.8400
538.59,	4.8300
539.22,	4.8300
539.85,	4.8300
540.48,	4.8300
541.12,	4.8300
541.75,	4.8200
542.38,	4.8200
543.01,	4.8200
543.64,	4.8200
544.27,	4.8200
544.91,	4.8200
545.54,	4.8200
546.17,	4.8200
546.80,	4.8100
547.43,	4.8000
548.06,	4.8000
548.69,	4.8000
549.32,	4.8000
549.95,	4.7900
550.59,	4.7900
551.22,	4.7900
551.85,	4.7900
552.48,	4.7800
553.11,	4.7800
553.74,	4.7800
554.37,	4.7700
555.00,	4.7700
555.63,	4.7600
556.26,	4.7600
556.89,	4.7600
557.52,	4.7500
558.15,	4.7500
558.78,	4.7400
559.42,	4.7300
560.05,	4.7100
560.68,	4.7000
561.31,	4.6900
561.94,	4.6900
562.57,	4.6800
563.20,	4.6800
563.83,	4.6700
564.46,	4.6600
565.09,	4.6500
565.72,	4.6400
566.35,	4.6400
566.98,	4.6400
567.61,	4.6400
568.24,	4.6200
568.87,	4.6100
569.50,	4.6100
570.12,	4.6100
570.75,	4.6000
571.38,	4.5900
572.01,	4.5900
572.64,	4.5700
573.27,	4.5700
573.90,	4.5600
574.53,	4.5600
575.16,	4.5500
575.79,	4.5400
576.42,	4.5400
577.05,	4.5300
577.68,	4.5300
578.31,	4.5300
578.93,	4.5300
579.56,	4.5400
580.19,	4.5400
580.82,	4.5400
581.45,	4.5300
582.08,	4.5300
582.71,	4.5300
583.34,	4.5300
583.97,	4.5300
584.59,	4.5200
585.22,	4.5200
585.85,	4.5300
586.48,	4.5200
587.11,	4.5200
587.74,	4.5100
588.36,	4.5100
588.99,	4.5100
589.62,	4.5100
590.25,	4.5100
590.88,	4.5100
591.50,	4.5100
592.13,	4.5100
592.76,	4.5100
593.39,	4.5100
594.02,	4.5100
594.64,	4.5000
595.27,	4.5100
595.90,	4.5100
596.53,	4.5100
597.16,	4.5100
597.78,	4.5100
598.41,	4.5000
599.04,	4.5000
599.67,	4.5000
600.29,	4.4900
600.92,	4.4800
601.55,	4.4700
602.18,	4.4500
602.80,	4.4400
603.43,	4.4400
604.06,	4.4200
604.68,	4.4000
605.31,	4.3900
605.94,	4.3800
606.57,	4.3800
607.19,	4.3800
607.82,	4.3800
608.45,	4.3900
609.07,	4.3900
609.70,	4.3900
610.33,	4.3900
610.95,	4.3800
611.58,	4.3800
612.21,	4.3800
612.83,	4.3700
613.46,	4.3600
614.09,	4.3600
614.71,	4.3500
615.34,	4.3500
615.97,	4.3400
616.59,	4.3400
617.22,	4.3400
617.84,	4.3300
618.47,	4.3300
619.10,	4.3300
619.72,	4.3300
620.35,	4.3300
620.97,	4.3300
621.60,	4.3200
622.23,	4.3200
622.85,	4.3200
623.48,	4.3200
624.10,	4.3100
624.73,	4.3200
625.35,	4.3100
625.98,	4.3100
626.61,	4.3000
627.23,	4.2900
627.86,	4.2800
628.48,	4.2600
629.11,	4.2400
629.73,	4.2300
630.36,	4.2200
630.98,	4.2200
631.61,	4.2200
632.23,	4.2300
632.86,	4.2200
633.48,	4.2200
634.11,	4.2200
634.73,	4.2300
635.36,	4.2200
635.98,	4.2200
636.61,	4.2200
637.23,	4.2200
637.86,	4.2200
638.48,	4.2200
639.11,	4.2200
639.73,	4.2100
640.36,	4.2100
640.98,	4.2100
641.61,	4.2100
642.23,	4.2100
642.85,	4.2000
643.48,	4.2000
644.10,	4.1900
644.73,	4.1900
645.35,	4.1900
645.98,	4.1800
646.60,	4.1800
647.22,	4.1800
647.85,	4.1800
648.47,	4.1800
649.10,	4.1800
649.72,	4.1800
650.34,	4.1800
650.97,	4.1800
651.59,	4.1800
652.22,	4.1700
652.84,	4.1700
653.46,	4.1600
654.09,	4.1600
654.71,	4.1600
655.33,	4.1600
655.96,	4.1500
656.58,	4.1400
657.20,	4.1300
657.83,	4.1300
658.45,	4.1200
659.07,	4.1100
659.70,	4.1000
660.32,	4.1000
660.94,	4.0900
661.57,	4.0900
662.19,	4.0900
662.81,	4.0900
663.43,	4.0900
664.06,	4.0900
664.68,	4.0900
665.30,	4.0900
665.93,	4.0800
666.55,	4.0800
667.17,	4.0800
667.79,	4.0800
668.42,	4.0700
669.04,	4.0700
669.66,	4.0700
670.28,	4.0700
670.91,	4.0700
671.53,	4.0700
672.15,	4.0700
672.77,	4.0700
673.39,	4.0700
674.02,	4.0700
674.64,	4.0600
675.26,	4.0600
675.88,	4.0600
676.50,	4.0500
677.13,	4.0500
677.75,	4.0500
678.37,	4.0400
678.99,	4.0400
679.61,	4.0400
680.24,	4.0400
680.86,	4.0400
681.48,	4.0400
682.10,	4.0300
682.72,	4.0300
683.34,	4.0300
683.96,	4.0300
684.59,	4.0300
685.21,	4.0300
685.83,	4.0300
686.45,	4.0300
687.07,	4.0300
687.69,	4.0200
688.31,	4.0200
688.93,	4.0100
689.56,	4.0100
690.18,	4.0100
690.80,	4.0100
691.42,	4.0000
692.04,	4.0000
692.66,	4.0000
693.28,	4.0000
693.90,	3.9900
694.52,	3.9900
695.14,	3.9900
695.76,	3.9900
696.38,	3.9800
697.00,	3.9800
697.62,	3.9700
698.25,	3.9700
698.87,	3.9600
699.49,	3.9600
700.11,	3.9600
700.73,	3.9600
701.35,	3.9600
701.97,	3.9600
702.59,	3.9500
703.21,	3.9500
703.83,	3.9500
704.45,	3.9500
705.07,	3.9500
705.69,	3.9500
706.31,	3.9500
706.93,	3.9400
707.55,	3.9300
708.17,	3.9300
708.79,	3.9200
709.40,	3.9200
710.02,	3.9200
710.64,	3.9200
711.26,	3.9100
711.88,	3.9100
712.50,	3.9100
713.12,	3.9100
713.74,	3.9000
714.36,	3.9000
714.98,	3.9100
715.60,	3.9100
716.22,	3.9000
716.84,	3.9000
717.45,	3.9000
718.07,	3.8900
718.69,	3.8900
719.31,	3.8900
719.93,	3.8900
720.55,	3.8900
721.17,	3.8800
721.79,	3.8700
722.41,	3.8700
723.02,	3.8700
723.64,	3.8600
724.26,	3.8600
724.88,	3.8500
725.50,	3.8500
726.12,	3.8500
726.73,	3.8500
727.35,	3.8400
727.97,	3.8400
728.59,	3.8400
729.21,	3.8400
729.83,	3.8400
730.44,	3.8300
731.06,	3.8300
731.68,	3.8300
732.30,	3.8300
732.92,	3.8200
733.53,	3.8200
734.15,	3.8200
734.77,	3.8200
735.39,	3.8200
736.00,	3.8200
736.62,	3.8200
737.24,	3.8200
737.86,	3.8100
738.47,	3.8100
739.09,	3.8100
739.71,	3.8100
740.33,	3.8100
740.94,	3.8000
741.56,	3.8000
742.18,	3.7900
742.79,	3.7900
743.41,	3.7900
744.03,	3.7800
744.65,	3.7800
745.26,	3.7800
745.88,	3.7800
746.50,	3.7700
747.11,	3.7700
747.73,	3.7700
748.35,	3.7600
748.96,	3.7600
749.58,	3.7500
750.20,	3.7500
750.81,	3.7400
751.43,	3.7400
752.05,	3.7400
752.66,	3.7400
753.28,	3.7400
753.90,	3.7400
754.51,	3.7400
755.13,	3.7400
755.74,	3.7300
756.36,	3.7300
756.98,	3.7300
757.59,	3.7300
758.21,	3.7300
758.82,	3.7300
759.44,	3.7200
760.06,	3.7300
760.67,	3.7200
761.29,	3.7200
761.90,	3.7100
762.52,	3.7100
763.14,	3.7100
763.75,	3.7000
764.37,	3.7000
764.98,	3.7000
765.60,	3.7000
766.21,	3.7000
766.83,	3.6900
767.44,	3.7000
768.06,	3.6900
768.67,	3.6900
769.29,	3.6800
769.90,	3.6800
770.52,	3.6800
771.14,	3.6700
771.75,	3.6700
772.37,	3.6700
772.98,	3.6700
773.59,	3.6700
774.21,	3.6600
774.82,	3.6600
775.44,	3.6600
776.05,	3.6700
776.67,	3.6600
777.28,	3.6600
777.90,	3.6600
778.51,	3.6600
779.13,	3.6600
779.74,	3.6600
780.36,	3.6600
780.97,	3.6500
781.58,	3.6500
782.20,	3.6500
782.81,	3.6500
783.43,	3.6400
784.04,	3.6300
784.66,	3.6300
785.27,	3.6200
785.88,	3.6200
786.50,	3.6200
787.11,	3.6200
787.73,	3.6200
788.34,	3.6200
788.95,	3.6200
789.57,	3.6200
790.18,	3.6200
790.79,	3.6100
791.41,	3.6100
792.02,	3.6100
792.63,	3.6100
793.25,	3.6100
793.86,	3.6100
794.47,	3.6000
795.09,	3.6100
795.70,	3.6100
796.31,	3.6100
796.93,	3.6100
797.54,	3.6000
798.15,	3.5900
798.77,	3.5900
799.38,	3.5800
799.99,	3.5800
800.61,	3.5800
801.22,	3.5700
801.83,	3.5700
802.44,	3.5700
803.06,	3.5700
803.67,	3.5700
804.28,	3.5600
804.90,	3.5600
805.51,	3.5600
806.12,	3.5500
806.73,	3.5600
807.34,	3.5600
807.96,	3.5600
808.57,	3.5600
809.18,	3.5500
809.79,	3.5500
810.41,	3.5400
811.02,	3.5500
811.63,	3.5500
812.24,	3.5400
812.85,	3.5400
813.47,	3.5400
814.08,	3.5400
814.69,	3.5400
815.30,	3.5400
815.91,	3.5400
816.53,	3.5400
817.14,	3.5400
817.75,	3.5300
818.36,	3.5300
818.97,	3.5300
819.58,	3.5300
820.20,	3.5300
820.81,	3.5300
821.42,	3.5300
822.03,	3.5200
822.64,	3.5100
823.25,	3.5100
823.86,	3.5100
824.47,	3.5100
825.09,	3.5000
825.70,	3.5000
826.31,	3.5000
826.92,	3.5000
827.53,	3.5000
828.14,	3.4900
828.75,	3.4900
829.36,	3.4900
829.97,	3.4900
830.58,	3.4900
831.19,	3.4900
831.80,	3.4900
832.42,	3.4900
833.03,	3.4900
833.64,	3.4800
834.25,	3.4800
834.86,	3.4800
835.47,	3.4800
836.08,	3.4800
836.69,	3.4800
837.30,	3.4700
837.91,	3.4700
838.52,	3.4700
839.13,	3.4700
839.74,	3.4700
840.35,	3.4700
840.96,	3.4600
841.57,	3.4600
842.18,	3.4600
842.79,	3.4600
843.40,	3.4600
844.01,	3.4600
844.62,	3.4600
845.23,	3.4600
845.84,	3.4600
846.45,	3.4600
847.06,	3.4500
847.67,	3.4600
848.27,	3.4500
848.88,	3.4500
849.49,	3.4500
850.10,	3.4500
850.71,	3.4500
851.32,	3.4500
851.93,	3.4500
852.54,	3.4500
853.15,	3.4400
853.76,	3.4400
854.37,	3.4400
854.98,	3.4400
855.58,	3.4400
856.19,	3.4400
856.80,	3.4400
857.41,	3.4400
858.02,	3.4400
858.63,	3.4400
859.24,	3.4400
859.85,	3.4400
860.45,	3.4400
861.06,	3.4300
861.67,	3.4400
862.28,	3.4300
862.89,	3.4400
863.50,	3.4400
864.10,	3.4400
864.71,	3.4400
865.32,	3.4400
865.93,	3.4400
866.54,	3.4400
867.14,	3.4400
867.75,	3.4400
868.36,	3.4400
868.97,	3.4300
869.58,	3.4400
870.18,	3.4300
870.79,	3.4300
871.40,	3.4300
872.01,	3.4300
872.61,	3.4300
873.22,	3.4300
873.83,	3.4200
874.44,	3.4200
875.04,	3.4100
875.65,	3.4100
876.26,	3.4100
876.87,	3.4100
877.47,	3.4000
878.08,	3.3900
878.69,	3.3900
879.29,	3.3900
879.90,	3.3900
880.51,	3.3900
881.12,	3.3900
881.72,	3.3900
882.33,	3.3900
882.94,	3.3800
883.54,	3.3800
884.15,	3.3800
884.76,	3.3800
885.36,	3.3800
885.97,	3.3800
886.58,	3.3700
887.18,	3.3700
887.79,	3.3700
888.40,	3.3800
889.00,	3.3700
889.61,	3.3700
890.22,	3.3700
890.82,	3.3700
891.43,	3.3700
892.03,	3.3700
892.64,	3.3700
893.25,	3.3700
893.85,	3.3700
894.46,	3.3700
895.06,	3.3700
895.67,	3.3600
896.28,	3.3600
896.88,	3.3600
897.49,	3.3600
898.09,	3.3600
898.70,	3.3600
899.30,	3.3600
899.91,	3.3600
900.52,	3.3600
901.12,	3.3500
901.73,	3.3500
902.33,	3.3500
902.94,	3.3500
903.54,	3.3500
904.15,	3.3500
904.75,	3.3500
905.36,	3.3500
905.96,	3.3400
906.57,	3.3400
907.17,	3.3400
907.78,	3.3400
908.38,	3.3400
908.99,	3.3400
909.59,	3.3300
910.20,	3.3300
910.80,	3.3300
911.41,	3.3200
912.01,	3.3200
912.62,	3.3300
913.22,	3.3300
913.83,	3.3200
914.43,	3.3200
915.03,	3.3200
915.64,	3.3100
916.24,	3.3100
916.85,	3.3100
917.45,	3.3100
918.06,	3.3000
918.66,	3.3000
919.26,	3.3000
919.87,	3.3000
920.47,	3.3000
921.08,	3.3000
921.68,	3.3000
922.28,	3.3000
922.89,	3.3000
923.49,	3.3000
924.10,	3.3000
924.70,	3.3000
925.30,	3.3000
925.91,	3.3000
926.51,	3.3000
927.11,	3.5700
927.72,	7.3000
928.32,	14.5700
928.92,	17.7000
929.53,	19.1700
930.13,	20.2700
930.74,	21.1700
931.34,	21.9100
931.94,	22.5600
932.54,	23.1500
933.15,	23.6900
933.75,	24.2000
934.35,	24.6800
934.96,	25.1300
935.56,	25.7800
936.16,	35.5000
936.77,	35.5000
937.37,	35.5000
937.97,	35.5000
938.57,	35.5000
939.18,	35.5000
939.78,	35.5000
940.38,	35.5000
940.98,	35.5000
941.59,	35.5000
942.19,	35.5000
942.79,	35.5000
943.39,	35.5000
944.00,	35.5000
944.60,	35.5000
945.20,	35.5000
945.80,	35.5000
946.40,	35.5000
947.01,	35.5000
947.61,	35.5000
948.21,	35.5000
948.81,	35.5000
949.41,	35.5000
950.02,	35.5000
950.62,	35.5000
951.22,	35.5000
951.82,	35.5000
952.42,	35.5000
953.02,	35.5000
953.63,	35.5000
954.23,	35.5000
954.83,	35.5000
955.43,	35.5000
956.03,	35.5000
956.63,	35.5000
957.24,	35.5000
957.84,	35.5000
958.44,	35.5000
959.04,	35.5000
959.64,	35.5000
960.24,	35.5000
960.84,	35.5000
961.44,	35.5000
962.04,	35.5000
962.64,	35.5000
963.25,	35.5000
963.85,	35.5000
964.45,	35.5000
965.05,	35.5000
965.65,	35.5000
966.25,	35.5000
966.85,	35.5000
967.45,	35.5000
968.05,	35.5000
968.65,	35.5000
969.25,	35.5000
969.85,	35.5000
970.45,	35.5000
971.05,	35.5000
971.65,	33.6600
972.25,	-2.5200
972.85,	-2.5200
973.45,	-2.5200
974.05,	-2.5200
974.65,	-2.5200
975.25,	-2.5200
975.85,	-2.5200
976.45,	-2.5200
977.05,	-2.5200
977.65,	-2.5200
978.25,	-2.5200
978.85,	-2.5200
979.45,	-2.5200
980.05,	-2.5200
980.65,	-2.5200
981.25,	-2.5200
981.85,	-2.5200
982.45,	-2.5200
983.05,	-2.5200
983.65,	-2.5200
984.25,	-2.5200
984.85,	-2.5200
985.45,	-2.5200
986.04,	-2.5200
986.64,	-2.5200
987.24,	-2.5200
987.84,	-2.5200
988.44,	-2.5200
989.04,	-2.5200
989.64,	-2.5200
990.24,	-2.5200
990.84,	-2.5200
991.44,	-2.5200
992.03,	-2.5200
992.63,	-2.5200
993.23,	-2.5200
993.83,	-2.5200
994.43,	-2.5200
995.03,	-2.5200
995.63,	-2.5200
996.22,	-2.5200
996.82,	-2.5200
997.42,	-2.5200
998.02,	-2.5200
998.62,	-2.5200
999.21,	-2.5200
999.81,	-2.5200
1000.41,	-2.5200
