Call Sign = ZSDA,	Ship Name = SA Agulhas,	Lloyds Num = 0
Date = 02/06/2017,	Time = 15:02,	
Latitude = 34 29.46  S,	Longitude = 015 17.56  E
Instr = Sippican Deep Blue,	Card Type = Sippican MK-21,	
Wind Instr = ,	Measur Method = 
Probe Serial Num = -1,	Ship Dir = -1,	Ship Speed = -1.00
Wind Dir = 198,	Wind Speed = 21.20
Dry Bulb Temp = 18.20,	Total Water Depth = -1.00

Full Resolution Values
Depth,	 Temp
0.67,	19.8800
1.34,	19.7900
2.01,	19.7400
2.68,	19.7800
3.34,	19.8000
4.01,	19.8000
4.68,	19.8000
5.35,	19.7900
6.02,	19.7900
6.69,	19.8000
7.36,	19.8000
8.03,	19.7900
8.69,	19.7900
9.36,	19.8000
10.03,	19.8000
10.70,	19.8000
11.37,	19.7900
12.04,	19.7200
12.70,	19.7300
13.37,	19.7800
14.04,	19.7800
14.71,	19.7900
15.38,	19.7900
16.05,	19.7800
16.71,	19.7700
17.38,	19.7600
18.05,	19.7500
18.72,	19.7300
19.38,	19.7300
20.05,	19.7300
20.72,	19.7100
21.39,	19.7100
22.06,	19.7000
22.72,	19.7100
23.39,	19.7100
24.06,	19.7000
24.73,	19.7000
25.39,	19.6900
26.06,	19.6900
26.73,	19.6900
27.40,	19.6900
28.06,	19.6800
28.73,	19.6800
29.40,	19.6900
30.06,	19.6800
30.73,	19.6900
31.40,	19.6900
32.06,	19.6900
32.73,	19.6900
33.40,	19.6900
34.07,	19.6800
34.73,	19.6900
35.40,	19.6900
36.07,	19.6900
36.73,	19.6900
37.40,	19.6900
38.07,	19.6900
38.73,	19.6800
39.40,	19.6800
40.06,	19.6900
40.73,	19.6800
41.40,	19.6900
42.06,	19.6800
42.73,	19.6900
43.40,	19.6800
44.06,	19.6700
44.73,	19.6700
45.39,	19.6700
46.06,	19.6600
46.73,	19.6600
47.39,	19.6600
48.06,	19.6600
48.72,	19.6600
49.39,	19.6600
50.06,	19.6600
50.72,	19.6600
51.39,	19.6600
52.05,	19.6600
52.72,	19.6700
53.38,	19.6600
54.05,	19.6600
54.71,	19.6700
55.38,	19.6600
56.05,	19.6600
56.71,	19.6600
57.38,	19.6600
58.04,	19.6500
58.71,	19.6500
59.37,	19.6300
60.04,	19.6200
60.70,	19.6100
61.37,	19.5900
62.03,	19.5700
62.70,	19.5200
63.36,	19.4300
64.03,	19.3400
64.69,	19.2600
65.36,	19.1700
66.02,	19.0800
66.69,	18.9800
67.35,	18.9000
68.01,	18.8700
68.68,	18.8300
69.34,	18.7900
70.01,	18.7700
70.67,	18.7500
71.34,	18.7400
72.00,	18.7200
72.66,	18.6900
73.33,	18.6600
73.99,	18.6300
74.66,	18.6100
75.32,	18.5900
75.98,	18.5800
76.65,	18.5500
77.31,	18.5300
77.98,	18.5200
78.64,	18.5100
79.30,	18.4900
79.97,	18.4800
80.63,	18.4700
81.30,	18.4500
81.96,	18.4500
82.62,	18.4500
83.29,	18.4300
83.95,	18.4200
84.61,	18.4100
85.28,	18.3900
85.94,	18.3700
86.60,	18.3700
87.27,	18.3500
87.93,	18.3300
88.59,	18.3000
89.26,	18.2900
89.92,	18.2700
90.58,	18.2700
91.24,	18.2700
91.91,	18.2600
92.57,	18.2700
93.23,	18.2600
93.90,	18.2600
94.56,	18.2400
95.22,	18.1700
95.88,	18.1100
96.55,	18.0700
97.21,	18.0500
97.87,	18.0200
98.53,	18.0000
99.20,	17.9900
99.86,	17.9900
100.52,	17.9800
101.18,	17.9800
101.85,	17.9800
102.51,	17.9800
103.17,	17.9800
103.83,	17.9700
104.49,	17.9500
105.16,	17.9100
105.82,	17.8800
106.48,	17.8700
107.14,	17.8600
107.80,	17.8500
108.47,	17.8500
109.13,	17.8500
109.79,	17.8500
110.45,	17.8400
111.11,	17.8100
111.77,	17.7800
112.44,	17.7600
113.10,	17.7400
113.76,	17.7000
114.42,	17.6600
115.08,	17.6200
115.74,	17.6000
116.40,	17.5700
117.06,	17.5600
117.73,	17.5600
118.39,	17.5500
119.05,	17.5500
119.71,	17.5400
120.37,	17.5300
121.03,	17.5200
121.69,	17.5100
122.35,	17.5000
123.01,	17.4900
123.67,	17.4800
124.33,	17.4400
125.00,	17.4200
125.66,	17.3900
126.32,	17.3700
126.98,	17.3600
127.64,	17.3500
128.30,	17.3100
128.96,	17.2700
129.62,	17.2300
130.28,	17.2000
130.94,	17.1800
131.60,	17.1700
132.26,	17.1500
132.92,	17.1400
133.58,	17.1400
134.24,	17.1300
134.90,	17.1300
135.56,	17.1300
136.22,	17.1200
136.88,	17.1000
137.54,	17.1000
138.20,	17.0900
138.86,	17.0800
139.52,	17.0800
140.18,	17.0800
140.84,	17.0600
141.50,	17.0400
142.16,	17.0100
142.82,	16.9900
143.48,	16.9700
144.14,	16.9600
144.79,	16.9500
145.45,	16.9300
146.11,	16.9200
146.77,	16.9100
147.43,	16.9000
148.09,	16.8900
148.75,	16.8700
149.41,	16.8500
150.07,	16.8400
150.73,	16.8300
151.39,	16.8100
152.04,	16.7700
152.70,	16.7300
153.36,	16.7100
154.02,	16.7000
154.68,	16.6900
155.34,	16.6900
156.00,	16.6800
156.65,	16.6700
157.31,	16.6600
157.97,	16.6500
158.63,	16.6500
159.29,	16.6300
159.95,	16.6000
160.60,	16.5700
161.26,	16.5300
161.92,	16.5100
162.58,	16.5000
163.24,	16.4900
163.90,	16.4900
164.55,	16.4800
165.21,	16.4700
165.87,	16.4500
166.53,	16.4200
167.18,	16.3900
167.84,	16.3600
168.50,	16.3400
169.16,	16.3200
169.82,	16.2900
170.47,	16.2700
171.13,	16.2400
171.79,	16.2100
172.44,	16.1900
173.10,	16.1800
173.76,	16.1600
174.42,	16.1500
175.07,	16.1400
175.73,	16.1400
176.39,	16.1400
177.05,	16.1400
177.70,	16.1400
178.36,	16.1400
179.02,	16.1300
179.67,	16.1300
180.33,	16.1200
180.99,	16.1000
181.64,	16.0800
182.30,	16.0500
182.96,	16.0400
183.61,	16.0200
184.27,	15.9900
184.93,	15.9600
185.58,	15.9300
186.24,	15.8900
186.90,	15.8600
187.55,	15.8300
188.21,	15.8000
188.87,	15.7700
189.52,	15.7400
190.18,	15.7100
190.83,	15.7000
191.49,	15.7000
192.15,	15.6900
192.80,	15.6700
193.46,	15.6400
194.11,	15.6300
194.77,	15.6100
195.43,	15.6000
196.08,	15.5800
196.74,	15.5600
197.39,	15.5400
198.05,	15.5200
198.70,	15.5000
199.36,	15.4900
200.02,	15.4800
200.67,	15.4600
201.33,	15.4600
201.98,	15.4500
202.64,	15.4500
203.29,	15.4400
203.95,	15.4100
204.60,	15.3900
205.26,	15.3900
205.91,	15.3800
206.57,	15.3700
207.22,	15.3800
207.88,	15.3700
208.53,	15.3700
209.19,	15.3700
209.84,	15.3600
210.50,	15.3600
211.15,	15.3500
211.81,	15.3500
212.46,	15.3400
213.12,	15.3300
213.77,	15.3300
214.43,	15.3200
215.08,	15.3000
215.74,	15.2900
216.39,	15.2800
217.04,	15.2700
217.70,	15.2800
218.35,	15.2800
219.01,	15.2900
219.66,	15.2900
220.32,	15.3000
220.97,	15.2900
221.62,	15.2900
222.28,	15.2800
222.93,	15.2800
223.59,	15.2800
224.24,	15.2800
224.89,	15.2700
225.55,	15.2500
226.20,	15.2300
226.85,	15.2000
227.51,	15.1700
228.16,	15.1500
228.81,	15.1000
229.47,	15.0600
230.12,	15.0300
230.78,	15.0000
231.43,	14.9900
232.08,	14.9700
232.74,	14.9600
233.39,	14.9400
234.04,	14.9300
234.69,	14.9300
235.35,	14.9200
236.00,	14.9200
236.65,	14.9100
237.31,	14.9000
237.96,	14.8900
238.61,	14.8700
239.27,	14.8600
239.92,	14.8400
240.57,	14.8200
241.22,	14.8200
241.88,	14.8100
242.53,	14.7800
243.18,	14.7600
243.83,	14.7500
244.49,	14.7500
245.14,	14.7400
245.79,	14.7200
246.44,	14.6900
247.10,	14.6700
247.75,	14.6300
248.40,	14.6000
249.05,	14.5900
249.70,	14.5900
250.36,	14.6000
251.01,	14.6200
251.66,	14.6500
252.31,	14.7100
252.96,	14.7500
253.62,	14.7800
254.27,	14.7800
254.92,	14.7800
255.57,	14.7900
256.22,	14.7800
256.88,	14.7700
257.53,	14.7600
258.18,	14.7400
258.83,	14.7200
259.48,	14.7000
260.13,	14.6800
260.78,	14.6700
261.44,	14.6500
262.09,	14.6400
262.74,	14.6200
263.39,	14.5800
264.04,	14.5300
264.69,	14.4900
265.34,	14.4500
265.99,	14.4400
266.64,	14.4200
267.29,	14.3900
267.95,	14.3400
268.60,	14.2900
269.25,	14.2600
269.90,	14.2400
270.55,	14.2400
271.20,	14.2600
271.85,	14.2800
272.50,	14.3000
273.15,	14.3100
273.80,	14.3300
274.45,	14.3300
275.10,	14.3400
275.75,	14.3600
276.40,	14.3700
277.05,	14.3700
277.70,	14.3900
278.35,	14.4200
279.00,	14.4500
279.65,	14.5000
280.30,	14.5300
280.95,	14.5300
281.60,	14.5400
282.25,	14.5500
282.90,	14.5600
283.55,	14.5600
284.20,	14.5500
284.85,	14.5400
285.50,	14.5400
286.15,	14.5200
286.80,	14.5200
287.45,	14.5100
288.10,	14.5000
288.75,	14.4900
289.40,	14.4800
290.05,	14.4700
290.70,	14.4700
291.35,	14.4600
292.00,	14.4600
292.64,	14.4600
293.29,	14.4400
293.94,	14.4200
294.59,	14.4100
295.24,	14.4100
295.89,	14.4000
296.54,	14.3800
297.19,	14.3500
297.84,	14.3200
298.49,	14.3100
299.13,	14.2900
299.78,	14.2400
300.43,	14.2000
301.08,	14.1600
301.73,	14.1000
302.38,	14.0300
303.02,	13.9900
303.67,	13.9600
304.32,	13.9400
304.97,	13.9400
305.62,	13.9100
306.27,	13.8900
306.91,	13.8700
307.56,	13.8600
308.21,	13.8400
308.86,	13.8100
309.51,	13.7900
310.15,	13.7800
310.80,	13.7800
311.45,	13.7700
312.10,	13.7700
312.75,	13.7600
313.39,	13.7600
314.04,	13.7700
314.69,	13.7700
315.34,	13.7700
315.98,	13.7700
316.63,	13.7800
317.28,	13.7900
317.93,	13.8000
318.57,	13.8000
319.22,	13.8100
319.87,	13.8300
320.52,	13.8400
321.16,	13.8300
321.81,	13.8300
322.46,	13.8200
323.10,	13.8100
323.75,	13.8000
324.40,	13.8000
325.04,	13.7900
325.69,	13.7900
326.34,	13.7900
326.99,	13.7900
327.63,	13.7900
328.28,	13.7800
328.93,	13.7700
329.57,	13.7500
330.22,	13.7300
330.86,	13.7200
331.51,	13.7000
332.16,	13.6800
332.80,	13.6800
333.45,	13.6800
334.10,	13.6700
334.74,	13.6700
335.39,	13.6600
336.03,	13.6600
336.68,	13.6500
337.33,	13.6300
337.97,	13.6300
338.62,	13.6200
339.26,	13.6100
339.91,	13.6100
340.56,	13.6000
341.20,	13.6000
341.85,	13.6000
342.49,	13.5900
343.14,	13.5900
343.78,	13.5800
344.43,	13.5600
345.08,	13.5400
345.72,	13.5300
346.37,	13.5000
347.01,	13.4600
347.66,	13.3900
348.30,	13.3300
348.95,	13.2900
349.59,	13.2600
350.24,	13.2400
350.88,	13.2300
351.53,	13.2300
352.17,	13.2200
352.82,	13.2200
353.46,	13.2200
354.11,	13.2300
354.75,	13.2200
355.40,	13.2200
356.04,	13.2200
356.69,	13.2100
357.33,	13.2000
357.98,	13.1900
358.62,	13.1800
359.27,	13.1700
359.91,	13.1800
360.55,	13.1700
361.20,	13.1600
361.84,	13.1600
362.49,	13.1600
363.13,	13.1600
363.78,	13.1500
364.42,	13.1500
365.06,	13.1500
365.71,	13.1500
366.35,	13.1500
367.00,	13.1500
367.64,	13.1500
368.28,	13.1400
368.93,	13.1400
369.57,	13.1400
370.22,	13.1400
370.86,	13.1400
371.50,	13.1300
372.15,	13.1200
372.79,	13.1200
373.43,	13.1100
374.08,	13.1100
374.72,	13.1000
375.36,	13.1000
376.01,	13.0900
376.65,	13.0900
377.29,	13.0900
377.94,	13.0800
378.58,	13.0500
379.22,	13.0300
379.87,	13.0000
380.51,	12.9800
381.15,	12.9600
381.79,	12.9500
382.44,	12.9300
383.08,	12.9200
383.72,	12.9100
384.37,	12.9100
385.01,	12.9000
385.65,	12.9000
386.29,	12.9000
386.94,	12.9000
387.58,	12.9000
388.22,	12.8900
388.86,	12.8700
389.51,	12.8600
390.15,	12.8300
390.79,	12.8100
391.43,	12.8000
392.08,	12.7800
392.72,	12.7700
393.36,	12.7600
394.00,	12.7400
394.64,	12.7200
395.29,	12.7100
395.93,	12.7100
396.57,	12.6900
397.21,	12.6700
397.85,	12.6600
398.50,	12.6400
399.14,	12.6200
399.78,	12.6000
400.42,	12.6000
401.06,	12.5900
401.70,	12.5900
402.34,	12.5900
402.99,	12.5700
403.63,	12.5600
404.27,	12.5500
404.91,	12.5500
405.55,	12.5300
406.19,	12.5300
406.83,	12.5200
407.48,	12.5100
408.12,	12.5100
408.76,	12.4900
409.40,	12.4800
410.04,	12.4700
410.68,	12.4700
411.32,	12.4600
411.96,	12.4500
412.60,	12.4400
413.24,	12.4300
413.88,	12.4200
414.52,	12.4000
415.17,	12.4100
415.81,	12.4100
416.45,	12.4000
417.09,	12.3800
417.73,	12.3700
418.37,	12.3600
419.01,	12.3500
419.65,	12.3400
420.29,	12.3300
420.93,	12.3200
421.57,	12.3000
422.21,	12.2800
422.85,	12.2600
423.49,	12.2300
424.13,	12.2100
424.77,	12.1900
425.41,	12.1700
426.05,	12.1600
426.69,	12.1600
427.33,	12.1500
427.97,	12.1300
428.61,	12.1200
429.25,	12.1100
429.89,	12.1000
430.53,	12.0900
431.17,	12.0800
431.80,	12.0700
432.44,	12.0500
433.08,	12.0500
433.72,	12.0400
434.36,	12.0400
435.00,	12.0400
435.64,	12.0400
436.28,	12.0400
436.92,	12.0400
437.56,	12.0300
438.20,	12.0200
438.84,	12.0100
439.47,	12.0000
440.11,	12.0000
440.75,	11.9900
441.39,	11.9800
442.03,	11.9700
442.67,	11.9700
443.31,	11.9500
443.95,	11.9500
444.58,	11.9400
445.22,	11.9200
445.86,	11.9100
446.50,	11.9000
447.14,	11.8900
447.78,	11.8700
448.41,	11.8600
449.05,	11.8500
449.69,	11.8300
450.33,	11.8200
450.97,	11.8000
451.60,	11.7900
452.24,	11.7700
452.88,	11.7500
453.52,	11.7300
454.16,	11.7200
454.79,	11.7100
455.43,	11.7000
456.07,	11.6900
456.71,	11.6900
457.35,	11.6900
457.98,	11.7000
458.62,	11.7100
459.26,	11.7100
459.90,	11.7100
460.53,	11.7100
461.17,	11.7100
461.81,	11.7000
462.44,	11.6900
463.08,	11.6800
463.72,	11.6600
464.36,	11.6400
464.99,	11.6200
465.63,	11.6000
466.27,	11.5700
466.90,	11.5500
467.54,	11.5400
468.18,	11.5200
468.81,	11.4900
469.45,	11.4700
470.09,	11.4500
470.72,	11.4300
471.36,	11.4200
472.00,	11.4100
472.63,	11.4000
473.27,	11.4000
473.91,	11.3900
474.54,	11.3900
475.18,	11.3900
475.82,	11.3800
476.45,	11.3800
477.09,	11.3800
477.73,	11.4000
478.36,	11.4000
479.00,	11.4000
479.63,	11.4000
480.27,	11.4000
480.91,	11.4000
481.54,	11.4000
482.18,	11.4000
482.81,	11.4000
483.45,	11.3900
484.08,	11.3900
484.72,	11.3900
485.36,	11.3800
485.99,	11.3800
486.63,	11.3700
487.26,	11.3600
487.90,	11.3400
488.53,	11.3100
489.17,	11.3000
489.80,	11.2900
490.44,	11.2800
491.07,	11.2800
491.71,	11.2800
492.34,	11.2700
492.98,	11.2600
493.62,	11.2300
494.25,	11.2200
494.89,	11.2100
495.52,	11.2000
496.15,	11.2000
496.79,	11.1800
497.42,	11.1600
498.06,	11.1500
498.69,	11.1400
499.33,	11.1300
499.96,	11.1100
500.60,	11.0800
501.23,	11.0600
501.87,	11.0500
502.50,	11.0400
503.14,	11.0400
503.77,	11.0300
504.40,	11.0300
505.04,	11.0400
505.67,	11.0400
506.31,	11.0400
506.94,	11.0500
507.57,	11.0500
508.21,	11.0600
508.84,	11.0700
509.48,	11.0700
510.11,	11.0800
510.74,	11.0800
511.38,	11.0800
512.01,	11.0700
512.65,	11.0600
513.28,	11.0500
513.91,	11.0500
514.55,	11.0400
515.18,	11.0400
515.81,	11.0300
516.45,	11.0200
517.08,	11.0100
517.71,	11.0100
518.35,	11.0000
518.98,	10.9900
519.61,	10.9900
520.25,	10.9800
520.88,	10.9800
521.51,	10.9700
522.15,	10.9700
522.78,	10.9700
523.41,	10.9600
524.04,	10.9500
524.68,	10.9400
525.31,	10.9100
525.94,	10.8900
526.58,	10.8800
527.21,	10.8700
527.84,	10.8700
528.47,	10.8500
529.11,	10.8100
529.74,	10.7800
530.37,	10.7700
531.00,	10.7700
531.64,	10.7600
532.27,	10.7500
532.90,	10.7500
533.53,	10.7300
534.17,	10.7100
534.80,	10.7000
535.43,	10.6900
536.06,	10.6800
536.69,	10.6800
537.33,	10.6900
537.96,	10.7100
538.59,	10.7400
539.22,	10.7600
539.85,	10.7600
540.48,	10.7700
541.12,	10.7600
541.75,	10.7600
542.38,	10.7600
543.01,	10.7600
543.64,	10.7500
544.27,	10.7300
544.91,	10.7200
545.54,	10.7100
546.17,	10.7100
546.80,	10.7000
547.43,	10.6900
548.06,	10.6800
548.69,	10.6800
549.32,	10.6700
549.95,	10.6700
550.59,	10.6800
551.22,	10.6900
551.85,	10.7000
552.48,	10.6900
553.11,	10.7000
553.74,	10.7000
554.37,	10.6900
555.00,	10.6900
555.63,	10.6900
556.26,	10.6800
556.89,	10.6700
557.52,	10.6600
558.15,	10.6500
558.78,	10.6500
559.42,	10.6500
560.05,	10.6400
560.68,	10.6400
561.31,	10.6400
561.94,	10.6400
562.57,	10.6300
563.20,	10.6300
563.83,	10.6200
564.46,	10.5900
565.09,	10.5800
565.72,	10.5700
566.35,	10.5600
566.98,	10.5300
567.61,	10.5100
568.24,	10.4900
568.87,	10.4900
569.50,	10.4700
570.12,	10.4600
570.75,	10.4500
571.38,	10.4400
572.01,	10.4200
572.64,	10.4100
573.27,	10.4000
573.90,	10.3900
574.53,	10.3800
575.16,	10.3700
575.79,	10.3500
576.42,	10.3300
577.05,	10.3200
577.68,	10.2900
578.31,	10.2700
578.93,	10.2500
579.56,	10.2400
580.19,	10.2200
580.82,	10.2000
581.45,	10.1800
582.08,	10.1600
582.71,	10.1400
583.34,	10.1200
583.97,	10.1100
584.59,	10.1100
585.22,	10.1000
585.85,	10.0700
586.48,	10.0300
587.11,	10.0100
587.74,	10.0000
588.36,	9.9900
588.99,	9.9900
589.62,	9.9800
590.25,	9.9800
590.88,	9.9400
591.50,	9.8800
592.13,	9.8600
592.76,	9.8400
593.39,	9.8300
594.02,	9.8200
594.64,	9.8000
595.27,	9.7900
595.90,	9.7800
596.53,	9.7800
597.16,	9.7700
597.78,	9.7600
598.41,	9.7500
599.04,	9.7400
599.67,	9.7200
600.29,	9.7000
600.92,	9.6800
601.55,	9.6800
602.18,	9.6700
602.80,	9.6600
603.43,	9.6500
604.06,	9.6400
604.68,	9.6300
605.31,	9.6100
605.94,	9.5900
606.57,	9.5800
607.19,	9.5800
607.82,	9.5700
608.45,	9.5600
609.07,	9.5600
609.70,	9.5500
610.33,	9.5400
610.95,	9.5300
611.58,	9.5200
612.21,	9.5000
612.83,	9.4900
613.46,	9.4800
614.09,	9.4700
614.71,	9.4700
615.34,	9.4600
615.97,	9.4600
616.59,	9.4500
617.22,	9.4400
617.84,	9.4300
618.47,	9.4300
619.10,	9.4200
619.72,	9.4100
620.35,	9.4000
620.97,	9.3800
621.60,	9.3500
622.23,	9.3200
622.85,	9.2900
623.48,	9.2600
624.10,	9.2200
624.73,	9.2000
625.35,	9.1800
625.98,	9.1600
626.61,	9.1500
627.23,	9.1400
627.86,	9.1300
628.48,	9.1100
629.11,	9.1000
629.73,	9.0800
630.36,	9.0600
630.98,	9.0200
631.61,	9.0000
632.23,	8.9800
632.86,	8.9600
633.48,	8.9400
634.11,	8.9300
634.73,	8.9100
635.36,	8.8900
635.98,	8.8700
636.61,	8.8300
637.23,	8.8000
637.86,	8.7800
638.48,	8.7600
639.11,	8.7500
639.73,	8.7400
640.36,	8.7300
640.98,	8.7300
641.61,	8.7200
642.23,	8.7100
642.85,	8.7100
643.48,	8.7100
644.10,	8.7100
644.73,	8.7200
645.35,	8.7200
645.98,	8.7200
646.60,	8.7100
647.22,	8.7100
647.85,	8.7100
648.47,	8.7000
649.10,	8.6900
649.72,	8.6800
650.34,	8.6800
650.97,	8.6700
651.59,	8.6700
652.22,	8.6600
652.84,	8.6500
653.46,	8.6400
654.09,	8.6300
654.71,	8.6300
655.33,	8.6300
655.96,	8.6200
656.58,	8.6200
657.20,	8.6200
657.83,	8.6100
658.45,	8.6000
659.07,	8.5900
659.70,	8.5800
660.32,	8.5700
660.94,	8.5700
661.57,	8.5500
662.19,	8.5400
662.81,	8.5300
663.43,	8.5000
664.06,	8.4800
664.68,	8.4700
665.30,	8.4700
665.93,	8.4800
666.55,	8.5000
667.17,	8.5200
667.79,	8.5200
668.42,	8.5300
669.04,	8.5300
669.66,	8.5300
670.28,	8.5300
670.91,	8.5300
671.53,	8.5400
672.15,	8.5500
672.77,	8.5500
673.39,	8.5500
674.02,	8.5600
674.64,	8.5600
675.26,	8.5500
675.88,	8.5400
676.50,	8.5300
677.13,	8.5100
677.75,	8.5100
678.37,	8.4900
678.99,	8.4800
679.61,	8.4700
680.24,	8.4600
680.86,	8.4500
681.48,	8.4400
682.10,	8.4400
682.72,	8.4300
683.34,	8.4100
683.96,	8.3700
684.59,	8.3400
685.21,	8.3200
685.83,	8.3100
686.45,	8.3100
687.07,	8.2900
687.69,	8.2800
688.31,	8.2700
688.93,	8.2500
689.56,	8.2300
690.18,	8.2200
690.80,	8.2100
691.42,	8.2000
692.04,	8.1900
692.66,	8.1800
693.28,	8.1700
693.90,	8.1700
694.52,	8.1600
695.14,	8.1400
695.76,	8.1200
696.38,	8.1100
697.00,	8.0900
697.62,	8.0800
698.25,	8.0700
698.87,	8.0500
699.49,	8.0400
700.11,	8.0300
700.73,	8.0200
701.35,	8.0100
701.97,	7.9900
702.59,	7.9600
703.21,	7.9300
703.83,	7.8900
704.45,	7.8700
705.07,	7.8600
705.69,	7.8600
706.31,	7.8600
706.93,	7.8500
707.55,	7.8500
708.17,	7.8500
708.79,	7.8500
709.40,	7.8400
710.02,	7.8400
710.64,	7.8400
711.26,	7.8400
711.88,	7.8300
712.50,	7.8300
713.12,	7.8200
713.74,	7.8200
714.36,	7.8200
714.98,	7.8100
715.60,	7.8100
716.22,	7.8000
716.84,	7.7900
717.45,	7.7800
718.07,	7.7700
718.69,	7.7500
719.31,	7.7300
719.93,	7.7000
720.55,	7.6900
721.17,	7.6700
721.79,	7.6500
722.41,	7.6300
723.02,	7.6200
723.64,	7.6100
724.26,	7.6100
724.88,	7.6000
725.50,	7.5900
726.12,	7.5900
726.73,	7.5700
727.35,	7.5300
727.97,	7.4900
728.59,	7.4700
729.21,	7.4600
729.83,	7.4500
730.44,	7.4500
731.06,	7.4400
731.68,	7.4400
732.30,	7.4400
732.92,	7.4400
733.53,	7.4400
734.15,	7.4400
734.77,	7.4300
735.39,	7.4300
736.00,	7.4200
736.62,	7.4200
737.24,	7.4200
737.86,	7.4100
738.47,	7.4200
739.09,	7.4100
739.71,	7.4100
740.33,	7.4100
740.94,	7.4100
741.56,	7.4000
742.18,	7.3800
742.79,	7.3700
743.41,	7.3600
744.03,	7.3600
744.65,	7.3500
745.26,	7.3500
745.88,	7.3500
746.50,	7.3400
747.11,	7.3300
747.73,	7.3200
748.35,	7.3100
748.96,	7.3000
749.58,	7.3000
750.20,	7.2900
750.81,	7.2700
751.43,	7.2600
752.05,	7.2600
752.66,	7.2500
753.28,	7.2400
753.90,	7.2200
754.51,	7.2000
755.13,	7.1800
755.74,	7.1600
756.36,	7.1400
756.98,	7.1200
757.59,	7.1100
758.21,	7.1000
758.82,	7.0900
759.44,	7.0600
760.06,	7.0300
760.67,	7.0200
761.29,	7.0100
761.90,	7.0000
762.52,	6.9900
763.14,	6.9700
763.75,	6.9500
764.37,	6.9300
764.98,	6.9200
765.60,	6.9000
766.21,	6.8800
766.83,	6.8400
767.44,	6.8200
768.06,	6.8100
768.67,	6.8000
769.29,	6.8000
769.90,	6.7900
770.52,	6.7900
771.14,	6.7800
771.75,	6.7700
772.37,	6.7700
772.98,	6.7500
773.59,	6.7400
774.21,	6.7200
774.82,	6.7100
775.44,	6.7000
776.05,	6.6800
776.67,	6.6500
777.28,	6.6300
777.90,	6.6100
778.51,	6.6000
779.13,	6.5900
779.74,	6.5900
780.36,	6.5900
780.97,	6.5900
781.58,	6.5900
782.20,	6.6100
782.81,	6.6100
783.43,	6.6200
784.04,	6.6200
784.66,	6.6200
785.27,	6.6200
785.88,	6.6200
786.50,	6.6100
787.11,	6.6000
787.73,	6.5700
788.34,	6.5600
788.95,	6.5600
789.57,	6.5600
790.18,	6.5600
790.79,	6.5500
791.41,	6.5400
792.02,	6.5300
792.63,	6.5300
793.25,	6.5300
793.86,	6.5200
794.47,	6.5200
795.09,	6.5200
795.70,	6.5100
796.31,	6.5000
796.93,	6.4800
797.54,	6.4800
798.15,	6.4700
798.77,	6.4700
799.38,	6.4600
799.99,	6.4500
800.61,	6.4400
801.22,	6.4300
801.83,	6.4300
802.44,	6.4200
803.06,	6.4100
803.67,	6.4000
804.28,	6.3800
804.90,	6.3700
805.51,	6.3600
806.12,	6.3500
806.73,	6.3400
807.34,	6.3300
807.96,	6.3200
808.57,	6.3100
809.18,	6.3000
809.79,	6.3000
810.41,	6.3000
811.02,	6.2900
811.63,	6.2700
812.24,	6.2400
812.85,	6.2300
813.47,	6.2200
814.08,	6.2200
814.69,	6.2100
815.30,	6.2000
815.91,	6.1900
816.53,	6.1900
817.14,	6.1800
817.75,	6.1800
818.36,	6.1800
818.97,	6.1800
819.58,	6.1700
820.20,	6.1700
820.81,	6.1600
821.42,	6.1500
822.03,	6.1400
822.64,	6.1300
823.25,	6.1100
823.86,	6.0900
824.47,	6.0700
825.09,	6.0500
825.70,	6.0300
826.31,	6.0300
826.92,	6.0200
827.53,	6.0100
828.14,	6.0000
828.75,	5.9900
829.36,	5.9800
829.97,	5.9800
830.58,	5.9700
831.19,	5.9700
831.80,	5.9600
832.42,	5.9500
833.03,	5.9500
833.64,	5.9400
834.25,	5.9400
834.86,	5.9400
835.47,	5.9300
836.08,	5.9300
836.69,	5.9200
837.30,	5.9100
837.91,	5.9000
838.52,	5.8800
839.13,	5.8400
839.74,	5.8100
840.35,	5.8000
840.96,	5.7900
841.57,	5.7800
842.18,	5.7800
842.79,	5.7700
843.40,	5.7600
844.01,	5.7600
844.62,	5.7500
845.23,	5.7500
845.84,	5.7500
846.45,	5.7500
847.06,	5.7400
847.67,	5.7300
848.27,	5.7300
848.88,	5.7100
849.49,	5.7000
850.10,	5.6900
850.71,	5.6800
851.32,	5.6800
851.93,	5.6800
852.54,	5.6700
853.15,	5.6700
853.76,	5.6600
854.37,	5.6600
854.98,	5.6500
855.58,	5.6500
856.19,	5.6500
856.80,	5.6500
857.41,	5.6400
858.02,	5.6300
858.63,	5.6300
859.24,	5.6300
859.85,	5.6200
860.45,	5.6100
861.06,	5.6000
861.67,	5.5800
862.28,	5.5600
862.89,	5.5300
863.50,	5.5200
864.10,	5.5100
864.71,	5.5100
865.32,	5.5100
865.93,	5.5100
866.54,	5.5100
867.14,	5.5200
867.75,	5.5100
868.36,	5.5100
868.97,	5.5000
869.58,	5.5000
870.18,	5.4900
870.79,	5.4800
871.40,	5.4700
872.01,	5.4500
872.61,	5.4300
873.22,	5.4200
873.83,	5.4200
874.44,	5.4100
875.04,	5.3900
875.65,	5.3800
876.26,	5.3700
876.87,	5.3600
877.47,	5.3600
878.08,	5.3500
878.69,	5.3500
879.29,	5.3500
879.90,	5.3400
880.51,	5.3400
881.12,	5.3400
881.72,	5.3400
882.33,	5.3400
882.94,	5.3400
883.54,	5.3400
884.15,	5.3400
884.76,	5.3400
885.36,	5.3300
885.97,	5.3300
886.58,	5.3200
887.18,	5.3100
887.79,	5.3100
888.40,	5.3100
889.00,	5.3100
889.61,	5.3100
890.22,	5.3100
890.82,	5.3100
891.43,	5.3100
892.03,	5.3100
892.64,	5.3100
893.25,	5.3200
893.85,	5.3200
894.46,	5.3300
895.06,	5.3300
895.67,	5.3300
896.28,	5.3300
896.88,	5.3200
897.49,	5.3100
898.09,	5.3100
898.70,	5.3100
899.30,	5.3100
899.91,	5.3100
900.52,	5.3000
901.12,	5.3000
901.73,	5.3000
902.33,	5.2900
902.94,	5.2900
903.54,	5.2800
904.15,	5.2700
904.75,	5.2500
905.36,	5.2200
905.96,	5.2100
906.57,	5.2000
907.17,	5.1900
907.78,	5.1900
908.38,	5.1800
908.99,	5.1700
909.59,	5.1700
910.20,	5.1700
910.80,	5.1600
911.41,	5.1500
912.01,	5.1300
912.62,	5.1200
913.22,	5.1100
913.83,	5.1000
914.43,	5.1000
915.03,	5.1000
915.64,	5.1000
916.24,	5.0900
916.85,	5.0700
917.45,	5.0400
918.06,	4.9900
918.66,	4.9400
919.26,	4.8800
919.87,	4.8400
920.47,	6.8600
921.08,	15.5100
921.68,	22.0000
922.28,	25.8700
922.89,	28.7400
923.49,	30.7000
924.10,	32.1800
924.70,	33.4600
925.30,	34.6100
925.91,	35.5000
926.51,	35.5000
927.11,	35.5000
927.72,	35.5000
928.32,	35.5000
928.92,	35.5000
929.53,	35.5000
930.13,	35.5000
930.74,	35.5000
931.34,	35.5000
931.94,	35.5000
932.54,	35.5000
933.15,	35.5000
933.75,	35.5000
934.35,	35.5000
934.96,	35.5000
935.56,	35.5000
936.16,	35.5000
936.77,	35.5000
937.37,	35.5000
937.97,	35.5000
938.57,	35.5000
939.18,	35.5000
939.78,	35.5000
940.38,	35.5000
940.98,	35.5000
941.59,	35.5000
942.19,	35.5000
942.79,	35.5000
943.39,	35.5000
944.00,	35.5000
944.60,	35.5000
945.20,	35.5000
945.80,	35.5000
946.40,	35.5000
947.01,	35.5000
947.61,	35.5000
948.21,	35.5000
948.81,	35.5000
949.41,	35.5000
950.02,	35.5000
950.62,	35.5000
951.22,	35.5000
951.82,	35.5000
952.42,	35.5000
953.02,	35.5000
953.63,	35.5000
954.23,	35.5000
954.83,	35.5000
955.43,	35.5000
956.03,	35.5000
956.63,	35.5000
957.24,	35.5000
957.84,	35.5000
958.44,	35.5000
959.04,	35.5000
959.64,	35.5000
960.24,	35.5000
960.84,	35.5000
961.44,	35.5000
962.04,	35.5000
962.64,	35.5000
963.25,	35.5000
963.85,	35.5000
964.45,	35.5000
965.05,	35.5000
965.65,	35.5000
966.25,	35.5000
966.85,	35.5000
967.45,	35.5000
968.05,	35.5000
968.65,	35.5000
969.25,	35.5000
969.85,	30.3600
970.45,	-2.5200
971.05,	-2.5200
971.65,	-2.5200
972.25,	-2.5200
972.85,	-2.5200
973.45,	-2.5200
974.05,	-2.5200
974.65,	-2.5200
975.25,	-2.5200
975.85,	-2.5200
976.45,	-2.5200
977.05,	-2.5200
977.65,	-2.5200
978.25,	-2.5200
978.85,	-2.5200
979.45,	-2.5200
980.05,	-2.5200
980.65,	-2.5200
981.25,	-2.5200
981.85,	-2.5200
982.45,	-2.5200
983.05,	-2.5200
983.65,	-2.5200
984.25,	-2.5200
984.85,	-2.5200
985.45,	-2.5200
986.04,	-2.5200
986.64,	-2.5200
987.24,	-2.5200
987.84,	-2.5200
988.44,	-2.5200
989.04,	-2.5200
989.64,	-2.5200
990.24,	-2.5200
990.84,	-2.5200
991.44,	-2.5200
992.03,	-2.5200
992.63,	-2.5200
993.23,	-2.5200
993.83,	-2.5200
994.43,	-2.5200
995.03,	-2.5200
995.63,	-2.5200
996.22,	-2.5200
996.82,	-2.5200
997.42,	-2.5200
998.02,	-2.5200
998.62,	-2.5200
999.21,	-2.5200
999.81,	-2.5200
1000.41,	-2.5200
