Call Sign = ZSDA,	Ship Name = SA Agulhas,	Lloyds Num = 0
Date = 01/31/2017,	Time = 21:32,	
Latitude = 51 55.45  S,	Longitude = 000 00.05  E
Instr = Sippican Deep Blue,	Card Type = Sippican MK-21,	
Wind Instr = ,	Measur Method = 
Probe Serial Num = -1,	Ship Dir = -1,	Ship Speed = -1.00
Wind Dir = 217,	Wind Speed = 25.10
Dry Bulb Temp = 1.50,	Total Water Depth = -1.00

Full Resolution Values
Depth,	 Temp
0.67,	2.3800
1.34,	2.3300
2.01,	2.3200
2.68,	2.3300
3.34,	2.3300
4.01,	2.3200
4.68,	2.3000
5.35,	2.2900
6.02,	2.2900
6.69,	2.2800
7.36,	2.3000
8.03,	2.3200
8.69,	2.3200
9.36,	2.3100
10.03,	2.3100
10.70,	2.3100
11.37,	2.3100
12.04,	2.3100
12.70,	2.3100
13.37,	2.3200
14.04,	2.3100
14.71,	2.3100
15.38,	2.3200
16.05,	2.3100
16.71,	2.3200
17.38,	2.3100
18.05,	2.3100
18.72,	2.3100
19.38,	2.3100
20.05,	2.3100
20.72,	2.3000
21.39,	2.3000
22.06,	2.3100
22.72,	2.3100
23.39,	2.3000
24.06,	2.3000
24.73,	2.3000
25.39,	2.2900
26.06,	2.2700
26.73,	2.2500
27.40,	2.2400
28.06,	2.2400
28.73,	2.2500
29.40,	2.2400
30.06,	2.2100
30.73,	2.1900
31.40,	2.1700
32.06,	2.1700
32.73,	2.1800
33.40,	2.1800
34.07,	2.1900
34.73,	2.1800
35.40,	2.1800
36.07,	2.1800
36.73,	2.1800
37.40,	2.1800
38.07,	2.1800
38.73,	2.1800
39.40,	2.1800
40.06,	2.1800
40.73,	2.1700
41.40,	2.1800
42.06,	2.1700
42.73,	2.1700
43.40,	2.1700
44.06,	2.1700
44.73,	2.1700
45.39,	2.1700
46.06,	2.1700
46.73,	2.1700
47.39,	2.1700
48.06,	2.1700
48.72,	2.1700
49.39,	2.1700
50.06,	2.1700
50.72,	2.1700
51.39,	2.1700
52.05,	2.1700
52.72,	2.1700
53.38,	2.1600
54.05,	2.1600
54.71,	2.1700
55.38,	2.1700
56.05,	2.1700
56.71,	2.1700
57.38,	2.1700
58.04,	2.1700
58.71,	2.1700
59.37,	2.1600
60.04,	2.1700
60.70,	2.1700
61.37,	2.1700
62.03,	2.1700
62.70,	2.1700
63.36,	2.1700
64.03,	2.1600
64.69,	2.1700
65.36,	2.1700
66.02,	2.1700
66.69,	2.1600
67.35,	2.1700
68.01,	2.1700
68.68,	2.1700
69.34,	2.1700
70.01,	2.1700
70.67,	2.1600
71.34,	2.1600
72.00,	2.1600
72.66,	2.1600
73.33,	2.1600
73.99,	2.1600
74.66,	2.1600
75.32,	2.1600
75.98,	2.1600
76.65,	2.1600
77.31,	2.1600
77.98,	2.1500
78.64,	2.1600
79.30,	2.1500
79.97,	2.1500
80.63,	2.1500
81.30,	2.1500
81.96,	2.1400
82.62,	2.1200
83.29,	2.0800
83.95,	2.0300
84.61,	1.9700
85.28,	1.8800
85.94,	1.8100
86.60,	1.7800
87.27,	1.7200
87.93,	1.6100
88.59,	1.4800
89.26,	1.3600
89.92,	1.2500
90.58,	1.1400
91.24,	0.9900
91.91,	0.8400
92.57,	0.6800
93.23,	0.5800
93.90,	0.5300
94.56,	0.5100
95.22,	0.5000
95.88,	0.5000
96.55,	0.4700
97.21,	0.4500
97.87,	0.4400
98.53,	0.4200
99.20,	0.4100
99.86,	0.3900
100.52,	0.3700
101.18,	0.3500
101.85,	0.3300
102.51,	0.3200
103.17,	0.2900
103.83,	0.2700
104.49,	0.2300
105.16,	0.1800
105.82,	0.1500
106.48,	0.1400
107.14,	0.1300
107.80,	0.1300
108.47,	0.1300
109.13,	0.1200
109.79,	0.1100
110.45,	0.1100
111.11,	0.1000
111.77,	0.1000
112.44,	0.1000
113.10,	0.1000
113.76,	0.1000
114.42,	0.1000
115.08,	0.0900
115.74,	0.0900
116.40,	0.0900
117.06,	0.1000
117.73,	0.0900
118.39,	0.0900
119.05,	0.0900
119.71,	0.1000
120.37,	0.1000
121.03,	0.1000
121.69,	0.1000
122.35,	0.1000
123.01,	0.1100
123.67,	0.1100
124.33,	0.1100
125.00,	0.1200
125.66,	0.1200
126.32,	0.1400
126.98,	0.1400
127.64,	0.1500
128.30,	0.1800
128.96,	0.2300
129.62,	0.2600
130.28,	0.2700
130.94,	0.2800
131.60,	0.3100
132.26,	0.3600
132.92,	0.3900
133.58,	0.4200
134.24,	0.4500
134.90,	0.4700
135.56,	0.4700
136.22,	0.4800
136.88,	0.4900
137.54,	0.5200
138.20,	0.5400
138.86,	0.5500
139.52,	0.5500
140.18,	0.5600
140.84,	0.5700
141.50,	0.5800
142.16,	0.5800
142.82,	0.5900
143.48,	0.5900
144.14,	0.5900
144.79,	0.6000
145.45,	0.6100
146.11,	0.6100
146.77,	0.6200
147.43,	0.6300
148.09,	0.6400
148.75,	0.6600
149.41,	0.6800
150.07,	0.6900
150.73,	0.7000
151.39,	0.7000
152.04,	0.7100
152.70,	0.7200
153.36,	0.7400
154.02,	0.7700
154.68,	0.7900
155.34,	0.8100
156.00,	0.8600
156.65,	0.9100
157.31,	0.9500
157.97,	0.9900
158.63,	1.0100
159.29,	1.0300
159.95,	1.0400
160.60,	1.0500
161.26,	1.0600
161.92,	1.0700
162.58,	1.0800
163.24,	1.0800
163.90,	1.0900
164.55,	1.1000
165.21,	1.1100
165.87,	1.1200
166.53,	1.1200
167.18,	1.1300
167.84,	1.1300
168.50,	1.1300
169.16,	1.1400
169.82,	1.1500
170.47,	1.1600
171.13,	1.1800
171.79,	1.2000
172.44,	1.2200
173.10,	1.2500
173.76,	1.2700
174.42,	1.2800
175.07,	1.2900
175.73,	1.3100
176.39,	1.3200
177.05,	1.3200
177.70,	1.3300
178.36,	1.3300
179.02,	1.3300
179.67,	1.3300
180.33,	1.3300
180.99,	1.3400
181.64,	1.3500
182.30,	1.3700
182.96,	1.4100
183.61,	1.4400
184.27,	1.4700
184.93,	1.5100
185.58,	1.5800
186.24,	1.6300
186.90,	1.6500
187.55,	1.6500
188.21,	1.6600
188.87,	1.6600
189.52,	1.6600
190.18,	1.6600
190.83,	1.6700
191.49,	1.6700
192.15,	1.6700
192.80,	1.6700
193.46,	1.6700
194.11,	1.6700
194.77,	1.6700
195.43,	1.6700
196.08,	1.6700
196.74,	1.6800
197.39,	1.6800
198.05,	1.6800
198.70,	1.6800
199.36,	1.6800
200.02,	1.6800
200.67,	1.6800
201.33,	1.6800
201.98,	1.6800
202.64,	1.6800
203.29,	1.6800
203.95,	1.6800
204.60,	1.6900
205.26,	1.7000
205.91,	1.7000
206.57,	1.7000
207.22,	1.7000
207.88,	1.7000
208.53,	1.7000
209.19,	1.7000
209.84,	1.7100
210.50,	1.7100
211.15,	1.7300
211.81,	1.7400
212.46,	1.7500
213.12,	1.7600
213.77,	1.7600
214.43,	1.7600
215.08,	1.7600
215.74,	1.7700
216.39,	1.7600
217.04,	1.7700
217.70,	1.7700
218.35,	1.7700
219.01,	1.7700
219.66,	1.7700
220.32,	1.7800
220.97,	1.7800
221.62,	1.7900
222.28,	1.7900
222.93,	1.8000
223.59,	1.8100
224.24,	1.8200
224.89,	1.8300
225.55,	1.8300
226.20,	1.8400
226.85,	1.8400
227.51,	1.8400
228.16,	1.8400
228.81,	1.8400
229.47,	1.8400
230.12,	1.8500
230.78,	1.8500
231.43,	1.8500
232.08,	1.8600
232.74,	1.8600
233.39,	1.8700
234.04,	1.9000
234.69,	1.9200
235.35,	1.9500
236.00,	1.9600
236.65,	1.9700
237.31,	1.9700
237.96,	1.9700
238.61,	1.9800
239.27,	1.9800
239.92,	1.9800
240.57,	1.9900
241.22,	1.9900
241.88,	1.9900
242.53,	1.9900
243.18,	1.9900
243.83,	1.9900
244.49,	2.0000
245.14,	1.9900
245.79,	1.9900
246.44,	2.0000
247.10,	1.9900
247.75,	1.9900
248.40,	1.9900
249.05,	2.0000
249.70,	2.0000
250.36,	2.0000
251.01,	2.0000
251.66,	2.0000
252.31,	2.0000
252.96,	2.0000
253.62,	2.0000
254.27,	2.0000
254.92,	2.0000
255.57,	2.0000
256.22,	2.0000
256.88,	2.0000
257.53,	2.0100
258.18,	2.0100
258.83,	2.0100
259.48,	2.0100
260.13,	2.0100
260.78,	2.0200
261.44,	2.0200
262.09,	2.0300
262.74,	2.0300
263.39,	2.0300
264.04,	2.0300
264.69,	2.0300
265.34,	2.0400
265.99,	2.0400
266.64,	2.0400
267.29,	2.0400
267.95,	2.0400
268.60,	2.0400
269.25,	2.0400
269.90,	2.0300
270.55,	2.0300
271.20,	2.0300
271.85,	2.0200
272.50,	2.0200
273.15,	2.0200
273.80,	2.0200
274.45,	2.0200
275.10,	2.0300
275.75,	2.0300
276.40,	2.0300
277.05,	2.0400
277.70,	2.0400
278.35,	2.0400
279.00,	2.0400
279.65,	2.0400
280.30,	2.0500
280.95,	2.0500
281.60,	2.0500
282.25,	2.0500
282.90,	2.0500
283.55,	2.0500
284.20,	2.0600
284.85,	2.0600
285.50,	2.0600
286.15,	2.0600
286.80,	2.0600
287.45,	2.0600
288.10,	2.0600
288.75,	2.0700
289.40,	2.0700
290.05,	2.0700
290.70,	2.0700
291.35,	2.0700
292.00,	2.0700
292.64,	2.0700
293.29,	2.0800
293.94,	2.0800
294.59,	2.0800
295.24,	2.0800
295.89,	2.0800
296.54,	2.0800
297.19,	2.0800
297.84,	2.0800
298.49,	2.0800
299.13,	2.0800
299.78,	2.0900
300.43,	2.0900
301.08,	2.0900
301.73,	2.0900
302.38,	2.0900
303.02,	2.0900
303.67,	2.0900
304.32,	2.0900
304.97,	2.0900
305.62,	2.0900
306.27,	2.1000
306.91,	2.0900
307.56,	2.0900
308.21,	2.1000
308.86,	2.1000
309.51,	2.0900
310.15,	2.1000
310.80,	2.1000
311.45,	2.0900
312.10,	2.1000
312.75,	2.1000
313.39,	2.1000
314.04,	2.1000
314.69,	2.1100
315.34,	2.1100
315.98,	2.1100
316.63,	2.1100
317.28,	2.1100
317.93,	2.1100
318.57,	2.1100
319.22,	2.1100
319.87,	2.1100
320.52,	2.1100
321.16,	2.1100
321.81,	2.1200
322.46,	2.1200
323.10,	2.1100
323.75,	2.1100
324.40,	2.1100
325.04,	2.1200
325.69,	2.1200
326.34,	2.1200
326.99,	2.1200
327.63,	2.1200
328.28,	2.1200
328.93,	2.1200
329.57,	2.1200
330.22,	2.1200
330.86,	2.1200
331.51,	2.1200
332.16,	2.1200
332.80,	2.1200
333.45,	2.1200
334.10,	2.1200
334.74,	2.1200
335.39,	2.1200
336.03,	2.1200
336.68,	2.1200
337.33,	2.1300
337.97,	2.1300
338.62,	2.1300
339.26,	2.1300
339.91,	2.1300
340.56,	2.1300
341.20,	2.1300
341.85,	2.1300
342.49,	2.1300
343.14,	2.1300
343.78,	2.1300
344.43,	2.1300
345.08,	2.1300
345.72,	2.1300
346.37,	2.1300
347.01,	2.1300
347.66,	2.1300
348.30,	2.1400
348.95,	2.1400
349.59,	2.1400
350.24,	2.1400
350.88,	2.1400
351.53,	2.1400
352.17,	2.1400
352.82,	2.1400
353.46,	2.1400
354.11,	2.1500
354.75,	2.1500
355.40,	2.1500
356.04,	2.1500
356.69,	2.1500
357.33,	2.1500
357.98,	2.1500
358.62,	2.1500
359.27,	2.1500
359.91,	2.1500
360.55,	2.1500
361.20,	2.1500
361.84,	2.1500
362.49,	2.1500
363.13,	2.1500
363.78,	2.1500
364.42,	2.1500
365.06,	2.1500
365.71,	2.1500
366.35,	2.1500
367.00,	2.1500
367.64,	2.1500
368.28,	2.1500
368.93,	2.1500
369.57,	2.1500
370.22,	2.1500
370.86,	2.1500
371.50,	2.1500
372.15,	2.1500
372.79,	2.1500
373.43,	2.1500
374.08,	2.1500
374.72,	2.1500
375.36,	2.1500
376.01,	2.1500
376.65,	2.1500
377.29,	2.1500
377.94,	2.1500
378.58,	2.1400
379.22,	2.1500
379.87,	2.1500
380.51,	2.1400
381.15,	2.1400
381.79,	2.1400
382.44,	2.1400
383.08,	2.1400
383.72,	2.1500
384.37,	2.1500
385.01,	2.1400
385.65,	2.1500
386.29,	2.1400
386.94,	2.1500
387.58,	2.1500
388.22,	2.1500
388.86,	2.1500
389.51,	2.1500
390.15,	2.1500
390.79,	2.1500
391.43,	2.1500
392.08,	2.1500
392.72,	2.1500
393.36,	2.1500
394.00,	2.1500
394.64,	2.1400
395.29,	2.1300
395.93,	2.1200
396.57,	2.1200
397.21,	2.1200
397.85,	2.1100
398.50,	2.1100
399.14,	2.1100
399.78,	2.1200
400.42,	2.1200
401.06,	2.1200
401.70,	2.1200
402.34,	2.1200
402.99,	2.1200
403.63,	2.1200
404.27,	2.1200
404.91,	2.1200
405.55,	2.1200
406.19,	2.1200
406.83,	2.1200
407.48,	2.1200
408.12,	2.1200
408.76,	2.1100
409.40,	2.1200
410.04,	2.1200
410.68,	2.1200
411.32,	2.1200
411.96,	2.1100
412.60,	2.1000
413.24,	2.0900
413.88,	2.0800
414.52,	2.0800
415.17,	2.0800
415.81,	2.0700
416.45,	2.0700
417.09,	2.0700
417.73,	2.0700
418.37,	2.0700
419.01,	2.0700
419.65,	2.0700
420.29,	2.0600
420.93,	2.0600
421.57,	2.0600
422.21,	2.0600
422.85,	2.0500
423.49,	2.0500
424.13,	2.0600
424.77,	2.0600
425.41,	2.0600
426.05,	2.0500
426.69,	2.0500
427.33,	2.0500
427.97,	2.0400
428.61,	2.0400
429.25,	2.0400
429.89,	2.0400
430.53,	2.0500
431.17,	2.0400
431.80,	2.0400
432.44,	2.0400
433.08,	2.0400
433.72,	2.0300
434.36,	2.0100
435.00,	2.0100
435.64,	2.0000
436.28,	1.9900
436.92,	1.9900
437.56,	1.9800
438.20,	1.9800
438.84,	1.9700
439.47,	1.9700
440.11,	1.9700
440.75,	1.9700
441.39,	1.9600
442.03,	1.9600
442.67,	1.9600
443.31,	1.9600
443.95,	1.9600
444.58,	1.9600
445.22,	1.9600
445.86,	1.9600
446.50,	1.9700
447.14,	1.9700
447.78,	1.9700
448.41,	1.9700
449.05,	1.9800
449.69,	1.9800
450.33,	1.9900
450.97,	2.0000
451.60,	2.0100
452.24,	2.0200
452.88,	2.0300
453.52,	2.0400
454.16,	2.0400
454.79,	2.0500
455.43,	2.0500
456.07,	2.0500
456.71,	2.0500
457.35,	2.0500
457.98,	2.0500
458.62,	2.0400
459.26,	2.0400
459.90,	2.0500
460.53,	2.0400
461.17,	2.0400
461.81,	2.0400
462.44,	2.0400
463.08,	2.0400
463.72,	2.0400
464.36,	2.0400
464.99,	2.0400
465.63,	2.0400
466.27,	2.0300
466.90,	2.0300
467.54,	2.0300
468.18,	2.0300
468.81,	2.0300
469.45,	2.0300
470.09,	2.0300
470.72,	2.0300
471.36,	2.0300
472.00,	2.0300
472.63,	2.0300
473.27,	2.0200
473.91,	2.0100
474.54,	2.0000
475.18,	1.9900
475.82,	1.9900
476.45,	1.9800
477.09,	1.9900
477.73,	1.9900
478.36,	1.9900
479.00,	1.9900
479.63,	2.0200
480.27,	2.0300
480.91,	2.0400
481.54,	2.0400
482.18,	2.0300
482.81,	2.0200
483.45,	2.0200
484.08,	2.0200
484.72,	2.0100
485.36,	2.0100
485.99,	2.0100
486.63,	2.0200
487.26,	2.0200
487.90,	2.0200
488.53,	2.0100
489.17,	2.0100
489.80,	2.0100
490.44,	2.0100
491.07,	2.0100
491.71,	2.0100
492.34,	2.0100
492.98,	2.0200
493.62,	2.0300
494.25,	2.0300
494.89,	2.0400
495.52,	2.0400
496.15,	2.0500
496.79,	2.0600
497.42,	2.0700
498.06,	2.0800
498.69,	2.0800
499.33,	2.0800
499.96,	2.0800
500.60,	2.0900
501.23,	2.0900
501.87,	2.0900
502.50,	2.0900
503.14,	2.0900
503.77,	2.0900
504.40,	2.0800
505.04,	2.0800
505.67,	2.0800
506.31,	2.0800
506.94,	2.0800
507.57,	2.0800
508.21,	2.0800
508.84,	2.0700
509.48,	2.0700
510.11,	2.0700
510.74,	2.0600
511.38,	2.0600
512.01,	2.0600
512.65,	2.0600
513.28,	2.0600
513.91,	2.0500
514.55,	2.0500
515.18,	2.0500
515.81,	2.0600
516.45,	2.0700
517.08,	2.0700
517.71,	2.0700
518.35,	2.0700
518.98,	2.0800
519.61,	2.0800
520.25,	2.0800
520.88,	2.0800
521.51,	2.0800
522.15,	2.0800
522.78,	2.0800
523.41,	2.0900
524.04,	2.0800
524.68,	2.0800
525.31,	2.0800
525.94,	2.0800
526.58,	2.0800
527.21,	2.0800
527.84,	2.0800
528.47,	2.0800
529.11,	2.0800
529.74,	2.0800
530.37,	2.0800
531.00,	2.0800
531.64,	2.0800
532.27,	2.0800
532.90,	2.0800
533.53,	2.0800
534.17,	2.0800
534.80,	2.0800
535.43,	2.0800
536.06,	2.0800
536.69,	2.0800
537.33,	2.0800
537.96,	2.0800
538.59,	2.0800
539.22,	2.0800
539.85,	2.0800
540.48,	2.0700
541.12,	2.0700
541.75,	2.0700
542.38,	2.0600
543.01,	2.0600
543.64,	2.0700
544.27,	2.0700
544.91,	2.0700
545.54,	2.0700
546.17,	2.0600
546.80,	2.0600
547.43,	2.0600
548.06,	2.0600
548.69,	2.0600
549.32,	2.0600
549.95,	2.0600
550.59,	2.0600
551.22,	2.0700
551.85,	2.0600
552.48,	2.0600
553.11,	2.0600
553.74,	2.0600
554.37,	2.0600
555.00,	2.0600
555.63,	2.0700
556.26,	2.0700
556.89,	2.0600
557.52,	2.0600
558.15,	2.0600
558.78,	2.0600
559.42,	2.0700
560.05,	2.0700
560.68,	2.0600
561.31,	2.0700
561.94,	2.0700
562.57,	2.0700
563.20,	2.0700
563.83,	2.0700
564.46,	2.0700
565.09,	2.0700
565.72,	2.0700
566.35,	2.0700
566.98,	2.0700
567.61,	2.0700
568.24,	2.0700
568.87,	2.0700
569.50,	2.0700
570.12,	2.0700
570.75,	2.0700
571.38,	2.0700
572.01,	2.0700
572.64,	2.0600
573.27,	2.0600
573.90,	2.0700
574.53,	2.0600
575.16,	2.0600
575.79,	2.0600
576.42,	2.0600
577.05,	2.0600
577.68,	2.0500
578.31,	2.0500
578.93,	2.0500
579.56,	2.0500
580.19,	2.0500
580.82,	2.0500
581.45,	2.0500
582.08,	2.0500
582.71,	2.0500
583.34,	2.0500
583.97,	2.0500
584.59,	2.0500
585.22,	2.0500
585.85,	2.0500
586.48,	2.0500
587.11,	2.0500
587.74,	2.0500
588.36,	2.0400
588.99,	2.0400
589.62,	2.0400
590.25,	2.0400
590.88,	2.0400
591.50,	2.0400
592.13,	2.0400
592.76,	2.0400
593.39,	2.0400
594.02,	2.0300
594.64,	2.0300
595.27,	2.0300
595.90,	2.0200
596.53,	2.0200
597.16,	2.0300
597.78,	2.0300
598.41,	2.0400
599.04,	2.0400
599.67,	2.0400
600.29,	2.0300
600.92,	2.0300
601.55,	2.0400
602.18,	2.0400
602.80,	2.0400
603.43,	2.0500
604.06,	2.0500
604.68,	2.0500
605.31,	2.0500
605.94,	2.0500
606.57,	2.0400
607.19,	2.0500
607.82,	2.0500
608.45,	2.0500
609.07,	2.0600
609.70,	2.0600
610.33,	2.0600
610.95,	2.0600
611.58,	2.0600
612.21,	2.0600
612.83,	2.0600
613.46,	2.0600
614.09,	2.0600
614.71,	2.0600
615.34,	2.0600
615.97,	2.0700
616.59,	2.0600
617.22,	2.0600
617.84,	2.0600
618.47,	2.0600
619.10,	2.0600
619.72,	2.0600
620.35,	2.0600
620.97,	2.0500
621.60,	2.0500
622.23,	2.0500
622.85,	2.0500
623.48,	2.0500
624.10,	2.0500
624.73,	2.0500
625.35,	2.0500
625.98,	2.0500
626.61,	2.0500
627.23,	2.0500
627.86,	2.0400
628.48,	2.0500
629.11,	2.0500
629.73,	2.0500
630.36,	2.0500
630.98,	2.0500
631.61,	2.0500
632.23,	2.0400
632.86,	2.0400
633.48,	2.0500
634.11,	2.0400
634.73,	2.0400
635.36,	2.0400
635.98,	2.0400
636.61,	2.0400
637.23,	2.0400
637.86,	2.0400
638.48,	2.0400
639.11,	2.0400
639.73,	2.0400
640.36,	2.0400
640.98,	2.0400
641.61,	2.0400
642.23,	2.0300
642.85,	2.0300
643.48,	2.0300
644.10,	2.0300
644.73,	2.0300
645.35,	2.0200
645.98,	2.0200
646.60,	2.0200
647.22,	2.0200
647.85,	2.0200
648.47,	2.0100
649.10,	2.0100
649.72,	2.0100
650.34,	2.0100
650.97,	2.0100
651.59,	2.0200
652.22,	2.0100
652.84,	2.0100
653.46,	2.0100
654.09,	2.0100
654.71,	2.0100
655.33,	2.0100
655.96,	2.0100
656.58,	2.0100
657.20,	2.0100
657.83,	2.0100
658.45,	2.0000
659.07,	2.0100
659.70,	2.0100
660.32,	2.0000
660.94,	2.0000
661.57,	2.0000
662.19,	2.0000
662.81,	2.0000
663.43,	2.0000
664.06,	2.0000
664.68,	2.0000
665.30,	2.0000
665.93,	2.0000
666.55,	2.0000
667.17,	2.0000
667.79,	2.0000
668.42,	2.0000
669.04,	2.0000
669.66,	2.0000
670.28,	2.0000
670.91,	2.0000
671.53,	1.9900
672.15,	2.0000
672.77,	2.0000
673.39,	2.0000
674.02,	2.0000
674.64,	2.0000
675.26,	2.0100
675.88,	2.0100
676.50,	2.0100
677.13,	2.0100
677.75,	2.0100
678.37,	2.0100
678.99,	2.0100
679.61,	2.0100
680.24,	2.0100
680.86,	2.0100
681.48,	2.0100
682.10,	2.0100
682.72,	2.0100
683.34,	2.0100
683.96,	2.0100
684.59,	2.0100
685.21,	2.0100
685.83,	2.0100
686.45,	2.0100
687.07,	2.0100
687.69,	2.0100
688.31,	2.0100
688.93,	2.0100
689.56,	2.0100
690.18,	2.0000
690.80,	1.9900
691.42,	1.9900
692.04,	1.9800
692.66,	1.9700
693.28,	1.9700
693.90,	1.9700
694.52,	1.9700
695.14,	1.9700
695.76,	1.9600
696.38,	1.9600
697.00,	1.9500
697.62,	1.9400
698.25,	1.9400
698.87,	1.9300
699.49,	1.9300
700.11,	1.9300
700.73,	1.9200
701.35,	1.9200
701.97,	1.9200
702.59,	1.9200
703.21,	1.9200
703.83,	1.9100
704.45,	1.9100
705.07,	1.9100
705.69,	1.9200
706.31,	1.9200
706.93,	1.9200
707.55,	1.9200
708.17,	1.9200
708.79,	1.9200
709.40,	1.9200
710.02,	1.9200
710.64,	1.9200
711.26,	1.9200
711.88,	1.9200
712.50,	1.9200
713.12,	1.9200
713.74,	1.9200
714.36,	1.9200
714.98,	1.9200
715.60,	1.9200
716.22,	1.9200
716.84,	1.9200
717.45,	1.9200
718.07,	1.9200
718.69,	1.9300
719.31,	1.9300
719.93,	1.9200
720.55,	1.9200
721.17,	1.9200
721.79,	1.9200
722.41,	1.9200
723.02,	1.9200
723.64,	1.9100
724.26,	1.9100
724.88,	1.9100
725.50,	1.9100
726.12,	1.9000
726.73,	1.9000
727.35,	1.9000
727.97,	1.9000
728.59,	1.9000
729.21,	1.9000
729.83,	1.9000
730.44,	1.9000
731.06,	1.9000
731.68,	1.9000
732.30,	1.9000
732.92,	1.9000
733.53,	1.9000
734.15,	1.9000
734.77,	1.9000
735.39,	1.9000
736.00,	1.9000
736.62,	1.9000
737.24,	1.9000
737.86,	1.9000
738.47,	1.9000
739.09,	1.9000
739.71,	1.8900
740.33,	1.8900
740.94,	1.8900
741.56,	1.8900
742.18,	1.8900
742.79,	1.8900
743.41,	1.8900
744.03,	1.8900
744.65,	1.8900
745.26,	1.8900
745.88,	1.8900
746.50,	1.8900
747.11,	1.9000
747.73,	1.8900
748.35,	1.8900
748.96,	1.8900
749.58,	1.8900
750.20,	1.8900
750.81,	1.8900
751.43,	1.8900
752.05,	1.8900
752.66,	1.8900
753.28,	1.8900
753.90,	1.8900
754.51,	1.8900
755.13,	1.8900
755.74,	1.8900
756.36,	1.8900
756.98,	1.8900
757.59,	1.8900
758.21,	1.8900
758.82,	1.8900
759.44,	1.8900
760.06,	1.8900
760.67,	1.8900
761.29,	1.8900
761.90,	1.8900
762.52,	1.8900
763.14,	1.8800
763.75,	1.8800
764.37,	1.8800
764.98,	1.8800
765.60,	1.8800
766.21,	1.8800
766.83,	1.8800
767.44,	1.8800
768.06,	1.8800
768.67,	1.8700
769.29,	1.8700
769.90,	1.8800
770.52,	1.8800
771.14,	1.8700
771.75,	1.8700
772.37,	1.8700
772.98,	1.8800
773.59,	1.8800
774.21,	1.8700
774.82,	1.8700
775.44,	1.8700
776.05,	1.8700
776.67,	1.8700
777.28,	1.8700
777.90,	1.8700
778.51,	1.8700
779.13,	1.8700
779.74,	1.8700
780.36,	1.8700
780.97,	1.8700
781.58,	1.8700
782.20,	1.8700
782.81,	1.8600
783.43,	1.8600
784.04,	1.8600
784.66,	1.8600
785.27,	1.8600
785.88,	1.8600
786.50,	1.8600
787.11,	1.8600
787.73,	1.8500
788.34,	1.8600
788.95,	1.8500
789.57,	1.8500
790.18,	1.8500
790.79,	1.8500
791.41,	1.8500
792.02,	1.8500
792.63,	1.8500
793.25,	1.8500
793.86,	1.8500
794.47,	1.8400
795.09,	1.8500
795.70,	1.8500
796.31,	1.8500
796.93,	1.8500
797.54,	1.8400
798.15,	1.8400
798.77,	1.8400
799.38,	1.8400
799.99,	1.8300
800.61,	1.8300
801.22,	1.8300
801.83,	1.8200
802.44,	1.8300
803.06,	1.8300
803.67,	1.8200
804.28,	1.8200
804.90,	1.8200
805.51,	1.8200
806.12,	1.8200
806.73,	1.8200
807.34,	1.8200
807.96,	1.8200
808.57,	1.8200
809.18,	1.8100
809.79,	1.8100
810.41,	1.8200
811.02,	1.8200
811.63,	1.8100
812.24,	1.8100
812.85,	1.8100
813.47,	1.8100
814.08,	1.8100
814.69,	1.8100
815.30,	1.8100
815.91,	1.8100
816.53,	1.8100
817.14,	1.8100
817.75,	1.8000
818.36,	1.8000
818.97,	1.8000
819.58,	1.7900
820.20,	1.7900
820.81,	1.7900
821.42,	1.7900
822.03,	1.7900
822.64,	1.7900
823.25,	1.8000
823.86,	1.8000
824.47,	1.8000
825.09,	1.8000
825.70,	1.7900
826.31,	1.8000
826.92,	1.8000
827.53,	1.8000
828.14,	1.8000
828.75,	1.7900
829.36,	1.7900
829.97,	1.7900
830.58,	1.7900
831.19,	1.7900
831.80,	1.7800
832.42,	1.7800
833.03,	1.7800
833.64,	1.7800
834.25,	1.7800
834.86,	1.7800
835.47,	1.7800
836.08,	1.7800
836.69,	1.7700
837.30,	1.7700
837.91,	1.7800
838.52,	1.7700
839.13,	1.7700
839.74,	1.7700
840.35,	1.7700
840.96,	1.7700
841.57,	1.7600
842.18,	1.7600
842.79,	1.7600
843.40,	1.7600
844.01,	1.7600
844.62,	1.7600
845.23,	1.7600
845.84,	1.7600
846.45,	1.7600
847.06,	1.7600
847.67,	1.7600
848.27,	1.7500
848.88,	1.7500
849.49,	1.7500
850.10,	1.7500
850.71,	1.7600
851.32,	1.7600
851.93,	1.7500
852.54,	1.7500
853.15,	1.7500
853.76,	1.7500
854.37,	1.7500
854.98,	1.7500
855.58,	1.7500
856.19,	1.7500
856.80,	1.7500
857.41,	1.7500
858.02,	1.7500
858.63,	1.7500
859.24,	1.7600
859.85,	1.7600
860.45,	1.7600
861.06,	1.7600
861.67,	1.7600
862.28,	1.7500
862.89,	1.7500
863.50,	1.7500
864.10,	1.7500
864.71,	1.7500
865.32,	1.7500
865.93,	1.7500
866.54,	1.7500
867.14,	1.7500
867.75,	1.7500
868.36,	1.7500
868.97,	1.7500
869.58,	1.7500
870.18,	1.7500
870.79,	1.7500
871.40,	1.7500
872.01,	1.7500
872.61,	1.7500
873.22,	1.7500
873.83,	1.7500
874.44,	1.7400
875.04,	1.7400
875.65,	1.7500
876.26,	1.7400
876.87,	1.7400
877.47,	1.7400
878.08,	1.7400
878.69,	1.7400
879.29,	1.7400
879.90,	1.7300
880.51,	1.7300
881.12,	1.7300
881.72,	1.7300
882.33,	1.7300
882.94,	1.7300
883.54,	1.7300
884.15,	1.7300
884.76,	1.7300
885.36,	1.7300
885.97,	1.7300
886.58,	1.7300
887.18,	1.7300
887.79,	1.7300
888.40,	1.7300
889.00,	1.7300
889.61,	1.7300
890.22,	1.7200
890.82,	1.7200
891.43,	1.7200
892.03,	1.7200
892.64,	1.7200
893.25,	1.7100
893.85,	1.7100
894.46,	1.7100
895.06,	1.7100
895.67,	1.7100
896.28,	1.7000
896.88,	1.7000
897.49,	1.7000
898.09,	1.7100
898.70,	1.7100
899.30,	1.7100
899.91,	1.7100
900.52,	1.7100
901.12,	1.7000
901.73,	1.7000
902.33,	1.6900
902.94,	1.6900
903.54,	1.6900
904.15,	1.6900
904.75,	1.6900
905.36,	1.6900
905.96,	1.6900
906.57,	1.6900
907.17,	1.7000
907.78,	1.7000
908.38,	1.7000
908.99,	1.7000
909.59,	1.7000
910.20,	1.7000
910.80,	1.7000
911.41,	1.7000
912.01,	1.7000
912.62,	1.7000
913.22,	1.7000
913.83,	1.7000
914.43,	1.7000
915.03,	1.7000
915.64,	1.7000
916.24,	1.7000
916.85,	1.7000
917.45,	1.7000
918.06,	1.7000
918.66,	1.7000
919.26,	1.6900
919.87,	1.6900
920.47,	1.6900
921.08,	1.6900
921.68,	1.6900
922.28,	1.6900
922.89,	1.6900
923.49,	1.6900
924.10,	1.6900
924.70,	1.6900
925.30,	1.6800
925.91,	1.6800
926.51,	1.6800
927.11,	1.6800
927.72,	1.6800
928.32,	1.6800
928.92,	1.6800
929.53,	1.6800
930.13,	1.6800
930.74,	1.6800
931.34,	1.9100
931.94,	4.8400
932.54,	11.5300
933.15,	15.1500
933.75,	16.4100
934.35,	17.3000
934.96,	18.0600
935.56,	18.7000
936.16,	19.6000
936.77,	23.8500
937.37,	33.4400
937.97,	35.5000
938.57,	35.5000
939.18,	35.5000
939.78,	35.5000
940.38,	-2.5200
940.98,	-2.5200
941.59,	-2.5200
942.19,	-2.5200
942.79,	-2.5200
943.39,	-2.5200
944.00,	-2.5200
944.60,	-2.5200
945.20,	-2.5200
945.80,	-2.5200
946.40,	-2.5200
947.01,	-2.5200
947.61,	-2.5200
948.21,	-2.5200
948.81,	-2.5200
949.41,	-2.5200
950.02,	-2.5200
950.62,	-2.5200
951.22,	-2.5200
951.82,	-2.5200
952.42,	-2.5200
953.02,	-2.5200
953.63,	-2.5200
954.23,	-2.5200
954.83,	-2.5200
955.43,	-2.5200
956.03,	-2.5200
956.63,	-2.5200
957.24,	-2.5200
957.84,	-2.5200
958.44,	-2.5200
959.04,	-2.5200
959.64,	-2.5200
960.24,	-2.5200
960.84,	-2.5200
961.44,	-2.5200
962.04,	-2.5200
962.64,	-2.5200
963.25,	-2.5200
963.85,	-2.5200
964.45,	-2.5200
965.05,	-2.5200
965.65,	-2.5200
966.25,	-2.5200
966.85,	-2.5200
967.45,	-2.5200
968.05,	-2.5200
968.65,	-2.5200
969.25,	-2.5200
969.85,	-2.5200
970.45,	-2.5200
971.05,	-2.5200
971.65,	-2.5200
972.25,	-2.5200
972.85,	-2.5200
973.45,	-2.5200
974.05,	-2.5200
974.65,	-2.5200
975.25,	-2.5200
975.85,	-2.5200
976.45,	-2.5200
977.05,	-2.5200
977.65,	-2.5200
978.25,	-2.5200
978.85,	-2.5200
979.45,	-2.5200
980.05,	-2.5200
980.65,	-2.5200
981.25,	-2.5200
981.85,	-2.5200
982.45,	-2.5200
983.05,	-2.5200
983.65,	-2.5200
984.25,	-2.5200
984.85,	-2.5200
985.45,	-2.5200
986.04,	-2.5200
986.64,	-2.5200
987.24,	-2.5200
987.84,	-2.5200
988.44,	-2.5200
989.04,	-2.5200
989.64,	-2.5200
990.24,	-2.5200
990.84,	-2.5200
991.44,	-2.5200
992.03,	-2.5200
992.63,	-2.5200
993.23,	-2.5200
993.83,	-2.5200
994.43,	-2.5200
995.03,	-2.5200
995.63,	-2.5200
996.22,	-2.5200
996.82,	-2.5200
997.42,	-2.5200
998.02,	-2.5200
998.62,	-2.5200
999.21,	-2.5200
999.81,	-2.5200
1000.41,	-2.5200
