Call Sign = ZSDA,	Ship Name = SA Agulhas,	Lloyds Num = 0
Date = 02/05/2017,	Time = 03:33,	
Latitude = 38 49.07  S,	Longitude = 012 13.39  E
Instr = Sippican Deep Blue,	Card Type = Sippican MK-21,	
Wind Instr = ,	Measur Method = 
Probe Serial Num = -1,	Ship Dir = -1,	Ship Speed = -1.00
Wind Dir = 179,	Wind Speed = 45.10
Dry Bulb Temp = 11.40,	Total Water Depth = -1.00

Full Resolution Values
Depth,	 Temp
0.67,	16.9700
1.34,	17.3900
2.01,	17.5100
2.68,	17.5500
3.34,	17.5600
4.01,	17.5600
4.68,	17.5600
5.35,	17.5600
6.02,	17.5600
6.69,	17.5600
7.36,	17.5600
8.03,	17.5600
8.69,	17.5600
9.36,	17.5500
10.03,	17.5500
10.70,	17.5500
11.37,	17.5500
12.04,	17.5600
12.70,	17.5700
13.37,	17.5600
14.04,	17.5600
14.71,	17.5600
15.38,	17.5600
16.05,	17.5600
16.71,	17.5700
17.38,	17.5800
18.05,	17.5700
18.72,	17.5700
19.38,	17.5700
20.05,	17.5800
20.72,	17.5800
21.39,	17.5700
22.06,	17.5600
22.72,	17.5600
23.39,	17.5700
24.06,	17.5700
24.73,	17.5700
25.39,	17.5600
26.06,	17.5600
26.73,	17.5600
27.40,	17.5600
28.06,	17.5600
28.73,	17.5700
29.40,	17.5700
30.06,	17.5700
30.73,	17.5700
31.40,	17.5700
32.06,	17.5700
32.73,	17.5700
33.40,	17.5700
34.07,	17.5700
34.73,	17.5600
35.40,	17.5700
36.07,	17.5700
36.73,	17.5700
37.40,	17.5700
38.07,	17.5600
38.73,	17.5600
39.40,	17.5600
40.06,	17.5700
40.73,	17.5600
41.40,	17.5500
42.06,	17.5500
42.73,	17.5400
43.40,	17.5400
44.06,	17.5200
44.73,	17.5200
45.39,	17.5200
46.06,	17.5100
46.73,	17.5200
47.39,	17.5200
48.06,	17.5200
48.72,	17.5100
49.39,	17.5100
50.06,	17.5100
50.72,	17.5000
51.39,	17.4600
52.05,	17.3700
52.72,	17.1400
53.38,	16.7900
54.05,	16.3700
54.71,	15.7100
55.38,	15.1900
56.05,	14.8900
56.71,	14.6300
57.38,	14.3600
58.04,	14.1000
58.71,	13.9600
59.37,	13.9200
60.04,	13.9000
60.70,	13.9000
61.37,	13.9200
62.03,	13.9500
62.70,	13.9700
63.36,	13.9800
64.03,	13.9900
64.69,	14.0500
65.36,	14.1400
66.02,	14.2000
66.69,	14.2400
67.35,	14.3000
68.01,	14.3700
68.68,	14.4100
69.34,	14.4000
70.01,	14.4100
70.67,	14.4300
71.34,	14.4500
72.00,	14.4600
72.66,	14.4600
73.33,	14.4700
73.99,	14.4600
74.66,	14.4000
75.32,	14.3500
75.98,	14.3200
76.65,	14.2700
77.31,	14.1900
77.98,	14.1300
78.64,	14.0700
79.30,	14.0100
79.97,	13.9200
80.63,	13.8500
81.30,	13.8200
81.96,	13.8300
82.62,	13.8700
83.29,	13.8900
83.95,	13.8800
84.61,	13.8600
85.28,	13.8500
85.94,	13.8400
86.60,	13.8200
87.27,	13.8200
87.93,	13.8100
88.59,	13.8000
89.26,	13.7900
89.92,	13.7800
90.58,	13.7600
91.24,	13.7300
91.91,	13.6900
92.57,	13.6600
93.23,	13.6200
93.90,	13.5900
94.56,	13.5500
95.22,	13.5000
95.88,	13.4800
96.55,	13.4700
97.21,	13.4600
97.87,	13.4500
98.53,	13.4300
99.20,	13.4200
99.86,	13.4000
100.52,	13.3700
101.18,	13.3500
101.85,	13.3300
102.51,	13.3100
103.17,	13.3000
103.83,	13.2900
104.49,	13.2900
105.16,	13.2700
105.82,	13.2500
106.48,	13.2400
107.14,	13.2000
107.80,	13.1600
108.47,	13.1400
109.13,	13.1200
109.79,	13.1100
110.45,	13.1000
111.11,	13.0800
111.77,	13.0700
112.44,	13.0400
113.10,	13.0200
113.76,	13.0000
114.42,	12.9800
115.08,	12.9600
115.74,	12.9500
116.40,	12.9300
117.06,	12.9200
117.73,	12.9100
118.39,	12.9000
119.05,	12.8800
119.71,	12.8700
120.37,	12.8700
121.03,	12.8600
121.69,	12.8400
122.35,	12.8100
123.01,	12.8000
123.67,	12.7800
124.33,	12.7700
125.00,	12.7600
125.66,	12.7500
126.32,	12.7500
126.98,	12.7500
127.64,	12.7500
128.30,	12.7500
128.96,	12.7500
129.62,	12.7500
130.28,	12.7500
130.94,	12.7400
131.60,	12.7400
132.26,	12.7400
132.92,	12.7500
133.58,	12.7500
134.24,	12.7500
134.90,	12.7400
135.56,	12.7400
136.22,	12.7300
136.88,	12.7200
137.54,	12.7200
138.20,	12.7100
138.86,	12.7000
139.52,	12.7000
140.18,	12.6900
140.84,	12.6900
141.50,	12.6800
142.16,	12.6600
142.82,	12.6400
143.48,	12.6300
144.14,	12.6100
144.79,	12.5800
145.45,	12.5600
146.11,	12.5400
146.77,	12.5200
147.43,	12.5000
148.09,	12.4900
148.75,	12.4600
149.41,	12.4100
150.07,	12.3500
150.73,	12.3400
151.39,	12.3900
152.04,	12.4700
152.70,	12.5200
153.36,	12.5400
154.02,	12.5500
154.68,	12.5400
155.34,	12.5300
156.00,	12.5100
156.65,	12.5000
157.31,	12.4900
157.97,	12.4800
158.63,	12.4700
159.29,	12.4700
159.95,	12.4600
160.60,	12.4700
161.26,	12.4700
161.92,	12.4600
162.58,	12.4600
163.24,	12.4600
163.90,	12.4600
164.55,	12.4600
165.21,	12.4600
165.87,	12.4700
166.53,	12.4700
167.18,	12.4800
167.84,	12.4900
168.50,	12.5000
169.16,	12.5100
169.82,	12.5100
170.47,	12.5200
171.13,	12.5400
171.79,	12.5400
172.44,	12.5400
173.10,	12.5400
173.76,	12.5400
174.42,	12.5500
175.07,	12.5600
175.73,	12.5800
176.39,	12.5900
177.05,	12.5900
177.70,	12.5900
178.36,	12.5900
179.02,	12.5900
179.67,	12.5900
180.33,	12.5800
180.99,	12.5800
181.64,	12.5800
182.30,	12.5700
182.96,	12.5700
183.61,	12.5500
184.27,	12.5600
184.93,	12.5800
185.58,	12.5900
186.24,	12.6100
186.90,	12.6600
187.55,	12.7000
188.21,	12.7800
188.87,	12.8700
189.52,	12.9200
190.18,	12.9300
190.83,	12.9400
191.49,	12.9400
192.15,	12.9400
192.80,	12.9400
193.46,	12.9400
194.11,	12.9400
194.77,	12.9400
195.43,	12.9400
196.08,	12.9400
196.74,	12.9300
197.39,	12.9100
198.05,	12.9000
198.70,	12.8900
199.36,	12.8800
200.02,	12.8700
200.67,	12.8800
201.33,	12.8900
201.98,	12.9000
202.64,	12.9100
203.29,	12.9000
203.95,	12.8800
204.60,	12.8700
205.26,	12.8700
205.91,	12.8600
206.57,	12.8600
207.22,	12.8500
207.88,	12.8300
208.53,	12.7900
209.19,	12.7500
209.84,	12.6700
210.50,	12.6000
211.15,	12.5200
211.81,	12.3900
212.46,	12.2800
213.12,	12.2200
213.77,	12.1900
214.43,	12.1800
215.08,	12.1900
215.74,	12.1900
216.39,	12.1900
217.04,	12.1900
217.70,	12.1900
218.35,	12.1900
219.01,	12.1900
219.66,	12.1900
220.32,	12.1900
220.97,	12.1900
221.62,	12.1700
222.28,	12.1300
222.93,	12.1000
223.59,	12.1100
224.24,	12.1900
224.89,	12.2600
225.55,	12.2500
226.20,	12.2200
226.85,	12.2000
227.51,	12.1700
228.16,	12.1200
228.81,	12.0800
229.47,	12.0600
230.12,	12.0600
230.78,	12.0600
231.43,	12.0700
232.08,	12.0800
232.74,	12.0900
233.39,	12.0900
234.04,	12.0800
234.69,	12.0300
235.35,	11.9600
236.00,	11.9100
236.65,	11.8800
237.31,	11.8700
237.96,	11.8600
238.61,	11.8600
239.27,	11.8500
239.92,	11.8400
240.57,	11.8400
241.22,	11.8400
241.88,	11.8400
242.53,	11.8400
243.18,	11.8500
243.83,	11.8600
244.49,	11.8600
245.14,	11.8600
245.79,	11.8600
246.44,	11.8500
247.10,	11.8500
247.75,	11.8500
248.40,	11.8400
249.05,	11.8400
249.70,	11.8400
250.36,	11.8400
251.01,	11.8300
251.66,	11.8300
252.31,	11.8200
252.96,	11.8000
253.62,	11.8000
254.27,	11.7900
254.92,	11.7900
255.57,	11.7800
256.22,	11.7800
256.88,	11.7800
257.53,	11.7700
258.18,	11.7600
258.83,	11.7500
259.48,	11.7300
260.13,	11.7000
260.78,	11.6500
261.44,	11.6100
262.09,	11.5900
262.74,	11.5800
263.39,	11.5800
264.04,	11.5800
264.69,	11.5800
265.34,	11.5700
265.99,	11.5700
266.64,	11.5700
267.29,	11.5700
267.95,	11.5700
268.60,	11.5600
269.25,	11.5500
269.90,	11.5400
270.55,	11.5100
271.20,	11.4700
271.85,	11.4600
272.50,	11.4700
273.15,	11.4800
273.80,	11.4800
274.45,	11.4700
275.10,	11.4500
275.75,	11.4100
276.40,	11.3800
277.05,	11.3500
277.70,	11.3200
278.35,	11.2900
279.00,	11.2700
279.65,	11.2400
280.30,	11.2100
280.95,	11.1700
281.60,	11.1400
282.25,	11.1300
282.90,	11.1200
283.55,	11.1100
284.20,	11.1100
284.85,	11.1000
285.50,	11.0900
286.15,	11.0800
286.80,	11.0600
287.45,	11.0500
288.10,	11.0400
288.75,	11.0400
289.40,	11.0400
290.05,	11.0300
290.70,	11.0100
291.35,	10.9900
292.00,	10.9700
292.64,	10.9600
293.29,	10.9400
293.94,	10.9000
294.59,	10.8700
295.24,	10.8200
295.89,	10.7900
296.54,	10.7700
297.19,	10.7600
297.84,	10.7500
298.49,	10.7400
299.13,	10.7300
299.78,	10.7300
300.43,	10.7200
301.08,	10.7100
301.73,	10.7000
302.38,	10.7000
303.02,	10.6900
303.67,	10.6900
304.32,	10.6800
304.97,	10.6800
305.62,	10.6700
306.27,	10.6700
306.91,	10.6800
307.56,	10.6900
308.21,	10.6900
308.86,	10.7000
309.51,	10.7000
310.15,	10.7000
310.80,	10.7000
311.45,	10.6900
312.10,	10.6800
312.75,	10.6600
313.39,	10.6600
314.04,	10.6400
314.69,	10.6200
315.34,	10.6100
315.98,	10.6000
316.63,	10.5900
317.28,	10.5900
317.93,	10.5900
318.57,	10.5900
319.22,	10.5900
319.87,	10.5800
320.52,	10.5800
321.16,	10.5800
321.81,	10.5800
322.46,	10.5800
323.10,	10.5800
323.75,	10.6000
324.40,	10.6000
325.04,	10.6100
325.69,	10.6300
326.34,	10.6400
326.99,	10.6500
327.63,	10.6600
328.28,	10.6700
328.93,	10.6700
329.57,	10.6500
330.22,	10.6300
330.86,	10.6200
331.51,	10.6100
332.16,	10.6100
332.80,	10.6000
333.45,	10.5800
334.10,	10.5500
334.74,	10.5300
335.39,	10.5000
336.03,	10.4600
336.68,	10.4100
337.33,	10.3700
337.97,	10.3500
338.62,	10.3300
339.26,	10.3100
339.91,	10.2600
340.56,	10.2000
341.20,	10.1400
341.85,	10.1200
342.49,	10.1100
343.14,	10.1000
343.78,	10.0900
344.43,	10.0900
345.08,	10.0800
345.72,	10.0700
346.37,	10.0600
347.01,	10.0500
347.66,	10.0300
348.30,	10.0100
348.95,	9.9700
349.59,	9.9400
350.24,	9.9200
350.88,	9.9100
351.53,	9.9100
352.17,	9.9100
352.82,	9.9000
353.46,	9.8900
354.11,	9.8900
354.75,	9.8900
355.40,	9.8900
356.04,	9.8900
356.69,	9.9000
357.33,	9.9000
357.98,	9.9000
358.62,	9.9000
359.27,	9.9000
359.91,	9.9100
360.55,	9.9200
361.20,	9.9300
361.84,	9.9400
362.49,	9.9500
363.13,	9.9800
363.78,	10.0200
364.42,	10.0500
365.06,	10.0600
365.71,	10.0700
366.35,	10.0700
367.00,	10.0600
367.64,	10.0600
368.28,	10.0500
368.93,	10.0500
369.57,	10.0400
370.22,	10.0400
370.86,	10.0400
371.50,	10.0400
372.15,	10.0300
372.79,	10.0200
373.43,	10.0100
374.08,	10.0100
374.72,	10.0000
375.36,	10.0000
376.01,	10.0000
376.65,	10.0000
377.29,	9.9800
377.94,	9.9800
378.58,	9.9800
379.22,	9.9800
379.87,	9.9800
380.51,	9.9800
381.15,	9.9700
381.79,	9.9600
382.44,	9.9500
383.08,	9.9500
383.72,	9.9500
384.37,	9.9400
385.01,	9.9200
385.65,	9.9100
386.29,	9.9000
386.94,	9.8800
387.58,	9.8700
388.22,	9.8600
388.86,	9.8500
389.51,	9.8400
390.15,	9.8400
390.79,	9.8400
391.43,	9.8200
392.08,	9.8100
392.72,	9.8100
393.36,	9.7900
394.00,	9.7700
394.64,	9.7500
395.29,	9.7400
395.93,	9.7300
396.57,	9.7200
397.21,	9.7100
397.85,	9.7000
398.50,	9.7000
399.14,	9.6900
399.78,	9.6800
400.42,	9.6800
401.06,	9.6800
401.70,	9.6700
402.34,	9.6700
402.99,	9.6700
403.63,	9.6700
404.27,	9.6800
404.91,	9.6800
405.55,	9.6700
406.19,	9.6700
406.83,	9.6700
407.48,	9.6700
408.12,	9.6700
408.76,	9.6600
409.40,	9.6600
410.04,	9.6600
410.68,	9.6500
411.32,	9.6500
411.96,	9.6500
412.60,	9.6500
413.24,	9.6500
413.88,	9.6500
414.52,	9.6400
415.17,	9.6200
415.81,	9.6000
416.45,	9.5900
417.09,	9.5700
417.73,	9.5500
418.37,	9.5300
419.01,	9.5200
419.65,	9.5100
420.29,	9.4900
420.93,	9.4700
421.57,	9.4700
422.21,	9.4600
422.85,	9.4500
423.49,	9.4500
424.13,	9.4400
424.77,	9.4300
425.41,	9.4200
426.05,	9.4200
426.69,	9.4200
427.33,	9.4100
427.97,	9.4000
428.61,	9.4000
429.25,	9.3900
429.89,	9.3800
430.53,	9.3900
431.17,	9.3800
431.80,	9.3800
432.44,	9.3800
433.08,	9.3700
433.72,	9.3600
434.36,	9.3600
435.00,	9.3500
435.64,	9.3400
436.28,	9.3200
436.92,	9.2900
437.56,	9.2800
438.20,	9.2800
438.84,	9.2800
439.47,	9.2600
440.11,	9.2500
440.75,	9.2400
441.39,	9.2400
442.03,	9.2300
442.67,	9.2200
443.31,	9.2200
443.95,	9.2100
444.58,	9.2000
445.22,	9.2000
445.86,	9.2000
446.50,	9.1900
447.14,	9.1800
447.78,	9.1700
448.41,	9.1600
449.05,	9.1500
449.69,	9.1400
450.33,	9.1400
450.97,	9.1400
451.60,	9.1300
452.24,	9.1200
452.88,	9.1000
453.52,	9.0800
454.16,	9.0600
454.79,	9.0500
455.43,	9.0400
456.07,	9.0400
456.71,	9.0400
457.35,	9.0400
457.98,	9.0400
458.62,	9.0400
459.26,	9.0400
459.90,	9.0400
460.53,	9.0400
461.17,	9.0300
461.81,	9.0200
462.44,	9.0000
463.08,	8.9900
463.72,	8.9800
464.36,	8.9700
464.99,	8.9500
465.63,	8.9400
466.27,	8.9200
466.90,	8.9100
467.54,	8.9000
468.18,	8.9000
468.81,	8.8900
469.45,	8.8700
470.09,	8.8600
470.72,	8.8500
471.36,	8.8400
472.00,	8.8300
472.63,	8.8300
473.27,	8.8300
473.91,	8.8200
474.54,	8.8200
475.18,	8.8100
475.82,	8.7900
476.45,	8.7800
477.09,	8.7700
477.73,	8.7700
478.36,	8.7600
479.00,	8.7500
479.63,	8.7400
480.27,	8.7300
480.91,	8.7100
481.54,	8.6900
482.18,	8.6800
482.81,	8.6800
483.45,	8.6700
484.08,	8.6600
484.72,	8.6500
485.36,	8.6500
485.99,	8.6400
486.63,	8.6300
487.26,	8.6300
487.90,	8.6300
488.53,	8.6300
489.17,	8.6300
489.80,	8.6200
490.44,	8.6100
491.07,	8.6100
491.71,	8.6000
492.34,	8.5800
492.98,	8.5800
493.62,	8.5800
494.25,	8.5700
494.89,	8.5600
495.52,	8.5500
496.15,	8.5600
496.79,	8.5500
497.42,	8.5400
498.06,	8.5200
498.69,	8.5000
499.33,	8.4900
499.96,	8.4800
500.60,	8.4700
501.23,	8.4500
501.87,	8.4400
502.50,	8.4400
503.14,	8.4300
503.77,	8.4300
504.40,	8.4200
505.04,	8.4100
505.67,	8.4000
506.31,	8.3800
506.94,	8.3600
507.57,	8.3500
508.21,	8.3400
508.84,	8.3400
509.48,	8.3300
510.11,	8.3200
510.74,	8.3100
511.38,	8.3000
512.01,	8.3100
512.65,	8.3100
513.28,	8.3100
513.91,	8.3100
514.55,	8.3100
515.18,	8.3200
515.81,	8.3200
516.45,	8.3300
517.08,	8.3300
517.71,	8.3300
518.35,	8.3200
518.98,	8.3100
519.61,	8.2900
520.25,	8.2800
520.88,	8.2600
521.51,	8.2300
522.15,	8.2000
522.78,	8.1800
523.41,	8.1600
524.04,	8.1500
524.68,	8.1300
525.31,	8.1300
525.94,	8.1300
526.58,	8.1100
527.21,	8.1100
527.84,	8.1100
528.47,	8.1000
529.11,	8.0900
529.74,	8.0800
530.37,	8.0700
531.00,	8.0700
531.64,	8.0600
532.27,	8.0600
532.90,	8.0500
533.53,	8.0500
534.17,	8.0500
534.80,	8.0500
535.43,	8.0300
536.06,	8.0100
536.69,	7.9900
537.33,	7.9700
537.96,	7.9500
538.59,	7.9300
539.22,	7.9100
539.85,	7.8900
540.48,	7.8800
541.12,	7.8600
541.75,	7.8200
542.38,	7.7900
543.01,	7.7500
543.64,	7.7200
544.27,	7.7000
544.91,	7.6900
545.54,	7.6800
546.17,	7.6800
546.80,	7.6800
547.43,	7.6800
548.06,	7.6500
548.69,	7.6200
549.32,	7.5900
549.95,	7.5700
550.59,	7.5500
551.22,	7.5200
551.85,	7.4900
552.48,	7.4500
553.11,	7.4100
553.74,	7.3900
554.37,	7.3700
555.00,	7.3600
555.63,	7.3500
556.26,	7.3300
556.89,	7.3300
557.52,	7.3200
558.15,	7.3100
558.78,	7.3000
559.42,	7.2900
560.05,	7.2900
560.68,	7.2800
561.31,	7.2800
561.94,	7.2800
562.57,	7.2600
563.20,	7.2500
563.83,	7.2400
564.46,	7.2300
565.09,	7.2300
565.72,	7.2100
566.35,	7.2000
566.98,	7.1900
567.61,	7.1900
568.24,	7.1800
568.87,	7.1700
569.50,	7.1600
570.12,	7.1300
570.75,	7.0900
571.38,	7.0600
572.01,	7.0500
572.64,	7.0400
573.27,	7.0300
573.90,	7.0200
574.53,	7.0100
575.16,	7.0000
575.79,	6.9900
576.42,	7.0000
577.05,	7.0100
577.68,	7.0400
578.31,	7.1200
578.93,	7.1700
579.56,	7.2200
580.19,	7.2700
580.82,	7.2900
581.45,	7.3000
582.08,	7.3100
582.71,	7.3200
583.34,	7.3200
583.97,	7.3300
584.59,	7.3300
585.22,	7.3300
585.85,	7.3300
586.48,	7.3300
587.11,	7.3300
587.74,	7.3200
588.36,	7.3100
588.99,	7.3000
589.62,	7.2900
590.25,	7.2800
590.88,	7.2600
591.50,	7.2500
592.13,	7.2400
592.76,	7.2200
593.39,	7.1900
594.02,	7.1700
594.64,	7.1600
595.27,	7.1500
595.90,	7.1200
596.53,	7.1000
597.16,	7.0700
597.78,	7.0200
598.41,	6.9800
599.04,	6.9500
599.67,	6.9200
600.29,	6.9100
600.92,	6.8700
601.55,	6.8400
602.18,	6.8200
602.80,	6.8200
603.43,	6.8100
604.06,	6.8100
604.68,	6.8100
605.31,	6.8000
605.94,	6.8000
606.57,	6.7900
607.19,	6.7700
607.82,	6.7500
608.45,	6.7400
609.07,	6.7300
609.70,	6.7100
610.33,	6.6900
610.95,	6.6700
611.58,	6.6600
612.21,	6.6300
612.83,	6.6100
613.46,	6.6200
614.09,	6.6300
614.71,	6.6200
615.34,	6.6100
615.97,	6.6000
616.59,	6.5800
617.22,	6.5800
617.84,	6.5700
618.47,	6.5600
619.10,	6.5400
619.72,	6.5200
620.35,	6.5100
620.97,	6.5000
621.60,	6.4700
622.23,	6.4500
622.85,	6.4300
623.48,	6.4300
624.10,	6.4400
624.73,	6.4500
625.35,	6.4500
625.98,	6.4400
626.61,	6.4100
627.23,	6.3800
627.86,	6.3700
628.48,	6.3700
629.11,	6.3800
629.73,	6.4000
630.36,	6.3900
630.98,	6.3700
631.61,	6.3600
632.23,	6.3400
632.86,	6.3200
633.48,	6.3100
634.11,	6.3100
634.73,	6.3000
635.36,	6.3000
635.98,	6.3000
636.61,	6.2900
637.23,	6.2800
637.86,	6.2800
638.48,	6.2800
639.11,	6.2800
639.73,	6.2800
640.36,	6.2800
640.98,	6.2800
641.61,	6.2800
642.23,	6.2800
642.85,	6.2700
643.48,	6.2600
644.10,	6.2300
644.73,	6.2200
645.35,	6.2100
645.98,	6.2000
646.60,	6.2000
647.22,	6.1900
647.85,	6.1900
648.47,	6.1800
649.10,	6.1800
649.72,	6.1600
650.34,	6.1300
650.97,	6.1000
651.59,	6.0700
652.22,	6.0400
652.84,	6.0200
653.46,	5.9900
654.09,	5.9700
654.71,	5.9800
655.33,	5.9800
655.96,	5.9800
656.58,	5.9800
657.20,	5.9700
657.83,	5.9600
658.45,	5.9500
659.07,	5.9300
659.70,	5.9200
660.32,	5.9100
660.94,	5.9100
661.57,	5.9100
662.19,	5.9100
662.81,	5.9100
663.43,	5.9100
664.06,	5.9000
664.68,	5.9100
665.30,	5.9000
665.93,	5.9100
666.55,	5.9200
667.17,	5.9300
667.79,	5.9300
668.42,	5.9300
669.04,	5.9400
669.66,	5.9400
670.28,	5.9500
670.91,	5.9500
671.53,	5.9500
672.15,	5.9600
672.77,	5.9600
673.39,	5.9600
674.02,	5.9600
674.64,	5.9700
675.26,	5.9800
675.88,	5.9900
676.50,	5.9900
677.13,	5.9900
677.75,	5.9900
678.37,	5.9900
678.99,	5.9900
679.61,	6.0000
680.24,	6.0000
680.86,	5.9900
681.48,	5.9900
682.10,	5.9900
682.72,	5.9900
683.34,	5.9900
683.96,	5.9900
684.59,	5.9900
685.21,	5.9800
685.83,	5.9800
686.45,	5.9800
687.07,	5.9800
687.69,	5.9800
688.31,	5.9800
688.93,	5.9800
689.56,	5.9700
690.18,	5.9600
690.80,	5.9500
691.42,	5.9400
692.04,	5.9200
692.66,	5.9000
693.28,	5.8800
693.90,	5.8700
694.52,	5.8500
695.14,	5.8400
695.76,	5.8400
696.38,	5.8400
697.00,	5.8300
697.62,	5.8300
698.25,	5.8300
698.87,	5.8300
699.49,	5.8200
700.11,	5.8200
700.73,	5.8100
701.35,	5.8100
701.97,	5.8000
702.59,	5.7900
703.21,	5.7800
703.83,	5.7800
704.45,	5.7700
705.07,	5.7700
705.69,	5.7700
706.31,	5.7700
706.93,	5.7600
707.55,	5.7600
708.17,	5.7600
708.79,	5.7500
709.40,	5.7400
710.02,	5.7300
710.64,	5.7100
711.26,	5.7000
711.88,	5.6900
712.50,	5.6600
713.12,	5.6400
713.74,	5.6300
714.36,	5.6200
714.98,	5.6200
715.60,	5.6200
716.22,	5.6200
716.84,	5.6200
717.45,	5.6300
718.07,	5.6300
718.69,	5.6400
719.31,	5.6400
719.93,	5.6500
720.55,	5.6500
721.17,	5.6500
721.79,	5.6500
722.41,	5.6500
723.02,	5.6600
723.64,	5.6500
724.26,	5.6500
724.88,	5.6500
725.50,	5.6400
726.12,	5.6400
726.73,	5.6400
727.35,	5.6200
727.97,	5.6000
728.59,	5.5900
729.21,	5.5700
729.83,	5.5700
730.44,	5.5600
731.06,	5.5500
731.68,	5.5500
732.30,	5.5500
732.92,	5.5400
733.53,	5.5400
734.15,	5.5400
734.77,	5.5400
735.39,	5.5400
736.00,	5.5400
736.62,	5.5400
737.24,	5.5300
737.86,	5.5200
738.47,	5.5200
739.09,	5.5200
739.71,	5.5200
740.33,	5.5200
740.94,	5.5100
741.56,	5.5100
742.18,	5.4900
742.79,	5.4800
743.41,	5.4700
744.03,	5.4700
744.65,	5.4700
745.26,	5.4600
745.88,	5.4600
746.50,	5.4600
747.11,	5.4600
747.73,	5.4600
748.35,	5.4600
748.96,	5.4600
749.58,	5.4500
750.20,	5.4400
750.81,	5.4100
751.43,	5.4000
752.05,	5.3900
752.66,	5.3800
753.28,	5.3700
753.90,	5.3600
754.51,	5.3500
755.13,	5.3500
755.74,	5.3500
756.36,	5.3500
756.98,	5.3400
757.59,	5.3400
758.21,	5.3200
758.82,	5.3100
759.44,	5.3000
760.06,	5.3100
760.67,	5.3300
761.29,	5.3500
761.90,	5.4000
762.52,	5.4400
763.14,	5.4600
763.75,	5.4600
764.37,	5.4600
764.98,	5.4600
765.60,	5.4600
766.21,	5.4400
766.83,	5.4200
767.44,	5.3900
768.06,	5.3400
768.67,	5.3100
769.29,	5.3000
769.90,	5.3000
770.52,	5.3000
771.14,	5.2900
771.75,	5.2800
772.37,	5.2800
772.98,	5.3000
773.59,	5.3100
774.21,	5.3400
774.82,	5.3600
775.44,	5.3700
776.05,	5.3800
776.67,	5.3800
777.28,	5.3800
777.90,	5.3700
778.51,	5.3700
779.13,	5.3900
779.74,	5.4200
780.36,	5.4400
780.97,	5.4600
781.58,	5.4800
782.20,	5.4800
782.81,	5.4700
783.43,	5.4700
784.04,	5.4700
784.66,	5.4800
785.27,	5.4800
785.88,	5.4700
786.50,	5.4600
787.11,	5.4500
787.73,	5.4500
788.34,	5.4400
788.95,	5.4400
789.57,	5.4400
790.18,	5.4300
790.79,	5.4200
791.41,	5.4100
792.02,	5.4100
792.63,	5.4000
793.25,	5.3900
793.86,	5.3800
794.47,	5.3500
795.09,	5.3300
795.70,	5.2900
796.31,	5.2300
796.93,	5.1500
797.54,	5.1000
798.15,	5.0800
798.77,	5.0700
799.38,	5.0700
799.99,	5.0700
800.61,	5.1000
801.22,	5.1200
801.83,	5.1300
802.44,	5.1300
803.06,	5.1300
803.67,	5.1200
804.28,	5.1200
804.90,	5.1100
805.51,	5.1000
806.12,	5.1000
806.73,	5.0900
807.34,	5.0900
807.96,	5.0800
808.57,	5.0700
809.18,	5.0500
809.79,	5.0300
810.41,	5.0100
811.02,	5.0100
811.63,	5.0000
812.24,	4.9800
812.85,	4.9500
813.47,	4.9400
814.08,	4.9200
814.69,	4.9100
815.30,	4.9100
815.91,	4.9000
816.53,	4.8900
817.14,	4.8900
817.75,	4.8800
818.36,	4.8800
818.97,	4.8800
819.58,	4.8900
820.20,	4.9100
820.81,	4.9200
821.42,	4.9300
822.03,	4.9400
822.64,	4.9300
823.25,	4.9100
823.86,	4.9000
824.47,	4.8900
825.09,	4.8700
825.70,	4.8400
826.31,	4.7900
826.92,	4.7400
827.53,	4.7100
828.14,	4.6900
828.75,	4.6800
829.36,	4.6900
829.97,	4.6900
830.58,	4.7000
831.19,	4.7100
831.80,	4.7200
832.42,	4.7200
833.03,	4.7200
833.64,	4.7300
834.25,	4.7500
834.86,	4.7500
835.47,	4.7400
836.08,	4.7200
836.69,	4.6900
837.30,	4.6800
837.91,	4.6700
838.52,	4.6700
839.13,	4.6600
839.74,	4.6400
840.35,	4.6200
840.96,	4.6300
841.57,	4.6500
842.18,	4.6600
842.79,	4.6500
843.40,	4.6500
844.01,	4.6400
844.62,	4.6300
845.23,	4.6200
845.84,	4.6200
846.45,	4.6100
847.06,	4.5900
847.67,	4.5600
848.27,	4.5600
848.88,	4.5500
849.49,	4.5500
850.10,	4.5400
850.71,	4.5300
851.32,	4.5400
851.93,	4.5400
852.54,	4.5400
853.15,	4.5300
853.76,	4.5100
854.37,	4.5000
854.98,	4.5000
855.58,	4.5000
856.19,	4.5000
856.80,	4.5000
857.41,	4.4800
858.02,	4.4800
858.63,	4.4800
859.24,	4.4700
859.85,	4.4700
860.45,	4.4700
861.06,	4.4700
861.67,	4.4600
862.28,	4.4600
862.89,	4.4600
863.50,	4.4500
864.10,	4.4500
864.71,	4.4400
865.32,	4.4400
865.93,	4.4300
866.54,	4.4200
867.14,	4.4200
867.75,	4.4100
868.36,	4.4100
868.97,	4.4100
869.58,	4.4100
870.18,	4.4100
870.79,	4.4100
871.40,	4.4000
872.01,	4.4000
872.61,	4.4000
873.22,	4.4000
873.83,	4.4000
874.44,	4.3900
875.04,	4.3900
875.65,	4.3900
876.26,	4.3800
876.87,	4.3800
877.47,	4.3800
878.08,	4.3700
878.69,	4.3700
879.29,	4.3700
879.90,	4.3600
880.51,	4.3600
881.12,	4.3500
881.72,	4.3400
882.33,	4.3400
882.94,	4.3400
883.54,	4.3300
884.15,	4.3200
884.76,	4.3100
885.36,	4.3100
885.97,	4.3100
886.58,	4.3200
887.18,	4.3400
887.79,	4.3400
888.40,	4.3500
889.00,	4.3700
889.61,	4.4100
890.22,	4.4500
890.82,	4.5000
891.43,	4.5300
892.03,	4.5500
892.64,	4.5600
893.25,	4.5600
893.85,	4.5600
894.46,	4.5600
895.06,	4.5500
895.67,	4.5500
896.28,	4.5500
896.88,	4.5500
897.49,	4.5400
898.09,	4.5300
898.70,	4.5300
899.30,	4.5300
899.91,	4.5300
900.52,	4.5300
901.12,	4.5300
901.73,	4.5300
902.33,	4.5300
902.94,	4.5300
903.54,	4.5300
904.15,	4.5300
904.75,	4.5200
905.36,	4.5100
905.96,	4.5100
906.57,	4.5000
907.17,	4.5000
907.78,	4.5000
908.38,	4.4900
908.99,	4.4900
909.59,	4.4900
910.20,	4.4900
910.80,	4.4900
911.41,	4.4800
912.01,	4.4700
912.62,	4.4700
913.22,	4.4700
913.83,	4.4700
914.43,	4.4500
915.03,	4.4500
915.64,	4.4400
916.24,	4.4300
916.85,	4.4300
917.45,	4.4300
918.06,	4.4200
918.66,	4.4100
919.26,	4.3900
919.87,	4.3800
920.47,	4.3700
921.08,	4.3700
921.68,	4.3700
922.28,	4.3700
922.89,	4.3700
923.49,	4.3700
924.10,	4.3700
924.70,	4.3700
925.30,	4.3700
925.91,	4.3600
926.51,	4.3600
927.11,	4.3500
927.72,	4.3400
928.32,	4.3500
928.92,	4.3400
929.53,	4.3300
930.13,	4.3300
930.74,	4.3300
931.34,	4.3200
931.94,	4.3100
932.54,	4.3100
933.15,	4.3100
933.75,	4.3100
934.35,	4.3100
934.96,	4.3100
935.56,	4.3000
936.16,	4.3000
936.77,	4.3000
937.37,	4.3000
937.97,	4.3400
938.57,	5.6300
939.18,	11.0600
939.78,	16.5200
940.38,	18.4400
940.98,	19.4000
941.59,	20.1500
942.19,	20.8000
942.79,	21.3600
943.39,	21.8600
944.00,	22.2900
944.60,	22.6700
945.20,	23.0200
945.80,	23.3300
946.40,	23.6300
947.01,	23.9100
947.61,	24.3600
948.21,	35.5000
948.81,	35.5000
949.41,	35.5000
950.02,	35.5000
950.62,	35.5000
951.22,	35.5000
951.82,	35.5000
952.42,	35.5000
953.02,	35.5000
953.63,	35.5000
954.23,	35.5000
954.83,	35.5000
955.43,	35.5000
956.03,	35.5000
956.63,	35.5000
957.24,	35.5000
957.84,	35.5000
958.44,	35.5000
959.04,	35.5000
959.64,	35.5000
960.24,	35.5000
960.84,	35.5000
961.44,	35.5000
962.04,	35.5000
962.64,	35.5000
963.25,	35.5000
963.85,	35.5000
964.45,	35.5000
965.05,	35.5000
965.65,	35.5000
966.25,	35.5000
966.85,	35.5000
967.45,	35.5000
968.05,	35.5000
968.65,	35.5000
969.25,	35.5000
969.85,	35.5000
970.45,	35.5000
971.05,	35.5000
971.65,	35.5000
972.25,	35.5000
972.85,	35.5000
973.45,	35.5000
974.05,	35.5000
974.65,	35.5000
975.25,	35.5000
975.85,	35.5000
976.45,	35.5000
977.05,	35.5000
977.65,	35.5000
978.25,	35.5000
978.85,	35.5000
979.45,	35.5000
980.05,	35.5000
980.65,	35.5000
981.25,	35.5000
981.85,	35.5000
982.45,	35.5000
983.05,	35.5000
983.65,	35.5000
984.25,	35.5000
984.85,	35.5000
985.45,	35.5000
986.04,	35.5000
986.64,	35.5000
987.24,	35.5000
987.84,	35.5000
988.44,	35.5000
989.04,	35.5000
989.64,	35.5000
990.24,	35.5000
990.84,	35.5000
991.44,	-2.5200
992.03,	-2.5200
992.63,	-2.5200
993.23,	-2.5200
993.83,	-2.5200
994.43,	-2.5200
995.03,	-2.5200
995.63,	-2.5200
996.22,	-2.5200
996.82,	-2.5200
997.42,	-2.5200
998.02,	-2.5200
998.62,	-2.5200
999.21,	-2.5200
999.81,	-2.5200
1000.41,	-2.5200
