Call Sign = ZSDA,	Ship Name = SA Agulhas,	Lloyds Num = 0
Date = 02/04/2017,	Time = 11:31,	
Latitude = 39 55.22  S,	Longitude = 011 59.01  E
Instr = Sippican Deep Blue,	Card Type = Sippican MK-21,	
Wind Instr = ,	Measur Method = 
Probe Serial Num = -1,	Ship Dir = -1,	Ship Speed = -1.00
Wind Dir = 254,	Wind Speed = 38.50
Dry Bulb Temp = 11.60,	Total Water Depth = -1.00

Full Resolution Values
Depth,	 Temp
0.67,	13.8200
1.34,	14.1100
2.01,	14.1300
2.68,	14.2100
3.34,	14.2100
4.01,	14.2100
4.68,	14.2100
5.35,	14.2100
6.02,	14.2100
6.69,	14.2100
7.36,	14.2000
8.03,	14.2100
8.69,	14.2100
9.36,	14.2100
10.03,	14.2100
10.70,	14.2100
11.37,	14.2100
12.04,	14.2200
12.70,	14.2200
13.37,	14.2200
14.04,	14.2200
14.71,	14.2200
15.38,	14.2100
16.05,	14.2000
16.71,	14.2000
17.38,	14.2100
18.05,	14.2100
18.72,	14.2000
19.38,	14.2100
20.05,	14.2000
20.72,	14.2000
21.39,	14.2100
22.06,	14.2200
22.72,	14.2100
23.39,	14.2000
24.06,	14.2100
24.73,	14.2100
25.39,	14.2100
26.06,	14.2100
26.73,	14.2000
27.40,	14.2000
28.06,	14.1900
28.73,	14.1700
29.40,	14.1700
30.06,	14.1800
30.73,	14.1800
31.40,	14.1900
32.06,	14.1800
32.73,	14.1100
33.40,	14.0500
34.07,	13.9500
34.73,	13.7400
35.40,	13.5100
36.07,	13.2500
36.73,	13.0600
37.40,	12.9600
38.07,	12.8900
38.73,	12.7800
39.40,	12.6900
40.06,	12.6100
40.73,	12.5600
41.40,	12.5400
42.06,	12.5200
42.73,	12.5000
43.40,	12.4800
44.06,	12.4400
44.73,	12.3700
45.39,	12.3300
46.06,	12.3000
46.73,	12.3000
47.39,	12.3000
48.06,	12.3200
48.72,	12.2800
49.39,	12.1900
50.06,	12.1000
50.72,	12.0400
51.39,	12.0000
52.05,	11.9600
52.72,	11.9300
53.38,	11.9000
54.05,	11.8800
54.71,	11.8800
55.38,	11.8800
56.05,	11.8700
56.71,	11.8700
57.38,	11.8600
58.04,	11.8200
58.71,	11.7800
59.37,	11.7500
60.04,	11.7400
60.70,	11.7200
61.37,	11.7200
62.03,	11.7200
62.70,	11.7000
63.36,	11.6600
64.03,	11.6100
64.69,	11.5500
65.36,	11.5000
66.02,	11.4600
66.69,	11.4400
67.35,	11.4300
68.01,	11.4400
68.68,	11.4300
69.34,	11.4200
70.01,	11.3900
70.67,	11.3300
71.34,	11.3100
72.00,	11.2800
72.66,	11.2500
73.33,	11.2300
73.99,	11.2000
74.66,	11.1800
75.32,	11.1800
75.98,	11.1900
76.65,	11.1800
77.31,	11.1800
77.98,	11.2000
78.64,	11.2400
79.30,	11.2400
79.97,	11.2100
80.63,	11.1600
81.30,	11.1300
81.96,	11.1400
82.62,	11.1900
83.29,	11.2100
83.95,	11.2100
84.61,	11.2200
85.28,	11.2200
85.94,	11.2600
86.60,	11.4300
87.27,	11.5500
87.93,	11.5700
88.59,	11.5500
89.26,	11.5400
89.92,	11.5300
90.58,	11.5100
91.24,	11.4900
91.91,	11.4800
92.57,	11.4700
93.23,	11.4500
93.90,	11.4500
94.56,	11.5100
95.22,	11.5500
95.88,	11.5500
96.55,	11.5600
97.21,	11.6200
97.87,	11.7400
98.53,	11.7900
99.20,	11.7900
99.86,	11.7900
100.52,	11.7900
101.18,	11.7800
101.85,	11.7100
102.51,	11.6600
103.17,	11.6400
103.83,	11.6300
104.49,	11.6300
105.16,	11.6200
105.82,	11.6200
106.48,	11.6200
107.14,	11.6500
107.80,	11.7200
108.47,	11.7500
109.13,	11.7700
109.79,	11.7600
110.45,	11.7600
111.11,	11.7600
111.77,	11.7700
112.44,	11.7700
113.10,	11.7600
113.76,	11.7600
114.42,	11.7500
115.08,	11.7300
115.74,	11.6900
116.40,	11.6600
117.06,	11.6400
117.73,	11.6200
118.39,	11.6100
119.05,	11.5700
119.71,	11.5300
120.37,	11.5000
121.03,	11.4900
121.69,	11.4900
122.35,	11.4800
123.01,	11.4500
123.67,	11.4300
124.33,	11.3900
125.00,	11.3700
125.66,	11.3600
126.32,	11.3600
126.98,	11.3600
127.64,	11.3600
128.30,	11.3800
128.96,	11.4100
129.62,	11.4500
130.28,	11.4400
130.94,	11.3900
131.60,	11.3400
132.26,	11.2900
132.92,	11.2700
133.58,	11.2600
134.24,	11.2800
134.90,	11.3100
135.56,	11.3300
136.22,	11.3300
136.88,	11.3300
137.54,	11.3300
138.20,	11.3300
138.86,	11.3300
139.52,	11.3300
140.18,	11.3300
140.84,	11.3100
141.50,	11.3200
142.16,	11.3100
142.82,	11.3000
143.48,	11.3100
144.14,	11.3000
144.79,	11.2900
145.45,	11.2800
146.11,	11.2500
146.77,	11.2300
147.43,	11.2000
148.09,	11.1800
148.75,	11.1700
149.41,	11.1400
150.07,	11.1300
150.73,	11.1100
151.39,	11.1000
152.04,	11.0800
152.70,	11.0600
153.36,	11.0400
154.02,	11.0300
154.68,	11.0400
155.34,	11.0400
156.00,	11.0400
156.65,	11.0200
157.31,	10.9800
157.97,	10.9500
158.63,	10.9200
159.29,	10.9000
159.95,	10.9000
160.60,	10.9000
161.26,	10.9000
161.92,	10.8800
162.58,	10.8800
163.24,	10.8800
163.90,	10.8800
164.55,	10.8100
165.21,	10.6800
165.87,	10.6100
166.53,	10.5900
167.18,	10.5900
167.84,	10.5900
168.50,	10.5500
169.16,	10.4600
169.82,	10.4300
170.47,	10.3900
171.13,	10.2800
171.79,	10.1900
172.44,	10.1600
173.10,	10.1500
173.76,	10.1300
174.42,	10.1300
175.07,	10.1100
175.73,	10.0800
176.39,	10.0800
177.05,	10.0700
177.70,	10.0600
178.36,	10.0500
179.02,	10.0400
179.67,	10.0300
180.33,	10.0100
180.99,	9.9700
181.64,	9.9400
182.30,	9.9200
182.96,	9.9100
183.61,	9.9100
184.27,	9.9100
184.93,	9.9000
185.58,	9.9000
186.24,	9.9100
186.90,	9.9100
187.55,	9.9000
188.21,	9.8900
188.87,	9.8800
189.52,	9.8700
190.18,	9.8500
190.83,	9.8200
191.49,	9.8000
192.15,	9.7900
192.80,	9.7900
193.46,	9.7900
194.11,	9.8000
194.77,	9.8200
195.43,	9.8700
196.08,	9.9000
196.74,	9.9200
197.39,	9.9700
198.05,	9.9900
198.70,	10.0100
199.36,	10.0100
200.02,	10.0100
200.67,	10.0200
201.33,	10.0300
201.98,	10.0400
202.64,	10.0500
203.29,	10.0600
203.95,	10.0500
204.60,	10.0300
205.26,	9.9900
205.91,	9.9600
206.57,	9.9400
207.22,	9.9300
207.88,	9.9300
208.53,	9.9200
209.19,	9.9100
209.84,	9.9000
210.50,	9.8900
211.15,	9.8800
211.81,	9.8700
212.46,	9.8400
213.12,	9.8200
213.77,	9.8000
214.43,	9.8100
215.08,	9.8200
215.74,	9.8100
216.39,	9.8000
217.04,	9.7900
217.70,	9.7900
218.35,	9.7900
219.01,	9.7800
219.66,	9.7700
220.32,	9.7600
220.97,	9.7500
221.62,	9.7400
222.28,	9.7300
222.93,	9.7300
223.59,	9.7200
224.24,	9.7100
224.89,	9.7000
225.55,	9.7000
226.20,	9.7000
226.85,	9.7000
227.51,	9.7000
228.16,	9.6800
228.81,	9.6600
229.47,	9.6500
230.12,	9.6400
230.78,	9.6400
231.43,	9.6300
232.08,	9.6200
232.74,	9.6200
233.39,	9.6100
234.04,	9.6000
234.69,	9.6000
235.35,	9.5900
236.00,	9.5800
236.65,	9.5800
237.31,	9.5700
237.96,	9.5700
238.61,	9.5700
239.27,	9.5700
239.92,	9.5700
240.57,	9.5800
241.22,	9.5800
241.88,	9.5700
242.53,	9.5600
243.18,	9.5500
243.83,	9.5500
244.49,	9.5500
245.14,	9.5400
245.79,	9.5300
246.44,	9.5200
247.10,	9.5100
247.75,	9.5000
248.40,	9.4900
249.05,	9.4900
249.70,	9.4700
250.36,	9.4700
251.01,	9.4700
251.66,	9.4600
252.31,	9.4600
252.96,	9.4500
253.62,	9.4500
254.27,	9.4400
254.92,	9.4400
255.57,	9.4300
256.22,	9.4200
256.88,	9.4100
257.53,	9.4000
258.18,	9.4000
258.83,	9.3900
259.48,	9.3600
260.13,	9.3400
260.78,	9.3300
261.44,	9.3200
262.09,	9.3100
262.74,	9.3000
263.39,	9.2900
264.04,	9.2800
264.69,	9.2800
265.34,	9.2600
265.99,	9.2400
266.64,	9.2300
267.29,	9.2200
267.95,	9.2200
268.60,	9.2100
269.25,	9.2100
269.90,	9.2000
270.55,	9.2000
271.20,	9.2000
271.85,	9.1900
272.50,	9.1800
273.15,	9.1700
273.80,	9.1600
274.45,	9.1500
275.10,	9.1300
275.75,	9.1300
276.40,	9.1200
277.05,	9.1100
277.70,	9.1100
278.35,	9.1100
279.00,	9.1000
279.65,	9.0900
280.30,	9.0900
280.95,	9.0800
281.60,	9.0700
282.25,	9.0700
282.90,	9.0700
283.55,	9.0600
284.20,	9.0500
284.85,	9.0600
285.50,	9.0500
286.15,	9.0500
286.80,	9.0500
287.45,	9.0500
288.10,	9.0500
288.75,	9.0500
289.40,	9.0400
290.05,	9.0400
290.70,	9.0400
291.35,	9.0300
292.00,	9.0400
292.64,	9.0400
293.29,	9.0400
293.94,	9.0500
294.59,	9.0500
295.24,	9.0600
295.89,	9.1300
296.54,	9.1900
297.19,	9.2000
297.84,	9.2000
298.49,	9.1900
299.13,	9.1900
299.78,	9.1900
300.43,	9.1900
301.08,	9.2100
301.73,	9.2200
302.38,	9.2200
303.02,	9.2200
303.67,	9.2300
304.32,	9.2200
304.97,	9.2200
305.62,	9.2200
306.27,	9.2300
306.91,	9.2300
307.56,	9.2200
308.21,	9.2100
308.86,	9.2100
309.51,	9.2100
310.15,	9.1900
310.80,	9.1700
311.45,	9.1500
312.10,	9.1400
312.75,	9.1300
313.39,	9.1200
314.04,	9.1000
314.69,	9.0900
315.34,	9.0700
315.98,	9.0600
316.63,	9.0500
317.28,	9.0500
317.93,	9.0400
318.57,	9.0400
319.22,	9.0300
319.87,	9.0100
320.52,	8.9800
321.16,	8.9700
321.81,	8.9600
322.46,	8.9400
323.10,	8.9200
323.75,	8.9100
324.40,	8.9000
325.04,	8.9000
325.69,	8.9000
326.34,	8.9100
326.99,	8.9100
327.63,	8.9100
328.28,	8.9100
328.93,	8.9000
329.57,	8.8800
330.22,	8.8700
330.86,	8.8700
331.51,	8.8600
332.16,	8.8600
332.80,	8.8600
333.45,	8.8600
334.10,	8.8400
334.74,	8.8200
335.39,	8.8200
336.03,	8.8200
336.68,	8.8200
337.33,	8.8100
337.97,	8.8000
338.62,	8.8000
339.26,	8.8100
339.91,	8.8000
340.56,	8.7800
341.20,	8.7700
341.85,	8.7500
342.49,	8.7300
343.14,	8.7200
343.78,	8.7100
344.43,	8.7100
345.08,	8.7000
345.72,	8.6900
346.37,	8.6800
347.01,	8.6700
347.66,	8.6600
348.30,	8.6400
348.95,	8.6200
349.59,	8.6000
350.24,	8.5800
350.88,	8.5700
351.53,	8.5700
352.17,	8.5700
352.82,	8.5600
353.46,	8.5400
354.11,	8.5000
354.75,	8.4800
355.40,	8.4800
356.04,	8.4800
356.69,	8.4700
357.33,	8.4700
357.98,	8.4500
358.62,	8.4400
359.27,	8.4300
359.91,	8.4300
360.55,	8.4300
361.20,	8.4200
361.84,	8.4200
362.49,	8.4000
363.13,	8.3800
363.78,	8.3600
364.42,	8.3500
365.06,	8.3400
365.71,	8.3400
366.35,	8.3400
367.00,	8.3300
367.64,	8.3200
368.28,	8.3200
368.93,	8.3200
369.57,	8.3000
370.22,	8.2800
370.86,	8.2600
371.50,	8.2600
372.15,	8.2400
372.79,	8.2300
373.43,	8.2100
374.08,	8.2100
374.72,	8.2000
375.36,	8.1800
376.01,	8.1600
376.65,	8.1500
377.29,	8.1400
377.94,	8.1400
378.58,	8.1300
379.22,	8.1300
379.87,	8.1200
380.51,	8.0900
381.15,	8.0800
381.79,	8.0600
382.44,	8.0500
383.08,	8.0400
383.72,	8.0500
384.37,	8.0400
385.01,	8.0400
385.65,	8.0400
386.29,	8.0300
386.94,	8.0300
387.58,	8.0200
388.22,	8.0100
388.86,	7.9900
389.51,	7.9800
390.15,	7.9600
390.79,	7.9400
391.43,	7.9200
392.08,	7.9000
392.72,	7.8800
393.36,	7.8600
394.00,	7.8300
394.64,	7.8200
395.29,	7.8200
395.93,	7.8100
396.57,	7.8000
397.21,	7.7900
397.85,	7.7800
398.50,	7.7700
399.14,	7.7400
399.78,	7.7300
400.42,	7.7100
401.06,	7.7000
401.70,	7.6800
402.34,	7.6800
402.99,	7.6700
403.63,	7.6600
404.27,	7.6600
404.91,	7.6500
405.55,	7.6300
406.19,	7.6000
406.83,	7.5800
407.48,	7.5700
408.12,	7.5700
408.76,	7.5700
409.40,	7.5600
410.04,	7.5500
410.68,	7.5500
411.32,	7.5300
411.96,	7.4900
412.60,	7.4600
413.24,	7.4500
413.88,	7.4500
414.52,	7.4500
415.17,	7.4400
415.81,	7.4300
416.45,	7.4300
417.09,	7.4200
417.73,	7.4100
418.37,	7.4100
419.01,	7.3900
419.65,	7.3700
420.29,	7.3500
420.93,	7.3400
421.57,	7.3400
422.21,	7.3200
422.85,	7.3100
423.49,	7.3100
424.13,	7.3100
424.77,	7.3000
425.41,	7.2800
426.05,	7.2800
426.69,	7.2800
427.33,	7.2700
427.97,	7.2700
428.61,	7.2700
429.25,	7.2600
429.89,	7.2600
430.53,	7.2600
431.17,	7.2500
431.80,	7.2400
432.44,	7.2200
433.08,	7.2000
433.72,	7.2000
434.36,	7.2000
435.00,	7.2000
435.64,	7.1900
436.28,	7.1900
436.92,	7.1900
437.56,	7.1900
438.20,	7.1900
438.84,	7.2200
439.47,	7.2900
440.11,	7.3100
440.75,	7.3200
441.39,	7.3200
442.03,	7.3200
442.67,	7.3300
443.31,	7.3100
443.95,	7.3000
444.58,	7.2800
445.22,	7.2700
445.86,	7.2600
446.50,	7.2600
447.14,	7.2500
447.78,	7.2400
448.41,	7.2400
449.05,	7.2200
449.69,	7.1900
450.33,	7.1200
450.97,	7.0400
451.60,	7.0000
452.24,	6.9900
452.88,	6.9800
453.52,	6.9800
454.16,	6.9700
454.79,	6.9500
455.43,	6.9300
456.07,	6.9200
456.71,	6.9100
457.35,	6.8900
457.98,	6.8700
458.62,	6.8500
459.26,	6.8400
459.90,	6.8600
460.53,	6.9000
461.17,	6.9500
461.81,	6.9800
462.44,	6.9900
463.08,	6.9900
463.72,	6.9700
464.36,	6.9700
464.99,	6.9600
465.63,	6.9600
466.27,	6.9600
466.90,	6.9500
467.54,	6.9500
468.18,	6.9600
468.81,	6.9600
469.45,	6.9600
470.09,	6.9600
470.72,	6.9600
471.36,	6.9600
472.00,	6.9600
472.63,	6.9500
473.27,	6.9500
473.91,	6.9300
474.54,	6.9200
475.18,	6.9100
475.82,	6.8900
476.45,	6.8600
477.09,	6.8300
477.73,	6.8100
478.36,	6.8000
479.00,	6.7900
479.63,	6.7800
480.27,	6.7700
480.91,	6.7400
481.54,	6.7300
482.18,	6.7100
482.81,	6.7000
483.45,	6.6800
484.08,	6.6700
484.72,	6.6500
485.36,	6.6200
485.99,	6.6000
486.63,	6.5700
487.26,	6.5400
487.90,	6.5300
488.53,	6.5100
489.17,	6.5000
489.80,	6.4900
490.44,	6.4800
491.07,	6.4800
491.71,	6.4700
492.34,	6.4500
492.98,	6.4000
493.62,	6.3700
494.25,	6.3300
494.89,	6.2800
495.52,	6.2500
496.15,	6.2400
496.79,	6.2500
497.42,	6.2300
498.06,	6.2000
498.69,	6.1800
499.33,	6.1700
499.96,	6.1700
500.60,	6.1600
501.23,	6.1500
501.87,	6.1300
502.50,	6.1100
503.14,	6.1000
503.77,	6.0800
504.40,	6.0800
505.04,	6.0900
505.67,	6.1300
506.31,	6.1700
506.94,	6.1900
507.57,	6.1900
508.21,	6.1900
508.84,	6.1700
509.48,	6.1600
510.11,	6.1400
510.74,	6.1300
511.38,	6.1200
512.01,	6.1100
512.65,	6.1000
513.28,	6.0900
513.91,	6.0700
514.55,	6.0600
515.18,	6.0400
515.81,	6.0300
516.45,	6.0200
517.08,	6.0100
517.71,	6.0000
518.35,	5.9900
518.98,	5.9800
519.61,	5.9500
520.25,	5.9500
520.88,	5.9500
521.51,	5.9500
522.15,	5.9500
522.78,	5.9400
523.41,	5.9300
524.04,	5.9200
524.68,	5.9100
525.31,	5.9000
525.94,	5.9000
526.58,	5.9000
527.21,	5.8900
527.84,	5.8800
528.47,	5.8800
529.11,	5.8700
529.74,	5.8600
530.37,	5.8100
531.00,	5.7400
531.64,	5.7000
532.27,	5.6700
532.90,	5.6500
533.53,	5.6500
534.17,	5.6500
534.80,	5.6500
535.43,	5.6500
536.06,	5.6700
536.69,	5.6800
537.33,	5.7000
537.96,	5.7100
538.59,	5.7100
539.22,	5.7100
539.85,	5.7000
540.48,	5.7000
541.12,	5.7000
541.75,	5.7000
542.38,	5.7000
543.01,	5.6900
543.64,	5.6700
544.27,	5.6500
544.91,	5.6400
545.54,	5.6300
546.17,	5.6200
546.80,	5.6100
547.43,	5.6000
548.06,	5.5800
548.69,	5.5400
549.32,	5.5200
549.95,	5.4900
550.59,	5.4800
551.22,	5.4600
551.85,	5.4400
552.48,	5.4300
553.11,	5.4200
553.74,	5.4100
554.37,	5.4000
555.00,	5.3900
555.63,	5.3900
556.26,	5.3800
556.89,	5.3800
557.52,	5.3900
558.15,	5.4000
558.78,	5.4000
559.42,	5.4100
560.05,	5.4100
560.68,	5.4200
561.31,	5.4200
561.94,	5.4200
562.57,	5.4100
563.20,	5.4000
563.83,	5.3800
564.46,	5.3800
565.09,	5.3800
565.72,	5.3900
566.35,	5.4100
566.98,	5.4300
567.61,	5.4400
568.24,	5.4400
568.87,	5.4400
569.50,	5.4100
570.12,	5.3600
570.75,	5.3300
571.38,	5.3200
572.01,	5.3200
572.64,	5.3200
573.27,	5.3200
573.90,	5.3300
574.53,	5.3200
575.16,	5.3200
575.79,	5.3400
576.42,	5.3500
577.05,	5.3500
577.68,	5.3400
578.31,	5.3400
578.93,	5.3400
579.56,	5.3500
580.19,	5.3500
580.82,	5.3400
581.45,	5.3400
582.08,	5.3400
582.71,	5.3300
583.34,	5.3200
583.97,	5.3000
584.59,	5.2800
585.22,	5.2600
585.85,	5.2500
586.48,	5.2500
587.11,	5.2500
587.74,	5.2400
588.36,	5.2400
588.99,	5.2400
589.62,	5.2300
590.25,	5.2300
590.88,	5.2200
591.50,	5.2200
592.13,	5.2000
592.76,	5.1700
593.39,	5.1700
594.02,	5.1700
594.64,	5.1700
595.27,	5.1600
595.90,	5.1600
596.53,	5.1600
597.16,	5.1500
597.78,	5.1400
598.41,	5.1400
599.04,	5.1400
599.67,	5.1400
600.29,	5.1300
600.92,	5.1200
601.55,	5.1100
602.18,	5.1000
602.80,	5.1000
603.43,	5.0900
604.06,	5.0800
604.68,	5.0700
605.31,	5.0600
605.94,	5.0600
606.57,	5.0600
607.19,	5.0600
607.82,	5.0600
608.45,	5.0600
609.07,	5.0700
609.70,	5.0700
610.33,	5.0700
610.95,	5.0700
611.58,	5.0600
612.21,	5.0400
612.83,	5.0300
613.46,	5.0300
614.09,	5.0300
614.71,	5.0200
615.34,	5.0200
615.97,	5.0200
616.59,	5.0100
617.22,	5.0100
617.84,	5.0100
618.47,	5.0100
619.10,	5.0000
619.72,	4.9900
620.35,	4.9800
620.97,	4.9800
621.60,	4.9800
622.23,	4.9800
622.85,	4.9800
623.48,	4.9700
624.10,	4.9700
624.73,	4.9800
625.35,	4.9800
625.98,	4.9800
626.61,	4.9800
627.23,	4.9700
627.86,	4.9700
628.48,	4.9600
629.11,	4.9600
629.73,	4.9500
630.36,	4.9500
630.98,	4.9500
631.61,	4.9500
632.23,	4.9500
632.86,	4.9500
633.48,	4.9600
634.11,	4.9600
634.73,	4.9500
635.36,	4.9300
635.98,	4.9300
636.61,	4.9300
637.23,	4.9300
637.86,	4.9300
638.48,	4.9300
639.11,	4.9300
639.73,	4.9400
640.36,	4.9400
640.98,	4.9400
641.61,	4.9600
642.23,	4.9800
642.85,	4.9900
643.48,	4.9900
644.10,	4.9900
644.73,	5.0000
645.35,	5.0000
645.98,	5.0000
646.60,	5.0100
647.22,	5.0100
647.85,	5.0100
648.47,	5.0000
649.10,	4.9900
649.72,	4.9900
650.34,	5.0000
650.97,	5.0000
651.59,	4.9900
652.22,	4.9800
652.84,	4.9800
653.46,	4.9800
654.09,	4.9800
654.71,	4.9700
655.33,	4.9700
655.96,	4.9600
656.58,	4.9400
657.20,	4.9200
657.83,	4.9000
658.45,	4.9000
659.07,	4.8900
659.70,	4.8700
660.32,	4.8600
660.94,	4.8400
661.57,	4.8000
662.19,	4.7900
662.81,	4.7900
663.43,	4.7800
664.06,	4.7800
664.68,	4.7900
665.30,	4.7900
665.93,	4.7900
666.55,	4.7800
667.17,	4.7800
667.79,	4.7800
668.42,	4.7900
669.04,	4.7900
669.66,	4.7900
670.28,	4.7900
670.91,	4.7900
671.53,	4.8000
672.15,	4.8000
672.77,	4.8000
673.39,	4.8000
674.02,	4.8000
674.64,	4.8000
675.26,	4.8100
675.88,	4.8100
676.50,	4.8100
677.13,	4.8000
677.75,	4.7800
678.37,	4.7700
678.99,	4.7700
679.61,	4.7700
680.24,	4.7700
680.86,	4.7800
681.48,	4.7800
682.10,	4.7800
682.72,	4.7800
683.34,	4.7800
683.96,	4.7800
684.59,	4.7800
685.21,	4.7700
685.83,	4.7500
686.45,	4.7400
687.07,	4.7400
687.69,	4.7300
688.31,	4.7300
688.93,	4.7200
689.56,	4.7100
690.18,	4.6800
690.80,	4.6300
691.42,	4.5900
692.04,	4.5700
692.66,	4.5600
693.28,	4.5500
693.90,	4.5300
694.52,	4.5300
695.14,	4.5300
695.76,	4.5300
696.38,	4.5300
697.00,	4.5300
697.62,	4.5400
698.25,	4.5400
698.87,	4.5400
699.49,	4.5400
700.11,	4.5400
700.73,	4.5400
701.35,	4.5400
701.97,	4.5500
702.59,	4.5500
703.21,	4.5500
703.83,	4.5500
704.45,	4.5500
705.07,	4.5500
705.69,	4.5500
706.31,	4.5500
706.93,	4.5400
707.55,	4.5400
708.17,	4.5300
708.79,	4.5300
709.40,	4.5300
710.02,	4.5300
710.64,	4.5400
711.26,	4.5600
711.88,	4.5800
712.50,	4.5800
713.12,	4.5800
713.74,	4.5900
714.36,	4.5900
714.98,	4.5800
715.60,	4.5800
716.22,	4.5700
716.84,	4.5500
717.45,	4.5400
718.07,	4.5400
718.69,	4.5400
719.31,	4.5500
719.93,	4.5500
720.55,	4.5500
721.17,	4.5500
721.79,	4.5400
722.41,	4.5400
723.02,	4.5400
723.64,	4.5400
724.26,	4.5400
724.88,	4.5500
725.50,	4.5400
726.12,	4.5300
726.73,	4.5300
727.35,	4.5400
727.97,	4.5400
728.59,	4.5400
729.21,	4.5400
729.83,	4.5400
730.44,	4.5300
731.06,	4.5300
731.68,	4.5300
732.30,	4.5200
732.92,	4.5200
733.53,	4.5100
734.15,	4.4900
734.77,	4.4800
735.39,	4.4800
736.00,	4.4800
736.62,	4.4700
737.24,	4.4500
737.86,	4.4400
738.47,	4.4300
739.09,	4.4300
739.71,	4.4300
740.33,	4.4400
740.94,	4.4300
741.56,	4.4300
742.18,	4.4300
742.79,	4.4400
743.41,	4.4300
744.03,	4.4300
744.65,	4.4200
745.26,	4.4200
745.88,	4.4200
746.50,	4.4100
747.11,	4.4100
747.73,	4.4100
748.35,	4.4000
748.96,	4.4000
749.58,	4.4000
750.20,	4.4000
750.81,	4.4000
751.43,	4.4000
752.05,	4.3900
752.66,	4.3900
753.28,	4.3900
753.90,	4.3800
754.51,	4.3900
755.13,	4.3800
755.74,	4.3700
756.36,	4.3700
756.98,	4.3600
757.59,	4.3500
758.21,	4.3500
758.82,	4.3400
759.44,	4.3400
760.06,	4.3500
760.67,	4.3500
761.29,	4.3500
761.90,	4.3500
762.52,	4.3600
763.14,	4.3600
763.75,	4.3600
764.37,	4.3600
764.98,	4.3600
765.60,	4.3600
766.21,	4.3600
766.83,	4.3600
767.44,	4.3600
768.06,	4.3600
768.67,	4.3700
769.29,	4.3900
769.90,	4.4000
770.52,	4.4100
771.14,	4.4000
771.75,	4.3900
772.37,	4.3700
772.98,	4.3700
773.59,	4.3700
774.21,	4.3700
774.82,	4.3700
775.44,	4.3700
776.05,	4.3700
776.67,	4.3700
777.28,	4.3600
777.90,	4.3500
778.51,	4.3500
779.13,	4.3500
779.74,	4.3500
780.36,	4.3500
780.97,	4.3600
781.58,	4.3600
782.20,	4.3500
782.81,	4.3500
783.43,	4.3400
784.04,	4.3400
784.66,	4.3300
785.27,	4.3300
785.88,	4.3200
786.50,	4.3200
787.11,	4.3200
787.73,	4.3300
788.34,	4.3300
788.95,	4.3300
789.57,	4.3300
790.18,	4.3200
790.79,	4.3200
791.41,	4.3200
792.02,	4.3200
792.63,	4.3100
793.25,	4.3000
793.86,	4.2900
794.47,	4.2900
795.09,	4.2700
795.70,	4.2700
796.31,	4.2700
796.93,	4.2700
797.54,	4.2700
798.15,	4.2700
798.77,	4.2700
799.38,	4.2700
799.99,	4.2600
800.61,	4.2500
801.22,	4.2500
801.83,	4.2500
802.44,	4.2500
803.06,	4.2500
803.67,	4.2500
804.28,	4.2500
804.90,	4.2400
805.51,	4.2400
806.12,	4.2300
806.73,	4.2300
807.34,	4.2200
807.96,	4.2200
808.57,	4.2300
809.18,	4.2200
809.79,	4.2300
810.41,	4.2300
811.02,	4.2200
811.63,	4.2200
812.24,	4.2200
812.85,	4.2200
813.47,	4.2100
814.08,	4.2200
814.69,	4.2200
815.30,	4.2200
815.91,	4.2200
816.53,	4.2200
817.14,	4.2100
817.75,	4.2100
818.36,	4.2100
818.97,	4.2000
819.58,	4.2100
820.20,	4.2100
820.81,	4.2200
821.42,	4.2200
822.03,	4.2200
822.64,	4.2200
823.25,	4.2200
823.86,	4.2200
824.47,	4.2200
825.09,	4.2200
825.70,	4.2200
826.31,	4.2100
826.92,	4.2200
827.53,	4.2200
828.14,	4.2100
828.75,	4.1900
829.36,	4.1700
829.97,	4.1600
830.58,	4.1700
831.19,	4.1700
831.80,	4.1700
832.42,	4.1700
833.03,	4.1600
833.64,	4.1500
834.25,	4.1500
834.86,	4.1500
835.47,	4.1500
836.08,	4.1500
836.69,	4.1600
837.30,	4.1600
837.91,	4.1600
838.52,	4.1600
839.13,	4.1500
839.74,	4.1500
840.35,	4.1400
840.96,	4.1500
841.57,	4.1400
842.18,	4.1400
842.79,	4.1300
843.40,	4.1200
844.01,	4.1100
844.62,	4.1100
845.23,	4.1300
845.84,	4.1400
846.45,	4.1500
847.06,	4.1600
847.67,	4.1600
848.27,	4.1600
848.88,	4.1600
849.49,	4.1600
850.10,	4.1600
850.71,	4.1500
851.32,	4.1400
851.93,	4.1400
852.54,	4.1400
853.15,	4.1400
853.76,	4.1400
854.37,	4.1400
854.98,	4.1400
855.58,	4.1400
856.19,	4.1400
856.80,	4.1400
857.41,	4.1400
858.02,	4.1400
858.63,	4.1400
859.24,	4.1400
859.85,	4.1400
860.45,	4.1400
861.06,	4.1300
861.67,	4.1000
862.28,	4.0900
862.89,	4.0800
863.50,	4.0700
864.10,	4.0700
864.71,	4.0600
865.32,	4.0500
865.93,	4.0400
866.54,	4.0400
867.14,	4.0400
867.75,	4.0500
868.36,	4.0400
868.97,	4.0400
869.58,	4.0300
870.18,	4.0200
870.79,	4.0200
871.40,	4.0200
872.01,	4.0200
872.61,	4.0200
873.22,	4.0200
873.83,	4.0300
874.44,	4.0300
875.04,	4.0300
875.65,	4.0300
876.26,	4.0300
876.87,	4.0300
877.47,	4.0200
878.08,	4.0100
878.69,	4.0100
879.29,	4.0000
879.90,	4.0000
880.51,	4.0000
881.12,	3.9900
881.72,	3.9900
882.33,	3.9800
882.94,	3.9800
883.54,	3.9900
884.15,	4.0000
884.76,	4.0000
885.36,	4.0000
885.97,	4.0000
886.58,	4.0000
887.18,	4.0000
887.79,	3.9900
888.40,	3.9900
889.00,	3.9900
889.61,	3.9900
890.22,	3.9900
890.82,	4.0000
891.43,	4.0000
892.03,	4.0000
892.64,	4.0000
893.25,	4.0000
893.85,	4.0000
894.46,	4.0000
895.06,	4.0000
895.67,	3.9900
896.28,	3.9800
896.88,	3.9800
897.49,	3.9800
898.09,	3.9800
898.70,	3.9800
899.30,	3.9700
899.91,	3.9700
900.52,	3.9800
901.12,	4.2300
901.73,	6.3300
902.33,	10.8700
902.94,	14.1100
903.54,	15.4500
904.15,	16.2900
904.75,	16.9800
905.36,	17.5800
905.96,	18.1000
906.57,	18.5700
907.17,	18.9800
907.78,	19.3800
908.38,	26.3300
908.99,	35.5000
909.59,	35.5000
910.20,	35.5000
910.80,	35.5000
911.41,	35.5000
912.01,	35.5000
912.62,	35.5000
913.22,	35.5000
913.83,	35.5000
914.43,	35.5000
915.03,	35.5000
915.64,	35.5000
916.24,	35.5000
916.85,	35.5000
917.45,	35.5000
918.06,	35.5000
918.66,	35.5000
919.26,	35.5000
919.87,	35.5000
920.47,	35.5000
921.08,	35.5000
921.68,	35.5000
922.28,	35.5000
922.89,	35.5000
923.49,	35.5000
924.10,	35.5000
924.70,	35.5000
925.30,	35.5000
925.91,	35.5000
926.51,	35.5000
927.11,	35.5000
927.72,	35.5000
928.32,	35.5000
928.92,	35.5000
929.53,	35.5000
930.13,	35.5000
930.74,	35.5000
931.34,	35.5000
931.94,	35.5000
932.54,	35.5000
933.15,	35.5000
933.75,	35.5000
934.35,	35.5000
934.96,	35.5000
935.56,	35.5000
936.16,	35.5000
936.77,	35.5000
937.37,	35.5000
937.97,	35.5000
938.57,	35.5000
939.18,	35.5000
939.78,	35.5000
940.38,	35.5000
940.98,	35.5000
941.59,	35.5000
942.19,	35.5000
942.79,	35.5000
943.39,	35.5000
944.00,	35.5000
944.60,	35.5000
945.20,	35.5000
945.80,	35.5000
946.40,	35.5000
947.01,	35.5000
947.61,	35.5000
948.21,	35.5000
948.81,	35.5000
949.41,	35.5000
950.02,	35.5000
950.62,	35.5000
951.22,	35.5000
951.82,	35.5000
952.42,	35.5000
953.02,	35.5000
953.63,	35.5000
954.23,	35.5000
954.83,	35.5000
955.43,	35.5000
956.03,	35.5000
956.63,	35.5000
957.24,	35.5000
957.84,	35.5000
958.44,	35.5000
959.04,	35.5000
959.64,	35.5000
960.24,	35.5000
960.84,	35.5000
961.44,	35.5000
962.04,	35.5000
962.64,	35.5000
963.25,	35.5000
963.85,	35.5000
964.45,	35.5000
965.05,	35.5000
965.65,	35.5000
966.25,	35.5000
966.85,	35.5000
967.45,	35.5000
968.05,	35.5000
968.65,	35.5000
969.25,	35.5000
969.85,	35.5000
970.45,	35.5000
971.05,	35.5000
971.65,	35.5000
972.25,	35.5000
972.85,	35.5000
973.45,	35.5000
974.05,	35.5000
974.65,	35.5000
975.25,	35.5000
975.85,	35.5000
976.45,	35.5000
977.05,	35.5000
977.65,	35.5000
978.25,	35.5000
978.85,	35.5000
979.45,	35.5000
980.05,	35.5000
980.65,	35.5000
981.25,	35.5000
981.85,	35.5000
982.45,	35.5000
983.05,	35.5000
983.65,	35.5000
984.25,	35.5000
984.85,	35.5000
985.45,	12.0500
986.04,	-2.5200
986.64,	-2.5200
987.24,	-2.5200
987.84,	-2.5200
988.44,	-2.5200
989.04,	-2.5200
989.64,	-2.5200
990.24,	-2.5200
990.84,	-2.5200
991.44,	-2.5200
992.03,	-2.5200
992.63,	-2.5200
993.23,	-2.5200
993.83,	-2.5200
994.43,	-2.5200
995.03,	-2.5200
995.63,	-2.5200
996.22,	-2.5200
996.82,	-2.5200
997.42,	-2.5200
998.02,	-2.5200
998.62,	-2.5200
999.21,	-2.5200
999.81,	-2.5200
1000.41,	-2.5200
