Call Sign = ZSDA,	Ship Name = SA Agulhas,	Lloyds Num = 0
Date = 02/06/2017,	Time = 21:05,	
Latitude = 34 29.95  S,	Longitude = 016 51.67  E
Instr = Sippican Deep Blue,	Card Type = Sippican MK-21,	
Wind Instr = ,	Measur Method = 
Probe Serial Num = -1,	Ship Dir = -1,	Ship Speed = -1.00
Wind Dir = 218,	Wind Speed = 22.90
Dry Bulb Temp = 18.80,	Total Water Depth = -1.00

Full Resolution Values
Depth,	 Temp
0.67,	19.7300
1.34,	19.6600
2.01,	19.6500
2.68,	19.6600
3.34,	19.6600
4.01,	19.6600
4.68,	19.6600
5.35,	19.6600
6.02,	19.6600
6.69,	19.6600
7.36,	19.6600
8.03,	19.6600
8.69,	19.6600
9.36,	19.6600
10.03,	19.6600
10.70,	19.6600
11.37,	19.6600
12.04,	19.6600
12.70,	19.6600
13.37,	19.6600
14.04,	19.6600
14.71,	19.6600
15.38,	19.6500
16.05,	19.6600
16.71,	19.6600
17.38,	19.6600
18.05,	19.6600
18.72,	19.6600
19.38,	19.6600
20.05,	19.6400
20.72,	19.6300
21.39,	19.6500
22.06,	19.6400
22.72,	19.6400
23.39,	19.6500
24.06,	19.6500
24.73,	19.6600
25.39,	19.6600
26.06,	19.6600
26.73,	19.6600
27.40,	19.6600
28.06,	19.6600
28.73,	19.6600
29.40,	19.6500
30.06,	19.5800
30.73,	19.5100
31.40,	19.4300
32.06,	19.3700
32.73,	19.3300
33.40,	19.3100
34.07,	19.3000
34.73,	19.2900
35.40,	19.2500
36.07,	19.2200
36.73,	19.1900
37.40,	19.1600
38.07,	19.1300
38.73,	19.0900
39.40,	19.0400
40.06,	18.9000
40.73,	18.7700
41.40,	18.6600
42.06,	18.5100
42.73,	18.2800
43.40,	18.1400
44.06,	18.0900
44.73,	18.0600
45.39,	18.0500
46.06,	18.0300
46.73,	17.9900
47.39,	17.9400
48.06,	17.9000
48.72,	17.8700
49.39,	17.8400
50.06,	17.8500
50.72,	17.8700
51.39,	17.8500
52.05,	17.8400
52.72,	17.8300
53.38,	17.8200
54.05,	17.8100
54.71,	17.7700
55.38,	17.7200
56.05,	17.6200
56.71,	17.5400
57.38,	17.4900
58.04,	17.4200
58.71,	17.3900
59.37,	17.3900
60.04,	17.3800
60.70,	17.3400
61.37,	17.2700
62.03,	17.2000
62.70,	17.1300
63.36,	17.0500
64.03,	16.9700
64.69,	16.9100
65.36,	16.8800
66.02,	16.8200
66.69,	16.7600
67.35,	16.6500
68.01,	16.5200
68.68,	16.5000
69.34,	16.4700
70.01,	16.4300
70.67,	16.4200
71.34,	16.4200
72.00,	16.4100
72.66,	16.3800
73.33,	16.3500
73.99,	16.3100
74.66,	16.2500
75.32,	16.1800
75.98,	16.1400
76.65,	16.1200
77.31,	16.1000
77.98,	16.0800
78.64,	16.0600
79.30,	16.0200
79.97,	15.9600
80.63,	15.8800
81.30,	15.8200
81.96,	15.8000
82.62,	15.7900
83.29,	15.7600
83.95,	15.7400
84.61,	15.7300
85.28,	15.7300
85.94,	15.7400
86.60,	15.7400
87.27,	15.7400
87.93,	15.7300
88.59,	15.7200
89.26,	15.7100
89.92,	15.6400
90.58,	15.5900
91.24,	15.5600
91.91,	15.5300
92.57,	15.5000
93.23,	15.4800
93.90,	15.4700
94.56,	15.4600
95.22,	15.4400
95.88,	15.4300
96.55,	15.4200
97.21,	15.4100
97.87,	15.4100
98.53,	15.4100
99.20,	15.3700
99.86,	15.2800
100.52,	15.2000
101.18,	15.1800
101.85,	15.1500
102.51,	15.1300
103.17,	15.1300
103.83,	15.1200
104.49,	15.1100
105.16,	15.0800
105.82,	15.0500
106.48,	15.0200
107.14,	15.0000
107.80,	15.0000
108.47,	15.0000
109.13,	14.9800
109.79,	14.9500
110.45,	14.9300
111.11,	14.9100
111.77,	14.9000
112.44,	14.9000
113.10,	14.8900
113.76,	14.8800
114.42,	14.8700
115.08,	14.8700
115.74,	14.8500
116.40,	14.8300
117.06,	14.8000
117.73,	14.7500
118.39,	14.7300
119.05,	14.7200
119.71,	14.7100
120.37,	14.7100
121.03,	14.7000
121.69,	14.6800
122.35,	14.6700
123.01,	14.6500
123.67,	14.6200
124.33,	14.5900
125.00,	14.5400
125.66,	14.5100
126.32,	14.4800
126.98,	14.4500
127.64,	14.4300
128.30,	14.3800
128.96,	14.3000
129.62,	14.2600
130.28,	14.2700
130.94,	14.2700
131.60,	14.2600
132.26,	14.2500
132.92,	14.2300
133.58,	14.1900
134.24,	14.1600
134.90,	14.1400
135.56,	14.1300
136.22,	14.1000
136.88,	14.0700
137.54,	14.0400
138.20,	14.0200
138.86,	14.0000
139.52,	13.9700
140.18,	13.9300
140.84,	13.8900
141.50,	13.8600
142.16,	13.8200
142.82,	13.7900
143.48,	13.8000
144.14,	13.8100
144.79,	13.8300
145.45,	13.8300
146.11,	13.8100
146.77,	13.7600
147.43,	13.7000
148.09,	13.7000
148.75,	13.6900
149.41,	13.7100
150.07,	13.7400
150.73,	13.7500
151.39,	13.7400
152.04,	13.7200
152.70,	13.7000
153.36,	13.6900
154.02,	13.6500
154.68,	13.6300
155.34,	13.6200
156.00,	13.5500
156.65,	13.5000
157.31,	13.4500
157.97,	13.4100
158.63,	13.3900
159.29,	13.3800
159.95,	13.3700
160.60,	13.3400
161.26,	13.3300
161.92,	13.3700
162.58,	13.4300
163.24,	13.4400
163.90,	13.4600
164.55,	13.4900
165.21,	13.5600
165.87,	13.6400
166.53,	13.7000
167.18,	13.7200
167.84,	13.7300
168.50,	13.7500
169.16,	13.7600
169.82,	13.7800
170.47,	13.7800
171.13,	13.7900
171.79,	13.8200
172.44,	13.8400
173.10,	13.8400
173.76,	13.8500
174.42,	13.8500
175.07,	13.8500
175.73,	13.8600
176.39,	13.8700
177.05,	13.8900
177.70,	13.9200
178.36,	13.9300
179.02,	13.9200
179.67,	13.9300
180.33,	13.9300
180.99,	13.9200
181.64,	13.9400
182.30,	13.9500
182.96,	13.9600
183.61,	13.9700
184.27,	13.9600
184.93,	13.9500
185.58,	13.9400
186.24,	13.9300
186.90,	13.9300
187.55,	13.9200
188.21,	13.9400
188.87,	13.9600
189.52,	13.9700
190.18,	14.0000
190.83,	14.0100
191.49,	14.0200
192.15,	14.0200
192.80,	13.9900
193.46,	13.9900
194.11,	13.9900
194.77,	13.9700
195.43,	13.9500
196.08,	13.9100
196.74,	13.8800
197.39,	13.8600
198.05,	13.8500
198.70,	13.8400
199.36,	13.8400
200.02,	13.8300
200.67,	13.8300
201.33,	13.8200
201.98,	13.8200
202.64,	13.8200
203.29,	13.8200
203.95,	13.8200
204.60,	13.8200
205.26,	13.8300
205.91,	13.8400
206.57,	13.8500
207.22,	13.8500
207.88,	13.8400
208.53,	13.8300
209.19,	13.8200
209.84,	13.8300
210.50,	13.8300
211.15,	13.8100
211.81,	13.7900
212.46,	13.7500
213.12,	13.7100
213.77,	13.6600
214.43,	13.6300
215.08,	13.6100
215.74,	13.6000
216.39,	13.6000
217.04,	13.5900
217.70,	13.5900
218.35,	13.5800
219.01,	13.5700
219.66,	13.5500
220.32,	13.5200
220.97,	13.5100
221.62,	13.5000
222.28,	13.5000
222.93,	13.5000
223.59,	13.5200
224.24,	13.5300
224.89,	13.5200
225.55,	13.5200
226.20,	13.5200
226.85,	13.5100
227.51,	13.5000
228.16,	13.4800
228.81,	13.4600
229.47,	13.4600
230.12,	13.4400
230.78,	13.4400
231.43,	13.4500
232.08,	13.4500
232.74,	13.4200
233.39,	13.4100
234.04,	13.4000
234.69,	13.4000
235.35,	13.4000
236.00,	13.4000
236.65,	13.4000
237.31,	13.4000
237.96,	13.4100
238.61,	13.4000
239.27,	13.3900
239.92,	13.3900
240.57,	13.3900
241.22,	13.3900
241.88,	13.3800
242.53,	13.3600
243.18,	13.3400
243.83,	13.3400
244.49,	13.3400
245.14,	13.3300
245.79,	13.3300
246.44,	13.3200
247.10,	13.3200
247.75,	13.3000
248.40,	13.2900
249.05,	13.2700
249.70,	13.2600
250.36,	13.2600
251.01,	13.2500
251.66,	13.2300
252.31,	13.2300
252.96,	13.2300
253.62,	13.2300
254.27,	13.2100
254.92,	13.2100
255.57,	13.2100
256.22,	13.2000
256.88,	13.1800
257.53,	13.1600
258.18,	13.1400
258.83,	13.1400
259.48,	13.1200
260.13,	13.1100
260.78,	13.1000
261.44,	13.0900
262.09,	13.0800
262.74,	13.0800
263.39,	13.0700
264.04,	13.0600
264.69,	13.0500
265.34,	13.0500
265.99,	13.0500
266.64,	13.0400
267.29,	13.0300
267.95,	13.0100
268.60,	12.9900
269.25,	12.9800
269.90,	12.9700
270.55,	12.9700
271.20,	12.9600
271.85,	12.9400
272.50,	12.9000
273.15,	12.8800
273.80,	12.8600
274.45,	12.8500
275.10,	12.8400
275.75,	12.8300
276.40,	12.8300
277.05,	12.8100
277.70,	12.8000
278.35,	12.8000
279.00,	12.8000
279.65,	12.8000
280.30,	12.7900
280.95,	12.7800
281.60,	12.7700
282.25,	12.7600
282.90,	12.7500
283.55,	12.7500
284.20,	12.7400
284.85,	12.7400
285.50,	12.7300
286.15,	12.7200
286.80,	12.7100
287.45,	12.7000
288.10,	12.6900
288.75,	12.6800
289.40,	12.6700
290.05,	12.6600
290.70,	12.6500
291.35,	12.6500
292.00,	12.6500
292.64,	12.6500
293.29,	12.6400
293.94,	12.6400
294.59,	12.6300
295.24,	12.6300
295.89,	12.6200
296.54,	12.6100
297.19,	12.5800
297.84,	12.5700
298.49,	12.5600
299.13,	12.5600
299.78,	12.5500
300.43,	12.5500
301.08,	12.5500
301.73,	12.5300
302.38,	12.5300
303.02,	12.5300
303.67,	12.5200
304.32,	12.5100
304.97,	12.5000
305.62,	12.5100
306.27,	12.5000
306.91,	12.4800
307.56,	12.4700
308.21,	12.4500
308.86,	12.4500
309.51,	12.4400
310.15,	12.4200
310.80,	12.4000
311.45,	12.4000
312.10,	12.3900
312.75,	12.4000
313.39,	12.4000
314.04,	12.3900
314.69,	12.3900
315.34,	12.3800
315.98,	12.3700
316.63,	12.3600
317.28,	12.3500
317.93,	12.3500
318.57,	12.3400
319.22,	12.3400
319.87,	12.3400
320.52,	12.3400
321.16,	12.3300
321.81,	12.3300
322.46,	12.3200
323.10,	12.3100
323.75,	12.3100
324.40,	12.3100
325.04,	12.3100
325.69,	12.3000
326.34,	12.2900
326.99,	12.2800
327.63,	12.2800
328.28,	12.2700
328.93,	12.2600
329.57,	12.2400
330.22,	12.2400
330.86,	12.2300
331.51,	12.2300
332.16,	12.2300
332.80,	12.2200
333.45,	12.2100
334.10,	12.2000
334.74,	12.1900
335.39,	12.1700
336.03,	12.1400
336.68,	12.1200
337.33,	12.1000
337.97,	12.0800
338.62,	12.0600
339.26,	12.0200
339.91,	12.0000
340.56,	11.9800
341.20,	11.9600
341.85,	11.9300
342.49,	11.8900
343.14,	11.8500
343.78,	11.8200
344.43,	11.8200
345.08,	11.7900
345.72,	11.7500
346.37,	11.7300
347.01,	11.7300
347.66,	11.7200
348.30,	11.7000
348.95,	11.6800
349.59,	11.6600
350.24,	11.6400
350.88,	11.6300
351.53,	11.6000
352.17,	11.5700
352.82,	11.5500
353.46,	11.5500
354.11,	11.5400
354.75,	11.5300
355.40,	11.5200
356.04,	11.5100
356.69,	11.5000
357.33,	11.4900
357.98,	11.4900
358.62,	11.4900
359.27,	11.4900
359.91,	11.4800
360.55,	11.4800
361.20,	11.4800
361.84,	11.4800
362.49,	11.4700
363.13,	11.4600
363.78,	11.4400
364.42,	11.4300
365.06,	11.4100
365.71,	11.3800
366.35,	11.3600
367.00,	11.3200
367.64,	11.2800
368.28,	11.2400
368.93,	11.2200
369.57,	11.2100
370.22,	11.1900
370.86,	11.1700
371.50,	11.1600
372.15,	11.1300
372.79,	11.1100
373.43,	11.1100
374.08,	11.1000
374.72,	11.0800
375.36,	11.0400
376.01,	11.0000
376.65,	10.9600
377.29,	10.9400
377.94,	10.9300
378.58,	10.9200
379.22,	10.8900
379.87,	10.8700
380.51,	10.8400
381.15,	10.8300
381.79,	10.8300
382.44,	10.8300
383.08,	10.8200
383.72,	10.8100
384.37,	10.7900
385.01,	10.7800
385.65,	10.7600
386.29,	10.7400
386.94,	10.7000
387.58,	10.6700
388.22,	10.6600
388.86,	10.6500
389.51,	10.6400
390.15,	10.6300
390.79,	10.6300
391.43,	10.6100
392.08,	10.6000
392.72,	10.5900
393.36,	10.5900
394.00,	10.5800
394.64,	10.5600
395.29,	10.5400
395.93,	10.5400
396.57,	10.5300
397.21,	10.5300
397.85,	10.5200
398.50,	10.5200
399.14,	10.5200
399.78,	10.5100
400.42,	10.5000
401.06,	10.4900
401.70,	10.4900
402.34,	10.4900
402.99,	10.4800
403.63,	10.4800
404.27,	10.4700
404.91,	10.4200
405.55,	10.3800
406.19,	10.3700
406.83,	10.3600
407.48,	10.3700
408.12,	10.4000
408.76,	10.4200
409.40,	10.4200
410.04,	10.4200
410.68,	10.4000
411.32,	10.3700
411.96,	10.3500
412.60,	10.3200
413.24,	10.2800
413.88,	10.2500
414.52,	10.2400
415.17,	10.2400
415.81,	10.2400
416.45,	10.2500
417.09,	10.2500
417.73,	10.2500
418.37,	10.2500
419.01,	10.2500
419.65,	10.2600
420.29,	10.2600
420.93,	10.2700
421.57,	10.2700
422.21,	10.2700
422.85,	10.2700
423.49,	10.2600
424.13,	10.2500
424.77,	10.2300
425.41,	10.2200
426.05,	10.2100
426.69,	10.1900
427.33,	10.1800
427.97,	10.1700
428.61,	10.1200
429.25,	10.0600
429.89,	10.0300
430.53,	10.0100
431.17,	10.0000
431.80,	9.9700
432.44,	9.9600
433.08,	9.9600
433.72,	9.9600
434.36,	9.9600
435.00,	9.9600
435.64,	9.9600
436.28,	9.9500
436.92,	9.9500
437.56,	9.9500
438.20,	9.9500
438.84,	9.9500
439.47,	9.9500
440.11,	9.9500
440.75,	9.9500
441.39,	9.9400
442.03,	9.9200
442.67,	9.9100
443.31,	9.8800
443.95,	9.8600
444.58,	9.8500
445.22,	9.8400
445.86,	9.8400
446.50,	9.8300
447.14,	9.8100
447.78,	9.8000
448.41,	9.7800
449.05,	9.7600
449.69,	9.7400
450.33,	9.7200
450.97,	9.7000
451.60,	9.6900
452.24,	9.6700
452.88,	9.6400
453.52,	9.6400
454.16,	9.6400
454.79,	9.6400
455.43,	9.6300
456.07,	9.6300
456.71,	9.6300
457.35,	9.6200
457.98,	9.6100
458.62,	9.5900
459.26,	9.5800
459.90,	9.5700
460.53,	9.5600
461.17,	9.5600
461.81,	9.5500
462.44,	9.5500
463.08,	9.5400
463.72,	9.5200
464.36,	9.5000
464.99,	9.4900
465.63,	9.4800
466.27,	9.4800
466.90,	9.4900
467.54,	9.5200
468.18,	9.5400
468.81,	9.5400
469.45,	9.5300
470.09,	9.5300
470.72,	9.5300
471.36,	9.5200
472.00,	9.5000
472.63,	9.5000
473.27,	9.5000
473.91,	9.4900
474.54,	9.4900
475.18,	9.4900
475.82,	9.4900
476.45,	9.4900
477.09,	9.4800
477.73,	9.4900
478.36,	9.4900
479.00,	9.4800
479.63,	9.4800
480.27,	9.4800
480.91,	9.4700
481.54,	9.4700
482.18,	9.4600
482.81,	9.4600
483.45,	9.4600
484.08,	9.4500
484.72,	9.4500
485.36,	9.4400
485.99,	9.4200
486.63,	9.4000
487.26,	9.3800
487.90,	9.3700
488.53,	9.3500
489.17,	9.3400
489.80,	9.3400
490.44,	9.3300
491.07,	9.3300
491.71,	9.3200
492.34,	9.3100
492.98,	9.3100
493.62,	9.3000
494.25,	9.2900
494.89,	9.3000
495.52,	9.2900
496.15,	9.2900
496.79,	9.2900
497.42,	9.2800
498.06,	9.2800
498.69,	9.2800
499.33,	9.2900
499.96,	9.2800
500.60,	9.2800
501.23,	9.2700
501.87,	9.2500
502.50,	9.2400
503.14,	9.2300
503.77,	9.2300
504.40,	9.2300
505.04,	9.2300
505.67,	9.2100
506.31,	9.1900
506.94,	9.1700
507.57,	9.1600
508.21,	9.1500
508.84,	9.1400
509.48,	9.1300
510.11,	9.1300
510.74,	9.1200
511.38,	9.1100
512.01,	9.1000
512.65,	9.1000
513.28,	9.1000
513.91,	9.1000
514.55,	9.0900
515.18,	9.0900
515.81,	9.0700
516.45,	9.0600
517.08,	9.0500
517.71,	9.0400
518.35,	9.0300
518.98,	9.0300
519.61,	9.0100
520.25,	9.0000
520.88,	8.9900
521.51,	8.9700
522.15,	8.9400
522.78,	8.9200
523.41,	8.9000
524.04,	8.8700
524.68,	8.8300
525.31,	8.7900
525.94,	8.7600
526.58,	8.7400
527.21,	8.7400
527.84,	8.7100
528.47,	8.6700
529.11,	8.6400
529.74,	8.6100
530.37,	8.5800
531.00,	8.5500
531.64,	8.5300
532.27,	8.5200
532.90,	8.5100
533.53,	8.5000
534.17,	8.4900
534.80,	8.4900
535.43,	8.4800
536.06,	8.4700
536.69,	8.4700
537.33,	8.4700
537.96,	8.4600
538.59,	8.4500
539.22,	8.4400
539.85,	8.4400
540.48,	8.4500
541.12,	8.4500
541.75,	8.4400
542.38,	8.4300
543.01,	8.4300
543.64,	8.4300
544.27,	8.4400
544.91,	8.4400
545.54,	8.4400
546.17,	8.4500
546.80,	8.4600
547.43,	8.4600
548.06,	8.4600
548.69,	8.4500
549.32,	8.4500
549.95,	8.4500
550.59,	8.4500
551.22,	8.4500
551.85,	8.4500
552.48,	8.4500
553.11,	8.4500
553.74,	8.4500
554.37,	8.4600
555.00,	8.4600
555.63,	8.4500
556.26,	8.4400
556.89,	8.4400
557.52,	8.4400
558.15,	8.4400
558.78,	8.4400
559.42,	8.4300
560.05,	8.4100
560.68,	8.3700
561.31,	8.3300
561.94,	8.2800
562.57,	8.2300
563.20,	8.2200
563.83,	8.2100
564.46,	8.1900
565.09,	8.1700
565.72,	8.1500
566.35,	8.1400
566.98,	8.1200
567.61,	8.0900
568.24,	8.0800
568.87,	8.0500
569.50,	8.0300
570.12,	8.0100
570.75,	7.9900
571.38,	7.9800
572.01,	7.9700
572.64,	7.9600
573.27,	7.9500
573.90,	7.9400
574.53,	7.9300
575.16,	7.9100
575.79,	7.8900
576.42,	7.8600
577.05,	7.8400
577.68,	7.8100
578.31,	7.7900
578.93,	7.7700
579.56,	7.7400
580.19,	7.7000
580.82,	7.6700
581.45,	7.6400
582.08,	7.6200
582.71,	7.5800
583.34,	7.5700
583.97,	7.5600
584.59,	7.5300
585.22,	7.5000
585.85,	7.4600
586.48,	7.4200
587.11,	7.4000
587.74,	7.3800
588.36,	7.3700
588.99,	7.3500
589.62,	7.3300
590.25,	7.3200
590.88,	7.2900
591.50,	7.2400
592.13,	7.1500
592.76,	7.0700
593.39,	7.0200
594.02,	6.9700
594.64,	6.9100
595.27,	6.8800
595.90,	6.8800
596.53,	6.8700
597.16,	6.8700
597.78,	6.8700
598.41,	6.8600
599.04,	6.8500
599.67,	6.8200
600.29,	6.7800
600.92,	6.7500
601.55,	6.7000
602.18,	6.6700
602.80,	6.6600
603.43,	6.6600
604.06,	6.6500
604.68,	6.6300
605.31,	6.6100
605.94,	6.5900
606.57,	6.5700
607.19,	6.5600
607.82,	6.5500
608.45,	6.5400
609.07,	6.5500
609.70,	6.5500
610.33,	6.5500
610.95,	6.5500
611.58,	6.5600
612.21,	6.5600
612.83,	6.5600
613.46,	6.5600
614.09,	6.5600
614.71,	6.5600
615.34,	6.5500
615.97,	6.5400
616.59,	6.5400
617.22,	6.5400
617.84,	6.5400
618.47,	6.5300
619.10,	6.5200
619.72,	6.5100
620.35,	6.5100
620.97,	6.4900
621.60,	6.4900
622.23,	6.4900
622.85,	6.4800
623.48,	6.4800
624.10,	6.4700
624.73,	6.4600
625.35,	6.4400
625.98,	6.4100
626.61,	6.3900
627.23,	6.3700
627.86,	6.3600
628.48,	6.3600
629.11,	6.3500
629.73,	6.3500
630.36,	6.3400
630.98,	6.3300
631.61,	6.3200
632.23,	6.3000
632.86,	6.2900
633.48,	6.2900
634.11,	6.2700
634.73,	6.2600
635.36,	6.2600
635.98,	6.2500
636.61,	6.2400
637.23,	6.2400
637.86,	6.2400
638.48,	6.2400
639.11,	6.2200
639.73,	6.2000
640.36,	6.1900
640.98,	6.1700
641.61,	6.1300
642.23,	6.0900
642.85,	6.0700
643.48,	6.0600
644.10,	6.0400
644.73,	6.0300
645.35,	6.0100
645.98,	6.0200
646.60,	6.0300
647.22,	6.0400
647.85,	6.0500
648.47,	6.0600
649.10,	6.0600
649.72,	6.0500
650.34,	6.0400
650.97,	6.0300
651.59,	6.0200
652.22,	6.0100
652.84,	6.0000
653.46,	5.9900
654.09,	5.9800
654.71,	5.9700
655.33,	5.9600
655.96,	5.9500
656.58,	5.9400
657.20,	5.9200
657.83,	5.9000
658.45,	5.8900
659.07,	5.8800
659.70,	5.8600
660.32,	5.8200
660.94,	5.7900
661.57,	5.7800
662.19,	5.7700
662.81,	5.7600
663.43,	5.7500
664.06,	5.7500
664.68,	5.7500
665.30,	5.7400
665.93,	5.7400
666.55,	5.7300
667.17,	5.7300
667.79,	5.7200
668.42,	5.7200
669.04,	5.7100
669.66,	5.7100
670.28,	5.7100
670.91,	5.7000
671.53,	5.7000
672.15,	5.7000
672.77,	5.7000
673.39,	5.7000
674.02,	5.6900
674.64,	5.7000
675.26,	5.7000
675.88,	5.6900
676.50,	5.6600
677.13,	5.6400
677.75,	5.6300
678.37,	5.6200
678.99,	5.6200
679.61,	5.6100
680.24,	5.6000
680.86,	5.6000
681.48,	5.5900
682.10,	5.5800
682.72,	5.5800
683.34,	5.5700
683.96,	5.5700
684.59,	5.5600
685.21,	5.5600
685.83,	5.5600
686.45,	5.5600
687.07,	5.5500
687.69,	5.5500
688.31,	5.5400
688.93,	5.5500
689.56,	5.5600
690.18,	5.5500
690.80,	5.5300
691.42,	5.5100
692.04,	5.5100
692.66,	5.5100
693.28,	5.5000
693.90,	5.5000
694.52,	5.5000
695.14,	5.5100
695.76,	5.5100
696.38,	5.5100
697.00,	5.5100
697.62,	5.5100
698.25,	5.5100
698.87,	5.5100
699.49,	5.4900
700.11,	5.4700
700.73,	5.4400
701.35,	5.3700
701.97,	5.3100
702.59,	5.2400
703.21,	5.2000
703.83,	5.2000
704.45,	5.1900
705.07,	5.1900
705.69,	5.1900
706.31,	5.1900
706.93,	5.1900
707.55,	5.1600
708.17,	5.1200
708.79,	5.0800
709.40,	5.0700
710.02,	5.0700
710.64,	5.0600
711.26,	5.0500
711.88,	5.0500
712.50,	5.0400
713.12,	5.0300
713.74,	5.0100
714.36,	4.9800
714.98,	4.9700
715.60,	4.9700
716.22,	4.9600
716.84,	4.9700
717.45,	4.9700
718.07,	4.9700
718.69,	4.9700
719.31,	4.9700
719.93,	4.9800
720.55,	4.9800
721.17,	4.9800
721.79,	4.9900
722.41,	5.0400
723.02,	5.1100
723.64,	5.1700
724.26,	5.2100
724.88,	5.2200
725.50,	5.2200
726.12,	5.2200
726.73,	5.2200
727.35,	5.2300
727.97,	5.2300
728.59,	5.2400
729.21,	5.2300
729.83,	5.2300
730.44,	5.2300
731.06,	5.2300
731.68,	5.2300
732.30,	5.2300
732.92,	5.2100
733.53,	5.2000
734.15,	5.1800
734.77,	5.1600
735.39,	5.1500
736.00,	5.1500
736.62,	5.1300
737.24,	5.1100
737.86,	5.1000
738.47,	5.0900
739.09,	5.0900
739.71,	5.0800
740.33,	5.0700
740.94,	5.0700
741.56,	5.0500
742.18,	5.0500
742.79,	5.0500
743.41,	5.0400
744.03,	5.0300
744.65,	5.0200
745.26,	5.0200
745.88,	5.0200
746.50,	5.0100
747.11,	4.9900
747.73,	4.9700
748.35,	4.9600
748.96,	4.9600
749.58,	4.9700
750.20,	4.9800
750.81,	4.9900
751.43,	4.9900
752.05,	4.9900
752.66,	4.9900
753.28,	4.9800
753.90,	4.9800
754.51,	4.9800
755.13,	4.9800
755.74,	4.9700
756.36,	4.9700
756.98,	4.9700
757.59,	4.9600
758.21,	4.9600
758.82,	4.9500
759.44,	4.9400
760.06,	4.9400
760.67,	4.9300
761.29,	4.9100
761.90,	4.9000
762.52,	4.8900
763.14,	4.8800
763.75,	4.8800
764.37,	4.8700
764.98,	4.8700
765.60,	4.8800
766.21,	4.8900
766.83,	4.8900
767.44,	4.8900
768.06,	4.9000
768.67,	4.9000
769.29,	4.8900
769.90,	4.8900
770.52,	4.8900
771.14,	4.8900
771.75,	4.9100
772.37,	4.9200
772.98,	4.9100
773.59,	4.9100
774.21,	4.9000
774.82,	4.8900
775.44,	4.8500
776.05,	4.8300
776.67,	4.8200
777.28,	4.8100
777.90,	4.7900
778.51,	4.7800
779.13,	4.7800
779.74,	4.7800
780.36,	4.7900
780.97,	4.7800
781.58,	4.7800
782.20,	4.7700
782.81,	4.7500
783.43,	4.7400
784.04,	4.7300
784.66,	4.7200
785.27,	4.7100
785.88,	4.7100
786.50,	4.7100
787.11,	4.7200
787.73,	4.7400
788.34,	4.7400
788.95,	4.7500
789.57,	4.7500
790.18,	4.7500
790.79,	4.7500
791.41,	4.7500
792.02,	4.7500
792.63,	4.7500
793.25,	4.7400
793.86,	4.7300
794.47,	4.7000
795.09,	4.6800
795.70,	4.6800
796.31,	4.6800
796.93,	4.6800
797.54,	4.6800
798.15,	4.6800
798.77,	4.6800
799.38,	4.6900
799.99,	4.6800
800.61,	4.6800
801.22,	4.6900
801.83,	4.6900
802.44,	4.6900
803.06,	4.6900
803.67,	4.6900
804.28,	4.6900
804.90,	4.6800
805.51,	4.6900
806.12,	4.6900
806.73,	4.6900
807.34,	4.6800
807.96,	4.6700
808.57,	4.6800
809.18,	4.6800
809.79,	4.6700
810.41,	4.6700
811.02,	4.6700
811.63,	4.6600
812.24,	4.6400
812.85,	4.6200
813.47,	4.6100
814.08,	4.6300
814.69,	4.6500
815.30,	4.6600
815.91,	4.6600
816.53,	4.6700
817.14,	4.6700
817.75,	4.6800
818.36,	4.6700
818.97,	4.6600
819.58,	4.6600
820.20,	4.6600
820.81,	4.6500
821.42,	4.6400
822.03,	4.6300
822.64,	4.6000
823.25,	4.5800
823.86,	4.5800
824.47,	4.5700
825.09,	4.5400
825.70,	4.5300
826.31,	4.5300
826.92,	4.5500
827.53,	4.5600
828.14,	4.5700
828.75,	4.5700
829.36,	4.5700
829.97,	4.5700
830.58,	4.5600
831.19,	4.5500
831.80,	4.5400
832.42,	4.5400
833.03,	4.5300
833.64,	4.5200
834.25,	4.5200
834.86,	4.5100
835.47,	4.5100
836.08,	4.5000
836.69,	4.5000
837.30,	4.5000
837.91,	4.5000
838.52,	4.5000
839.13,	4.4900
839.74,	4.4800
840.35,	4.4600
840.96,	4.4400
841.57,	4.4300
842.18,	4.4200
842.79,	4.4100
843.40,	4.4000
844.01,	4.3900
844.62,	4.3800
845.23,	4.3700
845.84,	4.3700
846.45,	4.3700
847.06,	4.3700
847.67,	4.3700
848.27,	4.3700
848.88,	4.3700
849.49,	4.3700
850.10,	4.3800
850.71,	4.3700
851.32,	4.3600
851.93,	4.3600
852.54,	4.3500
853.15,	4.3500
853.76,	4.3400
854.37,	4.3300
854.98,	4.3200
855.58,	4.3200
856.19,	4.3100
856.80,	4.3000
857.41,	4.3000
858.02,	4.3000
858.63,	4.3000
859.24,	4.2900
859.85,	4.2900
860.45,	4.2900
861.06,	4.2800
861.67,	4.2800
862.28,	4.2800
862.89,	4.2800
863.50,	4.2800
864.10,	4.2700
864.71,	4.2700
865.32,	4.2600
865.93,	4.2600
866.54,	4.2600
867.14,	4.2500
867.75,	4.2400
868.36,	4.2400
868.97,	4.2300
869.58,	4.2300
870.18,	4.2300
870.79,	4.2300
871.40,	4.2300
872.01,	4.2400
872.61,	4.2400
873.22,	4.2500
873.83,	4.2500
874.44,	4.2500
875.04,	4.2500
875.65,	4.2500
876.26,	4.2500
876.87,	4.2400
877.47,	4.2300
878.08,	4.2200
878.69,	4.2200
879.29,	4.2200
879.90,	4.2200
880.51,	4.2200
881.12,	4.2100
881.72,	4.2100
882.33,	4.2100
882.94,	4.2100
883.54,	4.2200
884.15,	4.2400
884.76,	4.2500
885.36,	4.2700
885.97,	4.2800
886.58,	4.3000
887.18,	4.3000
887.79,	4.3000
888.40,	4.3000
889.00,	4.3000
889.61,	4.3100
890.22,	4.3200
890.82,	4.3400
891.43,	4.3600
892.03,	4.3700
892.64,	4.3800
893.25,	4.3900
893.85,	4.3900
894.46,	4.3800
895.06,	4.3800
895.67,	4.3800
896.28,	4.3700
896.88,	4.3600
897.49,	4.3600
898.09,	4.3500
898.70,	4.3400
899.30,	4.3400
899.91,	4.3400
900.52,	4.3400
901.12,	4.3500
901.73,	4.3700
902.33,	4.3700
902.94,	4.3700
903.54,	4.3700
904.15,	4.3700
904.75,	4.3700
905.36,	4.3600
905.96,	4.3400
906.57,	4.3100
907.17,	4.2800
907.78,	4.2800
908.38,	4.2800
908.99,	4.2700
909.59,	4.2600
910.20,	4.2300
910.80,	4.1800
911.41,	4.1300
912.01,	4.1100
912.62,	4.0900
913.22,	4.0900
913.83,	4.0900
914.43,	4.0900
915.03,	4.0900
915.64,	4.0800
916.24,	4.0800
916.85,	4.0700
917.45,	4.0600
918.06,	4.0500
918.66,	4.0400
919.26,	4.0400
919.87,	4.0300
920.47,	4.0300
921.08,	4.0300
921.68,	4.0200
922.28,	4.0200
922.89,	4.0200
923.49,	4.0100
924.10,	3.9900
924.70,	3.9800
925.30,	3.9700
925.91,	3.9700
926.51,	3.9600
927.11,	3.9600
927.72,	3.9600
928.32,	3.9600
928.92,	3.9600
929.53,	3.9500
930.13,	3.9500
930.74,	3.9500
931.34,	3.9600
931.94,	3.9600
932.54,	3.9700
933.15,	4.1400
933.75,	5.0200
934.35,	7.2100
934.96,	10.6300
935.56,	14.1200
936.16,	16.1200
936.77,	17.2600
937.37,	18.1100
937.97,	18.8200
938.57,	19.4600
939.18,	20.0400
939.78,	20.5900
940.38,	21.1100
940.98,	21.5900
941.59,	22.0500
942.19,	22.4700
942.79,	22.8700
943.39,	23.2400
944.00,	24.1900
944.60,	34.2600
945.20,	35.5000
945.80,	35.5000
946.40,	35.5000
947.01,	35.5000
947.61,	35.5000
948.21,	35.5000
948.81,	35.5000
949.41,	35.5000
950.02,	35.5000
950.62,	35.5000
951.22,	35.5000
951.82,	35.5000
952.42,	35.5000
953.02,	35.5000
953.63,	35.5000
954.23,	35.5000
954.83,	35.5000
955.43,	35.5000
956.03,	35.5000
956.63,	35.5000
957.24,	35.5000
957.84,	35.5000
958.44,	35.5000
959.04,	35.5000
959.64,	35.5000
960.24,	35.5000
960.84,	35.5000
961.44,	35.5000
962.04,	35.5000
962.64,	35.5000
963.25,	35.5000
963.85,	35.5000
964.45,	35.5000
965.05,	35.5000
965.65,	35.5000
966.25,	35.5000
966.85,	35.5000
967.45,	35.5000
968.05,	35.5000
968.65,	35.5000
969.25,	35.5000
969.85,	35.5000
970.45,	35.5000
971.05,	35.5000
971.65,	35.5000
972.25,	35.5000
972.85,	35.5000
973.45,	35.5000
974.05,	35.5000
974.65,	35.5000
975.25,	35.5000
975.85,	35.5000
976.45,	35.5000
977.05,	35.5000
977.65,	35.5000
978.25,	35.5000
978.85,	35.5000
979.45,	35.5000
980.05,	35.5000
980.65,	35.5000
981.25,	35.5000
981.85,	35.5000
982.45,	35.5000
983.05,	35.5000
983.65,	35.5000
984.25,	35.5000
984.85,	35.5000
985.45,	35.5000
986.04,	35.5000
986.64,	35.5000
987.24,	35.5000
987.84,	35.5000
988.44,	35.5000
989.04,	35.5000
989.64,	35.5000
990.24,	35.5000
990.84,	35.5000
991.44,	35.5000
992.03,	35.5000
992.63,	35.5000
993.23,	35.5000
993.83,	35.5000
994.43,	35.5000
995.03,	35.5000
995.63,	35.5000
996.22,	35.5000
996.82,	35.5000
997.42,	35.5000
998.02,	35.5000
998.62,	35.5000
999.21,	35.5000
999.81,	35.5000
1000.41,	35.5000
