Call Sign = ZSDA,	Ship Name = SA Agulhas,	Lloyds Num = 0
Date = 02/03/2017,	Time = 01:30,	
Latitude = 43 45.89  S,	Longitude = 007 44.18  E
Instr = Sippican Deep Blue,	Card Type = Sippican MK-21,	
Wind Instr = ,	Measur Method = 
Probe Serial Num = -1,	Ship Dir = -1,	Ship Speed = -1.00
Wind Dir = 260,	Wind Speed = 40.00
Dry Bulb Temp = 10.50,	Total Water Depth = -1.00

Full Resolution Values
Depth,	 Temp
0.67,	11.0000
1.34,	10.8700
2.01,	10.8400
2.68,	10.8400
3.34,	10.8400
4.01,	10.8400
4.68,	10.8400
5.35,	10.8400
6.02,	10.8400
6.69,	10.8400
7.36,	10.8400
8.03,	10.8400
8.69,	10.8400
9.36,	10.8400
10.03,	10.8400
10.70,	10.8400
11.37,	10.8400
12.04,	10.8400
12.70,	10.8400
13.37,	10.8500
14.04,	10.8400
14.71,	10.8400
15.38,	10.8400
16.05,	10.8400
16.71,	10.8400
17.38,	10.8400
18.05,	10.8400
18.72,	10.8400
19.38,	10.8400
20.05,	10.8400
20.72,	10.8400
21.39,	10.8400
22.06,	10.8400
22.72,	10.8400
23.39,	10.8400
24.06,	10.8400
24.73,	10.8400
25.39,	10.8400
26.06,	10.8400
26.73,	10.8400
27.40,	10.8400
28.06,	10.8500
28.73,	10.8400
29.40,	10.8400
30.06,	10.8500
30.73,	10.8400
31.40,	10.8400
32.06,	10.8400
32.73,	10.8400
33.40,	10.8500
34.07,	10.8500
34.73,	10.8500
35.40,	10.8500
36.07,	10.8500
36.73,	10.8500
37.40,	10.8400
38.07,	10.8400
38.73,	10.8400
39.40,	10.8500
40.06,	10.8500
40.73,	10.8500
41.40,	10.8500
42.06,	10.8500
42.73,	10.8400
43.40,	10.8300
44.06,	10.8300
44.73,	10.8300
45.39,	10.8400
46.06,	10.8400
46.73,	10.8300
47.39,	10.8300
48.06,	10.8400
48.72,	10.8300
49.39,	10.8300
50.06,	10.8300
50.72,	10.8200
51.39,	10.8000
52.05,	10.7800
52.72,	10.7800
53.38,	10.7800
54.05,	10.7800
54.71,	10.7700
55.38,	10.7500
56.05,	10.7500
56.71,	10.7500
57.38,	10.7400
58.04,	10.7300
58.71,	10.7300
59.37,	10.7600
60.04,	10.7600
60.70,	10.7400
61.37,	10.7200
62.03,	10.7200
62.70,	10.7300
63.36,	10.7200
64.03,	10.7100
64.69,	10.7000
65.36,	10.7000
66.02,	10.6800
66.69,	10.6300
67.35,	10.6100
68.01,	10.5900
68.68,	10.5700
69.34,	10.5600
70.01,	10.5400
70.67,	10.5300
71.34,	10.5200
72.00,	10.5200
72.66,	10.5000
73.33,	10.4800
73.99,	10.4700
74.66,	10.4400
75.32,	10.3900
75.98,	10.3600
76.65,	10.3200
77.31,	10.2800
77.98,	10.2700
78.64,	10.2400
79.30,	10.2200
79.97,	10.2100
80.63,	10.1800
81.30,	10.1300
81.96,	10.1000
82.62,	10.0600
83.29,	10.0100
83.95,	9.9800
84.61,	9.9300
85.28,	9.9100
85.94,	9.9000
86.60,	9.9100
87.27,	9.9100
87.93,	9.9000
88.59,	9.8900
89.26,	9.8900
89.92,	9.8900
90.58,	9.8800
91.24,	9.8800
91.91,	9.8700
92.57,	9.8700
93.23,	9.8600
93.90,	9.8600
94.56,	9.8600
95.22,	9.8600
95.88,	9.8500
96.55,	9.8500
97.21,	9.8500
97.87,	9.8300
98.53,	9.8000
99.20,	9.7700
99.86,	9.7600
100.52,	9.7600
101.18,	9.7400
101.85,	9.7300
102.51,	9.7200
103.17,	9.7000
103.83,	9.6800
104.49,	9.6600
105.16,	9.6600
105.82,	9.6400
106.48,	9.6300
107.14,	9.6200
107.80,	9.6100
108.47,	9.6000
109.13,	9.5900
109.79,	9.5800
110.45,	9.5600
111.11,	9.5400
111.77,	9.5300
112.44,	9.5300
113.10,	9.5400
113.76,	9.5400
114.42,	9.5400
115.08,	9.5300
115.74,	9.5100
116.40,	9.4900
117.06,	9.4700
117.73,	9.4700
118.39,	9.4600
119.05,	9.4500
119.71,	9.4400
120.37,	9.4300
121.03,	9.4000
121.69,	9.3700
122.35,	9.3500
123.01,	9.3300
123.67,	9.3300
124.33,	9.3200
125.00,	9.3200
125.66,	9.3000
126.32,	9.2800
126.98,	9.2500
127.64,	9.2000
128.30,	9.1700
128.96,	9.1600
129.62,	9.1500
130.28,	9.1500
130.94,	9.1500
131.60,	9.1500
132.26,	9.1300
132.92,	9.1200
133.58,	9.1100
134.24,	9.1000
134.90,	9.0900
135.56,	9.0800
136.22,	9.0700
136.88,	9.0600
137.54,	9.0600
138.20,	9.0500
138.86,	9.0300
139.52,	9.0100
140.18,	9.0000
140.84,	9.0000
141.50,	8.9900
142.16,	8.9900
142.82,	8.9900
143.48,	8.9800
144.14,	8.9700
144.79,	8.9700
145.45,	8.9600
146.11,	8.9600
146.77,	8.9600
147.43,	8.9600
148.09,	8.9600
148.75,	8.9700
149.41,	8.9800
150.07,	8.9900
150.73,	8.9900
151.39,	9.0000
152.04,	9.0000
152.70,	9.0000
153.36,	9.0000
154.02,	9.0000
154.68,	9.0000
155.34,	9.0000
156.00,	8.9700
156.65,	8.9500
157.31,	8.9600
157.97,	8.9600
158.63,	8.9600
159.29,	8.9600
159.95,	8.9600
160.60,	8.9500
161.26,	8.9500
161.92,	8.9500
162.58,	8.9400
163.24,	8.9200
163.90,	8.9100
164.55,	8.9000
165.21,	8.9100
165.87,	8.9100
166.53,	8.9100
167.18,	8.9100
167.84,	8.9000
168.50,	8.8800
169.16,	8.8700
169.82,	8.8600
170.47,	8.8400
171.13,	8.8200
171.79,	8.8000
172.44,	8.8000
173.10,	8.8000
173.76,	8.8000
174.42,	8.8100
175.07,	8.7900
175.73,	8.7800
176.39,	8.7600
177.05,	8.7600
177.70,	8.7500
178.36,	8.7400
179.02,	8.7300
179.67,	8.7200
180.33,	8.7000
180.99,	8.6900
181.64,	8.6800
182.30,	8.6700
182.96,	8.6700
183.61,	8.6600
184.27,	8.6600
184.93,	8.6600
185.58,	8.6600
186.24,	8.6500
186.90,	8.6500
187.55,	8.6600
188.21,	8.6600
188.87,	8.6700
189.52,	8.7000
190.18,	8.7700
190.83,	8.8300
191.49,	8.8400
192.15,	8.8100
192.80,	8.7900
193.46,	8.7700
194.11,	8.7500
194.77,	8.7500
195.43,	8.7500
196.08,	8.7500
196.74,	8.7500
197.39,	8.7400
198.05,	8.7300
198.70,	8.7100
199.36,	8.7000
200.02,	8.6900
200.67,	8.6900
201.33,	8.6900
201.98,	8.6900
202.64,	8.6900
203.29,	8.6900
203.95,	8.6900
204.60,	8.6700
205.26,	8.6400
205.91,	8.6200
206.57,	8.6000
207.22,	8.5900
207.88,	8.5800
208.53,	8.5800
209.19,	8.5800
209.84,	8.5600
210.50,	8.5400
211.15,	8.4900
211.81,	8.4600
212.46,	8.4400
213.12,	8.4400
213.77,	8.4300
214.43,	8.4200
215.08,	8.4200
215.74,	8.4200
216.39,	8.4300
217.04,	8.4500
217.70,	8.4800
218.35,	8.4900
219.01,	8.4900
219.66,	8.4900
220.32,	8.4400
220.97,	8.3900
221.62,	8.3300
222.28,	8.2600
222.93,	8.2000
223.59,	8.1800
224.24,	8.1700
224.89,	8.1700
225.55,	8.1700
226.20,	8.1700
226.85,	8.1700
227.51,	8.1700
228.16,	8.1700
228.81,	8.1600
229.47,	8.1600
230.12,	8.1500
230.78,	8.1400
231.43,	8.1300
232.08,	8.1200
232.74,	8.1300
233.39,	8.1200
234.04,	8.1100
234.69,	8.0900
235.35,	8.0700
236.00,	8.0600
236.65,	8.0500
237.31,	8.0400
237.96,	8.0400
238.61,	8.0300
239.27,	8.0200
239.92,	8.0100
240.57,	8.0100
241.22,	8.0100
241.88,	8.0100
242.53,	8.0000
243.18,	7.9900
243.83,	7.9900
244.49,	7.9900
245.14,	7.9800
245.79,	7.9900
246.44,	7.9900
247.10,	7.9700
247.75,	7.9500
248.40,	7.9400
249.05,	7.9400
249.70,	7.9300
250.36,	7.9300
251.01,	7.9300
251.66,	7.9300
252.31,	7.9300
252.96,	7.9300
253.62,	7.9300
254.27,	7.9400
254.92,	7.9300
255.57,	7.9300
256.22,	7.9300
256.88,	7.9200
257.53,	7.9100
258.18,	7.9100
258.83,	7.9000
259.48,	7.9000
260.13,	7.9000
260.78,	7.9100
261.44,	7.9100
262.09,	7.9100
262.74,	7.9100
263.39,	7.9100
264.04,	7.9000
264.69,	7.9000
265.34,	7.9100
265.99,	7.9300
266.64,	7.9400
267.29,	7.9600
267.95,	7.9700
268.60,	7.9800
269.25,	7.9800
269.90,	7.9800
270.55,	7.9800
271.20,	7.9600
271.85,	7.9100
272.50,	7.8700
273.15,	7.8300
273.80,	7.7900
274.45,	7.7600
275.10,	7.7500
275.75,	7.7400
276.40,	7.7300
277.05,	7.7300
277.70,	7.7200
278.35,	7.7200
279.00,	7.7200
279.65,	7.7400
280.30,	7.7400
280.95,	7.7500
281.60,	7.7500
282.25,	7.7400
282.90,	7.7300
283.55,	7.7000
284.20,	7.6700
284.85,	7.6600
285.50,	7.6500
286.15,	7.6400
286.80,	7.6300
287.45,	7.6300
288.10,	7.6200
288.75,	7.6100
289.40,	7.6100
290.05,	7.6100
290.70,	7.6000
291.35,	7.5700
292.00,	7.5600
292.64,	7.5500
293.29,	7.5500
293.94,	7.5400
294.59,	7.5400
295.24,	7.5400
295.89,	7.5300
296.54,	7.5300
297.19,	7.5300
297.84,	7.5200
298.49,	7.5200
299.13,	7.5100
299.78,	7.5000
300.43,	7.5000
301.08,	7.5000
301.73,	7.4900
302.38,	7.4900
303.02,	7.4900
303.67,	7.4800
304.32,	7.4800
304.97,	7.4800
305.62,	7.4800
306.27,	7.4800
306.91,	7.4800
307.56,	7.4800
308.21,	7.4700
308.86,	7.4700
309.51,	7.4700
310.15,	7.4600
310.80,	7.4600
311.45,	7.4600
312.10,	7.4600
312.75,	7.4500
313.39,	7.4500
314.04,	7.4500
314.69,	7.4400
315.34,	7.4300
315.98,	7.4300
316.63,	7.4200
317.28,	7.4200
317.93,	7.4200
318.57,	7.4300
319.22,	7.4200
319.87,	7.4200
320.52,	7.4100
321.16,	7.4100
321.81,	7.4000
322.46,	7.3800
323.10,	7.3700
323.75,	7.3700
324.40,	7.3600
325.04,	7.3500
325.69,	7.3400
326.34,	7.3400
326.99,	7.3300
327.63,	7.3300
328.28,	7.3300
328.93,	7.3200
329.57,	7.3200
330.22,	7.3100
330.86,	7.3000
331.51,	7.3000
332.16,	7.3000
332.80,	7.2900
333.45,	7.2800
334.10,	7.2600
334.74,	7.2500
335.39,	7.2400
336.03,	7.2300
336.68,	7.2300
337.33,	7.2000
337.97,	7.1600
338.62,	7.1400
339.26,	7.1300
339.91,	7.1300
340.56,	7.1300
341.20,	7.1300
341.85,	7.1300
342.49,	7.1200
343.14,	7.1200
343.78,	7.1100
344.43,	7.1100
345.08,	7.1000
345.72,	7.1100
346.37,	7.1000
347.01,	7.0900
347.66,	7.0900
348.30,	7.0900
348.95,	7.1000
349.59,	7.0900
350.24,	7.0800
350.88,	7.0600
351.53,	7.0400
352.17,	7.0200
352.82,	7.0000
353.46,	7.0000
354.11,	6.9900
354.75,	6.9900
355.40,	7.0000
356.04,	7.0100
356.69,	7.0000
357.33,	6.9600
357.98,	6.9300
358.62,	6.9100
359.27,	6.9000
359.91,	6.9000
360.55,	6.8900
361.20,	6.8700
361.84,	6.8600
362.49,	6.8500
363.13,	6.8500
363.78,	6.8500
364.42,	6.8400
365.06,	6.8400
365.71,	6.8300
366.35,	6.8300
367.00,	6.8300
367.64,	6.8200
368.28,	6.8100
368.93,	6.7900
369.57,	6.7800
370.22,	6.7600
370.86,	6.7500
371.50,	6.7400
372.15,	6.7400
372.79,	6.7300
373.43,	6.7200
374.08,	6.7100
374.72,	6.6900
375.36,	6.6700
376.01,	6.6500
376.65,	6.6400
377.29,	6.6100
377.94,	6.5700
378.58,	6.5200
379.22,	6.5000
379.87,	6.4800
380.51,	6.4700
381.15,	6.4500
381.79,	6.4400
382.44,	6.4200
383.08,	6.3900
383.72,	6.3700
384.37,	6.3600
385.01,	6.3400
385.65,	6.3300
386.29,	6.3100
386.94,	6.3100
387.58,	6.3000
388.22,	6.3000
388.86,	6.2900
389.51,	6.2800
390.15,	6.2900
390.79,	6.2900
391.43,	6.2900
392.08,	6.2800
392.72,	6.2700
393.36,	6.2500
394.00,	6.2400
394.64,	6.2300
395.29,	6.2100
395.93,	6.1800
396.57,	6.1600
397.21,	6.1500
397.85,	6.1400
398.50,	6.1300
399.14,	6.1100
399.78,	6.0800
400.42,	6.0600
401.06,	6.0600
401.70,	6.0600
402.34,	6.0700
402.99,	6.0600
403.63,	6.0500
404.27,	6.0300
404.91,	6.0200
405.55,	6.0100
406.19,	6.0000
406.83,	5.9900
407.48,	5.9900
408.12,	5.9800
408.76,	5.9700
409.40,	5.9700
410.04,	5.9500
410.68,	5.9300
411.32,	5.9200
411.96,	5.9000
412.60,	5.8900
413.24,	5.8800
413.88,	5.8700
414.52,	5.8600
415.17,	5.8500
415.81,	5.8500
416.45,	5.8500
417.09,	5.8400
417.73,	5.8100
418.37,	5.8000
419.01,	5.8000
419.65,	5.8000
420.29,	5.8200
420.93,	5.8400
421.57,	5.8500
422.21,	5.8600
422.85,	5.8600
423.49,	5.8600
424.13,	5.8600
424.77,	5.8600
425.41,	5.8500
426.05,	5.8400
426.69,	5.8100
427.33,	5.7800
427.97,	5.7500
428.61,	5.7300
429.25,	5.7200
429.89,	5.7100
430.53,	5.7100
431.17,	5.7100
431.80,	5.7100
432.44,	5.7100
433.08,	5.7000
433.72,	5.6900
434.36,	5.6800
435.00,	5.6800
435.64,	5.6700
436.28,	5.6700
436.92,	5.6600
437.56,	5.6600
438.20,	5.6600
438.84,	5.6500
439.47,	5.6400
440.11,	5.6100
440.75,	5.5900
441.39,	5.5700
442.03,	5.5600
442.67,	5.5600
443.31,	5.5500
443.95,	5.5400
444.58,	5.5400
445.22,	5.5400
445.86,	5.5300
446.50,	5.5300
447.14,	5.5300
447.78,	5.5200
448.41,	5.5200
449.05,	5.5200
449.69,	5.5200
450.33,	5.5200
450.97,	5.5100
451.60,	5.5100
452.24,	5.5000
452.88,	5.4700
453.52,	5.4500
454.16,	5.4400
454.79,	5.4200
455.43,	5.4200
456.07,	5.4100
456.71,	5.4000
457.35,	5.3900
457.98,	5.3800
458.62,	5.3700
459.26,	5.3600
459.90,	5.3500
460.53,	5.3500
461.17,	5.3300
461.81,	5.3200
462.44,	5.3100
463.08,	5.3100
463.72,	5.3000
464.36,	5.2800
464.99,	5.2600
465.63,	5.2400
466.27,	5.2400
466.90,	5.2400
467.54,	5.2300
468.18,	5.2300
468.81,	5.2200
469.45,	5.2100
470.09,	5.2100
470.72,	5.2100
471.36,	5.2000
472.00,	5.1900
472.63,	5.1600
473.27,	5.1300
473.91,	5.1200
474.54,	5.1100
475.18,	5.0900
475.82,	5.0800
476.45,	5.0700
477.09,	5.0600
477.73,	5.0700
478.36,	5.0900
479.00,	5.1200
479.63,	5.1500
480.27,	5.1500
480.91,	5.1500
481.54,	5.1500
482.18,	5.1500
482.81,	5.1500
483.45,	5.1500
484.08,	5.1500
484.72,	5.1400
485.36,	5.1400
485.99,	5.1400
486.63,	5.1400
487.26,	5.1400
487.90,	5.1400
488.53,	5.1300
489.17,	5.1300
489.80,	5.1200
490.44,	5.1200
491.07,	5.1200
491.71,	5.1200
492.34,	5.1100
492.98,	5.1000
493.62,	5.0800
494.25,	5.0600
494.89,	5.0500
495.52,	5.0400
496.15,	5.0300
496.79,	5.0300
497.42,	5.0200
498.06,	5.0200
498.69,	5.0200
499.33,	5.0000
499.96,	4.9900
500.60,	4.9900
501.23,	4.9900
501.87,	4.9900
502.50,	4.9900
503.14,	4.9900
503.77,	4.9900
504.40,	4.9800
505.04,	4.9600
505.67,	4.9600
506.31,	4.9500
506.94,	4.9500
507.57,	4.9500
508.21,	4.9500
508.84,	4.9500
509.48,	4.9400
510.11,	4.9400
510.74,	4.9400
511.38,	4.9300
512.01,	4.9200
512.65,	4.9100
513.28,	4.9000
513.91,	4.8900
514.55,	4.8800
515.18,	4.8600
515.81,	4.8500
516.45,	4.8500
517.08,	4.8600
517.71,	4.8400
518.35,	4.8200
518.98,	4.8100
519.61,	4.8000
520.25,	4.8100
520.88,	4.8100
521.51,	4.8100
522.15,	4.8100
522.78,	4.8100
523.41,	4.8100
524.04,	4.8000
524.68,	4.7900
525.31,	4.7700
525.94,	4.7600
526.58,	4.7500
527.21,	4.7400
527.84,	4.7300
528.47,	4.7300
529.11,	4.7200
529.74,	4.7200
530.37,	4.7200
531.00,	4.7200
531.64,	4.7100
532.27,	4.7100
532.90,	4.7000
533.53,	4.7000
534.17,	4.7000
534.80,	4.6900
535.43,	4.6900
536.06,	4.6900
536.69,	4.6900
537.33,	4.6900
537.96,	4.6800
538.59,	4.6700
539.22,	4.6700
539.85,	4.6600
540.48,	4.6600
541.12,	4.6600
541.75,	4.6600
542.38,	4.6600
543.01,	4.6600
543.64,	4.6600
544.27,	4.6500
544.91,	4.6400
545.54,	4.6300
546.17,	4.6300
546.80,	4.6200
547.43,	4.6200
548.06,	4.6200
548.69,	4.6100
549.32,	4.6000
549.95,	4.6000
550.59,	4.5900
551.22,	4.5900
551.85,	4.5800
552.48,	4.5800
553.11,	4.5800
553.74,	4.5700
554.37,	4.5600
555.00,	4.5600
555.63,	4.5600
556.26,	4.5500
556.89,	4.5500
557.52,	4.5500
558.15,	4.5500
558.78,	4.5500
559.42,	4.5500
560.05,	4.5500
560.68,	4.5500
561.31,	4.5500
561.94,	4.5500
562.57,	4.5500
563.20,	4.5600
563.83,	4.5800
564.46,	4.6000
565.09,	4.6000
565.72,	4.6100
566.35,	4.6100
566.98,	4.6100
567.61,	4.6100
568.24,	4.6200
568.87,	4.6200
569.50,	4.6200
570.12,	4.6200
570.75,	4.6200
571.38,	4.6200
572.01,	4.6100
572.64,	4.6100
573.27,	4.6100
573.90,	4.6100
574.53,	4.6200
575.16,	4.6200
575.79,	4.6100
576.42,	4.6100
577.05,	4.6100
577.68,	4.6100
578.31,	4.6100
578.93,	4.6100
579.56,	4.6100
580.19,	4.6000
580.82,	4.6000
581.45,	4.5900
582.08,	4.5900
582.71,	4.5800
583.34,	4.5800
583.97,	4.5800
584.59,	4.5700
585.22,	4.5700
585.85,	4.5800
586.48,	4.5700
587.11,	4.5700
587.74,	4.5700
588.36,	4.5700
588.99,	4.5700
589.62,	4.5600
590.25,	4.5600
590.88,	4.5500
591.50,	4.5400
592.13,	4.5400
592.76,	4.5400
593.39,	4.5400
594.02,	4.5400
594.64,	4.5400
595.27,	4.5400
595.90,	4.5400
596.53,	4.5300
597.16,	4.5200
597.78,	4.5100
598.41,	4.5200
599.04,	4.5200
599.67,	4.5100
600.29,	4.5000
600.92,	4.5000
601.55,	4.4900
602.18,	4.4800
602.80,	4.4700
603.43,	4.4600
604.06,	4.4500
604.68,	4.4300
605.31,	4.4200
605.94,	4.4200
606.57,	4.4200
607.19,	4.4100
607.82,	4.4000
608.45,	4.3900
609.07,	4.3900
609.70,	4.3900
610.33,	4.4000
610.95,	4.4100
611.58,	4.4100
612.21,	4.4100
612.83,	4.4100
613.46,	4.4100
614.09,	4.4000
614.71,	4.3900
615.34,	4.3900
615.97,	4.3900
616.59,	4.3900
617.22,	4.3900
617.84,	4.3900
618.47,	4.3900
619.10,	4.3900
619.72,	4.3900
620.35,	4.3800
620.97,	4.3700
621.60,	4.3600
622.23,	4.3500
622.85,	4.3500
623.48,	4.3400
624.10,	4.3400
624.73,	4.3400
625.35,	4.3300
625.98,	4.3300
626.61,	4.3200
627.23,	4.3200
627.86,	4.3100
628.48,	4.3100
629.11,	4.2900
629.73,	4.2800
630.36,	4.2800
630.98,	4.2700
631.61,	4.2700
632.23,	4.2700
632.86,	4.2600
633.48,	4.2600
634.11,	4.2600
634.73,	4.2600
635.36,	4.2600
635.98,	4.2600
636.61,	4.2600
637.23,	4.2600
637.86,	4.2500
638.48,	4.2400
639.11,	4.2400
639.73,	4.2300
640.36,	4.2200
640.98,	4.2100
641.61,	4.2000
642.23,	4.2000
642.85,	4.2000
643.48,	4.1900
644.10,	4.1900
644.73,	4.1900
645.35,	4.1900
645.98,	4.1900
646.60,	4.1900
647.22,	4.1900
647.85,	4.1800
648.47,	4.1800
649.10,	4.1800
649.72,	4.1700
650.34,	4.1700
650.97,	4.1600
651.59,	4.1600
652.22,	4.1600
652.84,	4.1600
653.46,	4.1500
654.09,	4.1500
654.71,	4.1500
655.33,	4.1500
655.96,	4.1500
656.58,	4.1400
657.20,	4.1300
657.83,	4.1200
658.45,	4.1100
659.07,	4.1000
659.70,	4.1000
660.32,	4.0900
660.94,	4.0900
661.57,	4.0900
662.19,	4.0900
662.81,	4.0900
663.43,	4.0800
664.06,	4.0800
664.68,	4.0700
665.30,	4.0700
665.93,	4.0700
666.55,	4.0700
667.17,	4.0700
667.79,	4.0600
668.42,	4.0600
669.04,	4.0600
669.66,	4.0600
670.28,	4.0600
670.91,	4.0500
671.53,	4.0500
672.15,	4.0500
672.77,	4.0500
673.39,	4.0500
674.02,	4.0500
674.64,	4.0500
675.26,	4.0400
675.88,	4.0400
676.50,	4.0300
677.13,	4.0200
677.75,	4.0200
678.37,	4.0100
678.99,	4.0100
679.61,	4.0100
680.24,	4.0000
680.86,	4.0000
681.48,	3.9900
682.10,	3.9900
682.72,	3.9900
683.34,	3.9800
683.96,	3.9900
684.59,	3.9900
685.21,	3.9800
685.83,	3.9800
686.45,	3.9800
687.07,	3.9700
687.69,	3.9700
688.31,	3.9700
688.93,	3.9700
689.56,	3.9700
690.18,	3.9700
690.80,	3.9700
691.42,	3.9700
692.04,	3.9700
692.66,	3.9700
693.28,	3.9600
693.90,	3.9600
694.52,	3.9600
695.14,	3.9600
695.76,	3.9600
696.38,	3.9500
697.00,	3.9500
697.62,	3.9500
698.25,	3.9500
698.87,	3.9500
699.49,	3.9500
700.11,	3.9400
700.73,	3.9400
701.35,	3.9400
701.97,	3.9400
702.59,	3.9400
703.21,	3.9400
703.83,	3.9400
704.45,	3.9300
705.07,	3.9200
705.69,	3.9200
706.31,	3.9100
706.93,	3.9100
707.55,	3.9000
708.17,	3.9000
708.79,	3.9000
709.40,	3.9000
710.02,	3.9000
710.64,	3.9000
711.26,	3.9000
711.88,	3.9000
712.50,	3.9000
713.12,	3.9000
713.74,	3.9000
714.36,	3.9000
714.98,	3.9000
715.60,	3.8900
716.22,	3.8900
716.84,	3.8900
717.45,	3.8900
718.07,	3.8900
718.69,	3.8900
719.31,	3.8900
719.93,	3.8900
720.55,	3.8900
721.17,	3.8900
721.79,	3.8900
722.41,	3.8800
723.02,	3.8800
723.64,	3.8800
724.26,	3.8800
724.88,	3.8800
725.50,	3.8800
726.12,	3.8800
726.73,	3.8800
727.35,	3.8800
727.97,	3.8800
728.59,	3.8800
729.21,	3.8800
729.83,	3.8800
730.44,	3.8700
731.06,	3.8700
731.68,	3.8700
732.30,	3.8800
732.92,	3.8700
733.53,	3.8700
734.15,	3.8700
734.77,	3.8700
735.39,	3.8700
736.00,	3.8700
736.62,	3.8700
737.24,	3.8700
737.86,	3.8700
738.47,	3.8600
739.09,	3.8600
739.71,	3.8600
740.33,	3.8600
740.94,	3.8600
741.56,	3.8600
742.18,	3.8600
742.79,	3.8600
743.41,	3.8600
744.03,	3.8500
744.65,	3.8400
745.26,	3.8400
745.88,	3.8400
746.50,	3.8300
747.11,	3.8300
747.73,	3.8300
748.35,	3.8300
748.96,	3.8300
749.58,	3.8300
750.20,	3.8200
750.81,	3.8200
751.43,	3.8200
752.05,	3.8200
752.66,	3.8200
753.28,	3.8200
753.90,	3.8200
754.51,	3.8200
755.13,	3.8200
755.74,	3.8200
756.36,	3.8200
756.98,	3.8100
757.59,	3.8200
758.21,	3.8200
758.82,	3.8100
759.44,	3.8100
760.06,	3.8100
760.67,	3.8100
761.29,	3.8000
761.90,	3.8000
762.52,	3.8000
763.14,	3.8000
763.75,	3.8000
764.37,	3.8000
764.98,	3.8000
765.60,	3.8000
766.21,	3.8000
766.83,	3.7900
767.44,	3.7900
768.06,	3.7900
768.67,	3.7900
769.29,	3.7900
769.90,	3.7900
770.52,	3.7900
771.14,	3.7900
771.75,	3.7900
772.37,	3.7900
772.98,	3.7900
773.59,	3.7900
774.21,	3.7900
774.82,	3.7900
775.44,	3.8000
776.05,	3.8000
776.67,	3.8000
777.28,	3.8000
777.90,	3.8000
778.51,	3.8000
779.13,	3.8000
779.74,	3.8000
780.36,	3.7900
780.97,	3.8000
781.58,	3.8000
782.20,	3.8000
782.81,	3.7900
783.43,	3.7900
784.04,	3.7800
784.66,	3.7700
785.27,	3.7700
785.88,	3.7800
786.50,	3.7700
787.11,	3.7700
787.73,	3.7700
788.34,	3.7800
788.95,	3.7800
789.57,	3.7800
790.18,	3.7800
790.79,	3.7800
791.41,	3.7800
792.02,	3.7800
792.63,	3.7800
793.25,	3.7800
793.86,	3.7800
794.47,	3.7800
795.09,	3.7800
795.70,	3.7800
796.31,	3.7800
796.93,	3.7800
797.54,	3.7800
798.15,	3.7800
798.77,	3.7800
799.38,	3.7800
799.99,	3.7800
800.61,	3.7800
801.22,	3.7800
801.83,	3.7800
802.44,	3.7800
803.06,	3.7800
803.67,	3.7800
804.28,	3.7800
804.90,	3.7800
805.51,	3.7800
806.12,	3.7800
806.73,	3.7800
807.34,	3.7800
807.96,	3.7800
808.57,	3.7700
809.18,	3.7700
809.79,	3.7700
810.41,	3.7700
811.02,	3.7600
811.63,	3.7400
812.24,	3.7300
812.85,	3.7300
813.47,	3.7200
814.08,	3.7200
814.69,	3.7100
815.30,	3.7100
815.91,	3.7000
816.53,	3.6900
817.14,	3.6900
817.75,	3.7000
818.36,	3.6900
818.97,	3.6900
819.58,	3.6800
820.20,	3.6800
820.81,	3.6900
821.42,	3.6900
822.03,	3.6800
822.64,	3.6800
823.25,	3.6800
823.86,	3.6700
824.47,	3.6700
825.09,	3.6800
825.70,	3.6800
826.31,	3.6800
826.92,	3.6900
827.53,	3.6900
828.14,	3.7000
828.75,	3.7000
829.36,	3.7000
829.97,	3.6900
830.58,	3.7000
831.19,	3.7000
831.80,	3.7000
832.42,	3.7000
833.03,	3.7000
833.64,	3.7000
834.25,	3.7000
834.86,	3.7000
835.47,	3.7000
836.08,	3.7000
836.69,	3.7000
837.30,	3.7000
837.91,	3.6900
838.52,	3.6900
839.13,	3.6900
839.74,	3.6900
840.35,	3.6900
840.96,	3.6900
841.57,	3.6900
842.18,	3.6800
842.79,	3.6800
843.40,	3.6800
844.01,	3.6700
844.62,	3.6600
845.23,	3.6600
845.84,	3.6500
846.45,	3.6500
847.06,	3.6500
847.67,	3.6600
848.27,	3.6600
848.88,	3.6600
849.49,	3.6600
850.10,	3.6600
850.71,	3.6700
851.32,	3.6800
851.93,	3.6800
852.54,	3.6900
853.15,	3.6900
853.76,	3.6800
854.37,	3.6700
854.98,	3.6600
855.58,	3.6500
856.19,	3.6500
856.80,	3.6500
857.41,	3.6600
858.02,	3.6700
858.63,	3.6800
859.24,	3.6900
859.85,	3.6900
860.45,	3.6900
861.06,	3.6900
861.67,	3.6900
862.28,	3.6900
862.89,	3.6900
863.50,	3.6900
864.10,	3.6900
864.71,	3.6800
865.32,	3.6800
865.93,	3.6800
866.54,	3.6800
867.14,	3.6800
867.75,	3.6800
868.36,	3.6700
868.97,	3.6700
869.58,	3.6700
870.18,	3.6700
870.79,	3.6700
871.40,	3.6600
872.01,	3.6600
872.61,	3.6500
873.22,	3.6500
873.83,	3.6400
874.44,	3.6400
875.04,	3.6400
875.65,	3.6400
876.26,	3.6400
876.87,	3.6400
877.47,	3.6400
878.08,	3.6300
878.69,	3.6300
879.29,	3.6300
879.90,	3.6200
880.51,	3.6200
881.12,	3.6200
881.72,	3.6200
882.33,	3.6100
882.94,	3.6100
883.54,	3.6100
884.15,	3.6000
884.76,	3.5900
885.36,	3.5900
885.97,	3.5900
886.58,	3.5900
887.18,	3.5900
887.79,	3.5900
888.40,	3.5800
889.00,	3.5800
889.61,	3.5800
890.22,	3.5800
890.82,	3.5700
891.43,	3.5700
892.03,	3.5700
892.64,	3.5600
893.25,	3.5600
893.85,	3.5600
894.46,	3.5600
895.06,	3.5500
895.67,	3.5500
896.28,	3.5500
896.88,	3.5500
897.49,	3.5500
898.09,	3.5500
898.70,	3.5500
899.30,	3.5500
899.91,	3.5400
900.52,	3.5400
901.12,	3.5300
901.73,	3.5300
902.33,	3.5300
902.94,	3.5300
903.54,	3.5300
904.15,	3.5200
904.75,	3.5300
905.36,	3.5300
905.96,	3.5200
906.57,	3.5200
907.17,	3.5200
907.78,	3.5200
908.38,	3.5200
908.99,	3.5200
909.59,	3.5200
910.20,	3.5200
910.80,	3.5200
911.41,	3.5200
912.01,	3.5200
912.62,	3.5200
913.22,	3.5200
913.83,	3.5200
914.43,	3.5200
915.03,	3.5200
915.64,	3.5200
916.24,	3.5200
916.85,	3.5200
917.45,	3.5200
918.06,	3.5200
918.66,	3.5200
919.26,	3.5200
919.87,	3.5200
920.47,	3.5200
921.08,	3.5200
921.68,	3.5200
922.28,	3.5200
922.89,	3.5100
923.49,	3.5100
924.10,	3.5100
924.70,	3.5100
925.30,	3.5000
925.91,	3.5000
926.51,	3.5000
927.11,	3.5000
927.72,	3.5000
928.32,	3.5000
928.92,	3.5000
929.53,	3.5000
930.13,	3.5000
930.74,	3.5000
931.34,	3.5000
931.94,	3.5000
932.54,	3.5000
933.15,	3.5000
933.75,	3.5000
934.35,	3.5000
934.96,	3.5000
935.56,	3.5000
936.16,	3.5000
936.77,	3.4900
937.37,	3.5000
937.97,	3.5000
938.57,	3.4900
939.18,	3.4900
939.78,	3.4900
940.38,	3.4900
940.98,	3.4900
941.59,	3.5000
942.19,	3.5400
942.79,	4.8800
943.39,	10.5300
944.00,	15.4400
944.60,	16.9800
945.20,	17.9100
945.80,	18.7000
946.40,	19.4100
947.01,	20.0600
947.61,	20.6600
948.21,	21.2000
948.81,	21.7300
949.41,	22.2200
950.02,	22.9100
950.62,	33.9000
951.22,	35.5000
951.82,	35.5000
952.42,	35.5000
953.02,	35.5000
953.63,	35.5000
954.23,	35.5000
954.83,	35.5000
955.43,	35.5000
956.03,	35.5000
956.63,	35.5000
957.24,	35.5000
957.84,	35.5000
958.44,	35.5000
959.04,	35.5000
959.64,	35.5000
960.24,	35.5000
960.84,	35.5000
961.44,	35.5000
962.04,	35.5000
962.64,	35.5000
963.25,	35.5000
963.85,	35.5000
964.45,	35.5000
965.05,	35.5000
965.65,	35.5000
966.25,	35.5000
966.85,	35.5000
967.45,	35.5000
968.05,	35.5000
968.65,	35.5000
969.25,	35.5000
969.85,	35.5000
970.45,	35.5000
971.05,	35.5000
971.65,	35.5000
972.25,	35.5000
972.85,	35.5000
973.45,	35.5000
974.05,	35.5000
974.65,	35.5000
975.25,	35.5000
975.85,	35.5000
976.45,	35.5000
977.05,	35.5000
977.65,	35.5000
978.25,	35.5000
978.85,	35.5000
979.45,	35.5000
980.05,	35.5000
980.65,	35.5000
981.25,	35.5000
981.85,	35.5000
982.45,	35.5000
983.05,	35.5000
983.65,	35.5000
984.25,	9.0500
984.85,	-2.5200
985.45,	-2.5200
986.04,	-2.5200
986.64,	-2.5200
987.24,	-2.5200
987.84,	-2.5200
988.44,	-2.5200
989.04,	-2.5200
989.64,	-2.5200
990.24,	-2.5200
990.84,	-2.5200
991.44,	-2.5200
992.03,	-2.5200
992.63,	-2.5200
993.23,	-2.5200
993.83,	-2.5200
994.43,	-2.5200
995.03,	-2.5200
995.63,	-2.5200
996.22,	-2.5200
996.82,	-2.5200
997.42,	-2.5200
998.02,	-2.5200
998.62,	-2.5200
999.21,	-2.5200
999.81,	-2.5200
1000.41,	-2.5200
