Call Sign = ZSDA,	Ship Name = SA Agulhas,	Lloyds Num = 0
Date = 02/01/2017,	Time = 07:59,	
Latitude = 49 53.49  S,	Longitude = 001 39.13  E
Instr = Sippican Deep Blue,	Card Type = Sippican MK-21,	
Wind Instr = ,	Measur Method = 
Probe Serial Num = -1,	Ship Dir = -1,	Ship Speed = -1.00
Wind Dir = 263,	Wind Speed = 35.80
Dry Bulb Temp = -1.00,	Total Water Depth = -1.00

Full Resolution Values
Depth,	 Temp
0.67,	3.9100
1.34,	3.8900
2.01,	3.8700
2.68,	3.8900
3.34,	3.8900
4.01,	3.8900
4.68,	3.8900
5.35,	3.9100
6.02,	3.9100
6.69,	3.9000
7.36,	3.9000
8.03,	3.9000
8.69,	3.9100
9.36,	3.9000
10.03,	3.9000
10.70,	3.9100
11.37,	3.9100
12.04,	3.9000
12.70,	3.9000
13.37,	3.9000
14.04,	3.9000
14.71,	3.8900
15.38,	3.8900
16.05,	3.9000
16.71,	3.8900
17.38,	3.8900
18.05,	3.9000
18.72,	3.9000
19.38,	3.9000
20.05,	3.9000
20.72,	3.9200
21.39,	3.9000
22.06,	3.9000
22.72,	3.9000
23.39,	3.9000
24.06,	3.8900
24.73,	3.8900
25.39,	3.9000
26.06,	3.9000
26.73,	3.8900
27.40,	3.8900
28.06,	3.8900
28.73,	3.8900
29.40,	3.8900
30.06,	3.8900
30.73,	3.9000
31.40,	3.9000
32.06,	3.9000
32.73,	3.9000
33.40,	3.8900
34.07,	3.8900
34.73,	3.9000
35.40,	3.9000
36.07,	3.9000
36.73,	3.9000
37.40,	3.9000
38.07,	3.9000
38.73,	3.9000
39.40,	3.8900
40.06,	3.9000
40.73,	3.8900
41.40,	3.8900
42.06,	3.8800
42.73,	3.8800
43.40,	3.8800
44.06,	3.8800
44.73,	3.8700
45.39,	3.8700
46.06,	3.8700
46.73,	3.8700
47.39,	3.8700
48.06,	3.8700
48.72,	3.8700
49.39,	3.8700
50.06,	3.8700
50.72,	3.8700
51.39,	3.8700
52.05,	3.8700
52.72,	3.8700
53.38,	3.8700
54.05,	3.8700
54.71,	3.8700
55.38,	3.8700
56.05,	3.8700
56.71,	3.8700
57.38,	3.8700
58.04,	3.8700
58.71,	3.8700
59.37,	3.8700
60.04,	3.8700
60.70,	3.8800
61.37,	3.8800
62.03,	3.8800
62.70,	3.8700
63.36,	3.8800
64.03,	3.8800
64.69,	3.8800
65.36,	3.8800
66.02,	3.8800
66.69,	3.8800
67.35,	3.8800
68.01,	3.8800
68.68,	3.8800
69.34,	3.8800
70.01,	3.8800
70.67,	3.8800
71.34,	3.8800
72.00,	3.8800
72.66,	3.8800
73.33,	3.8800
73.99,	3.8800
74.66,	3.8800
75.32,	3.8800
75.98,	3.8700
76.65,	3.8800
77.31,	3.8800
77.98,	3.8800
78.64,	3.8800
79.30,	3.8700
79.97,	3.8600
80.63,	3.8500
81.30,	3.8100
81.96,	3.7700
82.62,	3.7300
83.29,	3.6800
83.95,	3.6500
84.61,	3.6200
85.28,	3.6000
85.94,	3.5600
86.60,	3.5100
87.27,	3.4300
87.93,	3.3300
88.59,	3.2300
89.26,	3.1300
89.92,	3.0300
90.58,	2.9400
91.24,	2.8500
91.91,	2.7900
92.57,	2.7600
93.23,	2.7300
93.90,	2.7000
94.56,	2.6800
95.22,	2.6600
95.88,	2.6400
96.55,	2.6200
97.21,	2.6100
97.87,	2.5900
98.53,	2.5700
99.20,	2.5500
99.86,	2.5300
100.52,	2.5100
101.18,	2.4800
101.85,	2.4600
102.51,	2.4500
103.17,	2.4300
103.83,	2.4300
104.49,	2.4200
105.16,	2.4200
105.82,	2.4100
106.48,	2.4100
107.14,	2.4100
107.80,	2.4100
108.47,	2.4000
109.13,	2.4000
109.79,	2.3900
110.45,	2.3900
111.11,	2.3800
111.77,	2.3700
112.44,	2.3600
113.10,	2.3500
113.76,	2.3400
114.42,	2.3300
115.08,	2.3200
115.74,	2.3100
116.40,	2.3000
117.06,	2.2900
117.73,	2.2700
118.39,	2.2600
119.05,	2.2500
119.71,	2.2400
120.37,	2.2200
121.03,	2.2100
121.69,	2.1900
122.35,	2.1900
123.01,	2.1900
123.67,	2.1900
124.33,	2.1800
125.00,	2.1800
125.66,	2.1800
126.32,	2.1700
126.98,	2.1700
127.64,	2.1700
128.30,	2.1600
128.96,	2.1500
129.62,	2.1400
130.28,	2.1400
130.94,	2.1400
131.60,	2.1300
132.26,	2.1200
132.92,	2.1100
133.58,	2.1000
134.24,	2.0900
134.90,	2.0800
135.56,	2.0700
136.22,	2.0700
136.88,	2.0600
137.54,	2.0500
138.20,	2.0500
138.86,	2.0400
139.52,	2.0400
140.18,	2.0300
140.84,	2.0300
141.50,	2.0200
142.16,	2.0000
142.82,	1.9900
143.48,	1.9800
144.14,	1.9700
144.79,	1.9700
145.45,	1.9700
146.11,	1.9700
146.77,	1.9600
147.43,	1.9500
148.09,	1.9400
148.75,	1.9400
149.41,	1.9400
150.07,	1.9300
150.73,	1.9300
151.39,	1.9300
152.04,	1.9300
152.70,	1.9300
153.36,	1.9300
154.02,	1.9300
154.68,	1.9300
155.34,	1.9300
156.00,	1.9300
156.65,	1.9300
157.31,	1.9300
157.97,	1.9200
158.63,	1.9100
159.29,	1.9100
159.95,	1.9000
160.60,	1.8800
161.26,	1.8800
161.92,	1.8800
162.58,	1.8700
163.24,	1.8700
163.90,	1.8600
164.55,	1.8700
165.21,	1.8700
165.87,	1.8800
166.53,	1.8800
167.18,	1.8800
167.84,	1.8900
168.50,	1.8900
169.16,	1.8900
169.82,	1.8900
170.47,	1.9000
171.13,	1.9000
171.79,	1.9000
172.44,	1.9100
173.10,	1.9200
173.76,	1.9200
174.42,	1.9200
175.07,	1.9200
175.73,	1.9300
176.39,	1.9300
177.05,	1.9300
177.70,	1.9200
178.36,	1.9200
179.02,	1.9100
179.67,	1.8900
180.33,	1.8700
180.99,	1.8500
181.64,	1.8300
182.30,	1.8100
182.96,	1.8000
183.61,	1.7900
184.27,	1.7900
184.93,	1.7800
185.58,	1.7700
186.24,	1.7700
186.90,	1.7700
187.55,	1.7700
188.21,	1.7700
188.87,	1.7700
189.52,	1.7700
190.18,	1.7700
190.83,	1.7600
191.49,	1.7600
192.15,	1.7600
192.80,	1.7600
193.46,	1.7600
194.11,	1.7600
194.77,	1.7600
195.43,	1.7600
196.08,	1.7600
196.74,	1.7700
197.39,	1.7700
198.05,	1.7700
198.70,	1.7800
199.36,	1.7900
200.02,	1.7900
200.67,	1.7900
201.33,	1.7900
201.98,	1.8000
202.64,	1.8000
203.29,	1.8000
203.95,	1.8000
204.60,	1.8000
205.26,	1.8000
205.91,	1.8000
206.57,	1.8000
207.22,	1.8000
207.88,	1.8000
208.53,	1.8100
209.19,	1.8100
209.84,	1.8100
210.50,	1.8200
211.15,	1.8300
211.81,	1.8400
212.46,	1.8500
213.12,	1.8700
213.77,	1.8800
214.43,	1.8900
215.08,	1.9100
215.74,	1.9300
216.39,	1.9400
217.04,	1.9400
217.70,	1.9400
218.35,	1.9400
219.01,	1.9400
219.66,	1.9500
220.32,	1.9500
220.97,	1.9600
221.62,	1.9600
222.28,	1.9600
222.93,	1.9700
223.59,	1.9600
224.24,	1.9600
224.89,	1.9600
225.55,	1.9600
226.20,	1.9600
226.85,	1.9600
227.51,	1.9600
228.16,	1.9700
228.81,	1.9600
229.47,	1.9500
230.12,	1.9600
230.78,	1.9600
231.43,	1.9700
232.08,	1.9800
232.74,	1.9900
233.39,	2.0000
234.04,	1.9900
234.69,	1.9900
235.35,	1.9800
236.00,	1.9800
236.65,	1.9700
237.31,	1.9700
237.96,	1.9700
238.61,	1.9700
239.27,	1.9700
239.92,	1.9700
240.57,	1.9700
241.22,	1.9600
241.88,	1.9700
242.53,	1.9700
243.18,	1.9700
243.83,	1.9600
244.49,	1.9600
245.14,	1.9600
245.79,	1.9600
246.44,	1.9600
247.10,	1.9600
247.75,	1.9600
248.40,	1.9600
249.05,	1.9600
249.70,	1.9600
250.36,	1.9700
251.01,	1.9700
251.66,	1.9700
252.31,	1.9700
252.96,	1.9700
253.62,	1.9700
254.27,	1.9700
254.92,	1.9800
255.57,	1.9800
256.22,	1.9800
256.88,	1.9800
257.53,	1.9900
258.18,	2.0000
258.83,	2.0100
259.48,	2.0100
260.13,	2.0200
260.78,	2.0200
261.44,	2.0300
262.09,	2.0300
262.74,	2.0400
263.39,	2.0400
264.04,	2.0400
264.69,	2.0400
265.34,	2.0400
265.99,	2.0400
266.64,	2.0500
267.29,	2.0500
267.95,	2.0600
268.60,	2.0600
269.25,	2.0500
269.90,	2.0600
270.55,	2.0600
271.20,	2.0600
271.85,	2.0600
272.50,	2.0600
273.15,	2.0600
273.80,	2.0700
274.45,	2.0800
275.10,	2.0800
275.75,	2.0900
276.40,	2.0900
277.05,	2.0900
277.70,	2.0900
278.35,	2.0900
279.00,	2.0900
279.65,	2.0900
280.30,	2.0900
280.95,	2.1000
281.60,	2.1000
282.25,	2.1100
282.90,	2.1200
283.55,	2.1300
284.20,	2.1300
284.85,	2.1400
285.50,	2.1500
286.15,	2.1500
286.80,	2.1600
287.45,	2.1600
288.10,	2.1500
288.75,	2.1500
289.40,	2.1500
290.05,	2.1500
290.70,	2.1400
291.35,	2.1500
292.00,	2.1500
292.64,	2.1500
293.29,	2.1500
293.94,	2.1500
294.59,	2.1500
295.24,	2.1500
295.89,	2.1500
296.54,	2.1500
297.19,	2.1500
297.84,	2.1500
298.49,	2.1400
299.13,	2.1400
299.78,	2.1400
300.43,	2.1500
301.08,	2.1500
301.73,	2.1500
302.38,	2.1600
303.02,	2.1700
303.67,	2.1700
304.32,	2.1700
304.97,	2.1600
305.62,	2.1700
306.27,	2.1600
306.91,	2.1700
307.56,	2.1700
308.21,	2.1700
308.86,	2.1700
309.51,	2.1800
310.15,	2.1900
310.80,	2.2000
311.45,	2.2000
312.10,	2.2000
312.75,	2.2100
313.39,	2.2000
314.04,	2.2000
314.69,	2.2100
315.34,	2.2100
315.98,	2.2000
316.63,	2.2000
317.28,	2.2100
317.93,	2.2000
318.57,	2.2100
319.22,	2.2000
319.87,	2.2100
320.52,	2.2100
321.16,	2.2100
321.81,	2.2100
322.46,	2.2100
323.10,	2.2200
323.75,	2.2200
324.40,	2.2300
325.04,	2.2300
325.69,	2.2200
326.34,	2.2200
326.99,	2.2300
327.63,	2.2200
328.28,	2.2300
328.93,	2.2300
329.57,	2.2300
330.22,	2.2300
330.86,	2.2300
331.51,	2.2300
332.16,	2.2300
332.80,	2.2300
333.45,	2.2300
334.10,	2.2300
334.74,	2.2300
335.39,	2.2300
336.03,	2.2300
336.68,	2.2400
337.33,	2.2400
337.97,	2.2400
338.62,	2.2400
339.26,	2.2400
339.91,	2.2500
340.56,	2.2500
341.20,	2.2500
341.85,	2.2500
342.49,	2.2500
343.14,	2.2400
343.78,	2.2400
344.43,	2.2400
345.08,	2.2400
345.72,	2.2400
346.37,	2.2300
347.01,	2.2300
347.66,	2.2200
348.30,	2.2300
348.95,	2.2200
349.59,	2.2200
350.24,	2.2200
350.88,	2.2200
351.53,	2.2200
352.17,	2.2300
352.82,	2.2300
353.46,	2.2400
354.11,	2.2400
354.75,	2.2400
355.40,	2.2400
356.04,	2.2500
356.69,	2.2400
357.33,	2.2400
357.98,	2.2500
358.62,	2.2500
359.27,	2.2500
359.91,	2.2600
360.55,	2.2600
361.20,	2.2500
361.84,	2.2600
362.49,	2.2600
363.13,	2.2600
363.78,	2.2600
364.42,	2.2600
365.06,	2.2600
365.71,	2.2700
366.35,	2.2700
367.00,	2.2700
367.64,	2.2800
368.28,	2.2800
368.93,	2.2800
369.57,	2.2800
370.22,	2.2800
370.86,	2.2800
371.50,	2.2800
372.15,	2.2800
372.79,	2.2800
373.43,	2.2800
374.08,	2.2900
374.72,	2.2900
375.36,	2.2900
376.01,	2.2900
376.65,	2.2900
377.29,	2.3000
377.94,	2.3000
378.58,	2.3100
379.22,	2.3000
379.87,	2.3100
380.51,	2.3100
381.15,	2.3100
381.79,	2.3200
382.44,	2.3200
383.08,	2.3300
383.72,	2.3300
384.37,	2.3400
385.01,	2.3400
385.65,	2.3500
386.29,	2.3600
386.94,	2.3700
387.58,	2.3700
388.22,	2.3700
388.86,	2.3700
389.51,	2.3800
390.15,	2.3800
390.79,	2.3800
391.43,	2.3800
392.08,	2.3800
392.72,	2.3800
393.36,	2.3800
394.00,	2.3800
394.64,	2.3900
395.29,	2.3900
395.93,	2.3900
396.57,	2.4000
397.21,	2.3900
397.85,	2.3900
398.50,	2.3900
399.14,	2.3900
399.78,	2.3900
400.42,	2.3900
401.06,	2.3900
401.70,	2.3900
402.34,	2.3900
402.99,	2.3900
403.63,	2.3900
404.27,	2.4000
404.91,	2.3900
405.55,	2.3900
406.19,	2.3900
406.83,	2.3900
407.48,	2.3900
408.12,	2.3900
408.76,	2.3900
409.40,	2.3900
410.04,	2.3900
410.68,	2.3900
411.32,	2.3900
411.96,	2.3900
412.60,	2.3900
413.24,	2.3900
413.88,	2.3900
414.52,	2.3900
415.17,	2.3900
415.81,	2.3900
416.45,	2.4000
417.09,	2.4100
417.73,	2.4200
418.37,	2.4300
419.01,	2.4300
419.65,	2.4400
420.29,	2.4400
420.93,	2.4400
421.57,	2.4400
422.21,	2.4400
422.85,	2.4400
423.49,	2.4400
424.13,	2.4500
424.77,	2.4500
425.41,	2.4500
426.05,	2.4600
426.69,	2.4600
427.33,	2.4600
427.97,	2.4600
428.61,	2.4600
429.25,	2.4600
429.89,	2.4600
430.53,	2.4700
431.17,	2.4700
431.80,	2.4700
432.44,	2.4700
433.08,	2.4700
433.72,	2.4700
434.36,	2.4700
435.00,	2.4700
435.64,	2.4700
436.28,	2.4700
436.92,	2.4700
437.56,	2.4700
438.20,	2.4700
438.84,	2.4700
439.47,	2.4700
440.11,	2.4700
440.75,	2.4700
441.39,	2.4700
442.03,	2.4700
442.67,	2.4700
443.31,	2.4700
443.95,	2.4800
444.58,	2.4800
445.22,	2.4800
445.86,	2.4800
446.50,	2.4900
447.14,	2.4900
447.78,	2.4900
448.41,	2.4900
449.05,	2.4800
449.69,	2.4900
450.33,	2.4800
450.97,	2.4900
451.60,	2.4900
452.24,	2.4900
452.88,	2.4900
453.52,	2.4800
454.16,	2.4900
454.79,	2.4900
455.43,	2.4900
456.07,	2.4900
456.71,	2.4900
457.35,	2.4900
457.98,	2.4900
458.62,	2.4900
459.26,	2.4900
459.90,	2.4800
460.53,	2.4800
461.17,	2.4900
461.81,	2.4900
462.44,	2.4900
463.08,	2.4900
463.72,	2.4900
464.36,	2.4900
464.99,	2.4900
465.63,	2.4900
466.27,	2.4800
466.90,	2.4900
467.54,	2.4900
468.18,	2.4900
468.81,	2.4900
469.45,	2.4900
470.09,	2.4900
470.72,	2.4900
471.36,	2.5000
472.00,	2.4900
472.63,	2.4900
473.27,	2.4900
473.91,	2.4900
474.54,	2.4900
475.18,	2.4900
475.82,	2.4900
476.45,	2.4900
477.09,	2.4900
477.73,	2.5000
478.36,	2.5000
479.00,	2.5000
479.63,	2.5000
480.27,	2.5000
480.91,	2.5000
481.54,	2.5100
482.18,	2.5000
482.81,	2.5000
483.45,	2.5100
484.08,	2.5100
484.72,	2.5100
485.36,	2.5100
485.99,	2.5100
486.63,	2.5100
487.26,	2.5100
487.90,	2.5000
488.53,	2.5000
489.17,	2.5000
489.80,	2.5100
490.44,	2.5100
491.07,	2.5100
491.71,	2.5100
492.34,	2.5100
492.98,	2.5100
493.62,	2.5000
494.25,	2.5100
494.89,	2.5100
495.52,	2.5100
496.15,	2.5100
496.79,	2.5100
497.42,	2.5100
498.06,	2.5100
498.69,	2.5100
499.33,	2.5100
499.96,	2.5100
500.60,	2.5200
501.23,	2.5200
501.87,	2.5100
502.50,	2.5100
503.14,	2.5200
503.77,	2.5200
504.40,	2.5200
505.04,	2.5200
505.67,	2.5100
506.31,	2.5200
506.94,	2.5200
507.57,	2.5100
508.21,	2.5100
508.84,	2.5200
509.48,	2.5200
510.11,	2.5200
510.74,	2.5200
511.38,	2.5200
512.01,	2.5200
512.65,	2.5200
513.28,	2.5200
513.91,	2.5200
514.55,	2.5200
515.18,	2.5200
515.81,	2.5200
516.45,	2.5200
517.08,	2.5300
517.71,	2.5300
518.35,	2.5300
518.98,	2.5200
519.61,	2.5200
520.25,	2.5300
520.88,	2.5200
521.51,	2.5300
522.15,	2.5300
522.78,	2.5300
523.41,	2.5300
524.04,	2.5300
524.68,	2.5300
525.31,	2.5300
525.94,	2.5300
526.58,	2.5300
527.21,	2.5300
527.84,	2.5300
528.47,	2.5300
529.11,	2.5300
529.74,	2.5300
530.37,	2.5300
531.00,	2.5300
531.64,	2.5400
532.27,	2.5400
532.90,	2.5400
533.53,	2.5300
534.17,	2.5400
534.80,	2.5300
535.43,	2.5300
536.06,	2.5300
536.69,	2.5300
537.33,	2.5300
537.96,	2.5300
538.59,	2.5400
539.22,	2.5400
539.85,	2.5400
540.48,	2.5300
541.12,	2.5400
541.75,	2.5400
542.38,	2.5400
543.01,	2.5400
543.64,	2.5400
544.27,	2.5400
544.91,	2.5300
545.54,	2.5300
546.17,	2.5400
546.80,	2.5400
547.43,	2.5400
548.06,	2.5300
548.69,	2.5400
549.32,	2.5400
549.95,	2.5400
550.59,	2.5400
551.22,	2.5400
551.85,	2.5400
552.48,	2.5400
553.11,	2.5400
553.74,	2.5400
554.37,	2.5400
555.00,	2.5400
555.63,	2.5400
556.26,	2.5400
556.89,	2.5400
557.52,	2.5400
558.15,	2.5400
558.78,	2.5400
559.42,	2.5400
560.05,	2.5500
560.68,	2.5500
561.31,	2.5400
561.94,	2.5400
562.57,	2.5400
563.20,	2.5400
563.83,	2.5400
564.46,	2.5400
565.09,	2.5500
565.72,	2.5500
566.35,	2.5500
566.98,	2.5500
567.61,	2.5400
568.24,	2.5400
568.87,	2.5400
569.50,	2.5400
570.12,	2.5500
570.75,	2.5500
571.38,	2.5500
572.01,	2.5400
572.64,	2.5400
573.27,	2.5400
573.90,	2.5400
574.53,	2.5400
575.16,	2.5400
575.79,	2.5400
576.42,	2.5400
577.05,	2.5400
577.68,	2.5400
578.31,	2.5400
578.93,	2.5400
579.56,	2.5500
580.19,	2.5500
580.82,	2.5400
581.45,	2.5400
582.08,	2.5400
582.71,	2.5500
583.34,	2.5500
583.97,	2.5400
584.59,	2.5400
585.22,	2.5400
585.85,	2.5400
586.48,	2.5400
587.11,	2.5400
587.74,	2.5500
588.36,	2.5500
588.99,	2.5400
589.62,	2.5400
590.25,	2.5400
590.88,	2.5400
591.50,	2.5300
592.13,	2.5400
592.76,	2.5400
593.39,	2.5400
594.02,	2.5400
594.64,	2.5400
595.27,	2.5400
595.90,	2.5300
596.53,	2.5300
597.16,	2.5300
597.78,	2.5400
598.41,	2.5400
599.04,	2.5400
599.67,	2.5400
600.29,	2.5400
600.92,	2.5400
601.55,	2.5300
602.18,	2.5300
602.80,	2.5300
603.43,	2.5300
604.06,	2.5300
604.68,	2.5200
605.31,	2.5300
605.94,	2.5300
606.57,	2.5300
607.19,	2.5200
607.82,	2.5200
608.45,	2.5200
609.07,	2.5200
609.70,	2.5200
610.33,	2.5200
610.95,	2.5200
611.58,	2.5200
612.21,	2.5300
612.83,	2.5300
613.46,	2.5200
614.09,	2.5200
614.71,	2.5200
615.34,	2.5200
615.97,	2.5300
616.59,	2.5300
617.22,	2.5300
617.84,	2.5300
618.47,	2.5300
619.10,	2.5200
619.72,	2.5200
620.35,	2.5200
620.97,	2.5200
621.60,	2.5200
622.23,	2.5200
622.85,	2.5300
623.48,	2.5300
624.10,	2.5300
624.73,	2.5300
625.35,	2.5300
625.98,	2.5300
626.61,	2.5300
627.23,	2.5300
627.86,	2.5300
628.48,	2.5400
629.11,	2.5400
629.73,	2.5400
630.36,	2.5400
630.98,	2.5400
631.61,	2.5400
632.23,	2.5400
632.86,	2.5300
633.48,	2.5400
634.11,	2.5300
634.73,	2.5300
635.36,	2.5300
635.98,	2.5300
636.61,	2.5300
637.23,	2.5400
637.86,	2.5400
638.48,	2.5400
639.11,	2.5300
639.73,	2.5300
640.36,	2.5400
640.98,	2.5300
641.61,	2.5300
642.23,	2.5400
642.85,	2.5300
643.48,	2.5300
644.10,	2.5300
644.73,	2.5300
645.35,	2.5300
645.98,	2.5300
646.60,	2.5300
647.22,	2.5300
647.85,	2.5300
648.47,	2.5300
649.10,	2.5300
649.72,	2.5300
650.34,	2.5200
650.97,	2.5200
651.59,	2.5300
652.22,	2.5300
652.84,	2.5200
653.46,	2.5200
654.09,	2.5200
654.71,	2.5300
655.33,	2.5300
655.96,	2.5300
656.58,	2.5300
657.20,	2.5200
657.83,	2.5300
658.45,	2.5300
659.07,	2.5200
659.70,	2.5300
660.32,	2.5200
660.94,	2.5300
661.57,	2.5200
662.19,	2.5200
662.81,	2.5300
663.43,	2.5200
664.06,	2.5200
664.68,	2.5100
665.30,	2.5200
665.93,	2.5200
666.55,	2.5200
667.17,	2.5200
667.79,	2.5100
668.42,	2.5100
669.04,	2.5100
669.66,	2.5100
670.28,	2.5100
670.91,	2.5100
671.53,	2.5100
672.15,	2.5100
672.77,	2.5000
673.39,	2.5100
674.02,	2.5100
674.64,	2.5100
675.26,	2.5100
675.88,	2.5100
676.50,	2.5100
677.13,	2.5100
677.75,	2.5100
678.37,	2.5100
678.99,	2.5100
679.61,	2.5100
680.24,	2.5100
680.86,	2.5100
681.48,	2.5100
682.10,	2.5100
682.72,	2.5100
683.34,	2.5100
683.96,	2.5100
684.59,	2.5100
685.21,	2.5100
685.83,	2.5100
686.45,	2.5000
687.07,	2.5000
687.69,	2.5000
688.31,	2.5100
688.93,	2.5100
689.56,	2.5100
690.18,	2.5100
690.80,	2.5000
691.42,	2.5000
692.04,	2.5100
692.66,	2.5000
693.28,	2.5000
693.90,	2.5000
694.52,	2.5000
695.14,	2.5000
695.76,	2.5000
696.38,	2.5000
697.00,	2.5000
697.62,	2.5000
698.25,	2.5000
698.87,	2.5000
699.49,	2.5000
700.11,	2.5000
700.73,	2.5000
701.35,	2.5000
701.97,	2.5100
702.59,	2.5100
703.21,	2.5100
703.83,	2.5100
704.45,	2.5100
705.07,	2.5100
705.69,	2.5100
706.31,	2.5100
706.93,	2.5000
707.55,	2.5000
708.17,	2.5000
708.79,	2.5000
709.40,	2.5000
710.02,	2.5000
710.64,	2.5000
711.26,	2.5000
711.88,	2.5000
712.50,	2.5000
713.12,	2.5000
713.74,	2.5000
714.36,	2.5000
714.98,	2.5000
715.60,	2.5000
716.22,	2.5000
716.84,	2.5000
717.45,	2.5000
718.07,	2.5000
718.69,	2.5000
719.31,	2.4900
719.93,	2.4900
720.55,	2.5000
721.17,	2.5000
721.79,	2.5000
722.41,	2.5000
723.02,	2.5000
723.64,	2.5000
724.26,	2.5000
724.88,	2.5000
725.50,	2.5000
726.12,	2.5000
726.73,	2.5000
727.35,	2.4900
727.97,	2.5000
728.59,	2.4900
729.21,	2.5000
729.83,	2.4900
730.44,	2.5000
731.06,	2.5000
731.68,	2.5000
732.30,	2.4900
732.92,	2.5000
733.53,	2.5000
734.15,	2.5000
734.77,	2.5000
735.39,	2.5000
736.00,	2.5000
736.62,	2.4900
737.24,	2.4900
737.86,	2.4900
738.47,	2.4900
739.09,	2.4900
739.71,	2.4900
740.33,	2.4900
740.94,	2.4900
741.56,	2.4900
742.18,	2.4900
742.79,	2.4900
743.41,	2.4900
744.03,	2.4900
744.65,	2.4900
745.26,	2.4900
745.88,	2.4900
746.50,	2.4900
747.11,	2.4800
747.73,	2.4800
748.35,	2.4800
748.96,	2.4700
749.58,	2.4800
750.20,	2.4800
750.81,	2.4700
751.43,	2.4700
752.05,	2.4700
752.66,	2.4700
753.28,	2.4700
753.90,	2.4700
754.51,	2.4700
755.13,	2.4700
755.74,	2.4700
756.36,	2.4700
756.98,	2.4700
757.59,	2.4700
758.21,	2.4700
758.82,	2.4700
759.44,	2.4700
760.06,	2.4700
760.67,	2.4700
761.29,	2.4700
761.90,	2.4700
762.52,	2.4700
763.14,	2.4700
763.75,	2.4700
764.37,	2.4700
764.98,	2.4700
765.60,	2.4700
766.21,	2.4700
766.83,	2.4700
767.44,	2.4600
768.06,	2.4600
768.67,	2.4600
769.29,	2.4700
769.90,	2.4700
770.52,	2.4600
771.14,	2.4600
771.75,	2.4600
772.37,	2.4600
772.98,	2.4500
773.59,	2.4500
774.21,	2.4500
774.82,	2.4500
775.44,	2.4500
776.05,	2.4500
776.67,	2.4500
777.28,	2.4500
777.90,	2.4400
778.51,	2.4400
779.13,	2.4400
779.74,	2.4400
780.36,	2.4400
780.97,	2.4500
781.58,	2.4400
782.20,	2.4400
782.81,	2.4400
783.43,	2.4400
784.04,	2.4400
784.66,	2.4500
785.27,	2.4500
785.88,	2.4500
786.50,	2.4400
787.11,	2.4500
787.73,	2.4500
788.34,	2.4500
788.95,	2.4500
789.57,	2.4500
790.18,	2.4400
790.79,	2.4400
791.41,	2.4400
792.02,	2.4400
792.63,	2.4400
793.25,	2.4400
793.86,	2.4400
794.47,	2.4300
795.09,	2.4300
795.70,	2.4400
796.31,	2.4400
796.93,	2.4400
797.54,	2.4400
798.15,	2.4400
798.77,	2.4400
799.38,	2.4400
799.99,	2.4400
800.61,	2.4400
801.22,	2.4300
801.83,	2.4300
802.44,	2.4400
803.06,	2.4300
803.67,	2.4300
804.28,	2.4300
804.90,	2.4300
805.51,	2.4300
806.12,	2.4400
806.73,	2.4400
807.34,	2.4300
807.96,	2.4300
808.57,	2.4300
809.18,	2.4300
809.79,	2.4300
810.41,	2.4300
811.02,	2.4400
811.63,	2.4300
812.24,	2.4300
812.85,	2.4300
813.47,	2.4300
814.08,	2.4300
814.69,	2.4300
815.30,	2.4300
815.91,	2.4300
816.53,	2.4300
817.14,	2.4300
817.75,	2.4300
818.36,	2.4300
818.97,	2.4300
819.58,	2.4300
820.20,	2.4300
820.81,	2.4300
821.42,	2.4300
822.03,	2.4300
822.64,	2.4200
823.25,	2.4300
823.86,	2.4300
824.47,	2.4300
825.09,	2.4300
825.70,	2.4300
826.31,	2.4300
826.92,	2.4300
827.53,	2.4300
828.14,	2.4300
828.75,	2.4400
829.36,	2.4300
829.97,	2.4300
830.58,	2.4300
831.19,	2.4300
831.80,	2.4300
832.42,	2.4300
833.03,	2.4300
833.64,	2.4300
834.25,	2.4300
834.86,	2.4300
835.47,	2.4300
836.08,	2.4300
836.69,	2.4300
837.30,	2.4300
837.91,	2.4300
838.52,	2.4300
839.13,	2.4300
839.74,	2.4300
840.35,	2.4300
840.96,	2.4300
841.57,	2.4300
842.18,	2.4300
842.79,	2.4300
843.40,	2.4300
844.01,	2.4300
844.62,	2.4300
845.23,	2.4300
845.84,	2.4300
846.45,	2.4300
847.06,	2.4300
847.67,	2.4400
848.27,	2.4400
848.88,	2.4400
849.49,	2.4300
850.10,	2.4300
850.71,	2.4300
851.32,	2.4300
851.93,	2.4300
852.54,	2.4300
853.15,	2.4300
853.76,	2.4300
854.37,	2.4300
854.98,	2.4300
855.58,	2.4300
856.19,	2.4300
856.80,	2.4300
857.41,	2.4300
858.02,	2.4300
858.63,	2.4300
859.24,	2.4300
859.85,	2.4200
860.45,	2.4300
861.06,	2.4300
861.67,	2.4300
862.28,	2.4300
862.89,	2.4300
863.50,	2.4300
864.10,	2.4300
864.71,	2.4300
865.32,	2.4300
865.93,	2.4300
866.54,	2.4300
867.14,	2.4300
867.75,	2.4300
868.36,	2.4300
868.97,	2.4300
869.58,	2.4300
870.18,	2.4400
870.79,	2.4300
871.40,	2.4300
872.01,	2.4300
872.61,	2.4300
873.22,	2.4300
873.83,	2.4400
874.44,	2.4400
875.04,	2.4400
875.65,	2.4400
876.26,	2.4300
876.87,	2.4300
877.47,	2.4300
878.08,	2.4300
878.69,	2.4300
879.29,	2.4300
879.90,	2.4200
880.51,	2.4200
881.12,	2.4300
881.72,	2.4300
882.33,	2.4300
882.94,	2.4200
883.54,	2.4200
884.15,	2.4200
884.76,	2.4200
885.36,	2.4200
885.97,	2.4200
886.58,	2.4200
887.18,	2.4200
887.79,	2.4300
888.40,	2.4300
889.00,	2.4200
889.61,	2.4300
890.22,	2.4200
890.82,	2.4200
891.43,	2.4200
892.03,	2.4200
892.64,	2.4200
893.25,	2.4200
893.85,	2.4200
894.46,	2.4200
895.06,	2.4200
895.67,	2.4200
896.28,	2.4200
896.88,	2.4100
897.49,	2.4100
898.09,	2.4100
898.70,	2.4100
899.30,	2.4100
899.91,	2.4200
900.52,	2.4200
901.12,	2.4200
901.73,	2.4200
902.33,	2.4200
902.94,	2.4200
903.54,	2.4100
904.15,	2.4100
904.75,	2.4200
905.36,	2.4200
905.96,	2.4200
906.57,	2.4200
907.17,	2.4200
907.78,	2.4200
908.38,	2.4200
908.99,	2.4200
909.59,	2.4200
910.20,	2.4200
910.80,	2.4200
911.41,	2.4200
912.01,	2.4200
912.62,	2.4200
913.22,	2.4200
913.83,	2.4200
914.43,	2.4200
915.03,	2.4200
915.64,	2.4200
916.24,	2.4200
916.85,	2.4200
917.45,	2.4200
918.06,	2.4200
918.66,	2.4100
919.26,	2.4200
919.87,	2.4200
920.47,	2.4200
921.08,	2.4100
921.68,	2.4100
922.28,	2.4100
922.89,	2.4100
923.49,	2.4200
924.10,	2.4200
924.70,	2.4200
925.30,	2.4200
925.91,	2.4200
926.51,	2.4200
927.11,	2.4200
927.72,	2.4200
928.32,	2.4200
928.92,	2.4200
929.53,	2.4200
930.13,	2.4200
930.74,	2.5000
931.34,	4.0300
931.94,	10.0100
932.54,	20.6600
933.15,	35.5000
933.75,	35.5000
934.35,	35.5000
934.96,	35.5000
935.56,	35.5000
936.16,	35.5000
936.77,	35.5000
937.37,	35.5000
937.97,	35.5000
938.57,	35.5000
939.18,	35.5000
939.78,	35.5000
940.38,	35.5000
940.98,	35.5000
941.59,	35.5000
942.19,	35.5000
942.79,	35.5000
943.39,	35.5000
944.00,	35.5000
944.60,	35.5000
945.20,	35.5000
945.80,	35.5000
946.40,	35.5000
947.01,	35.5000
947.61,	35.5000
948.21,	35.5000
948.81,	35.5000
949.41,	35.5000
950.02,	35.5000
950.62,	35.5000
951.22,	35.5000
951.82,	35.5000
952.42,	35.5000
953.02,	35.5000
953.63,	35.5000
954.23,	35.5000
954.83,	35.5000
955.43,	35.5000
956.03,	35.5000
956.63,	35.5000
957.24,	35.5000
957.84,	35.5000
958.44,	35.5000
959.04,	35.5000
959.64,	35.5000
960.24,	35.5000
960.84,	35.5000
961.44,	35.5000
962.04,	35.5000
962.64,	35.5000
963.25,	35.5000
963.85,	35.5000
964.45,	35.5000
965.05,	35.5000
965.65,	35.5000
966.25,	35.5000
966.85,	35.5000
967.45,	35.5000
968.05,	35.5000
968.65,	35.5000
969.25,	35.5000
969.85,	35.5000
970.45,	35.5000
971.05,	35.5000
971.65,	35.5000
972.25,	35.5000
972.85,	35.5000
973.45,	35.5000
974.05,	35.5000
974.65,	35.5000
975.25,	35.5000
975.85,	35.5000
976.45,	35.5000
977.05,	35.5000
977.65,	4.5200
978.25,	-2.5200
978.85,	-2.5200
979.45,	-2.5200
980.05,	-2.5200
980.65,	-2.5200
981.25,	-2.5200
981.85,	-2.5200
982.45,	-2.5200
983.05,	-2.5200
983.65,	-2.5200
984.25,	-2.5200
984.85,	-2.5200
985.45,	-2.5200
986.04,	-2.5200
986.64,	-2.5200
987.24,	-2.5200
987.84,	-2.5200
988.44,	-2.5200
989.04,	-2.5200
989.64,	-2.5200
990.24,	-2.5200
990.84,	-2.5200
991.44,	-2.5200
992.03,	-2.5200
992.63,	-2.5200
993.23,	-2.5200
993.83,	-2.5200
994.43,	-2.5200
995.03,	-2.5200
995.63,	-2.5200
996.22,	-2.5200
996.82,	-2.5200
997.42,	-2.5200
998.02,	-2.5200
998.62,	-2.5200
999.21,	-2.5200
999.81,	-2.5200
1000.41,	-2.5200
