Call Sign = ZSDA,	Ship Name = SA Agulhas,	Lloyds Num = 0
Date = 02/01/2017,	Time = 06:31,	
Latitude = 50 10.00  S,	Longitude = 001 21.75  E
Instr = Sippican Deep Blue,	Card Type = Sippican MK-21,	
Wind Instr = ,	Measur Method = 
Probe Serial Num = -1,	Ship Dir = -1,	Ship Speed = -1.00
Wind Dir = 264,	Wind Speed = 29.40
Dry Bulb Temp = 1.50,	Total Water Depth = -1.00

Full Resolution Values
Depth,	 Temp
0.67,	3.7000
1.34,	3.6400
2.01,	3.6200
2.68,	3.6200
3.34,	3.6300
4.01,	3.6400
4.68,	3.6400
5.35,	3.6500
6.02,	3.6500
6.69,	3.6500
7.36,	3.6500
8.03,	3.6500
8.69,	3.6500
9.36,	3.6500
10.03,	3.6600
10.70,	3.6500
11.37,	3.6500
12.04,	3.6600
12.70,	3.6500
13.37,	3.6500
14.04,	3.6500
14.71,	3.6500
15.38,	3.6600
16.05,	3.6600
16.71,	3.6500
17.38,	3.6500
18.05,	3.6500
18.72,	3.6400
19.38,	3.6400
20.05,	3.6400
20.72,	3.6400
21.39,	3.6400
22.06,	3.6400
22.72,	3.6400
23.39,	3.6400
24.06,	3.6400
24.73,	3.6400
25.39,	3.6400
26.06,	3.6500
26.73,	3.6400
27.40,	3.6400
28.06,	3.6400
28.73,	3.6400
29.40,	3.6400
30.06,	3.6400
30.73,	3.6300
31.40,	3.6300
32.06,	3.6100
32.73,	3.5900
33.40,	3.6000
34.07,	3.6000
34.73,	3.6100
35.40,	3.6000
36.07,	3.5900
36.73,	3.5800
37.40,	3.5800
38.07,	3.5600
38.73,	3.5400
39.40,	3.5300
40.06,	3.5200
40.73,	3.5200
41.40,	3.5200
42.06,	3.5200
42.73,	3.5100
43.40,	3.5100
44.06,	3.5200
44.73,	3.5200
45.39,	3.5100
46.06,	3.5200
46.73,	3.5200
47.39,	3.5200
48.06,	3.5100
48.72,	3.5100
49.39,	3.5100
50.06,	3.5100
50.72,	3.5100
51.39,	3.5100
52.05,	3.5100
52.72,	3.5100
53.38,	3.5100
54.05,	3.5100
54.71,	3.5100
55.38,	3.5100
56.05,	3.5100
56.71,	3.5100
57.38,	3.5100
58.04,	3.5100
58.71,	3.5100
59.37,	3.5100
60.04,	3.5100
60.70,	3.5100
61.37,	3.5100
62.03,	3.5100
62.70,	3.5100
63.36,	3.5100
64.03,	3.5100
64.69,	3.5100
65.36,	3.5100
66.02,	3.5100
66.69,	3.5100
67.35,	3.5200
68.01,	3.5100
68.68,	3.5100
69.34,	3.5100
70.01,	3.5100
70.67,	3.5100
71.34,	3.5100
72.00,	3.5100
72.66,	3.5100
73.33,	3.5100
73.99,	3.5100
74.66,	3.5100
75.32,	3.5100
75.98,	3.5100
76.65,	3.5100
77.31,	3.5100
77.98,	3.5100
78.64,	3.5100
79.30,	3.5100
79.97,	3.5100
80.63,	3.5100
81.30,	3.5100
81.96,	3.5100
82.62,	3.5100
83.29,	3.5100
83.95,	3.5100
84.61,	3.5100
85.28,	3.5100
85.94,	3.5100
86.60,	3.5100
87.27,	3.5100
87.93,	3.5100
88.59,	3.5100
89.26,	3.5100
89.92,	3.5100
90.58,	3.5100
91.24,	3.5000
91.91,	3.5000
92.57,	3.5000
93.23,	3.4900
93.90,	3.4900
94.56,	3.4900
95.22,	3.4800
95.88,	3.4800
96.55,	3.4700
97.21,	3.4700
97.87,	3.4600
98.53,	3.4500
99.20,	3.4300
99.86,	3.4200
100.52,	3.4100
101.18,	3.3900
101.85,	3.3700
102.51,	3.3500
103.17,	3.3100
103.83,	3.2700
104.49,	3.2400
105.16,	3.2200
105.82,	3.1900
106.48,	3.1500
107.14,	3.1200
107.80,	3.0700
108.47,	3.0000
109.13,	2.9300
109.79,	2.8400
110.45,	2.7500
111.11,	2.6900
111.77,	2.6100
112.44,	2.5400
113.10,	2.5000
113.76,	2.4900
114.42,	2.4700
115.08,	2.4600
115.74,	2.4300
116.40,	2.3900
117.06,	2.3500
117.73,	2.3300
118.39,	2.3200
119.05,	2.3100
119.71,	2.3100
120.37,	2.3000
121.03,	2.2800
121.69,	2.2600
122.35,	2.2300
123.01,	2.2000
123.67,	2.1900
124.33,	2.1800
125.00,	2.1500
125.66,	2.1200
126.32,	2.0800
126.98,	2.0300
127.64,	1.9900
128.30,	1.9500
128.96,	1.9100
129.62,	1.8900
130.28,	1.8600
130.94,	1.8200
131.60,	1.7600
132.26,	1.7400
132.92,	1.7300
133.58,	1.7300
134.24,	1.7300
134.90,	1.7300
135.56,	1.7300
136.22,	1.7300
136.88,	1.7300
137.54,	1.7200
138.20,	1.7200
138.86,	1.7300
139.52,	1.7200
140.18,	1.7200
140.84,	1.7200
141.50,	1.7300
142.16,	1.7300
142.82,	1.7300
143.48,	1.7200
144.14,	1.7200
144.79,	1.7200
145.45,	1.7300
146.11,	1.7300
146.77,	1.7300
147.43,	1.7300
148.09,	1.7300
148.75,	1.7200
149.41,	1.7200
150.07,	1.7200
150.73,	1.7200
151.39,	1.7200
152.04,	1.7300
152.70,	1.7300
153.36,	1.7200
154.02,	1.7300
154.68,	1.7300
155.34,	1.7200
156.00,	1.7200
156.65,	1.7200
157.31,	1.7100
157.97,	1.7100
158.63,	1.7100
159.29,	1.7100
159.95,	1.7000
160.60,	1.6900
161.26,	1.6800
161.92,	1.6800
162.58,	1.6700
163.24,	1.6700
163.90,	1.6600
164.55,	1.6400
165.21,	1.6400
165.87,	1.6400
166.53,	1.6300
167.18,	1.6400
167.84,	1.6500
168.50,	1.6700
169.16,	1.6700
169.82,	1.6700
170.47,	1.6700
171.13,	1.6600
171.79,	1.6500
172.44,	1.6400
173.10,	1.6300
173.76,	1.6000
174.42,	1.5800
175.07,	1.5600
175.73,	1.5400
176.39,	1.5300
177.05,	1.5200
177.70,	1.5200
178.36,	1.5400
179.02,	1.5800
179.67,	1.6200
180.33,	1.6700
180.99,	1.7000
181.64,	1.7200
182.30,	1.7200
182.96,	1.7200
183.61,	1.7200
184.27,	1.7300
184.93,	1.7300
185.58,	1.7300
186.24,	1.7400
186.90,	1.7500
187.55,	1.7500
188.21,	1.7500
188.87,	1.7600
189.52,	1.7600
190.18,	1.7600
190.83,	1.7600
191.49,	1.7700
192.15,	1.7800
192.80,	1.7700
193.46,	1.7700
194.11,	1.7700
194.77,	1.7700
195.43,	1.7800
196.08,	1.7800
196.74,	1.7600
197.39,	1.7400
198.05,	1.7500
198.70,	1.7600
199.36,	1.7600
200.02,	1.7500
200.67,	1.7500
201.33,	1.7500
201.98,	1.7500
202.64,	1.7400
203.29,	1.7200
203.95,	1.7100
204.60,	1.6800
205.26,	1.6600
205.91,	1.6500
206.57,	1.6500
207.22,	1.6500
207.88,	1.6500
208.53,	1.6700
209.19,	1.7000
209.84,	1.7000
210.50,	1.6900
211.15,	1.7000
211.81,	1.7000
212.46,	1.7100
213.12,	1.7100
213.77,	1.7100
214.43,	1.7100
215.08,	1.7000
215.74,	1.7000
216.39,	1.6800
217.04,	1.6300
217.70,	1.5700
218.35,	1.5400
219.01,	1.5300
219.66,	1.5200
220.32,	1.5200
220.97,	1.5200
221.62,	1.5200
222.28,	1.5200
222.93,	1.5200
223.59,	1.5200
224.24,	1.5100
224.89,	1.5000
225.55,	1.5000
226.20,	1.5000
226.85,	1.5000
227.51,	1.4900
228.16,	1.4900
228.81,	1.4900
229.47,	1.4800
230.12,	1.4700
230.78,	1.4600
231.43,	1.4600
232.08,	1.4600
232.74,	1.4500
233.39,	1.4700
234.04,	1.4900
234.69,	1.4800
235.35,	1.4900
236.00,	1.4900
236.65,	1.4900
237.31,	1.5000
237.96,	1.5000
238.61,	1.5100
239.27,	1.5200
239.92,	1.5300
240.57,	1.5300
241.22,	1.5400
241.88,	1.5500
242.53,	1.5500
243.18,	1.5600
243.83,	1.5900
244.49,	1.6000
245.14,	1.6100
245.79,	1.6200
246.44,	1.6300
247.10,	1.6400
247.75,	1.6500
248.40,	1.6600
249.05,	1.6800
249.70,	1.6800
250.36,	1.6800
251.01,	1.6800
251.66,	1.6800
252.31,	1.6800
252.96,	1.6700
253.62,	1.6600
254.27,	1.6500
254.92,	1.6400
255.57,	1.6300
256.22,	1.6200
256.88,	1.6100
257.53,	1.6200
258.18,	1.6200
258.83,	1.6200
259.48,	1.6200
260.13,	1.6300
260.78,	1.6300
261.44,	1.6300
262.09,	1.6300
262.74,	1.6300
263.39,	1.6400
264.04,	1.6400
264.69,	1.6400
265.34,	1.6400
265.99,	1.6400
266.64,	1.6400
267.29,	1.6500
267.95,	1.6600
268.60,	1.6600
269.25,	1.6600
269.90,	1.6700
270.55,	1.6700
271.20,	1.6800
271.85,	1.6900
272.50,	1.7400
273.15,	1.8000
273.80,	1.8700
274.45,	1.9200
275.10,	1.9300
275.75,	1.9400
276.40,	1.9500
277.05,	1.9600
277.70,	1.9600
278.35,	1.9700
279.00,	1.9600
279.65,	1.9700
280.30,	1.9700
280.95,	1.9700
281.60,	1.9700
282.25,	1.9700
282.90,	1.9700
283.55,	1.9600
284.20,	1.9400
284.85,	1.9100
285.50,	1.8800
286.15,	1.8700
286.80,	1.8700
287.45,	1.8600
288.10,	1.8600
288.75,	1.8600
289.40,	1.8800
290.05,	1.9200
290.70,	1.9700
291.35,	2.0200
292.00,	2.0500
292.64,	2.0600
293.29,	2.0700
293.94,	2.0700
294.59,	2.0700
295.24,	2.0700
295.89,	2.0700
296.54,	2.0600
297.19,	2.0600
297.84,	2.0600
298.49,	2.0600
299.13,	2.0700
299.78,	2.0700
300.43,	2.0600
301.08,	2.0600
301.73,	2.0600
302.38,	2.0700
303.02,	2.0700
303.67,	2.0800
304.32,	2.0800
304.97,	2.0900
305.62,	2.0900
306.27,	2.1000
306.91,	2.1000
307.56,	2.1100
308.21,	2.1200
308.86,	2.1200
309.51,	2.1200
310.15,	2.1200
310.80,	2.1200
311.45,	2.1000
312.10,	2.0900
312.75,	2.0900
313.39,	2.0900
314.04,	2.1000
314.69,	2.1000
315.34,	2.1000
315.98,	2.1000
316.63,	2.1000
317.28,	2.1000
317.93,	2.1000
318.57,	2.1100
319.22,	2.1100
319.87,	2.1100
320.52,	2.1100
321.16,	2.1100
321.81,	2.1200
322.46,	2.1300
323.10,	2.1400
323.75,	2.1400
324.40,	2.1400
325.04,	2.1500
325.69,	2.1500
326.34,	2.1500
326.99,	2.1500
327.63,	2.1500
328.28,	2.1600
328.93,	2.1600
329.57,	2.1600
330.22,	2.1700
330.86,	2.2000
331.51,	2.2300
332.16,	2.2400
332.80,	2.2500
333.45,	2.2700
334.10,	2.2800
334.74,	2.2900
335.39,	2.2900
336.03,	2.2900
336.68,	2.3000
337.33,	2.3100
337.97,	2.3100
338.62,	2.3100
339.26,	2.3200
339.91,	2.3200
340.56,	2.3200
341.20,	2.3200
341.85,	2.3200
342.49,	2.3300
343.14,	2.3300
343.78,	2.3300
344.43,	2.3300
345.08,	2.3400
345.72,	2.3300
346.37,	2.3300
347.01,	2.3300
347.66,	2.3300
348.30,	2.3300
348.95,	2.3300
349.59,	2.3300
350.24,	2.3400
350.88,	2.3400
351.53,	2.3400
352.17,	2.3400
352.82,	2.3500
353.46,	2.3400
354.11,	2.3500
354.75,	2.3500
355.40,	2.3500
356.04,	2.3500
356.69,	2.3600
357.33,	2.3500
357.98,	2.3600
358.62,	2.3600
359.27,	2.3600
359.91,	2.3600
360.55,	2.3700
361.20,	2.3900
361.84,	2.4000
362.49,	2.4100
363.13,	2.4100
363.78,	2.4200
364.42,	2.4300
365.06,	2.4400
365.71,	2.4400
366.35,	2.4300
367.00,	2.4400
367.64,	2.4400
368.28,	2.4500
368.93,	2.4600
369.57,	2.4600
370.22,	2.4600
370.86,	2.4600
371.50,	2.4600
372.15,	2.4600
372.79,	2.4600
373.43,	2.4600
374.08,	2.4700
374.72,	2.4700
375.36,	2.4600
376.01,	2.4600
376.65,	2.4500
377.29,	2.4600
377.94,	2.4600
378.58,	2.4500
379.22,	2.4600
379.87,	2.4600
380.51,	2.4700
381.15,	2.4700
381.79,	2.4800
382.44,	2.4800
383.08,	2.4800
383.72,	2.4900
384.37,	2.4800
385.01,	2.4900
385.65,	2.4900
386.29,	2.4900
386.94,	2.4900
387.58,	2.4900
388.22,	2.4800
388.86,	2.4800
389.51,	2.4800
390.15,	2.4800
390.79,	2.4800
391.43,	2.4800
392.08,	2.4800
392.72,	2.4800
393.36,	2.4800
394.00,	2.4800
394.64,	2.4900
395.29,	2.4900
395.93,	2.4900
396.57,	2.4900
397.21,	2.5000
397.85,	2.5000
398.50,	2.5000
399.14,	2.5000
399.78,	2.5000
400.42,	2.5000
401.06,	2.5000
401.70,	2.5000
402.34,	2.5000
402.99,	2.5000
403.63,	2.5000
404.27,	2.5000
404.91,	2.5100
405.55,	2.5100
406.19,	2.5100
406.83,	2.5100
407.48,	2.5200
408.12,	2.5100
408.76,	2.5100
409.40,	2.5100
410.04,	2.5100
410.68,	2.5100
411.32,	2.5200
411.96,	2.5200
412.60,	2.5100
413.24,	2.5100
413.88,	2.5200
414.52,	2.5200
415.17,	2.5200
415.81,	2.5200
416.45,	2.5200
417.09,	2.5200
417.73,	2.5200
418.37,	2.5200
419.01,	2.5200
419.65,	2.5200
420.29,	2.5300
420.93,	2.5300
421.57,	2.5300
422.21,	2.5300
422.85,	2.5300
423.49,	2.5300
424.13,	2.5300
424.77,	2.5300
425.41,	2.5300
426.05,	2.5300
426.69,	2.5300
427.33,	2.5400
427.97,	2.5400
428.61,	2.5400
429.25,	2.5400
429.89,	2.5400
430.53,	2.5400
431.17,	2.5400
431.80,	2.5400
432.44,	2.5400
433.08,	2.5400
433.72,	2.5400
434.36,	2.5400
435.00,	2.5400
435.64,	2.5400
436.28,	2.5400
436.92,	2.5400
437.56,	2.5400
438.20,	2.5400
438.84,	2.5400
439.47,	2.5400
440.11,	2.5400
440.75,	2.5400
441.39,	2.5400
442.03,	2.5400
442.67,	2.5400
443.31,	2.5400
443.95,	2.5500
444.58,	2.5500
445.22,	2.5500
445.86,	2.5500
446.50,	2.5500
447.14,	2.5500
447.78,	2.5500
448.41,	2.5500
449.05,	2.5500
449.69,	2.5500
450.33,	2.5500
450.97,	2.5500
451.60,	2.5500
452.24,	2.5500
452.88,	2.5500
453.52,	2.5600
454.16,	2.5500
454.79,	2.5500
455.43,	2.5600
456.07,	2.5600
456.71,	2.5700
457.35,	2.5700
457.98,	2.5700
458.62,	2.5800
459.26,	2.5800
459.90,	2.5800
460.53,	2.5800
461.17,	2.5800
461.81,	2.5900
462.44,	2.5900
463.08,	2.5900
463.72,	2.5900
464.36,	2.5900
464.99,	2.5900
465.63,	2.5900
466.27,	2.5900
466.90,	2.5900
467.54,	2.5900
468.18,	2.5900
468.81,	2.5900
469.45,	2.5900
470.09,	2.5900
470.72,	2.5900
471.36,	2.5900
472.00,	2.5900
472.63,	2.5900
473.27,	2.5900
473.91,	2.5900
474.54,	2.5900
475.18,	2.5900
475.82,	2.5900
476.45,	2.5800
477.09,	2.5800
477.73,	2.5900
478.36,	2.5900
479.00,	2.5800
479.63,	2.5800
480.27,	2.5800
480.91,	2.5900
481.54,	2.5900
482.18,	2.5900
482.81,	2.6000
483.45,	2.6000
484.08,	2.5900
484.72,	2.6000
485.36,	2.6000
485.99,	2.6000
486.63,	2.6000
487.26,	2.6000
487.90,	2.5900
488.53,	2.5900
489.17,	2.5800
489.80,	2.5800
490.44,	2.5800
491.07,	2.5800
491.71,	2.5800
492.34,	2.5800
492.98,	2.5800
493.62,	2.5800
494.25,	2.5800
494.89,	2.5800
495.52,	2.5800
496.15,	2.5800
496.79,	2.5800
497.42,	2.5800
498.06,	2.5800
498.69,	2.5800
499.33,	2.5800
499.96,	2.5800
500.60,	2.5800
501.23,	2.5800
501.87,	2.5800
502.50,	2.5800
503.14,	2.5800
503.77,	2.5800
504.40,	2.5800
505.04,	2.5800
505.67,	2.5800
506.31,	2.5900
506.94,	2.5900
507.57,	2.5900
508.21,	2.5900
508.84,	2.5900
509.48,	2.6000
510.11,	2.6000
510.74,	2.6000
511.38,	2.6000
512.01,	2.6100
512.65,	2.6100
513.28,	2.6100
513.91,	2.6100
514.55,	2.6100
515.18,	2.6100
515.81,	2.6100
516.45,	2.6100
517.08,	2.6100
517.71,	2.6000
518.35,	2.5900
518.98,	2.5900
519.61,	2.5900
520.25,	2.6000
520.88,	2.6000
521.51,	2.6000
522.15,	2.6000
522.78,	2.6000
523.41,	2.6000
524.04,	2.6100
524.68,	2.6100
525.31,	2.6100
525.94,	2.6100
526.58,	2.6100
527.21,	2.6100
527.84,	2.6200
528.47,	2.6200
529.11,	2.6200
529.74,	2.6200
530.37,	2.6200
531.00,	2.6200
531.64,	2.6200
532.27,	2.6100
532.90,	2.6100
533.53,	2.6100
534.17,	2.6100
534.80,	2.6100
535.43,	2.6100
536.06,	2.6100
536.69,	2.6100
537.33,	2.6100
537.96,	2.6100
538.59,	2.6100
539.22,	2.6100
539.85,	2.6100
540.48,	2.6200
541.12,	2.6200
541.75,	2.6300
542.38,	2.6400
543.01,	2.6400
543.64,	2.6300
544.27,	2.6300
544.91,	2.6300
545.54,	2.6300
546.17,	2.6300
546.80,	2.6300
547.43,	2.6300
548.06,	2.6200
548.69,	2.6200
549.32,	2.6200
549.95,	2.6100
550.59,	2.6100
551.22,	2.6100
551.85,	2.6100
552.48,	2.6200
553.11,	2.6100
553.74,	2.6100
554.37,	2.6100
555.00,	2.6100
555.63,	2.6100
556.26,	2.6100
556.89,	2.6100
557.52,	2.6100
558.15,	2.6100
558.78,	2.6100
559.42,	2.6100
560.05,	2.6100
560.68,	2.6100
561.31,	2.6100
561.94,	2.6000
562.57,	2.6000
563.20,	2.6000
563.83,	2.6000
564.46,	2.6000
565.09,	2.5900
565.72,	2.5900
566.35,	2.5900
566.98,	2.5900
567.61,	2.5900
568.24,	2.5900
568.87,	2.5900
569.50,	2.5800
570.12,	2.5800
570.75,	2.5800
571.38,	2.5800
572.01,	2.5800
572.64,	2.5800
573.27,	2.5800
573.90,	2.5800
574.53,	2.5800
575.16,	2.5800
575.79,	2.5800
576.42,	2.5800
577.05,	2.5800
577.68,	2.5800
578.31,	2.5800
578.93,	2.5800
579.56,	2.5800
580.19,	2.5800
580.82,	2.5700
581.45,	2.5700
582.08,	2.5700
582.71,	2.5700
583.34,	2.5700
583.97,	2.5800
584.59,	2.5700
585.22,	2.5700
585.85,	2.5700
586.48,	2.5700
587.11,	2.5700
587.74,	2.5700
588.36,	2.5700
588.99,	2.5700
589.62,	2.5700
590.25,	2.5700
590.88,	2.5700
591.50,	2.5700
592.13,	2.5700
592.76,	2.5700
593.39,	2.5700
594.02,	2.5700
594.64,	2.5700
595.27,	2.5700
595.90,	2.5700
596.53,	2.5700
597.16,	2.5700
597.78,	2.5700
598.41,	2.5700
599.04,	2.5800
599.67,	2.5800
600.29,	2.5800
600.92,	2.5800
601.55,	2.5900
602.18,	2.5900
602.80,	2.5900
603.43,	2.5900
604.06,	2.5800
604.68,	2.5900
605.31,	2.5900
605.94,	2.5900
606.57,	2.5900
607.19,	2.5900
607.82,	2.5900
608.45,	2.5900
609.07,	2.5900
609.70,	2.5900
610.33,	2.5900
610.95,	2.5900
611.58,	2.5900
612.21,	2.5900
612.83,	2.5900
613.46,	2.5900
614.09,	2.5900
614.71,	2.5900
615.34,	2.6000
615.97,	2.5900
616.59,	2.6000
617.22,	2.6100
617.84,	2.6100
618.47,	2.6100
619.10,	2.6100
619.72,	2.6200
620.35,	2.6100
620.97,	2.6100
621.60,	2.6100
622.23,	2.6100
622.85,	2.6100
623.48,	2.6100
624.10,	2.6000
624.73,	2.6100
625.35,	2.6100
625.98,	2.6100
626.61,	2.6100
627.23,	2.6100
627.86,	2.6000
628.48,	2.6000
629.11,	2.6100
629.73,	2.6000
630.36,	2.6000
630.98,	2.6100
631.61,	2.6100
632.23,	2.6000
632.86,	2.6000
633.48,	2.6000
634.11,	2.6100
634.73,	2.6000
635.36,	2.6000
635.98,	2.6000
636.61,	2.6000
637.23,	2.6000
637.86,	2.6000
638.48,	2.6000
639.11,	2.6000
639.73,	2.6000
640.36,	2.6000
640.98,	2.6000
641.61,	2.6000
642.23,	2.6000
642.85,	2.6000
643.48,	2.6000
644.10,	2.6000
644.73,	2.6000
645.35,	2.6000
645.98,	2.6000
646.60,	2.6000
647.22,	2.6000
647.85,	2.6100
648.47,	2.6100
649.10,	2.6000
649.72,	2.6000
650.34,	2.6100
650.97,	2.6100
651.59,	2.6100
652.22,	2.6100
652.84,	2.6100
653.46,	2.6100
654.09,	2.6100
654.71,	2.6100
655.33,	2.6100
655.96,	2.6100
656.58,	2.6100
657.20,	2.6100
657.83,	2.6100
658.45,	2.6100
659.07,	2.6000
659.70,	2.6100
660.32,	2.6100
660.94,	2.6100
661.57,	2.6000
662.19,	2.6100
662.81,	2.6100
663.43,	2.6100
664.06,	2.6100
664.68,	2.6100
665.30,	2.6100
665.93,	2.6100
666.55,	2.6100
667.17,	2.6100
667.79,	2.6100
668.42,	2.6100
669.04,	2.6100
669.66,	2.6100
670.28,	2.6100
670.91,	2.6100
671.53,	2.6100
672.15,	2.6100
672.77,	2.6100
673.39,	2.6100
674.02,	2.6100
674.64,	2.6100
675.26,	2.6100
675.88,	2.6100
676.50,	2.6100
677.13,	2.6100
677.75,	2.6100
678.37,	2.6100
678.99,	2.6100
679.61,	2.6100
680.24,	2.6000
680.86,	2.6100
681.48,	2.6100
682.10,	2.6100
682.72,	2.6000
683.34,	2.6000
683.96,	2.6000
684.59,	2.6000
685.21,	2.6000
685.83,	2.6000
686.45,	2.6000
687.07,	2.6100
687.69,	2.6100
688.31,	2.6000
688.93,	2.6000
689.56,	2.6000
690.18,	2.6000
690.80,	2.6000
691.42,	2.6000
692.04,	2.6000
692.66,	2.6000
693.28,	2.6000
693.90,	2.6000
694.52,	2.6000
695.14,	2.6000
695.76,	2.6000
696.38,	2.6000
697.00,	2.6000
697.62,	2.6000
698.25,	2.6000
698.87,	2.5900
699.49,	2.5900
700.11,	2.5900
700.73,	2.5800
701.35,	2.5900
701.97,	2.5900
702.59,	2.5900
703.21,	2.5900
703.83,	2.5900
704.45,	2.5800
705.07,	2.5800
705.69,	2.5800
706.31,	2.5800
706.93,	2.5900
707.55,	2.5900
708.17,	2.5900
708.79,	2.5900
709.40,	2.5900
710.02,	2.5900
710.64,	2.5800
711.26,	2.5800
711.88,	2.5900
712.50,	2.5900
713.12,	2.5900
713.74,	2.5900
714.36,	2.5900
714.98,	2.5900
715.60,	2.5900
716.22,	2.5900
716.84,	2.5900
717.45,	2.5900
718.07,	2.5800
718.69,	2.5800
719.31,	2.5800
719.93,	2.5800
720.55,	2.5800
721.17,	2.5900
721.79,	2.5900
722.41,	2.5900
723.02,	2.5800
723.64,	2.5900
724.26,	2.5800
724.88,	2.5800
725.50,	2.5900
726.12,	2.5900
726.73,	2.5800
727.35,	2.5900
727.97,	2.5900
728.59,	2.5900
729.21,	2.5800
729.83,	2.5800
730.44,	2.5800
731.06,	2.5800
731.68,	2.5800
732.30,	2.5800
732.92,	2.5800
733.53,	2.5700
734.15,	2.5700
734.77,	2.5700
735.39,	2.5700
736.00,	2.5700
736.62,	2.5800
737.24,	2.5700
737.86,	2.5700
738.47,	2.5700
739.09,	2.5700
739.71,	2.5700
740.33,	2.5700
740.94,	2.5700
741.56,	2.5700
742.18,	2.5700
742.79,	2.5700
743.41,	2.5700
744.03,	2.5700
744.65,	2.5700
745.26,	2.5700
745.88,	2.5700
746.50,	2.5700
747.11,	2.5700
747.73,	2.5700
748.35,	2.5700
748.96,	2.5700
749.58,	2.5700
750.20,	2.5700
750.81,	2.5700
751.43,	2.5700
752.05,	2.5700
752.66,	2.5700
753.28,	2.5700
753.90,	2.5700
754.51,	2.5700
755.13,	2.5700
755.74,	2.5700
756.36,	2.5700
756.98,	2.5700
757.59,	2.5700
758.21,	2.5700
758.82,	2.5700
759.44,	2.5700
760.06,	2.5700
760.67,	2.5700
761.29,	2.5700
761.90,	2.5800
762.52,	2.5800
763.14,	2.5800
763.75,	2.5800
764.37,	2.5800
764.98,	2.5800
765.60,	2.5800
766.21,	2.5700
766.83,	2.5700
767.44,	2.5700
768.06,	2.5700
768.67,	2.5700
769.29,	2.5800
769.90,	2.5800
770.52,	2.5900
771.14,	2.5800
771.75,	2.5800
772.37,	2.5700
772.98,	2.5700
773.59,	2.5700
774.21,	2.5700
774.82,	2.5700
775.44,	2.5800
776.05,	2.5700
776.67,	2.5700
777.28,	2.5700
777.90,	2.5800
778.51,	2.5800
779.13,	2.5700
779.74,	2.5700
780.36,	2.5700
780.97,	2.5700
781.58,	2.5700
782.20,	2.5700
782.81,	2.5700
783.43,	2.5700
784.04,	2.5700
784.66,	2.5700
785.27,	2.5700
785.88,	2.5700
786.50,	2.5600
787.11,	2.5600
787.73,	2.5600
788.34,	2.5700
788.95,	2.5700
789.57,	2.5700
790.18,	2.5700
790.79,	2.5700
791.41,	2.5600
792.02,	2.5700
792.63,	2.5700
793.25,	2.5600
793.86,	2.5600
794.47,	2.5600
795.09,	2.5600
795.70,	2.5600
796.31,	2.5600
796.93,	2.5700
797.54,	2.5700
798.15,	2.5700
798.77,	2.5600
799.38,	2.5700
799.99,	2.5700
800.61,	2.5700
801.22,	2.5600
801.83,	2.5600
802.44,	2.5600
803.06,	2.5600
803.67,	2.5600
804.28,	2.5600
804.90,	2.5500
805.51,	2.5500
806.12,	2.5500
806.73,	2.5600
807.34,	2.5600
807.96,	2.5500
808.57,	2.5500
809.18,	2.5500
809.79,	2.5500
810.41,	2.5500
811.02,	2.5500
811.63,	2.5600
812.24,	2.5600
812.85,	2.5500
813.47,	2.5500
814.08,	2.5500
814.69,	2.5500
815.30,	2.5500
815.91,	2.5500
816.53,	2.5500
817.14,	2.5600
817.75,	2.5500
818.36,	2.5500
818.97,	2.5500
819.58,	2.5500
820.20,	2.5500
820.81,	2.5400
821.42,	2.5400
822.03,	2.5400
822.64,	2.5400
823.25,	2.5400
823.86,	2.5400
824.47,	2.5400
825.09,	2.5400
825.70,	2.5500
826.31,	2.5400
826.92,	2.5400
827.53,	2.5400
828.14,	2.5400
828.75,	2.5400
829.36,	2.5400
829.97,	2.5400
830.58,	2.5400
831.19,	2.5500
831.80,	2.5500
832.42,	2.5400
833.03,	2.5400
833.64,	2.5400
834.25,	2.5400
834.86,	2.5400
835.47,	2.5400
836.08,	2.5400
836.69,	2.5400
837.30,	2.5400
837.91,	2.5400
838.52,	2.5400
839.13,	2.5400
839.74,	2.5400
840.35,	2.5300
840.96,	2.5300
841.57,	2.5400
842.18,	2.5400
842.79,	2.5300
843.40,	2.5400
844.01,	2.5400
844.62,	2.5400
845.23,	2.5400
845.84,	2.5400
846.45,	2.5400
847.06,	2.5400
847.67,	2.5400
848.27,	2.5300
848.88,	2.5300
849.49,	2.5300
850.10,	2.5400
850.71,	2.5400
851.32,	2.5400
851.93,	2.5400
852.54,	2.5400
853.15,	2.5400
853.76,	2.5400
854.37,	2.5400
854.98,	2.5400
855.58,	2.5400
856.19,	2.5400
856.80,	2.5400
857.41,	2.5300
858.02,	2.5300
858.63,	2.5400
859.24,	2.5400
859.85,	2.5300
860.45,	2.5400
861.06,	2.5400
861.67,	2.5300
862.28,	2.5300
862.89,	2.5400
863.50,	2.5300
864.10,	2.5300
864.71,	2.5300
865.32,	2.5300
865.93,	2.5300
866.54,	2.5300
867.14,	2.5300
867.75,	2.5400
868.36,	2.5400
868.97,	2.5400
869.58,	2.5300
870.18,	2.5300
870.79,	2.5300
871.40,	2.5300
872.01,	2.5300
872.61,	2.5300
873.22,	2.5300
873.83,	2.5300
874.44,	2.5200
875.04,	2.5200
875.65,	2.5200
876.26,	2.5300
876.87,	2.5300
877.47,	2.5300
878.08,	2.5300
878.69,	2.5300
879.29,	2.5300
879.90,	2.5200
880.51,	2.5200
881.12,	2.5200
881.72,	2.5200
882.33,	2.5200
882.94,	2.5200
883.54,	2.5200
884.15,	2.5200
884.76,	2.5100
885.36,	2.5200
885.97,	2.5200
886.58,	2.5200
887.18,	2.5200
887.79,	2.5100
888.40,	2.5100
889.00,	2.5100
889.61,	2.5100
890.22,	2.5100
890.82,	2.5100
891.43,	2.5100
892.03,	2.5100
892.64,	2.5100
893.25,	2.5100
893.85,	2.5100
894.46,	2.5100
895.06,	2.5100
895.67,	2.5100
896.28,	2.5200
896.88,	2.5200
897.49,	2.5100
898.09,	2.5100
898.70,	2.5100
899.30,	2.5100
899.91,	2.5200
900.52,	2.5200
901.12,	2.5100
901.73,	2.5100
902.33,	2.5100
902.94,	2.5100
903.54,	2.5100
904.15,	2.5100
904.75,	2.5100
905.36,	2.5100
905.96,	2.5100
906.57,	2.5100
907.17,	2.5200
907.78,	2.5100
908.38,	2.5100
908.99,	2.5100
909.59,	2.5100
910.20,	2.5100
910.80,	2.5100
911.41,	2.5100
912.01,	2.5100
912.62,	2.5100
913.22,	2.5100
913.83,	2.5100
914.43,	2.5100
915.03,	2.5100
915.64,	2.5100
916.24,	2.5100
916.85,	2.6600
917.45,	5.0000
918.06,	12.1500
918.66,	17.3700
919.26,	19.1300
919.87,	20.2900
920.47,	21.2100
921.08,	22.1900
921.68,	35.5000
922.28,	35.5000
922.89,	35.5000
923.49,	35.5000
924.10,	35.5000
924.70,	35.5000
925.30,	35.5000
925.91,	35.5000
926.51,	35.5000
927.11,	35.5000
927.72,	35.5000
928.32,	35.5000
928.92,	35.5000
929.53,	35.5000
930.13,	35.5000
930.74,	35.5000
931.34,	35.5000
931.94,	35.5000
932.54,	35.5000
933.15,	35.5000
933.75,	35.5000
934.35,	35.5000
934.96,	35.5000
935.56,	35.5000
936.16,	35.5000
936.77,	35.5000
937.37,	35.5000
937.97,	35.5000
938.57,	35.5000
939.18,	35.5000
939.78,	35.5000
940.38,	35.5000
940.98,	35.5000
941.59,	35.5000
942.19,	35.5000
942.79,	35.5000
943.39,	35.5000
944.00,	35.5000
944.60,	35.5000
945.20,	35.5000
945.80,	35.5000
946.40,	35.5000
947.01,	35.5000
947.61,	35.5000
948.21,	35.5000
948.81,	35.5000
949.41,	35.5000
950.02,	35.5000
950.62,	35.5000
951.22,	35.5000
951.82,	35.5000
952.42,	35.5000
953.02,	35.5000
953.63,	35.5000
954.23,	35.5000
954.83,	35.5000
955.43,	35.5000
956.03,	35.5000
956.63,	35.5000
957.24,	35.5000
957.84,	35.5000
958.44,	35.5000
959.04,	35.5000
959.64,	35.5000
960.24,	35.5000
960.84,	35.5000
961.44,	35.5000
962.04,	35.5000
962.64,	35.5000
963.25,	35.5000
963.85,	35.5000
964.45,	35.5000
965.05,	35.5000
965.65,	35.5000
966.25,	35.5000
966.85,	35.5000
967.45,	35.5000
968.05,	35.5000
968.65,	35.5000
969.25,	35.5000
969.85,	35.5000
970.45,	35.5000
971.05,	35.5000
971.65,	35.5000
972.25,	35.5000
972.85,	35.5000
973.45,	35.5000
974.05,	35.5000
974.65,	35.5000
975.25,	35.5000
975.85,	35.5000
976.45,	35.5000
977.05,	35.5000
977.65,	35.5000
978.25,	35.5000
978.85,	35.5000
979.45,	35.5000
980.05,	35.5000
980.65,	35.5000
981.25,	35.5000
981.85,	35.5000
982.45,	30.9400
983.05,	-2.5200
983.65,	-2.5200
984.25,	-2.5200
984.85,	-2.5200
985.45,	-2.5200
986.04,	-2.5200
986.64,	-2.5200
987.24,	-2.5200
987.84,	-2.5200
988.44,	-2.5200
989.04,	-2.5200
989.64,	-2.5200
990.24,	-2.5200
990.84,	-2.5200
991.44,	-2.5200
992.03,	-2.5200
992.63,	-2.5200
993.23,	-2.5200
993.83,	-2.5200
994.43,	-2.5200
995.03,	-2.5200
995.63,	-2.5200
996.22,	-2.5200
996.82,	-2.5200
997.42,	-2.5200
998.02,	-2.5200
998.62,	-2.5200
999.21,	-2.5200
999.81,	-2.5200
1000.41,	-2.5200
