Call Sign = ZSDA,	Ship Name = SA Agulhas,	Lloyds Num = 0
Date = 02/06/2017,	Time = 04:30,	
Latitude = 35 51.82  S,	Longitude = 013 35.43  E
Instr = Sippican Deep Blue,	Card Type = Sippican MK-21,	
Wind Instr = ,	Measur Method = 
Probe Serial Num = -1,	Ship Dir = -1,	Ship Speed = -1.00
Wind Dir = 157,	Wind Speed = 15.00
Dry Bulb Temp = 16.70,	Total Water Depth = -1.00

Full Resolution Values
Depth,	 Temp
0.67,	20.4000
1.34,	20.5000
2.01,	20.5200
2.68,	20.5200
3.34,	20.5200
4.01,	20.5300
4.68,	20.5300
5.35,	20.5200
6.02,	20.5300
6.69,	20.5300
7.36,	20.5300
8.03,	20.5300
8.69,	20.5300
9.36,	20.5300
10.03,	20.5300
10.70,	20.5400
11.37,	20.5300
12.04,	20.5300
12.70,	20.5300
13.37,	20.5300
14.04,	20.5300
14.71,	20.5400
15.38,	20.5400
16.05,	20.5400
16.71,	20.5400
17.38,	20.5400
18.05,	20.5300
18.72,	20.5300
19.38,	20.5200
20.05,	20.5300
20.72,	20.5300
21.39,	20.5300
22.06,	20.5400
22.72,	20.5400
23.39,	20.5300
24.06,	20.5300
24.73,	20.5300
25.39,	20.5300
26.06,	20.5200
26.73,	20.5200
27.40,	20.5200
28.06,	20.5200
28.73,	20.5300
29.40,	20.5300
30.06,	20.5400
30.73,	20.5300
31.40,	20.5300
32.06,	20.5300
32.73,	20.5300
33.40,	20.5400
34.07,	20.5400
34.73,	20.5400
35.40,	20.5300
36.07,	20.5300
36.73,	20.5300
37.40,	20.5200
38.07,	20.5200
38.73,	20.5200
39.40,	20.5100
40.06,	20.5100
40.73,	20.5100
41.40,	20.5200
42.06,	20.5100
42.73,	20.5100
43.40,	20.5100
44.06,	20.5100
44.73,	20.5000
45.39,	20.5000
46.06,	20.5100
46.73,	20.5000
47.39,	20.5000
48.06,	20.5000
48.72,	20.5000
49.39,	20.4900
50.06,	20.4900
50.72,	20.4900
51.39,	20.4900
52.05,	20.4800
52.72,	20.4700
53.38,	20.4700
54.05,	20.4700
54.71,	20.4600
55.38,	20.4600
56.05,	20.4300
56.71,	20.3900
57.38,	20.3600
58.04,	20.3300
58.71,	20.3100
59.37,	20.3000
60.04,	20.2900
60.70,	20.2900
61.37,	20.2800
62.03,	20.2700
62.70,	20.2700
63.36,	20.2700
64.03,	20.2600
64.69,	20.2500
65.36,	20.2500
66.02,	20.2500
66.69,	20.2500
67.35,	20.2400
68.01,	20.2300
68.68,	20.2300
69.34,	20.2300
70.01,	20.2300
70.67,	20.2300
71.34,	20.2300
72.00,	20.2200
72.66,	20.2100
73.33,	20.2000
73.99,	20.1900
74.66,	20.1900
75.32,	20.1900
75.98,	20.1900
76.65,	20.1700
77.31,	20.1600
77.98,	20.1500
78.64,	20.1200
79.30,	20.1100
79.97,	20.1000
80.63,	20.0900
81.30,	20.0800
81.96,	20.0700
82.62,	20.0600
83.29,	20.0400
83.95,	20.0300
84.61,	20.0200
85.28,	20.0000
85.94,	19.9900
86.60,	19.9700
87.27,	19.9600
87.93,	19.9600
88.59,	19.9200
89.26,	19.8700
89.92,	19.8400
90.58,	19.8000
91.24,	19.7600
91.91,	19.7300
92.57,	19.7200
93.23,	19.7000
93.90,	19.6900
94.56,	19.6900
95.22,	19.6800
95.88,	19.6700
96.55,	19.6500
97.21,	19.6100
97.87,	19.5700
98.53,	19.5400
99.20,	19.5000
99.86,	19.4700
100.52,	19.4500
101.18,	19.4200
101.85,	19.3700
102.51,	19.3300
103.17,	19.3100
103.83,	19.3100
104.49,	19.3100
105.16,	19.3100
105.82,	19.3000
106.48,	19.3000
107.14,	19.2900
107.80,	19.2800
108.47,	19.2800
109.13,	19.2800
109.79,	19.2800
110.45,	19.2700
111.11,	19.2500
111.77,	19.2500
112.44,	19.2500
113.10,	19.2400
113.76,	19.2300
114.42,	19.2300
115.08,	19.2200
115.74,	19.2200
116.40,	19.2100
117.06,	19.2100
117.73,	19.2000
118.39,	19.2000
119.05,	19.1900
119.71,	19.1900
120.37,	19.1800
121.03,	19.1600
121.69,	19.1500
122.35,	19.1300
123.01,	19.1300
123.67,	19.1100
124.33,	19.0800
125.00,	19.0500
125.66,	19.0200
126.32,	18.9800
126.98,	18.9400
127.64,	18.8800
128.30,	18.8400
128.96,	18.8100
129.62,	18.7900
130.28,	18.7700
130.94,	18.7400
131.60,	18.7000
132.26,	18.6500
132.92,	18.6300
133.58,	18.6100
134.24,	18.5900
134.90,	18.5700
135.56,	18.5700
136.22,	18.5700
136.88,	18.5700
137.54,	18.5600
138.20,	18.5600
138.86,	18.5500
139.52,	18.5300
140.18,	18.5100
140.84,	18.5000
141.50,	18.4800
142.16,	18.4600
142.82,	18.4400
143.48,	18.4200
144.14,	18.4100
144.79,	18.4100
145.45,	18.4000
146.11,	18.3800
146.77,	18.3700
147.43,	18.3600
148.09,	18.3500
148.75,	18.3500
149.41,	18.3400
150.07,	18.3400
150.73,	18.3200
151.39,	18.2900
152.04,	18.2600
152.70,	18.2300
153.36,	18.2100
154.02,	18.2100
154.68,	18.2100
155.34,	18.2000
156.00,	18.2000
156.65,	18.1900
157.31,	18.1600
157.97,	18.1500
158.63,	18.1300
159.29,	18.1100
159.95,	18.1100
160.60,	18.1100
161.26,	18.1000
161.92,	18.0900
162.58,	18.0800
163.24,	18.0700
163.90,	18.0500
164.55,	18.0100
165.21,	17.9800
165.87,	17.9500
166.53,	17.9300
167.18,	17.9100
167.84,	17.9000
168.50,	17.8900
169.16,	17.8800
169.82,	17.8800
170.47,	17.8900
171.13,	17.8800
171.79,	17.8800
172.44,	17.8800
173.10,	17.8500
173.76,	17.8200
174.42,	17.8000
175.07,	17.7900
175.73,	17.7700
176.39,	17.7600
177.05,	17.7500
177.70,	17.7400
178.36,	17.7200
179.02,	17.7200
179.67,	17.7100
180.33,	17.7000
180.99,	17.7000
181.64,	17.6900
182.30,	17.6800
182.96,	17.6800
183.61,	17.6700
184.27,	17.6600
184.93,	17.6500
185.58,	17.6400
186.24,	17.6200
186.90,	17.6000
187.55,	17.5900
188.21,	17.5800
188.87,	17.5700
189.52,	17.5600
190.18,	17.5500
190.83,	17.5500
191.49,	17.5500
192.15,	17.5400
192.80,	17.5300
193.46,	17.5300
194.11,	17.5200
194.77,	17.5100
195.43,	17.5000
196.08,	17.4900
196.74,	17.4800
197.39,	17.4700
198.05,	17.4500
198.70,	17.4400
199.36,	17.4300
200.02,	17.4200
200.67,	17.4200
201.33,	17.4100
201.98,	17.4100
202.64,	17.4100
203.29,	17.4100
203.95,	17.4000
204.60,	17.3900
205.26,	17.3800
205.91,	17.3600
206.57,	17.3500
207.22,	17.3300
207.88,	17.3200
208.53,	17.3200
209.19,	17.3100
209.84,	17.2900
210.50,	17.2800
211.15,	17.2600
211.81,	17.2400
212.46,	17.2200
213.12,	17.2000
213.77,	17.1900
214.43,	17.1700
215.08,	17.1600
215.74,	17.1400
216.39,	17.1300
217.04,	17.1300
217.70,	17.1200
218.35,	17.1300
219.01,	17.1300
219.66,	17.1200
220.32,	17.1300
220.97,	17.1200
221.62,	17.1000
222.28,	17.1000
222.93,	17.1000
223.59,	17.0800
224.24,	17.0800
224.89,	17.0800
225.55,	17.0700
226.20,	17.0500
226.85,	17.0500
227.51,	17.0400
228.16,	17.0300
228.81,	17.0300
229.47,	17.0200
230.12,	17.0200
230.78,	17.0200
231.43,	17.0200
232.08,	17.0100
232.74,	17.0100
233.39,	17.0000
234.04,	16.9900
234.69,	16.9800
235.35,	16.9700
236.00,	16.9500
236.65,	16.9300
237.31,	16.9100
237.96,	16.9000
238.61,	16.8900
239.27,	16.8800
239.92,	16.8700
240.57,	16.8600
241.22,	16.8500
241.88,	16.8400
242.53,	16.8400
243.18,	16.8400
243.83,	16.8400
244.49,	16.8200
245.14,	16.8100
245.79,	16.8100
246.44,	16.8100
247.10,	16.8100
247.75,	16.8000
248.40,	16.8000
249.05,	16.7900
249.70,	16.7800
250.36,	16.7700
251.01,	16.7600
251.66,	16.7600
252.31,	16.7600
252.96,	16.7500
253.62,	16.7500
254.27,	16.7400
254.92,	16.7400
255.57,	16.7300
256.22,	16.7300
256.88,	16.7300
257.53,	16.7200
258.18,	16.7000
258.83,	16.6600
259.48,	16.6300
260.13,	16.6100
260.78,	16.6000
261.44,	16.5900
262.09,	16.5800
262.74,	16.5700
263.39,	16.5700
264.04,	16.5600
264.69,	16.5600
265.34,	16.5400
265.99,	16.5200
266.64,	16.5000
267.29,	16.4800
267.95,	16.4800
268.60,	16.4600
269.25,	16.4500
269.90,	16.4200
270.55,	16.4000
271.20,	16.3700
271.85,	16.3300
272.50,	16.3100
273.15,	16.2600
273.80,	16.2100
274.45,	16.1800
275.10,	16.1800
275.75,	16.1800
276.40,	16.1800
277.05,	16.1800
277.70,	16.1800
278.35,	16.1700
279.00,	16.1600
279.65,	16.1300
280.30,	16.1000
280.95,	16.0700
281.60,	16.0400
282.25,	16.0100
282.90,	16.0100
283.55,	16.0000
284.20,	16.0000
284.85,	15.9900
285.50,	15.9900
286.15,	15.9800
286.80,	15.9600
287.45,	15.9200
288.10,	15.8800
288.75,	15.8600
289.40,	15.8500
290.05,	15.8400
290.70,	15.8200
291.35,	15.8100
292.00,	15.8000
292.64,	15.7700
293.29,	15.7400
293.94,	15.7000
294.59,	15.6800
295.24,	15.6600
295.89,	15.6300
296.54,	15.6000
297.19,	15.5700
297.84,	15.5100
298.49,	15.4800
299.13,	15.4700
299.78,	15.4700
300.43,	15.4700
301.08,	15.4600
301.73,	15.4600
302.38,	15.4600
303.02,	15.4600
303.67,	15.4500
304.32,	15.4400
304.97,	15.4300
305.62,	15.4200
306.27,	15.4100
306.91,	15.4000
307.56,	15.4000
308.21,	15.3900
308.86,	15.3800
309.51,	15.3800
310.15,	15.3700
310.80,	15.3600
311.45,	15.3400
312.10,	15.3200
312.75,	15.2900
313.39,	15.2500
314.04,	15.1900
314.69,	15.1500
315.34,	15.1300
315.98,	15.1200
316.63,	15.1100
317.28,	15.0900
317.93,	15.0800
318.57,	15.0700
319.22,	15.0700
319.87,	15.0700
320.52,	15.0700
321.16,	15.0800
321.81,	15.0700
322.46,	15.0600
323.10,	15.0300
323.75,	15.0000
324.40,	14.9800
325.04,	14.9800
325.69,	14.9700
326.34,	14.9600
326.99,	14.9500
327.63,	14.9300
328.28,	14.9200
328.93,	14.9100
329.57,	14.8900
330.22,	14.8700
330.86,	14.8600
331.51,	14.8600
332.16,	14.8500
332.80,	14.8300
333.45,	14.8300
334.10,	14.8100
334.74,	14.8100
335.39,	14.8100
336.03,	14.8400
336.68,	14.8200
337.33,	14.7700
337.97,	14.7100
338.62,	14.6200
339.26,	14.5700
339.91,	14.5500
340.56,	14.5400
341.20,	14.5400
341.85,	14.5400
342.49,	14.5400
343.14,	14.5500
343.78,	14.5600
344.43,	14.5600
345.08,	14.5500
345.72,	14.5300
346.37,	14.5000
347.01,	14.4900
347.66,	14.4800
348.30,	14.4700
348.95,	14.4600
349.59,	14.4600
350.24,	14.4600
350.88,	14.4500
351.53,	14.4200
352.17,	14.3900
352.82,	14.3900
353.46,	14.4100
354.11,	14.4200
354.75,	14.4400
355.40,	14.5100
356.04,	14.5500
356.69,	14.5500
357.33,	14.5500
357.98,	14.5400
358.62,	14.5100
359.27,	14.5000
359.91,	14.4900
360.55,	14.4900
361.20,	14.4900
361.84,	14.4900
362.49,	14.4900
363.13,	14.4900
363.78,	14.4900
364.42,	14.4900
365.06,	14.4800
365.71,	14.4600
366.35,	14.4500
367.00,	14.4400
367.64,	14.4300
368.28,	14.4300
368.93,	14.4300
369.57,	14.4100
370.22,	14.3800
370.86,	14.3600
371.50,	14.3500
372.15,	14.3500
372.79,	14.3500
373.43,	14.3400
374.08,	14.3400
374.72,	14.3400
375.36,	14.3300
376.01,	14.3200
376.65,	14.3200
377.29,	14.3200
377.94,	14.3200
378.58,	14.3200
379.22,	14.3100
379.87,	14.3000
380.51,	14.3000
381.15,	14.2900
381.79,	14.2800
382.44,	14.2800
383.08,	14.2800
383.72,	14.2700
384.37,	14.2600
385.01,	14.2500
385.65,	14.2500
386.29,	14.2500
386.94,	14.2400
387.58,	14.2300
388.22,	14.2300
388.86,	14.2200
389.51,	14.2200
390.15,	14.2100
390.79,	14.2000
391.43,	14.2000
392.08,	14.1900
392.72,	14.1900
393.36,	14.1800
394.00,	14.1800
394.64,	14.1700
395.29,	14.1600
395.93,	14.1600
396.57,	14.1500
397.21,	14.1300
397.85,	14.1100
398.50,	14.0900
399.14,	14.0700
399.78,	14.0600
400.42,	14.0400
401.06,	14.0300
401.70,	14.0200
402.34,	14.0200
402.99,	14.0100
403.63,	14.0000
404.27,	13.9800
404.91,	13.9600
405.55,	13.9500
406.19,	13.9400
406.83,	13.9300
407.48,	13.9100
408.12,	13.8900
408.76,	13.8800
409.40,	13.8800
410.04,	13.8600
410.68,	13.8200
411.32,	13.8000
411.96,	13.7800
412.60,	13.7800
413.24,	13.7700
413.88,	13.7600
414.52,	13.7500
415.17,	13.7500
415.81,	13.7500
416.45,	13.7300
417.09,	13.7000
417.73,	13.6800
418.37,	13.6700
419.01,	13.6600
419.65,	13.6500
420.29,	13.6500
420.93,	13.6400
421.57,	13.6300
422.21,	13.5900
422.85,	13.5600
423.49,	13.5400
424.13,	13.5300
424.77,	13.5200
425.41,	13.5100
426.05,	13.5000
426.69,	13.4900
427.33,	13.4700
427.97,	13.4400
428.61,	13.4300
429.25,	13.4100
429.89,	13.4000
430.53,	13.3900
431.17,	13.3800
431.80,	13.3700
432.44,	13.3500
433.08,	13.3300
433.72,	13.3100
434.36,	13.2900
435.00,	13.2800
435.64,	13.2800
436.28,	13.2700
436.92,	13.2600
437.56,	13.2600
438.20,	13.2600
438.84,	13.2500
439.47,	13.2500
440.11,	13.2500
440.75,	13.2500
441.39,	13.2500
442.03,	13.2400
442.67,	13.2200
443.31,	13.2000
443.95,	13.1900
444.58,	13.1900
445.22,	13.1900
445.86,	13.1900
446.50,	13.1900
447.14,	13.2000
447.78,	13.2000
448.41,	13.2000
449.05,	13.2000
449.69,	13.2100
450.33,	13.2100
450.97,	13.2100
451.60,	13.2100
452.24,	13.2100
452.88,	13.2000
453.52,	13.2100
454.16,	13.2100
454.79,	13.2100
455.43,	13.2000
456.07,	13.1800
456.71,	13.1600
457.35,	13.1400
457.98,	13.1200
458.62,	13.1000
459.26,	13.0800
459.90,	13.0800
460.53,	13.0800
461.17,	13.0800
461.81,	13.0900
462.44,	13.0900
463.08,	13.0900
463.72,	13.1000
464.36,	13.1000
464.99,	13.1000
465.63,	13.1000
466.27,	13.1000
466.90,	13.1000
467.54,	13.0900
468.18,	13.0900
468.81,	13.0800
469.45,	13.0800
470.09,	13.0800
470.72,	13.0700
471.36,	13.0600
472.00,	13.0600
472.63,	13.0600
473.27,	13.0500
473.91,	13.0500
474.54,	13.0500
475.18,	13.0500
475.82,	13.0500
476.45,	13.0400
477.09,	13.0400
477.73,	13.0300
478.36,	13.0100
479.00,	13.0000
479.63,	12.9900
480.27,	12.9900
480.91,	12.9900
481.54,	12.9900
482.18,	12.9800
482.81,	12.9800
483.45,	12.9800
484.08,	12.9800
484.72,	12.9700
485.36,	12.9600
485.99,	12.9600
486.63,	12.9600
487.26,	12.9500
487.90,	12.9500
488.53,	12.9400
489.17,	12.9300
489.80,	12.9300
490.44,	12.9300
491.07,	12.9100
491.71,	12.9100
492.34,	12.9000
492.98,	12.8800
493.62,	12.8700
494.25,	12.8500
494.89,	12.8400
495.52,	12.8300
496.15,	12.8300
496.79,	12.8200
497.42,	12.8100
498.06,	12.8000
498.69,	12.7800
499.33,	12.7800
499.96,	12.7700
500.60,	12.7600
501.23,	12.7600
501.87,	12.7500
502.50,	12.7400
503.14,	12.7200
503.77,	12.7100
504.40,	12.7000
505.04,	12.7000
505.67,	12.6900
506.31,	12.6800
506.94,	12.6700
507.57,	12.6600
508.21,	12.6400
508.84,	12.6400
509.48,	12.6300
510.11,	12.6100
510.74,	12.5700
511.38,	12.5500
512.01,	12.5300
512.65,	12.5200
513.28,	12.5100
513.91,	12.5000
514.55,	12.4800
515.18,	12.4600
515.81,	12.4500
516.45,	12.4300
517.08,	12.4200
517.71,	12.4100
518.35,	12.4000
518.98,	12.3900
519.61,	12.3800
520.25,	12.3800
520.88,	12.3800
521.51,	12.3700
522.15,	12.3600
522.78,	12.3500
523.41,	12.3200
524.04,	12.3000
524.68,	12.2900
525.31,	12.2600
525.94,	12.2400
526.58,	12.2400
527.21,	12.2400
527.84,	12.2400
528.47,	12.2300
529.11,	12.2200
529.74,	12.2000
530.37,	12.1800
531.00,	12.1700
531.64,	12.1600
532.27,	12.1400
532.90,	12.1200
533.53,	12.1100
534.17,	12.0800
534.80,	12.0700
535.43,	12.0600
536.06,	12.0500
536.69,	12.0200
537.33,	12.0100
537.96,	11.9900
538.59,	11.9600
539.22,	11.9400
539.85,	11.9200
540.48,	11.8900
541.12,	11.8700
541.75,	11.8600
542.38,	11.8400
543.01,	11.8200
543.64,	11.8000
544.27,	11.7900
544.91,	11.7700
545.54,	11.7600
546.17,	11.7500
546.80,	11.7400
547.43,	11.7300
548.06,	11.7200
548.69,	11.7100
549.32,	11.7100
549.95,	11.7000
550.59,	11.6900
551.22,	11.6800
551.85,	11.6700
552.48,	11.6700
553.11,	11.6800
553.74,	11.6900
554.37,	11.6900
555.00,	11.6800
555.63,	11.6800
556.26,	11.6700
556.89,	11.6500
557.52,	11.6300
558.15,	11.6000
558.78,	11.5900
559.42,	11.5800
560.05,	11.5700
560.68,	11.5600
561.31,	11.5500
561.94,	11.5400
562.57,	11.5300
563.20,	11.5100
563.83,	11.4900
564.46,	11.4700
565.09,	11.4500
565.72,	11.4300
566.35,	11.4300
566.98,	11.4200
567.61,	11.4100
568.24,	11.4100
568.87,	11.4000
569.50,	11.3900
570.12,	11.3800
570.75,	11.3700
571.38,	11.3600
572.01,	11.3500
572.64,	11.3500
573.27,	11.3400
573.90,	11.3300
574.53,	11.3200
575.16,	11.3000
575.79,	11.2900
576.42,	11.2800
577.05,	11.2800
577.68,	11.2700
578.31,	11.2600
578.93,	11.2400
579.56,	11.2200
580.19,	11.2100
580.82,	11.2000
581.45,	11.2000
582.08,	11.2000
582.71,	11.2000
583.34,	11.1900
583.97,	11.1900
584.59,	11.1900
585.22,	11.1900
585.85,	11.1800
586.48,	11.1900
587.11,	11.1800
587.74,	11.1700
588.36,	11.1500
588.99,	11.1300
589.62,	11.1200
590.25,	11.1100
590.88,	11.1100
591.50,	11.1000
592.13,	11.0800
592.76,	11.0800
593.39,	11.0700
594.02,	11.0700
594.64,	11.0700
595.27,	11.0600
595.90,	11.0500
596.53,	11.0500
597.16,	11.0400
597.78,	11.0400
598.41,	11.0300
599.04,	11.0200
599.67,	11.0000
600.29,	11.0000
600.92,	10.9900
601.55,	10.9700
602.18,	10.9600
602.80,	10.9500
603.43,	10.9400
604.06,	10.9200
604.68,	10.9100
605.31,	10.9100
605.94,	10.9000
606.57,	10.9000
607.19,	10.9000
607.82,	10.9000
608.45,	10.8900
609.07,	10.8900
609.70,	10.8800
610.33,	10.8800
610.95,	10.8700
611.58,	10.8600
612.21,	10.8500
612.83,	10.8400
613.46,	10.8300
614.09,	10.8400
614.71,	10.8400
615.34,	10.8300
615.97,	10.8400
616.59,	10.8400
617.22,	10.8300
617.84,	10.8200
618.47,	10.8000
619.10,	10.7900
619.72,	10.7800
620.35,	10.7700
620.97,	10.7400
621.60,	10.7300
622.23,	10.7100
622.85,	10.6900
623.48,	10.6800
624.10,	10.6800
624.73,	10.6800
625.35,	10.6800
625.98,	10.6700
626.61,	10.6600
627.23,	10.6500
627.86,	10.6300
628.48,	10.6000
629.11,	10.5800
629.73,	10.5700
630.36,	10.5700
630.98,	10.5500
631.61,	10.5400
632.23,	10.5300
632.86,	10.5200
633.48,	10.5200
634.11,	10.5200
634.73,	10.5100
635.36,	10.5100
635.98,	10.5100
636.61,	10.5000
637.23,	10.4900
637.86,	10.4900
638.48,	10.4800
639.11,	10.4700
639.73,	10.4600
640.36,	10.4500
640.98,	10.4500
641.61,	10.4600
642.23,	10.4500
642.85,	10.4500
643.48,	10.4400
644.10,	10.4400
644.73,	10.4200
645.35,	10.4100
645.98,	10.4000
646.60,	10.3900
647.22,	10.3800
647.85,	10.3600
648.47,	10.3500
649.10,	10.3500
649.72,	10.3500
650.34,	10.3500
650.97,	10.3400
651.59,	10.3300
652.22,	10.3200
652.84,	10.3200
653.46,	10.3100
654.09,	10.3000
654.71,	10.2900
655.33,	10.2900
655.96,	10.2900
656.58,	10.2900
657.20,	10.2800
657.83,	10.2600
658.45,	10.2500
659.07,	10.2400
659.70,	10.2400
660.32,	10.2300
660.94,	10.2300
661.57,	10.2100
662.19,	10.2000
662.81,	10.2000
663.43,	10.1900
664.06,	10.1800
664.68,	10.1800
665.30,	10.1700
665.93,	10.1700
666.55,	10.1700
667.17,	10.1700
667.79,	10.1600
668.42,	10.1600
669.04,	10.1500
669.66,	10.1500
670.28,	10.1400
670.91,	10.1400
671.53,	10.1300
672.15,	10.1300
672.77,	10.1100
673.39,	10.0800
674.02,	10.0600
674.64,	10.0400
675.26,	10.0400
675.88,	10.0300
676.50,	10.0200
677.13,	10.0200
677.75,	10.0000
678.37,	9.9700
678.99,	9.9500
679.61,	9.9400
680.24,	9.9300
680.86,	9.9200
681.48,	9.9200
682.10,	9.9200
682.72,	9.9200
683.34,	9.9300
683.96,	9.9400
684.59,	9.9200
685.21,	9.8800
685.83,	9.8300
686.45,	9.8000
687.07,	9.7800
687.69,	9.7700
688.31,	9.7500
688.93,	9.7400
689.56,	9.7300
690.18,	9.7200
690.80,	9.7200
691.42,	9.7100
692.04,	9.7000
692.66,	9.7000
693.28,	9.6900
693.90,	9.6900
694.52,	9.6800
695.14,	9.6900
695.76,	9.6800
696.38,	9.6800
697.00,	9.6700
697.62,	9.6600
698.25,	9.6600
698.87,	9.6700
699.49,	9.6600
700.11,	9.6500
700.73,	9.6400
701.35,	9.6400
701.97,	9.6500
702.59,	9.6600
703.21,	9.6600
703.83,	9.6500
704.45,	9.6300
705.07,	9.6100
705.69,	9.5800
706.31,	9.5400
706.93,	9.5200
707.55,	9.5000
708.17,	9.4800
708.79,	9.4700
709.40,	9.4500
710.02,	9.4400
710.64,	9.4300
711.26,	9.4300
711.88,	9.4200
712.50,	9.4100
713.12,	9.4000
713.74,	9.3700
714.36,	9.3400
714.98,	9.3300
715.60,	9.3200
716.22,	9.3000
716.84,	9.2700
717.45,	9.2500
718.07,	9.2400
718.69,	9.2300
719.31,	9.2300
719.93,	9.2100
720.55,	9.1800
721.17,	9.1500
721.79,	9.1400
722.41,	9.1200
723.02,	9.1100
723.64,	9.1000
724.26,	9.0800
724.88,	9.0500
725.50,	9.0300
726.12,	9.0200
726.73,	8.9900
727.35,	8.9800
727.97,	8.9600
728.59,	8.9400
729.21,	8.9300
729.83,	8.9000
730.44,	8.8800
731.06,	8.8500
731.68,	8.8300
732.30,	8.8100
732.92,	8.8000
733.53,	8.7800
734.15,	8.7600
734.77,	8.7400
735.39,	8.7300
736.00,	8.7200
736.62,	8.7100
737.24,	8.7100
737.86,	8.7100
738.47,	8.7100
739.09,	8.6900
739.71,	8.6700
740.33,	8.6500
740.94,	8.6400
741.56,	8.6300
742.18,	8.6300
742.79,	8.6200
743.41,	8.6200
744.03,	8.6200
744.65,	8.6100
745.26,	8.6000
745.88,	8.5900
746.50,	8.5700
747.11,	8.5500
747.73,	8.5300
748.35,	8.5200
748.96,	8.5100
749.58,	8.5000
750.20,	8.5000
750.81,	8.5000
751.43,	8.5000
752.05,	8.4900
752.66,	8.4800
753.28,	8.4800
753.90,	8.4700
754.51,	8.4500
755.13,	8.4300
755.74,	8.4100
756.36,	8.3900
756.98,	8.3800
757.59,	8.3800
758.21,	8.3700
758.82,	8.3700
759.44,	8.3600
760.06,	8.3600
760.67,	8.3600
761.29,	8.3600
761.90,	8.3500
762.52,	8.3600
763.14,	8.3600
763.75,	8.3700
764.37,	8.3700
764.98,	8.3600
765.60,	8.3600
766.21,	8.3700
766.83,	8.3600
767.44,	8.3600
768.06,	8.3500
768.67,	8.3500
769.29,	8.3200
769.90,	8.3000
770.52,	8.2900
771.14,	8.2700
771.75,	8.2500
772.37,	8.2300
772.98,	8.2200
773.59,	8.2000
774.21,	8.1700
774.82,	8.1600
775.44,	8.1600
776.05,	8.1500
776.67,	8.1500
777.28,	8.1500
777.90,	8.1500
778.51,	8.1400
779.13,	8.1400
779.74,	8.1400
780.36,	8.1400
780.97,	8.1300
781.58,	8.1200
782.20,	8.1000
782.81,	8.0800
783.43,	8.0600
784.04,	8.0400
784.66,	8.0200
785.27,	8.0000
785.88,	7.9900
786.50,	7.9800
787.11,	7.9700
787.73,	7.9600
788.34,	7.9700
788.95,	7.9800
789.57,	7.9900
790.18,	7.9900
790.79,	7.9900
791.41,	7.9900
792.02,	7.9800
792.63,	7.9800
793.25,	7.9800
793.86,	7.9700
794.47,	7.9600
795.09,	7.9500
795.70,	7.9500
796.31,	7.9400
796.93,	7.9400
797.54,	7.9300
798.15,	7.9300
798.77,	7.9200
799.38,	7.9100
799.99,	7.9100
800.61,	7.9000
801.22,	7.9000
801.83,	7.8800
802.44,	7.8700
803.06,	7.8600
803.67,	7.8600
804.28,	7.8500
804.90,	7.8400
805.51,	7.8300
806.12,	7.8100
806.73,	7.8000
807.34,	7.7800
807.96,	7.7500
808.57,	7.7300
809.18,	7.7300
809.79,	7.7100
810.41,	7.6900
811.02,	7.6700
811.63,	7.6500
812.24,	7.6300
812.85,	7.6100
813.47,	7.6000
814.08,	7.5900
814.69,	7.5800
815.30,	7.5600
815.91,	7.5400
816.53,	7.5200
817.14,	7.5000
817.75,	7.4900
818.36,	7.4800
818.97,	7.4600
819.58,	7.4200
820.20,	7.4000
820.81,	7.3800
821.42,	7.3600
822.03,	7.3400
822.64,	7.3400
823.25,	7.3300
823.86,	7.3200
824.47,	7.3200
825.09,	7.3200
825.70,	7.3100
826.31,	7.3100
826.92,	7.3100
827.53,	7.3000
828.14,	7.2900
828.75,	7.2800
829.36,	7.2700
829.97,	7.2600
830.58,	7.2500
831.19,	7.2400
831.80,	7.2200
832.42,	7.2100
833.03,	7.2000
833.64,	7.2000
834.25,	7.1900
834.86,	7.1900
835.47,	7.1800
836.08,	7.1700
836.69,	7.1600
837.30,	7.1600
837.91,	7.1600
838.52,	7.1500
839.13,	7.1500
839.74,	7.1400
840.35,	7.1300
840.96,	7.1200
841.57,	7.1100
842.18,	7.1000
842.79,	7.0900
843.40,	7.0800
844.01,	7.0700
844.62,	7.0600
845.23,	7.0500
845.84,	7.0300
846.45,	7.0200
847.06,	7.0200
847.67,	7.0200
848.27,	7.0100
848.88,	7.0000
849.49,	7.0000
850.10,	6.9900
850.71,	6.9700
851.32,	6.9600
851.93,	6.9400
852.54,	6.9300
853.15,	6.9200
853.76,	6.9100
854.37,	6.9000
854.98,	6.8800
855.58,	6.8700
856.19,	6.8600
856.80,	6.8400
857.41,	6.8300
858.02,	6.8200
858.63,	6.8100
859.24,	6.8000
859.85,	6.8000
860.45,	6.7900
861.06,	6.7800
861.67,	6.7700
862.28,	6.7600
862.89,	6.7500
863.50,	6.7500
864.10,	6.7400
864.71,	6.7300
865.32,	6.7200
865.93,	6.7100
866.54,	6.7100
867.14,	6.7000
867.75,	6.6900
868.36,	6.6800
868.97,	6.6700
869.58,	6.6700
870.18,	6.6600
870.79,	6.6600
871.40,	6.6600
872.01,	6.6600
872.61,	6.6600
873.22,	6.6600
873.83,	6.6500
874.44,	6.6500
875.04,	6.6500
875.65,	6.6400
876.26,	6.6200
876.87,	6.6000
877.47,	6.5800
878.08,	6.5600
878.69,	6.5500
879.29,	6.5300
879.90,	6.5100
880.51,	6.5000
881.12,	6.4800
881.72,	6.4600
882.33,	6.4400
882.94,	6.4300
883.54,	6.4300
884.15,	6.4100
884.76,	6.3900
885.36,	6.3700
885.97,	6.3500
886.58,	6.3200
887.18,	6.3000
887.79,	6.2800
888.40,	6.2700
889.00,	6.2600
889.61,	6.2500
890.22,	6.2200
890.82,	6.1900
891.43,	6.1700
892.03,	6.1600
892.64,	6.1600
893.25,	6.1600
893.85,	6.1700
894.46,	6.1700
895.06,	6.1600
895.67,	6.1500
896.28,	6.1400
896.88,	6.1300
897.49,	6.1100
898.09,	6.0900
898.70,	6.0800
899.30,	6.0700
899.91,	6.0700
900.52,	6.0600
901.12,	6.0600
901.73,	6.0500
902.33,	6.0300
902.94,	5.9900
903.54,	5.9700
904.15,	5.9600
904.75,	5.9500
905.36,	5.9300
905.96,	5.9200
906.57,	5.9100
907.17,	5.9000
907.78,	5.8900
908.38,	5.8900
908.99,	5.8800
909.59,	5.8800
910.20,	5.8800
910.80,	5.8800
911.41,	5.8800
912.01,	5.9500
912.62,	6.3200
913.22,	7.1800
913.83,	8.4700
914.43,	10.0600
915.03,	11.6600
915.64,	12.9100
916.24,	13.7800
916.85,	14.4100
917.45,	14.9000
918.06,	15.2800
918.66,	15.5800
919.26,	15.8500
919.87,	16.3600
920.47,	29.5900
921.08,	35.5000
921.68,	35.5000
922.28,	35.5000
922.89,	35.5000
923.49,	35.5000
924.10,	35.5000
924.70,	35.5000
925.30,	35.5000
925.91,	35.5000
926.51,	35.5000
927.11,	35.5000
927.72,	35.5000
928.32,	35.5000
928.92,	35.5000
929.53,	35.5000
930.13,	35.5000
930.74,	35.5000
931.34,	35.5000
931.94,	35.5000
932.54,	35.5000
933.15,	35.5000
933.75,	35.5000
934.35,	35.5000
934.96,	35.5000
935.56,	35.5000
936.16,	35.5000
936.77,	35.5000
937.37,	35.5000
937.97,	35.5000
938.57,	35.5000
939.18,	28.1500
939.78,	-2.5200
940.38,	-2.5200
940.98,	-2.5200
941.59,	-2.5200
942.19,	-2.5200
942.79,	-2.5200
943.39,	-2.5200
944.00,	-2.5200
944.60,	-2.5200
945.20,	-2.5200
945.80,	-2.5200
946.40,	-2.5200
947.01,	-2.5200
947.61,	-2.5200
948.21,	-2.5200
948.81,	-2.5200
949.41,	-2.5200
950.02,	-2.5200
950.62,	-2.5200
951.22,	-2.5200
951.82,	-2.5200
952.42,	-2.5200
953.02,	-2.5200
953.63,	-2.5200
954.23,	-2.5200
954.83,	-2.5200
955.43,	-2.5200
956.03,	-2.5200
956.63,	-2.5200
957.24,	-2.5200
957.84,	-2.5200
958.44,	-2.5200
959.04,	-2.5200
959.64,	-2.5200
960.24,	-2.5200
960.84,	-2.5200
961.44,	-2.5200
962.04,	-2.5200
962.64,	-2.5200
963.25,	-2.5200
963.85,	-2.5200
964.45,	-2.5200
965.05,	-2.5200
965.65,	-2.5200
966.25,	-2.5200
966.85,	-2.5200
967.45,	-2.5200
968.05,	-2.5200
968.65,	-2.5200
969.25,	-2.5200
969.85,	-2.5200
970.45,	-2.5200
971.05,	-2.5200
971.65,	-2.5200
972.25,	-2.5200
972.85,	-2.5200
973.45,	-2.5200
974.05,	-2.5200
974.65,	-2.5200
975.25,	-2.5200
975.85,	-2.5200
976.45,	-2.5200
977.05,	-2.5200
977.65,	-2.5200
978.25,	-2.5200
978.85,	-2.5200
979.45,	-2.5200
980.05,	-2.5200
980.65,	-2.5200
981.25,	-2.5200
981.85,	-2.5200
982.45,	-2.5200
983.05,	-2.5200
983.65,	-2.5200
984.25,	-2.5200
984.85,	-2.5200
985.45,	-2.5200
986.04,	-2.5200
986.64,	-2.5200
987.24,	-2.5200
987.84,	-2.5200
988.44,	-2.5200
989.04,	-2.5200
989.64,	-2.5200
990.24,	-2.5200
990.84,	-2.5200
991.44,	-2.5200
992.03,	-2.5200
992.63,	-2.5200
993.23,	-2.5200
993.83,	-2.5200
994.43,	-2.5200
995.03,	-2.5200
995.63,	-2.5200
996.22,	-2.5200
996.82,	-2.5200
997.42,	-2.5200
998.02,	-2.5200
998.62,	-2.5200
999.21,	-2.5200
999.81,	-2.5200
1000.41,	-2.5200
