Call Sign = ZSDA,	Ship Name = SA Agulhas,	Lloyds Num = 0
Date = 02/07/2017,	Time = 00:10,	
Latitude = 34 23.58  S,	Longitude = 017 35.83  E
Instr = Sippican Deep Blue,	Card Type = Sippican MK-21,	
Wind Instr = ,	Measur Method = 
Probe Serial Num = -1,	Ship Dir = -1,	Ship Speed = -1.00
Wind Dir = 206,	Wind Speed = 30.10
Dry Bulb Temp = 19.50,	Total Water Depth = -1.00

Full Resolution Values
Depth,	 Temp
0.67,	20.7200
1.34,	20.6800
2.01,	20.6800
2.68,	20.6700
3.34,	20.6600
4.01,	20.6600
4.68,	20.6700
5.35,	20.6700
6.02,	20.6700
6.69,	20.6600
7.36,	20.6600
8.03,	20.6600
8.69,	20.6600
9.36,	20.6600
10.03,	20.6600
10.70,	20.6600
11.37,	20.6600
12.04,	20.6600
12.70,	20.6500
13.37,	20.6300
14.04,	20.6100
14.71,	20.5800
15.38,	20.4900
16.05,	20.3200
16.71,	20.1400
17.38,	20.0300
18.05,	19.9900
18.72,	19.9800
19.38,	19.9600
20.05,	19.9400
20.72,	19.8900
21.39,	19.8400
22.06,	19.8000
22.72,	19.7700
23.39,	19.7500
24.06,	19.7300
24.73,	19.7200
25.39,	19.7000
26.06,	19.6800
26.73,	19.6300
27.40,	19.5800
28.06,	19.5400
28.73,	19.5100
29.40,	19.5000
30.06,	19.4600
30.73,	19.4100
31.40,	19.3200
32.06,	19.2200
32.73,	19.1200
33.40,	19.0200
34.07,	18.9100
34.73,	18.7900
35.40,	18.6900
36.07,	18.5800
36.73,	18.4800
37.40,	18.3800
38.07,	18.2900
38.73,	18.2000
39.40,	18.0900
40.06,	17.9500
40.73,	17.8100
41.40,	17.7100
42.06,	17.6400
42.73,	17.5900
43.40,	17.5100
44.06,	17.4300
44.73,	17.3500
45.39,	17.3000
46.06,	17.2700
46.73,	17.2200
47.39,	17.1400
48.06,	17.0900
48.72,	17.0600
49.39,	17.0300
50.06,	16.9800
50.72,	16.9300
51.39,	16.9100
52.05,	16.9000
52.72,	16.8700
53.38,	16.8200
54.05,	16.7900
54.71,	16.7400
55.38,	16.7100
56.05,	16.5800
56.71,	16.3600
57.38,	16.1700
58.04,	15.9900
58.71,	15.8100
59.37,	15.7000
60.04,	15.6400
60.70,	15.6100
61.37,	15.6100
62.03,	15.6200
62.70,	15.6200
63.36,	15.6200
64.03,	15.6300
64.69,	15.6300
65.36,	15.6200
66.02,	15.6100
66.69,	15.5800
67.35,	15.5300
68.01,	15.4800
68.68,	15.4000
69.34,	15.2900
70.01,	15.1700
70.67,	15.1000
71.34,	15.0600
72.00,	15.0300
72.66,	15.0100
73.33,	14.9700
73.99,	14.9300
74.66,	14.9100
75.32,	14.8900
75.98,	14.8700
76.65,	14.8500
77.31,	14.8400
77.98,	14.8400
78.64,	14.8400
79.30,	14.8300
79.97,	14.8100
80.63,	14.7900
81.30,	14.7500
81.96,	14.7000
82.62,	14.6800
83.29,	14.6300
83.95,	14.5700
84.61,	14.5100
85.28,	14.4900
85.94,	14.4700
86.60,	14.4600
87.27,	14.4600
87.93,	14.4900
88.59,	14.5100
89.26,	14.4900
89.92,	14.4600
90.58,	14.4300
91.24,	14.4100
91.91,	14.3600
92.57,	14.3200
93.23,	14.2700
93.90,	14.1900
94.56,	14.1300
95.22,	14.0800
95.88,	14.0300
96.55,	14.0100
97.21,	13.9900
97.87,	13.9800
98.53,	13.9700
99.20,	13.9600
99.86,	13.9700
100.52,	13.9700
101.18,	13.9800
101.85,	13.9700
102.51,	13.9700
103.17,	13.9600
103.83,	13.9500
104.49,	13.9300
105.16,	13.9100
105.82,	13.9000
106.48,	13.8600
107.14,	13.8000
107.80,	13.7700
108.47,	13.7400
109.13,	13.7100
109.79,	13.6900
110.45,	13.6400
111.11,	13.5700
111.77,	13.5000
112.44,	13.4600
113.10,	13.4200
113.76,	13.3700
114.42,	13.3300
115.08,	13.3100
115.74,	13.3000
116.40,	13.3000
117.06,	13.3100
117.73,	13.3000
118.39,	13.2900
119.05,	13.2700
119.71,	13.2400
120.37,	13.2100
121.03,	13.1800
121.69,	13.1700
122.35,	13.1400
123.01,	13.1100
123.67,	13.0900
124.33,	13.0700
125.00,	13.0500
125.66,	13.0400
126.32,	13.0300
126.98,	13.0300
127.64,	13.0200
128.30,	13.0100
128.96,	13.0000
129.62,	12.9900
130.28,	12.9700
130.94,	12.9500
131.60,	12.9300
132.26,	12.9000
132.92,	12.8800
133.58,	12.8600
134.24,	12.8300
134.90,	12.8000
135.56,	12.7800
136.22,	12.7600
136.88,	12.7300
137.54,	12.7100
138.20,	12.6800
138.86,	12.6600
139.52,	12.6200
140.18,	12.5700
140.84,	12.5500
141.50,	12.5400
142.16,	12.5200
142.82,	12.5000
143.48,	12.4800
144.14,	12.4500
144.79,	12.3700
145.45,	12.2600
146.11,	12.1900
146.77,	12.1500
147.43,	12.1400
148.09,	12.1200
148.75,	12.1100
149.41,	12.1000
150.07,	12.0800
150.73,	12.0700
151.39,	12.0600
152.04,	12.0400
152.70,	12.0300
153.36,	12.0300
154.02,	12.0300
154.68,	12.0300
155.34,	12.0100
156.00,	11.9800
156.65,	11.9700
157.31,	11.9600
157.97,	11.9800
158.63,	11.9900
159.29,	11.9900
159.95,	11.9900
160.60,	12.0000
161.26,	12.0200
161.92,	12.0400
162.58,	12.0600
163.24,	12.0900
163.90,	12.1100
164.55,	12.1200
165.21,	12.1300
165.87,	12.1400
166.53,	12.1400
167.18,	12.1400
167.84,	12.1400
168.50,	12.1400
169.16,	12.1400
169.82,	12.1500
170.47,	12.1600
171.13,	12.1500
171.79,	12.1600
172.44,	12.1600
173.10,	12.1600
173.76,	12.1700
174.42,	12.1700
175.07,	12.1700
175.73,	12.1600
176.39,	12.1700
177.05,	12.1700
177.70,	12.1800
178.36,	12.1800
179.02,	12.1800
179.67,	12.1800
180.33,	12.1900
180.99,	12.2000
181.64,	12.1900
182.30,	12.2000
182.96,	12.2000
183.61,	12.2000
184.27,	12.2000
184.93,	12.2000
185.58,	12.2000
186.24,	12.2000
186.90,	12.1900
187.55,	12.1900
188.21,	12.1900
188.87,	12.1900
189.52,	12.1900
190.18,	12.1800
190.83,	12.1600
191.49,	12.1400
192.15,	12.1200
192.80,	12.1000
193.46,	12.0800
194.11,	12.0700
194.77,	12.0700
195.43,	12.0700
196.08,	12.0600
196.74,	12.0600
197.39,	12.0700
198.05,	12.0800
198.70,	12.1000
199.36,	12.1300
200.02,	12.1700
200.67,	12.2200
201.33,	12.2700
201.98,	12.3000
202.64,	12.3200
203.29,	12.3400
203.95,	12.3500
204.60,	12.3400
205.26,	12.3200
205.91,	12.2900
206.57,	12.2400
207.22,	12.1800
207.88,	12.1400
208.53,	12.0900
209.19,	12.0600
209.84,	12.0400
210.50,	12.0400
211.15,	12.0300
211.81,	12.0100
212.46,	11.9900
213.12,	11.9700
213.77,	11.9500
214.43,	11.9300
215.08,	11.9100
215.74,	11.8900
216.39,	11.8800
217.04,	11.8700
217.70,	11.8600
218.35,	11.8600
219.01,	11.8600
219.66,	11.8600
220.32,	11.8600
220.97,	11.8600
221.62,	11.8600
222.28,	11.8600
222.93,	11.8700
223.59,	11.8700
224.24,	11.8700
224.89,	11.8700
225.55,	11.8800
226.20,	11.8800
226.85,	11.8800
227.51,	11.8600
228.16,	11.8500
228.81,	11.8300
229.47,	11.8200
230.12,	11.8000
230.78,	11.8000
231.43,	11.7900
232.08,	11.7800
232.74,	11.7700
233.39,	11.7500
234.04,	11.7400
234.69,	11.7200
235.35,	11.7100
236.00,	11.7000
236.65,	11.6800
237.31,	11.6800
237.96,	11.6800
238.61,	11.6700
239.27,	11.6600
239.92,	11.6400
240.57,	11.6100
241.22,	11.6000
241.88,	11.5800
242.53,	11.5600
243.18,	11.5400
243.83,	11.5100
244.49,	11.4800
245.14,	11.4500
245.79,	11.4100
246.44,	11.3700
247.10,	11.3500
247.75,	11.3000
248.40,	11.2700
249.05,	11.2500
249.70,	11.2200
250.36,	11.2000
251.01,	11.1600
251.66,	11.1400
252.31,	11.1400
252.96,	11.1300
253.62,	11.1300
254.27,	11.1300
254.92,	11.1300
255.57,	11.1300
256.22,	11.1300
256.88,	11.1300
257.53,	11.1300
258.18,	11.1300
258.83,	11.1300
259.48,	11.1300
260.13,	11.1300
260.78,	11.1300
261.44,	11.1300
262.09,	11.1300
262.74,	11.1300
263.39,	11.1300
264.04,	11.1300
264.69,	11.1200
265.34,	11.1000
265.99,	11.0600
266.64,	11.0300
267.29,	10.9900
267.95,	10.9700
268.60,	10.9500
269.25,	10.9200
269.90,	10.9200
270.55,	10.9100
271.20,	10.9000
271.85,	10.9000
272.50,	10.9000
273.15,	10.8900
273.80,	10.8900
274.45,	10.8900
275.10,	10.8900
275.75,	10.8800
276.40,	10.8800
277.05,	10.8700
277.70,	10.8600
278.35,	10.8600
279.00,	10.8500
279.65,	10.8400
280.30,	10.8100
280.95,	10.7900
281.60,	10.7700
282.25,	10.7400
282.90,	10.7200
283.55,	10.7100
284.20,	10.7000
284.85,	10.7000
285.50,	10.7000
286.15,	10.7000
286.80,	10.7000
287.45,	10.7100
288.10,	10.7000
288.75,	10.6700
289.40,	10.6500
290.05,	10.6300
290.70,	10.6100
291.35,	10.5800
292.00,	10.5800
292.64,	10.5700
293.29,	10.5600
293.94,	10.5500
294.59,	10.5500
295.24,	10.5500
295.89,	10.5500
296.54,	10.5400
297.19,	10.5200
297.84,	10.5100
298.49,	10.4900
299.13,	10.4900
299.78,	10.5000
300.43,	10.5300
301.08,	10.5600
301.73,	10.5800
302.38,	10.5900
303.02,	10.5700
303.67,	10.5300
304.32,	10.5000
304.97,	10.4900
305.62,	10.4800
306.27,	10.4700
306.91,	10.4600
307.56,	10.4400
308.21,	10.4200
308.86,	10.3900
309.51,	10.3600
310.15,	10.3500
310.80,	10.3300
311.45,	10.3200
312.10,	10.3100
312.75,	10.3000
313.39,	10.2600
314.04,	10.2200
314.69,	10.1800
315.34,	10.1400
315.98,	10.0900
316.63,	10.0300
317.28,	9.9900
317.93,	9.9600
318.57,	9.9500
319.22,	9.9400
319.87,	9.9400
320.52,	9.9400
321.16,	9.9400
321.81,	9.9400
322.46,	9.9500
323.10,	9.9500
323.75,	9.9400
324.40,	9.9400
325.04,	9.9300
325.69,	9.9300
326.34,	9.9300
326.99,	9.9200
327.63,	9.9200
328.28,	9.9100
328.93,	9.9000
329.57,	9.8900
330.22,	9.8800
330.86,	9.8600
331.51,	9.8400
332.16,	9.8300
332.80,	9.8000
333.45,	9.7900
334.10,	9.7700
334.74,	9.7400
335.39,	9.7000
336.03,	9.6600
336.68,	9.6400
337.33,	9.6300
337.97,	9.6200
338.62,	9.6100
339.26,	9.6000
339.91,	9.5900
340.56,	9.5900
341.20,	9.5800
341.85,	9.5800
342.49,	9.5700
343.14,	9.5600
343.78,	9.5600
344.43,	9.5600
345.08,	9.5600
345.72,	9.5600
346.37,	9.5600
347.01,	9.5600
347.66,	9.5600
348.30,	9.5600
348.95,	9.5600
349.59,	9.5500
350.24,	9.5300
350.88,	9.5100
351.53,	9.4800
352.17,	9.4700
352.82,	9.4600
353.46,	9.4500
354.11,	9.4300
354.75,	9.4200
355.40,	9.4100
356.04,	9.3900
356.69,	9.3800
357.33,	9.3800
357.98,	9.3700
358.62,	9.3600
359.27,	9.3300
359.91,	9.2700
360.55,	9.2100
361.20,	9.1800
361.84,	9.1500
362.49,	9.1200
363.13,	9.1100
363.78,	9.0900
364.42,	9.0800
365.06,	9.0500
365.71,	9.0200
366.35,	9.0000
367.00,	8.9900
367.64,	8.9800
368.28,	8.9800
368.93,	8.9700
369.57,	8.9700
370.22,	8.9600
370.86,	8.9600
371.50,	8.9500
372.15,	8.9400
372.79,	8.9100
373.43,	8.8800
374.08,	8.8500
374.72,	8.8300
375.36,	8.8200
376.01,	8.8100
376.65,	8.7900
377.29,	8.7600
377.94,	8.7500
378.58,	8.7200
379.22,	8.7000
379.87,	8.6700
380.51,	8.6600
381.15,	8.6500
381.79,	8.6400
382.44,	8.6400
383.08,	8.6300
383.72,	8.6200
384.37,	8.6100
385.01,	8.6000
385.65,	8.6000
386.29,	8.6000
386.94,	8.5900
387.58,	8.5700
388.22,	8.5600
388.86,	8.5500
389.51,	8.5400
390.15,	8.5300
390.79,	8.5200
391.43,	8.5100
392.08,	8.5100
392.72,	8.5100
393.36,	8.5000
394.00,	8.5000
394.64,	8.5000
395.29,	8.5000
395.93,	8.5000
396.57,	8.5000
397.21,	8.4900
397.85,	8.4800
398.50,	8.4800
399.14,	8.4800
399.78,	8.4800
400.42,	8.4800
401.06,	8.4800
401.70,	8.4700
402.34,	8.4700
402.99,	8.4700
403.63,	8.4700
404.27,	8.4600
404.91,	8.4600
405.55,	8.4500
406.19,	8.4500
406.83,	8.4500
407.48,	8.4500
408.12,	8.4400
408.76,	8.4400
409.40,	8.4400
410.04,	8.4400
410.68,	8.4400
411.32,	8.4400
411.96,	8.4400
412.60,	8.4400
413.24,	8.4300
413.88,	8.4400
414.52,	8.4400
415.17,	8.4400
415.81,	8.4400
416.45,	8.4300
417.09,	8.4300
417.73,	8.4300
418.37,	8.4300
419.01,	8.4300
419.65,	8.4300
420.29,	8.4300
420.93,	8.4300
421.57,	8.4200
422.21,	8.4100
422.85,	8.4100
423.49,	8.4000
424.13,	8.4000
424.77,	8.4000
425.41,	8.4000
426.05,	8.3900
426.69,	8.3900
427.33,	8.3800
427.97,	8.3700
428.61,	8.3600
429.25,	8.3500
429.89,	8.3500
430.53,	8.3500
431.17,	8.3400
431.80,	8.3500
432.44,	8.3400
433.08,	8.3400
433.72,	8.3400
434.36,	8.3300
435.00,	8.3300
435.64,	8.3300
436.28,	8.3200
436.92,	8.3100
437.56,	8.3000
438.20,	8.2900
438.84,	8.2800
439.47,	8.2600
440.11,	8.2500
440.75,	8.2500
441.39,	8.2500
442.03,	8.2300
442.67,	8.2200
443.31,	8.2100
443.95,	8.2000
444.58,	8.2000
445.22,	8.2000
445.86,	8.2000
446.50,	8.1900
447.14,	8.1800
447.78,	8.1600
448.41,	8.1500
449.05,	8.1300
449.69,	8.1200
450.33,	8.1200
450.97,	8.1100
451.60,	8.1000
452.24,	8.1000
452.88,	8.1000
453.52,	8.1000
454.16,	8.0900
454.79,	8.0900
455.43,	8.0900
456.07,	8.0800
456.71,	8.0800
457.35,	8.0700
457.98,	8.0700
458.62,	8.0600
459.26,	8.0500
459.90,	8.0500
460.53,	8.0400
461.17,	8.0400
461.81,	8.0300
462.44,	8.0300
463.08,	8.0200
463.72,	8.0200
464.36,	8.0200
464.99,	8.0100
465.63,	8.0100
466.27,	8.0000
466.90,	8.0000
467.54,	7.9900
468.18,	7.9800
468.81,	7.9700
469.45,	7.9500
470.09,	7.9300
470.72,	7.9100
471.36,	7.9100
472.00,	7.9000
472.63,	7.8900
473.27,	7.8900
473.91,	7.8800
474.54,	7.8700
475.18,	7.8600
475.82,	7.8500
476.45,	7.8400
477.09,	7.8300
477.73,	7.8300
478.36,	7.8200
479.00,	7.8200
479.63,	7.8100
480.27,	7.8000
480.91,	7.8000
481.54,	7.8000
482.18,	7.7900
482.81,	7.7900
483.45,	7.7900
484.08,	7.7800
484.72,	7.7900
485.36,	7.7800
485.99,	7.7800
486.63,	7.7700
487.26,	7.7600
487.90,	7.7600
488.53,	7.7600
489.17,	7.7600
489.80,	7.7600
490.44,	7.7600
491.07,	7.7600
491.71,	7.7600
492.34,	7.7500
492.98,	7.7500
493.62,	7.7500
494.25,	7.7500
494.89,	7.7500
495.52,	7.7500
496.15,	7.7500
496.79,	7.7500
497.42,	7.7500
498.06,	7.7500
498.69,	7.7500
499.33,	7.7500
499.96,	7.7500
500.60,	7.7500
501.23,	7.7400
501.87,	7.7400
502.50,	7.7400
503.14,	7.7400
503.77,	7.7400
504.40,	7.7300
505.04,	7.7300
505.67,	7.7300
506.31,	7.7300
506.94,	7.7200
507.57,	7.7200
508.21,	7.7200
508.84,	7.7300
509.48,	7.7200
510.11,	7.7200
510.74,	7.7200
511.38,	7.7100
512.01,	7.7100
512.65,	7.7100
513.28,	7.7100
513.91,	7.7100
514.55,	7.7100
515.18,	7.7100
515.81,	7.7100
516.45,	7.7100
517.08,	7.7000
517.71,	7.7000
518.35,	7.6900
518.98,	7.6900
519.61,	7.6800
520.25,	7.6700
520.88,	7.6700
521.51,	7.6600
522.15,	7.6500
522.78,	7.6500
523.41,	7.6500
524.04,	7.6400
524.68,	7.6400
525.31,	7.6400
525.94,	7.6300
526.58,	7.6300
527.21,	7.6300
527.84,	7.6000
528.47,	7.5700
529.11,	7.5500
529.74,	7.5300
530.37,	7.5100
531.00,	7.5000
531.64,	7.4900
532.27,	7.4800
532.90,	7.4700
533.53,	7.4600
534.17,	7.4600
534.80,	7.4500
535.43,	7.4400
536.06,	7.4300
536.69,	7.4000
537.33,	7.3600
537.96,	7.3200
538.59,	7.2900
539.22,	7.2400
539.85,	7.1700
540.48,	7.1200
541.12,	7.0900
541.75,	7.0400
542.38,	6.9800
543.01,	6.9000
543.64,	6.8500
544.27,	6.8200
544.91,	6.7900
545.54,	6.7600
546.17,	6.7300
546.80,	6.7100
547.43,	6.7000
548.06,	6.6900
548.69,	6.6600
549.32,	6.6200
549.95,	6.5900
550.59,	6.5600
551.22,	6.5300
551.85,	6.5200
552.48,	6.5100
553.11,	6.5100
553.74,	6.5200
554.37,	6.5200
555.00,	6.5100
555.63,	6.5000
556.26,	6.4700
556.89,	6.4400
557.52,	6.3800
558.15,	6.2700
558.78,	6.1800
559.42,	6.0900
560.05,	5.9900
560.68,	5.9300
561.31,	5.8700
561.94,	5.8200
562.57,	5.7700
563.20,	5.6900
563.83,	5.6100
564.46,	5.5500
565.09,	5.5200
565.72,	5.5100
566.35,	5.4900
566.98,	5.4700
567.61,	5.4500
568.24,	5.4400
568.87,	5.4300
569.50,	5.4200
570.12,	5.4100
570.75,	5.4000
571.38,	5.3900
572.01,	5.3800
572.64,	5.3700
573.27,	5.3700
573.90,	5.3500
574.53,	5.3400
575.16,	5.3000
575.79,	5.2600
576.42,	5.2000
577.05,	5.1400
577.68,	5.1000
578.31,	5.0800
578.93,	5.0700
579.56,	5.0600
580.19,	5.0500
580.82,	5.0400
581.45,	5.0300
582.08,	5.0300
582.71,	5.0200
583.34,	5.0200
583.97,	5.0200
584.59,	5.0100
585.22,	4.9900
585.85,	4.9900
586.48,	4.9800
587.11,	4.9700
587.74,	4.9500
588.36,	4.9400
588.99,	4.9300
589.62,	4.9300
590.25,	4.9300
590.88,	4.9200
591.50,	4.9200
592.13,	4.9000
592.76,	4.8800
593.39,	4.8700
594.02,	4.8500
594.64,	4.8300
595.27,	4.8200
595.90,	4.8200
596.53,	4.8200
597.16,	4.8100
597.78,	4.8100
598.41,	4.8100
599.04,	4.8100
599.67,	4.8100
600.29,	4.8000
600.92,	4.8000
601.55,	4.7900
602.18,	4.7900
602.80,	4.7900
603.43,	4.7800
604.06,	4.7800
604.68,	4.7800
605.31,	4.7800
605.94,	4.7700
606.57,	4.7600
607.19,	4.7600
607.82,	4.7600
608.45,	4.7500
609.07,	4.7500
609.70,	4.7500
610.33,	4.7500
610.95,	4.7500
611.58,	4.7500
612.21,	4.7500
612.83,	4.7500
613.46,	4.7500
614.09,	4.7400
614.71,	4.7400
615.34,	4.7400
615.97,	4.7400
616.59,	4.7300
617.22,	4.7300
617.84,	4.7300
618.47,	4.7300
619.10,	4.7200
619.72,	4.7200
620.35,	4.7200
620.97,	4.7100
621.60,	4.7100
622.23,	4.7100
622.85,	4.7100
623.48,	4.7000
624.10,	4.7000
624.73,	4.7000
625.35,	4.7000
625.98,	4.7100
626.61,	4.7100
627.23,	4.7100
627.86,	4.7200
628.48,	4.7200
629.11,	4.7200
629.73,	4.7200
630.36,	4.7300
630.98,	4.7400
631.61,	4.7400
632.23,	4.7400
632.86,	4.7500
633.48,	4.7500
634.11,	4.7600
634.73,	4.7600
635.36,	4.7600
635.98,	4.7700
636.61,	4.7800
637.23,	4.7800
637.86,	4.7800
638.48,	4.7700
639.11,	4.7800
639.73,	4.7700
640.36,	4.7600
640.98,	4.7600
641.61,	4.7500
642.23,	4.7400
642.85,	4.7400
643.48,	4.7400
644.10,	4.7400
644.73,	4.7400
645.35,	4.7400
645.98,	4.7400
646.60,	4.7300
647.22,	4.7300
647.85,	4.7300
648.47,	4.7200
649.10,	4.7200
649.72,	4.7200
650.34,	4.7100
650.97,	4.7100
651.59,	4.7100
652.22,	4.7000
652.84,	4.6900
653.46,	4.6800
654.09,	4.6700
654.71,	4.6700
655.33,	4.6700
655.96,	4.6700
656.58,	4.6700
657.20,	4.6700
657.83,	4.6600
658.45,	4.6500
659.07,	4.6500
659.70,	4.6500
660.32,	4.6400
660.94,	4.6400
661.57,	4.6400
662.19,	4.6400
662.81,	4.6400
663.43,	4.6400
664.06,	4.6400
664.68,	4.6300
665.30,	4.6300
665.93,	4.6300
666.55,	4.6300
667.17,	4.6300
667.79,	4.6300
668.42,	4.6300
669.04,	4.6200
669.66,	4.6300
670.28,	4.6300
670.91,	4.6300
671.53,	4.6300
672.15,	4.6300
672.77,	4.6300
673.39,	4.6300
674.02,	4.6200
674.64,	4.6200
675.26,	4.6100
675.88,	4.6000
676.50,	4.5800
677.13,	4.5800
677.75,	4.5800
678.37,	4.5600
678.99,	4.5600
679.61,	4.5500
680.24,	4.5500
680.86,	4.5500
681.48,	4.5500
682.10,	4.5400
682.72,	4.5400
683.34,	4.5400
683.96,	4.5400
684.59,	4.5400
685.21,	4.5400
685.83,	4.5300
686.45,	4.5300
687.07,	4.5300
687.69,	4.5200
688.31,	4.5200
688.93,	4.5200
689.56,	4.5100
690.18,	4.5100
690.80,	4.5100
691.42,	4.5000
692.04,	4.5000
692.66,	4.5000
693.28,	4.4900
693.90,	4.4700
694.52,	4.4600
695.14,	4.4500
695.76,	4.4400
696.38,	4.4400
697.00,	4.4400
697.62,	4.4400
698.25,	4.4400
698.87,	4.4400
699.49,	4.4400
700.11,	4.4400
700.73,	4.4400
701.35,	4.4400
701.97,	4.4400
702.59,	4.4400
703.21,	4.4400
703.83,	4.4400
704.45,	4.4400
705.07,	4.4300
705.69,	4.4300
706.31,	4.4300
706.93,	4.4300
707.55,	4.4300
708.17,	4.4300
708.79,	4.4300
709.40,	4.4300
710.02,	4.4300
710.64,	4.4200
711.26,	4.4200
711.88,	4.4200
712.50,	4.4200
713.12,	4.4100
713.74,	4.4000
714.36,	4.3900
714.98,	4.3700
715.60,	4.3700
716.22,	4.3700
716.84,	4.3600
717.45,	4.3600
718.07,	4.3500
718.69,	4.3400
719.31,	4.3400
719.93,	4.3400
720.55,	4.3300
721.17,	4.3200
721.79,	4.3200
722.41,	4.3200
723.02,	4.3200
723.64,	4.3200
724.26,	4.3100
724.88,	4.3100
725.50,	4.3100
726.12,	4.3000
726.73,	4.3100
727.35,	4.3100
727.97,	4.3000
728.59,	4.3000
729.21,	4.2900
729.83,	4.2900
730.44,	4.2900
731.06,	4.2900
731.68,	4.2900
732.30,	4.3000
732.92,	4.3000
733.53,	4.2900
734.15,	4.2900
734.77,	4.2800
735.39,	4.2800
736.00,	4.2700
736.62,	4.2700
737.24,	4.2700
737.86,	4.2600
738.47,	4.2600
739.09,	4.2600
739.71,	4.2600
740.33,	4.2600
740.94,	4.2600
741.56,	4.2500
742.18,	4.2500
742.79,	4.2500
743.41,	4.2500
744.03,	4.2500
744.65,	4.2400
745.26,	4.2400
745.88,	4.2400
746.50,	4.2400
747.11,	4.2300
747.73,	4.2300
748.35,	4.2200
748.96,	4.2200
749.58,	4.2100
750.20,	4.2100
750.81,	4.2100
751.43,	4.2000
752.05,	4.2000
752.66,	4.2000
753.28,	4.1900
753.90,	4.1900
754.51,	4.2000
755.13,	4.2000
755.74,	4.2000
756.36,	4.2000
756.98,	4.2000
757.59,	4.2000
758.21,	4.1900
758.82,	4.2000
759.44,	4.2000
760.06,	4.2000
760.67,	4.2000
761.29,	4.2000
761.90,	4.2000
762.52,	4.2000
763.14,	4.1900
763.75,	4.1900
764.37,	4.1900
764.98,	4.1900
765.60,	4.1900
766.21,	4.1900
766.83,	4.2000
767.44,	4.2000
768.06,	4.2000
768.67,	4.2000
769.29,	4.2000
769.90,	4.2000
770.52,	4.2000
771.14,	4.1900
771.75,	4.1800
772.37,	4.1700
772.98,	4.1700
773.59,	4.1700
774.21,	4.1600
774.82,	4.1600
775.44,	4.1600
776.05,	4.1600
776.67,	4.1500
777.28,	4.1500
777.90,	4.1400
778.51,	4.1400
779.13,	4.1300
779.74,	4.1300
780.36,	4.1300
780.97,	4.1300
781.58,	4.1300
782.20,	4.1200
782.81,	4.1300
783.43,	4.1300
784.04,	4.1200
784.66,	4.1200
785.27,	4.1200
785.88,	4.1200
786.50,	4.1200
787.11,	4.1200
787.73,	4.1200
788.34,	4.1200
788.95,	4.1100
789.57,	4.1100
790.18,	4.1100
790.79,	4.1100
791.41,	4.1100
792.02,	4.1200
792.63,	4.1100
793.25,	4.1100
793.86,	4.1100
794.47,	4.1100
795.09,	4.1100
795.70,	4.1100
796.31,	4.1100
796.93,	4.1100
797.54,	4.1100
798.15,	4.1000
798.77,	4.0900
799.38,	4.0900
799.99,	4.0800
800.61,	4.0800
801.22,	4.0800
801.83,	4.0800
802.44,	4.0800
803.06,	4.0800
803.67,	4.0800
804.28,	4.0800
804.90,	4.0800
805.51,	4.0800
806.12,	4.0800
806.73,	4.0800
807.34,	4.0800
807.96,	4.0800
808.57,	4.0800
809.18,	4.0800
809.79,	4.0800
810.41,	4.0800
811.02,	4.0800
811.63,	4.0800
812.24,	4.0800
812.85,	4.0800
813.47,	4.0800
814.08,	4.0800
814.69,	4.0800
815.30,	4.0700
815.91,	4.0700
816.53,	4.0600
817.14,	4.0600
817.75,	4.0600
818.36,	4.0500
818.97,	4.0500
819.58,	4.0500
820.20,	4.0500
820.81,	4.0500
821.42,	4.0500
822.03,	4.0500
822.64,	4.0500
823.25,	4.0400
823.86,	4.0400
824.47,	4.0300
825.09,	4.0300
825.70,	4.0300
826.31,	4.0300
826.92,	4.0300
827.53,	4.0300
828.14,	4.0200
828.75,	4.0200
829.36,	4.0300
829.97,	4.0200
830.58,	4.0300
831.19,	4.0300
831.80,	4.0200
832.42,	4.0200
833.03,	4.0200
833.64,	4.0200
834.25,	4.0200
834.86,	4.0200
835.47,	4.0200
836.08,	4.0200
836.69,	4.0200
837.30,	4.0200
837.91,	4.0300
838.52,	4.0300
839.13,	3.8400
839.74,	3.6500
840.35,	4.2000
840.96,	4.0900
841.57,	4.0700
842.18,	4.0700
842.79,	4.0600
843.40,	4.0600
844.01,	4.0600
844.62,	4.0600
845.23,	4.0600
845.84,	4.0600
846.45,	4.0500
847.06,	4.0500
847.67,	4.0500
848.27,	4.0500
848.88,	4.0500
849.49,	4.0500
850.10,	4.0500
850.71,	4.0500
851.32,	4.0500
851.93,	4.0500
852.54,	4.0500
853.15,	4.0500
853.76,	4.0500
854.37,	4.0500
854.98,	4.0500
855.58,	4.0500
856.19,	4.0500
856.80,	4.0500
857.41,	4.0500
858.02,	4.0500
858.63,	4.0500
859.24,	4.0500
859.85,	4.0500
860.45,	4.0500
861.06,	4.0500
861.67,	4.0500
862.28,	4.0500
862.89,	4.0500
863.50,	4.0500
864.10,	4.0500
864.71,	4.0500
865.32,	4.0500
865.93,	4.0500
866.54,	4.0500
867.14,	4.0500
867.75,	4.0500
868.36,	4.0500
868.97,	4.0500
869.58,	4.0500
870.18,	4.0500
870.79,	4.0500
871.40,	4.0500
872.01,	4.0500
872.61,	4.0500
873.22,	4.0500
873.83,	4.0500
874.44,	4.0500
875.04,	4.0500
875.65,	4.0500
876.26,	4.0500
876.87,	4.0500
877.47,	4.0500
878.08,	4.0500
878.69,	4.0500
879.29,	4.0500
879.90,	4.0500
880.51,	4.0500
881.12,	4.0500
881.72,	4.0500
882.33,	4.0500
882.94,	4.0500
883.54,	4.0500
884.15,	4.0500
884.76,	4.0500
885.36,	4.0500
885.97,	4.0500
886.58,	4.0600
887.18,	4.0600
887.79,	4.0500
888.40,	4.0600
889.00,	4.0600
889.61,	4.0600
890.22,	4.0600
890.82,	4.0500
891.43,	4.0500
892.03,	4.0500
892.64,	4.0500
893.25,	4.0500
893.85,	4.0500
894.46,	4.0500
895.06,	4.0500
895.67,	4.0500
896.28,	4.0500
896.88,	4.0500
897.49,	4.0500
898.09,	4.0500
898.70,	4.0500
899.30,	4.0500
899.91,	4.0500
900.52,	4.0500
901.12,	4.0600
901.73,	4.0500
902.33,	4.0500
902.94,	4.0600
903.54,	4.0500
904.15,	4.0500
904.75,	4.0600
905.36,	4.0500
905.96,	4.0500
906.57,	4.0500
907.17,	4.0500
907.78,	4.0500
908.38,	4.0500
908.99,	4.0600
909.59,	4.0600
910.20,	4.0600
910.80,	4.0600
911.41,	4.0500
912.01,	4.0500
912.62,	4.0600
913.22,	4.0600
913.83,	4.0600
914.43,	4.0600
915.03,	4.0700
915.64,	4.0700
916.24,	4.0700
916.85,	4.0600
917.45,	4.0600
918.06,	4.0600
918.66,	4.0600
919.26,	4.0600
919.87,	4.0600
920.47,	4.0600
921.08,	4.0500
921.68,	4.0500
922.28,	4.0600
922.89,	4.0600
923.49,	4.0600
924.10,	4.0600
924.70,	4.0600
925.30,	4.0600
925.91,	4.0600
926.51,	4.0600
927.11,	4.0500
927.72,	4.0600
928.32,	4.0600
928.92,	4.0600
929.53,	4.0600
930.13,	4.0600
930.74,	4.0500
931.34,	4.0600
931.94,	4.0600
932.54,	4.0600
933.15,	4.0600
933.75,	4.0600
934.35,	4.0600
934.96,	4.0600
935.56,	4.0600
936.16,	4.0600
936.77,	4.0600
937.37,	4.0600
937.97,	4.0600
938.57,	4.0600
939.18,	4.0600
939.78,	4.0600
940.38,	4.0600
940.98,	4.0600
941.59,	4.0600
942.19,	4.0600
942.79,	4.0600
943.39,	4.0600
944.00,	4.0600
944.60,	4.0600
945.20,	4.0600
945.80,	4.0600
946.40,	4.0600
947.01,	4.0600
947.61,	4.0600
948.21,	4.0600
948.81,	4.0600
949.41,	4.0600
950.02,	4.0600
950.62,	4.0600
951.22,	4.0600
951.82,	4.0600
952.42,	4.0600
953.02,	4.0600
953.63,	4.0600
954.23,	4.0600
954.83,	4.0600
955.43,	4.0600
956.03,	4.0600
956.63,	4.0600
957.24,	4.0500
957.84,	4.0500
958.44,	4.0500
959.04,	4.0600
959.64,	4.0600
960.24,	4.0600
960.84,	4.0600
961.44,	4.0600
962.04,	4.0600
962.64,	4.0600
963.25,	4.0600
963.85,	4.0600
964.45,	4.0600
965.05,	4.0600
965.65,	4.0600
966.25,	4.0600
966.85,	4.0600
967.45,	4.0600
968.05,	4.0600
968.65,	4.0600
969.25,	4.0500
969.85,	4.0600
970.45,	4.0500
971.05,	4.0600
971.65,	4.0600
972.25,	4.0600
972.85,	4.0600
973.45,	4.0600
974.05,	4.0600
974.65,	4.0600
975.25,	4.0600
975.85,	4.0500
976.45,	4.0600
977.05,	4.0600
977.65,	4.0600
978.25,	4.0600
978.85,	4.0600
979.45,	4.0600
980.05,	4.0600
980.65,	4.0600
981.25,	4.0600
981.85,	4.0600
982.45,	4.0600
983.05,	4.0600
983.65,	4.0600
984.25,	4.0600
984.85,	4.0600
985.45,	4.0600
986.04,	4.0600
986.64,	4.0600
987.24,	4.0600
987.84,	4.0600
988.44,	4.0600
989.04,	4.0600
989.64,	4.0600
990.24,	4.0600
990.84,	4.0600
991.44,	4.0600
992.03,	4.0600
992.63,	4.0600
993.23,	4.0700
993.83,	4.0600
994.43,	4.0600
995.03,	4.0600
995.63,	4.0600
996.22,	4.0600
996.82,	4.0600
997.42,	4.0600
998.02,	4.0600
998.62,	4.0600
999.21,	4.0600
999.81,	4.0600
1000.41,	4.0600
