Call Sign = ZSDA,	Ship Name = SA Agulhas,	Lloyds Num = 0
Date = 02/06/2017,	Time = 06:04,	
Latitude = 35 35.73  S,	Longitude = 013 46.97  E
Instr = Sippican Deep Blue,	Card Type = Sippican MK-21,	
Wind Instr = ,	Measur Method = 
Probe Serial Num = -1,	Ship Dir = -1,	Ship Speed = -1.00
Wind Dir = 150,	Wind Speed = 10.90
Dry Bulb Temp = 16.60,	Total Water Depth = -1.00

Full Resolution Values
Depth,	 Temp
0.67,	20.1500
1.34,	20.3600
2.01,	20.4200
2.68,	20.4500
3.34,	20.4600
4.01,	20.4700
4.68,	20.4600
5.35,	20.4700
6.02,	20.4800
6.69,	20.4700
7.36,	20.4700
8.03,	20.4800
8.69,	20.4800
9.36,	20.4700
10.03,	20.4600
10.70,	20.4700
11.37,	20.4800
12.04,	20.4900
12.70,	20.4800
13.37,	20.4800
14.04,	20.4800
14.71,	20.4800
15.38,	20.4700
16.05,	20.4700
16.71,	20.4700
17.38,	20.4700
18.05,	20.4700
18.72,	20.4700
19.38,	20.4800
20.05,	20.4800
20.72,	20.4800
21.39,	20.4900
22.06,	20.4900
22.72,	20.4900
23.39,	20.4900
24.06,	20.4800
24.73,	20.4600
25.39,	20.4600
26.06,	20.4800
26.73,	20.4700
27.40,	20.4800
28.06,	20.4900
28.73,	20.4900
29.40,	20.4900
30.06,	20.4900
30.73,	20.4900
31.40,	20.4900
32.06,	20.4900
32.73,	20.4900
33.40,	20.4800
34.07,	20.4900
34.73,	20.4900
35.40,	20.4900
36.07,	20.4800
36.73,	20.4900
37.40,	20.4800
38.07,	20.4800
38.73,	20.4800
39.40,	20.4700
40.06,	20.4800
40.73,	20.4700
41.40,	20.4400
42.06,	20.4200
42.73,	20.4100
43.40,	20.3800
44.06,	20.3700
44.73,	20.3700
45.39,	20.3400
46.06,	20.3100
46.73,	20.2900
47.39,	20.2800
48.06,	20.2700
48.72,	20.2400
49.39,	20.2400
50.06,	20.2400
50.72,	20.2200
51.39,	20.2200
52.05,	20.2200
52.72,	20.2100
53.38,	20.2100
54.05,	20.2100
54.71,	20.2000
55.38,	20.2100
56.05,	20.2100
56.71,	20.2000
57.38,	20.2000
58.04,	20.2100
58.71,	20.2000
59.37,	20.2000
60.04,	20.2000
60.70,	20.2000
61.37,	20.1900
62.03,	20.1900
62.70,	20.1900
63.36,	20.1900
64.03,	20.1900
64.69,	20.1900
65.36,	20.1800
66.02,	20.1700
66.69,	20.1800
67.35,	20.1700
68.01,	20.1700
68.68,	20.1700
69.34,	20.1700
70.01,	20.1800
70.67,	20.1700
71.34,	20.1600
72.00,	20.1700
72.66,	20.1700
73.33,	20.1500
73.99,	20.1400
74.66,	20.1400
75.32,	20.1400
75.98,	20.1400
76.65,	20.1500
77.31,	20.1400
77.98,	20.1400
78.64,	20.1100
79.30,	20.0900
79.97,	20.0900
80.63,	20.0600
81.30,	19.9400
81.96,	19.8200
82.62,	19.7600
83.29,	19.7300
83.95,	19.7200
84.61,	19.7000
85.28,	19.6800
85.94,	19.6300
86.60,	19.6000
87.27,	19.5600
87.93,	19.5100
88.59,	19.4700
89.26,	19.4300
89.92,	19.4000
90.58,	19.3600
91.24,	19.2900
91.91,	19.2100
92.57,	19.1400
93.23,	19.1000
93.90,	19.0800
94.56,	19.0600
95.22,	19.0500
95.88,	19.0400
96.55,	19.0300
97.21,	19.0200
97.87,	19.0000
98.53,	18.9800
99.20,	18.9500
99.86,	18.9300
100.52,	18.9100
101.18,	18.8900
101.85,	18.8800
102.51,	18.8600
103.17,	18.8500
103.83,	18.8300
104.49,	18.8200
105.16,	18.8100
105.82,	18.8000
106.48,	18.7900
107.14,	18.7900
107.80,	18.7800
108.47,	18.7700
109.13,	18.7700
109.79,	18.7700
110.45,	18.7700
111.11,	18.7800
111.77,	18.7700
112.44,	18.7700
113.10,	18.7500
113.76,	18.7300
114.42,	18.7200
115.08,	18.7100
115.74,	18.7000
116.40,	18.6900
117.06,	18.6900
117.73,	18.6800
118.39,	18.6700
119.05,	18.6600
119.71,	18.6400
120.37,	18.6400
121.03,	18.6300
121.69,	18.6100
122.35,	18.5900
123.01,	18.5900
123.67,	18.5900
124.33,	18.5800
125.00,	18.5600
125.66,	18.5500
126.32,	18.5400
126.98,	18.5300
127.64,	18.5200
128.30,	18.5200
128.96,	18.5200
129.62,	18.5100
130.28,	18.4900
130.94,	18.4600
131.60,	18.4400
132.26,	18.4400
132.92,	18.4100
133.58,	18.4000
134.24,	18.3800
134.90,	18.3700
135.56,	18.3600
136.22,	18.3500
136.88,	18.3400
137.54,	18.3400
138.20,	18.3400
138.86,	18.3300
139.52,	18.3200
140.18,	18.3000
140.84,	18.2700
141.50,	18.2600
142.16,	18.2400
142.82,	18.2200
143.48,	18.2100
144.14,	18.2200
144.79,	18.2100
145.45,	18.2100
146.11,	18.2000
146.77,	18.1900
147.43,	18.1500
148.09,	18.1100
148.75,	18.0700
149.41,	18.0500
150.07,	18.0400
150.73,	18.0100
151.39,	17.9800
152.04,	17.9700
152.70,	17.9500
153.36,	17.9500
154.02,	17.9400
154.68,	17.9300
155.34,	17.9200
156.00,	17.9000
156.65,	17.8800
157.31,	17.8600
157.97,	17.8400
158.63,	17.8400
159.29,	17.8400
159.95,	17.8300
160.60,	17.8100
161.26,	17.8000
161.92,	17.8000
162.58,	17.7900
163.24,	17.7800
163.90,	17.7800
164.55,	17.7800
165.21,	17.7800
165.87,	17.7800
166.53,	17.7900
167.18,	17.7700
167.84,	17.7500
168.50,	17.7400
169.16,	17.7400
169.82,	17.7200
170.47,	17.7200
171.13,	17.7300
171.79,	17.7200
172.44,	17.7000
173.10,	17.6800
173.76,	17.6500
174.42,	17.6300
175.07,	17.6100
175.73,	17.6000
176.39,	17.6000
177.05,	17.5800
177.70,	17.5800
178.36,	17.5700
179.02,	17.5600
179.67,	17.5600
180.33,	17.5500
180.99,	17.5500
181.64,	17.5400
182.30,	17.5400
182.96,	17.5500
183.61,	17.5400
184.27,	17.5200
184.93,	17.5100
185.58,	17.5000
186.24,	17.4900
186.90,	17.4900
187.55,	17.4900
188.21,	17.5000
188.87,	17.5000
189.52,	17.5000
190.18,	17.4900
190.83,	17.4900
191.49,	17.4800
192.15,	17.4800
192.80,	17.4700
193.46,	17.4700
194.11,	17.4700
194.77,	17.4700
195.43,	17.4600
196.08,	17.4600
196.74,	17.4600
197.39,	17.4600
198.05,	17.4600
198.70,	17.4500
199.36,	17.4400
200.02,	17.4400
200.67,	17.4300
201.33,	17.4300
201.98,	17.4300
202.64,	17.4300
203.29,	17.4300
203.95,	17.4200
204.60,	17.4100
205.26,	17.4200
205.91,	17.4200
206.57,	17.4100
207.22,	17.4000
207.88,	17.4000
208.53,	17.4100
209.19,	17.4100
209.84,	17.4100
210.50,	17.4000
211.15,	17.4000
211.81,	17.3900
212.46,	17.4100
213.12,	17.4000
213.77,	17.3900
214.43,	17.3900
215.08,	17.4000
215.74,	17.4000
216.39,	17.4000
217.04,	17.4000
217.70,	17.4000
218.35,	17.3900
219.01,	17.4000
219.66,	17.4000
220.32,	17.4000
220.97,	17.4000
221.62,	17.4000
222.28,	17.4000
222.93,	17.4000
223.59,	17.3900
224.24,	17.3900
224.89,	17.4000
225.55,	17.3900
226.20,	17.3900
226.85,	17.4000
227.51,	17.4000
228.16,	17.3900
228.81,	17.3900
229.47,	17.3900
230.12,	17.3800
230.78,	17.3800
231.43,	17.3800
232.08,	17.3700
232.74,	17.3800
233.39,	17.3800
234.04,	17.3800
234.69,	17.3700
235.35,	17.3700
236.00,	17.3600
236.65,	17.3600
237.31,	17.3700
237.96,	17.3500
238.61,	17.3400
239.27,	17.3500
239.92,	17.3400
240.57,	17.3400
241.22,	17.3400
241.88,	17.3400
242.53,	17.3400
243.18,	17.3300
243.83,	17.3300
244.49,	17.3300
245.14,	17.3300
245.79,	17.3200
246.44,	17.3100
247.10,	17.3200
247.75,	17.3200
248.40,	17.3200
249.05,	17.3200
249.70,	17.3000
250.36,	17.3000
251.01,	17.3000
251.66,	17.3000
252.31,	17.3000
252.96,	17.2900
253.62,	17.2900
254.27,	17.2700
254.92,	17.2600
255.57,	17.2600
256.22,	17.2600
256.88,	17.2500
257.53,	17.2600
258.18,	17.2600
258.83,	17.2500
259.48,	17.2400
260.13,	17.2400
260.78,	17.2400
261.44,	17.2200
262.09,	17.2200
262.74,	17.2100
263.39,	17.2100
264.04,	17.2100
264.69,	17.1900
265.34,	17.1900
265.99,	17.1800
266.64,	17.1700
267.29,	17.1700
267.95,	17.1500
268.60,	17.1400
269.25,	17.1300
269.90,	17.1000
270.55,	17.0900
271.20,	17.0800
271.85,	17.0700
272.50,	17.0400
273.15,	17.0200
273.80,	17.0100
274.45,	17.0100
275.10,	17.0100
275.75,	16.9900
276.40,	16.9800
277.05,	16.9700
277.70,	16.9600
278.35,	16.9600
279.00,	16.9500
279.65,	16.9500
280.30,	16.9500
280.95,	16.9500
281.60,	16.9500
282.25,	16.9400
282.90,	16.9400
283.55,	16.9300
284.20,	16.9200
284.85,	16.9000
285.50,	16.9100
286.15,	16.9000
286.80,	16.8900
287.45,	16.8800
288.10,	16.8600
288.75,	16.8600
289.40,	16.8500
290.05,	16.8400
290.70,	16.8400
291.35,	16.8400
292.00,	16.8400
292.64,	16.8400
293.29,	16.8400
293.94,	16.8400
294.59,	16.8300
295.24,	16.8200
295.89,	16.8200
296.54,	16.8000
297.19,	16.8000
297.84,	16.8000
298.49,	16.7900
299.13,	16.7900
299.78,	16.7700
300.43,	16.7400
301.08,	16.7200
301.73,	16.7000
302.38,	16.6900
303.02,	16.6700
303.67,	16.6700
304.32,	16.6700
304.97,	16.6600
305.62,	16.6600
306.27,	16.6600
306.91,	16.6500
307.56,	16.6300
308.21,	16.6200
308.86,	16.6100
309.51,	16.6100
310.15,	16.6100
310.80,	16.5900
311.45,	16.5800
312.10,	16.5700
312.75,	16.5500
313.39,	16.5500
314.04,	16.5400
314.69,	16.5300
315.34,	16.5200
315.98,	16.5000
316.63,	16.5000
317.28,	16.4800
317.93,	16.4500
318.57,	16.4300
319.22,	16.4000
319.87,	16.3900
320.52,	16.3800
321.16,	16.3700
321.81,	16.3700
322.46,	16.3700
323.10,	16.3600
323.75,	16.3600
324.40,	16.3500
325.04,	16.3400
325.69,	16.3100
326.34,	16.2800
326.99,	16.2600
327.63,	16.2500
328.28,	16.2400
328.93,	16.2200
329.57,	16.2200
330.22,	16.2100
330.86,	16.2000
331.51,	16.2000
332.16,	16.1900
332.80,	16.1900
333.45,	16.1900
334.10,	16.1900
334.74,	16.1900
335.39,	16.1900
336.03,	16.1900
336.68,	16.1700
337.33,	16.1400
337.97,	16.1200
338.62,	16.1000
339.26,	16.0900
339.91,	16.0900
340.56,	16.0900
341.20,	16.0700
341.85,	16.0700
342.49,	16.0600
343.14,	16.0400
343.78,	16.0100
344.43,	16.0100
345.08,	16.0000
345.72,	15.9900
346.37,	15.9800
347.01,	15.9800
347.66,	15.9800
348.30,	15.9900
348.95,	15.9800
349.59,	15.9600
350.24,	15.9500
350.88,	15.9500
351.53,	15.9400
352.17,	15.9300
352.82,	15.9000
353.46,	15.8900
354.11,	15.8600
354.75,	15.8200
355.40,	15.8000
356.04,	15.7600
356.69,	15.7200
357.33,	15.6800
357.98,	15.6200
358.62,	15.5300
359.27,	15.4700
359.91,	15.4500
360.55,	15.4200
361.20,	15.4200
361.84,	15.4200
362.49,	15.4000
363.13,	15.4000
363.78,	15.3700
364.42,	15.3400
365.06,	15.2900
365.71,	15.2700
366.35,	15.2400
367.00,	15.2200
367.64,	15.2100
368.28,	15.2000
368.93,	15.1800
369.57,	15.1600
370.22,	15.1400
370.86,	15.1200
371.50,	15.1200
372.15,	15.1100
372.79,	15.1000
373.43,	15.0800
374.08,	15.0700
374.72,	15.0500
375.36,	15.0300
376.01,	15.0100
376.65,	14.9900
377.29,	14.9800
377.94,	14.9700
378.58,	14.9600
379.22,	14.9400
379.87,	14.9300
380.51,	14.9200
381.15,	14.9200
381.79,	14.9200
382.44,	14.9100
383.08,	14.9000
383.72,	14.8800
384.37,	14.8600
385.01,	14.8500
385.65,	14.8200
386.29,	14.7900
386.94,	14.7600
387.58,	14.7300
388.22,	14.7200
388.86,	14.7300
389.51,	14.7100
390.15,	14.6800
390.79,	14.6500
391.43,	14.6500
392.08,	14.6700
392.72,	14.6700
393.36,	14.6700
394.00,	14.6700
394.64,	14.6700
395.29,	14.6800
395.93,	14.7100
396.57,	14.7300
397.21,	14.7400
397.85,	14.7400
398.50,	14.7100
399.14,	14.6800
399.78,	14.6700
400.42,	14.6700
401.06,	14.6700
401.70,	14.6800
402.34,	14.6700
402.99,	14.6600
403.63,	14.6700
404.27,	14.6800
404.91,	14.6800
405.55,	14.6800
406.19,	14.6800
406.83,	14.6700
407.48,	14.6700
408.12,	14.6700
408.76,	14.6700
409.40,	14.6800
410.04,	14.6700
410.68,	14.6600
411.32,	14.6600
411.96,	14.6400
412.60,	14.6200
413.24,	14.6000
413.88,	14.5900
414.52,	14.5800
415.17,	14.5700
415.81,	14.5600
416.45,	14.5500
417.09,	14.5500
417.73,	14.5300
418.37,	14.5200
419.01,	14.5100
419.65,	14.5100
420.29,	14.5000
420.93,	14.5000
421.57,	14.4900
422.21,	14.4900
422.85,	14.4700
423.49,	14.4500
424.13,	14.4000
424.77,	14.3300
425.41,	14.2900
426.05,	14.2800
426.69,	14.2700
427.33,	14.2600
427.97,	14.2500
428.61,	14.2300
429.25,	14.2100
429.89,	14.2000
430.53,	14.1900
431.17,	14.1800
431.80,	14.1700
432.44,	14.1600
433.08,	14.1400
433.72,	14.1100
434.36,	14.0800
435.00,	14.0700
435.64,	14.0400
436.28,	14.0100
436.92,	13.9900
437.56,	13.9900
438.20,	13.9800
438.84,	13.9700
439.47,	13.9600
440.11,	13.9400
440.75,	13.9300
441.39,	13.9200
442.03,	13.9200
442.67,	13.9000
443.31,	13.8800
443.95,	13.8600
444.58,	13.8500
445.22,	13.8300
445.86,	13.8200
446.50,	13.8100
447.14,	13.8000
447.78,	13.8100
448.41,	13.8200
449.05,	13.8200
449.69,	13.8100
450.33,	13.8000
450.97,	13.7900
451.60,	13.7700
452.24,	13.7600
452.88,	13.7500
453.52,	13.7400
454.16,	13.7400
454.79,	13.7300
455.43,	13.7200
456.07,	13.7000
456.71,	13.7000
457.35,	13.6900
457.98,	13.6900
458.62,	13.6700
459.26,	13.6600
459.90,	13.6400
460.53,	13.6200
461.17,	13.6100
461.81,	13.6200
462.44,	13.6300
463.08,	13.6200
463.72,	13.6100
464.36,	13.5900
464.99,	13.5800
465.63,	13.5600
466.27,	13.5600
466.90,	13.5500
467.54,	13.5300
468.18,	13.5200
468.81,	13.5100
469.45,	13.5100
470.09,	13.5000
470.72,	13.5000
471.36,	13.4800
472.00,	13.4800
472.63,	13.4700
473.27,	13.4600
473.91,	13.4500
474.54,	13.4400
475.18,	13.4300
475.82,	13.4300
476.45,	13.4300
477.09,	13.4200
477.73,	13.4200
478.36,	13.4200
479.00,	13.4200
479.63,	13.4200
480.27,	13.4200
480.91,	13.4100
481.54,	13.4100
482.18,	13.4000
482.81,	13.4000
483.45,	13.4000
484.08,	13.3900
484.72,	13.3800
485.36,	13.3800
485.99,	13.3800
486.63,	13.3700
487.26,	13.3600
487.90,	13.3400
488.53,	13.3300
489.17,	13.3200
489.80,	13.3100
490.44,	13.3100
491.07,	13.3000
491.71,	13.2800
492.34,	13.2800
492.98,	13.2700
493.62,	13.2600
494.25,	13.2600
494.89,	13.2600
495.52,	13.2500
496.15,	13.2400
496.79,	13.2400
497.42,	13.2300
498.06,	13.2300
498.69,	13.2200
499.33,	13.2200
499.96,	13.2000
500.60,	13.2000
501.23,	13.2000
501.87,	13.2000
502.50,	13.1900
503.14,	13.1800
503.77,	13.1700
504.40,	13.1700
505.04,	13.1700
505.67,	13.1600
506.31,	13.1600
506.94,	13.1600
507.57,	13.1600
508.21,	13.1600
508.84,	13.1600
509.48,	13.1500
510.11,	13.1400
510.74,	13.1400
511.38,	13.1300
512.01,	13.1100
512.65,	13.1000
513.28,	13.0800
513.91,	13.0700
514.55,	13.0600
515.18,	13.0400
515.81,	13.0200
516.45,	13.0000
517.08,	12.9800
517.71,	12.9700
518.35,	12.9600
518.98,	12.9500
519.61,	12.9400
520.25,	12.9200
520.88,	12.9000
521.51,	12.8900
522.15,	12.8800
522.78,	12.8800
523.41,	12.8700
524.04,	12.8600
524.68,	12.8500
525.31,	12.8300
525.94,	12.8100
526.58,	12.8000
527.21,	12.7900
527.84,	12.7800
528.47,	12.7600
529.11,	12.7600
529.74,	12.7500
530.37,	12.7500
531.00,	12.7500
531.64,	12.7300
532.27,	12.7300
532.90,	12.7300
533.53,	12.7400
534.17,	12.7300
534.80,	12.7200
535.43,	12.7300
536.06,	12.7200
536.69,	12.7200
537.33,	12.7100
537.96,	12.6800
538.59,	12.6600
539.22,	12.6400
539.85,	12.6200
540.48,	12.5900
541.12,	12.5700
541.75,	12.5600
542.38,	12.5500
543.01,	12.5500
543.64,	12.5300
544.27,	12.5200
544.91,	12.5100
545.54,	12.5100
546.17,	12.5000
546.80,	12.4900
547.43,	12.4900
548.06,	12.4800
548.69,	12.4700
549.32,	12.4700
549.95,	12.4600
550.59,	12.4500
551.22,	12.4600
551.85,	12.4600
552.48,	12.4700
553.11,	12.4700
553.74,	12.4700
554.37,	12.4700
555.00,	12.4700
555.63,	12.4700
556.26,	12.4700
556.89,	12.4700
557.52,	12.4700
558.15,	12.4600
558.78,	12.4600
559.42,	12.4600
560.05,	12.4600
560.68,	12.4600
561.31,	12.4600
561.94,	12.4600
562.57,	12.4500
563.20,	12.4400
563.83,	12.4300
564.46,	12.4200
565.09,	12.4000
565.72,	12.3900
566.35,	12.3800
566.98,	12.3800
567.61,	12.3600
568.24,	12.3400
568.87,	12.3200
569.50,	12.3100
570.12,	12.3100
570.75,	12.3000
571.38,	12.3000
572.01,	12.2900
572.64,	12.2900
573.27,	12.2700
573.90,	12.2600
574.53,	12.2600
575.16,	12.2500
575.79,	12.2300
576.42,	12.2100
577.05,	12.2100
577.68,	12.2200
578.31,	12.2100
578.93,	12.2000
579.56,	12.1900
580.19,	12.1900
580.82,	12.1900
581.45,	12.1800
582.08,	12.1800
582.71,	12.1700
583.34,	12.1400
583.97,	12.1200
584.59,	12.1000
585.22,	12.0800
585.85,	12.0600
586.48,	12.0500
587.11,	12.0400
587.74,	12.0400
588.36,	12.0400
588.99,	12.0400
589.62,	12.0400
590.25,	12.0200
590.88,	12.0100
591.50,	12.0000
592.13,	11.9900
592.76,	11.9800
593.39,	11.9700
594.02,	11.9600
594.64,	11.9400
595.27,	11.9400
595.90,	11.9400
596.53,	11.9300
597.16,	11.9200
597.78,	11.9200
598.41,	11.9100
599.04,	11.9000
599.67,	11.9000
600.29,	11.8900
600.92,	11.8700
601.55,	11.8600
602.18,	11.8500
602.80,	11.8300
603.43,	11.8100
604.06,	11.7900
604.68,	11.7900
605.31,	11.7900
605.94,	11.7800
606.57,	11.7600
607.19,	11.7500
607.82,	11.7500
608.45,	11.7300
609.07,	11.7200
609.70,	11.7200
610.33,	11.7100
610.95,	11.7000
611.58,	11.6900
612.21,	11.6800
612.83,	11.6600
613.46,	11.6300
614.09,	11.6200
614.71,	11.6000
615.34,	11.5900
615.97,	11.5900
616.59,	11.5900
617.22,	11.5800
617.84,	11.5900
618.47,	11.5800
619.10,	11.5700
619.72,	11.5700
620.35,	11.5600
620.97,	11.5300
621.60,	11.5100
622.23,	11.5000
622.85,	11.4900
623.48,	11.4900
624.10,	11.4800
624.73,	11.4800
625.35,	11.4700
625.98,	11.4500
626.61,	11.4400
627.23,	11.4300
627.86,	11.4200
628.48,	11.4100
629.11,	11.4000
629.73,	11.4000
630.36,	11.3900
630.98,	11.3800
631.61,	11.3700
632.23,	11.3700
632.86,	11.3700
633.48,	11.3700
634.11,	11.3600
634.73,	11.3500
635.36,	11.3500
635.98,	11.3400
636.61,	11.3300
637.23,	11.3300
637.86,	11.3200
638.48,	11.3000
639.11,	11.2600
639.73,	11.2200
640.36,	11.2000
640.98,	11.1900
641.61,	11.1900
642.23,	11.1900
642.85,	11.1800
643.48,	11.1800
644.10,	11.1700
644.73,	11.1600
645.35,	11.1500
645.98,	11.1400
646.60,	11.1200
647.22,	11.1000
647.85,	11.0800
648.47,	11.0700
649.10,	11.0600
649.72,	11.0600
650.34,	11.0600
650.97,	11.0500
651.59,	11.0300
652.22,	11.0200
652.84,	11.0100
653.46,	11.0000
654.09,	10.9900
654.71,	10.9800
655.33,	10.9700
655.96,	10.9500
656.58,	10.9500
657.20,	10.9400
657.83,	10.9300
658.45,	10.9300
659.07,	10.9100
659.70,	10.9000
660.32,	10.8900
660.94,	10.8900
661.57,	10.8900
662.19,	10.8800
662.81,	10.8800
663.43,	10.8800
664.06,	10.8700
664.68,	10.8700
665.30,	10.8700
665.93,	10.8600
666.55,	10.8600
667.17,	10.8600
667.79,	10.8500
668.42,	10.8500
669.04,	10.8400
669.66,	10.8300
670.28,	10.8200
670.91,	10.8200
671.53,	10.8200
672.15,	10.8100
672.77,	10.8000
673.39,	10.7900
674.02,	10.7900
674.64,	10.7800
675.26,	10.7800
675.88,	10.7900
676.50,	10.7900
677.13,	10.8100
677.75,	10.8100
678.37,	10.8100
678.99,	10.8000
679.61,	10.7700
680.24,	10.7500
680.86,	10.7300
681.48,	10.7300
682.10,	10.7200
682.72,	10.7200
683.34,	10.7200
683.96,	10.7200
684.59,	10.7100
685.21,	10.7000
685.83,	10.7000
686.45,	10.6900
687.07,	10.6700
687.69,	10.6600
688.31,	10.6500
688.93,	10.6200
689.56,	10.6000
690.18,	10.6000
690.80,	10.6000
691.42,	10.6000
692.04,	10.5900
692.66,	10.5800
693.28,	10.5800
693.90,	10.5800
694.52,	10.5800
695.14,	10.5800
695.76,	10.5800
696.38,	10.5800
697.00,	10.5800
697.62,	10.5800
698.25,	10.5800
698.87,	10.5800
699.49,	10.5800
700.11,	10.5700
700.73,	10.5600
701.35,	10.5600
701.97,	10.5600
702.59,	10.5500
703.21,	10.5300
703.83,	10.5100
704.45,	10.5000
705.07,	10.5000
705.69,	10.4900
706.31,	10.4800
706.93,	10.4800
707.55,	10.4700
708.17,	10.4500
708.79,	10.4400
709.40,	10.4400
710.02,	10.4300
710.64,	10.4200
711.26,	10.4200
711.88,	10.4200
712.50,	10.4100
713.12,	10.4000
713.74,	10.3800
714.36,	10.3800
714.98,	10.3800
715.60,	10.3700
716.22,	10.3600
716.84,	10.3400
717.45,	10.3200
718.07,	10.3100
718.69,	10.3000
719.31,	10.2900
719.93,	10.2700
720.55,	10.2600
721.17,	10.2600
721.79,	10.2500
722.41,	10.2400
723.02,	10.2400
723.64,	10.2300
724.26,	10.2200
724.88,	10.2100
725.50,	10.2100
726.12,	10.1900
726.73,	10.1800
727.35,	10.1700
727.97,	10.1500
728.59,	10.1400
729.21,	10.1300
729.83,	10.1200
730.44,	10.1100
731.06,	10.1000
731.68,	10.1000
732.30,	10.0800
732.92,	10.0800
733.53,	10.0800
734.15,	10.0800
734.77,	10.0800
735.39,	10.0600
736.00,	10.0400
736.62,	10.0200
737.24,	10.0000
737.86,	9.9900
738.47,	9.9900
739.09,	9.9900
739.71,	9.9800
740.33,	9.9700
740.94,	9.9600
741.56,	9.9500
742.18,	9.9400
742.79,	9.9300
743.41,	9.9200
744.03,	9.9000
744.65,	9.9000
745.26,	9.8900
745.88,	9.8900
746.50,	9.8700
747.11,	9.8500
747.73,	9.8300
748.35,	9.8200
748.96,	9.8000
749.58,	9.7900
750.20,	9.7700
750.81,	9.7600
751.43,	9.7400
752.05,	9.7300
752.66,	9.7200
753.28,	9.7000
753.90,	9.6900
754.51,	9.6700
755.13,	9.6600
755.74,	9.6500
756.36,	9.6200
756.98,	9.6100
757.59,	9.6000
758.21,	9.6000
758.82,	9.5900
759.44,	9.5800
760.06,	9.5700
760.67,	9.5500
761.29,	9.5400
761.90,	9.5200
762.52,	9.5000
763.14,	9.4800
763.75,	9.4500
764.37,	9.4400
764.98,	9.4300
765.60,	9.4300
766.21,	9.4200
766.83,	9.4200
767.44,	9.4200
768.06,	9.4100
768.67,	9.4000
769.29,	9.3800
769.90,	9.3700
770.52,	9.3600
771.14,	9.3500
771.75,	9.3500
772.37,	9.3400
772.98,	9.3400
773.59,	9.3200
774.21,	9.3100
774.82,	9.3000
775.44,	9.3100
776.05,	9.3100
776.67,	9.3100
777.28,	9.3100
777.90,	9.3100
778.51,	9.3200
779.13,	9.3200
779.74,	9.3200
780.36,	9.3100
780.97,	9.3100
781.58,	9.3100
782.20,	9.3000
782.81,	9.3000
783.43,	9.2900
784.04,	9.2900
784.66,	9.2900
785.27,	9.2900
785.88,	9.2900
786.50,	9.2800
787.11,	9.2700
787.73,	9.2600
788.34,	9.2400
788.95,	9.2300
789.57,	9.2200
790.18,	9.2100
790.79,	9.2000
791.41,	9.1800
792.02,	9.1800
792.63,	9.1700
793.25,	9.1600
793.86,	9.1500
794.47,	9.1300
795.09,	9.1100
795.70,	9.0900
796.31,	9.0800
796.93,	9.0700
797.54,	9.0600
798.15,	9.0500
798.77,	9.0400
799.38,	9.0300
799.99,	9.0300
800.61,	9.0200
801.22,	9.0100
801.83,	8.9900
802.44,	8.9800
803.06,	8.9700
803.67,	8.9700
804.28,	8.9600
804.90,	8.9500
805.51,	8.9500
806.12,	8.9400
806.73,	8.9300
807.34,	8.9200
807.96,	8.9000
808.57,	8.8900
809.18,	8.8800
809.79,	8.8700
810.41,	8.8500
811.02,	8.8300
811.63,	8.8200
812.24,	8.8100
812.85,	8.8100
813.47,	8.7900
814.08,	8.7400
814.69,	8.6700
815.30,	8.6500
815.91,	8.6300
816.53,	8.6300
817.14,	8.6300
817.75,	8.6200
818.36,	8.6200
818.97,	8.6000
819.58,	8.5600
820.20,	8.5400
820.81,	8.5100
821.42,	8.4800
822.03,	8.4500
822.64,	8.4400
823.25,	8.4300
823.86,	8.4100
824.47,	8.4100
825.09,	8.4100
825.70,	8.4000
826.31,	8.4000
826.92,	8.3900
827.53,	8.3800
828.14,	8.3700
828.75,	8.3600
829.36,	8.3500
829.97,	8.3500
830.58,	8.3400
831.19,	8.3300
831.80,	8.3100
832.42,	8.2700
833.03,	8.2400
833.64,	8.2200
834.25,	8.2100
834.86,	8.2100
835.47,	8.2100
836.08,	8.2100
836.69,	8.2000
837.30,	8.1800
837.91,	8.1500
838.52,	8.1300
839.13,	8.1100
839.74,	8.0900
840.35,	8.0900
840.96,	8.0800
841.57,	8.0700
842.18,	8.0500
842.79,	8.0400
843.40,	8.0300
844.01,	8.0200
844.62,	8.0100
845.23,	7.9900
845.84,	7.9700
846.45,	7.9400
847.06,	7.9100
847.67,	7.8900
848.27,	7.8700
848.88,	7.8400
849.49,	7.8300
850.10,	7.8200
850.71,	7.8100
851.32,	7.8100
851.93,	7.8000
852.54,	7.7900
853.15,	7.7800
853.76,	7.7800
854.37,	7.7700
854.98,	7.7700
855.58,	7.7600
856.19,	7.7400
856.80,	7.7400
857.41,	7.7300
858.02,	7.7200
858.63,	7.7000
859.24,	7.6800
859.85,	7.6600
860.45,	7.6500
861.06,	7.6400
861.67,	7.6200
862.28,	7.5800
862.89,	7.5500
863.50,	7.5200
864.10,	7.5000
864.71,	7.4700
865.32,	7.4400
865.93,	7.4300
866.54,	7.4200
867.14,	7.4000
867.75,	7.3800
868.36,	7.3600
868.97,	7.3500
869.58,	7.3400
870.18,	7.3300
870.79,	7.3200
871.40,	7.3100
872.01,	7.3000
872.61,	7.2900
873.22,	7.2800
873.83,	7.2600
874.44,	7.2500
875.04,	7.2400
875.65,	7.2200
876.26,	7.2100
876.87,	7.2000
877.47,	7.1900
878.08,	7.1700
878.69,	7.1500
879.29,	7.1300
879.90,	7.1200
880.51,	7.1100
881.12,	7.0900
881.72,	7.0700
882.33,	7.0400
882.94,	7.0100
883.54,	7.0000
884.15,	6.9900
884.76,	6.9900
885.36,	6.9800
885.97,	6.9800
886.58,	6.9600
887.18,	6.9400
887.79,	6.9200
888.40,	6.9200
889.00,	6.9100
889.61,	6.8900
890.22,	6.8700
890.82,	6.8600
891.43,	6.8600
892.03,	6.8600
892.64,	6.8500
893.25,	6.8500
893.85,	6.8500
894.46,	6.8400
895.06,	6.8300
895.67,	6.8300
896.28,	6.8300
896.88,	6.8300
897.49,	6.8300
898.09,	6.8200
898.70,	6.8200
899.30,	6.8200
899.91,	6.8000
900.52,	6.7800
901.12,	6.7700
901.73,	6.7600
902.33,	6.7500
902.94,	6.7400
903.54,	6.7400
904.15,	6.7400
904.75,	6.7400
905.36,	6.7400
905.96,	6.7400
906.57,	6.7300
907.17,	6.7300
907.78,	6.7200
908.38,	6.7000
908.99,	6.6900
909.59,	6.6800
910.20,	6.6600
910.80,	6.6400
911.41,	6.6300
912.01,	6.6300
912.62,	6.6200
913.22,	6.6200
913.83,	6.6100
914.43,	6.6000
915.03,	6.5600
915.64,	6.5400
916.24,	6.5300
916.85,	6.5200
917.45,	6.5000
918.06,	6.4800
918.66,	6.4600
919.26,	6.4500
919.87,	6.4300
920.47,	6.4200
921.08,	6.4100
921.68,	6.4000
922.28,	6.4000
922.89,	6.4000
923.49,	6.4000
924.10,	6.3900
924.70,	6.3900
925.30,	6.3800
925.91,	6.3700
926.51,	6.3400
927.11,	6.3200
927.72,	6.2900
928.32,	6.2800
928.92,	6.2600
929.53,	6.2500
930.13,	6.2400
930.74,	6.2100
931.34,	6.1900
931.94,	6.1700
932.54,	6.1400
933.15,	6.1100
933.75,	6.1000
934.35,	6.0900
934.96,	6.0800
935.56,	6.0800
936.16,	6.0700
936.77,	6.0700
937.37,	6.0700
937.97,	6.0600
938.57,	6.0600
939.18,	6.0500
939.78,	6.0500
940.38,	6.0500
940.98,	6.0400
941.59,	6.0400
942.19,	6.0300
942.79,	6.0100
943.39,	6.0000
944.00,	5.9900
944.60,	5.9800
945.20,	5.9800
945.80,	5.9800
946.40,	5.9800
947.01,	5.9800
947.61,	5.9800
948.21,	5.9700
948.81,	5.9700
949.41,	5.9700
950.02,	5.9800
950.62,	5.9700
951.22,	5.9700
951.82,	5.9600
952.42,	5.9600
953.02,	5.9400
953.63,	5.9200
954.23,	5.9100
954.83,	5.9100
955.43,	5.9100
956.03,	5.9000
956.63,	5.8900
957.24,	5.8900
957.84,	5.8800
958.44,	5.8800
959.04,	5.8600
959.64,	5.8500
960.24,	5.8400
960.84,	5.8200
961.44,	5.8200
962.04,	5.8200
962.64,	5.8100
963.25,	5.8100
963.85,	5.8100
964.45,	5.8100
965.05,	5.8000
965.65,	5.8000
966.25,	5.8000
966.85,	5.8300
967.45,	7.8100
968.05,	15.1100
968.65,	20.2700
969.25,	23.2500
969.85,	25.4500
970.45,	27.1000
971.05,	28.4300
971.65,	29.5400
972.25,	30.4500
972.85,	31.1700
973.45,	31.7500
974.05,	32.2500
974.65,	32.7200
975.25,	33.1500
975.85,	33.6500
976.45,	35.5000
977.05,	35.5000
977.65,	35.5000
978.25,	35.5000
978.85,	35.5000
979.45,	35.5000
980.05,	35.5000
980.65,	35.5000
981.25,	35.5000
981.85,	35.5000
982.45,	35.5000
983.05,	35.5000
983.65,	35.5000
984.25,	35.5000
984.85,	35.5000
985.45,	35.5000
986.04,	35.5000
986.64,	35.5000
987.24,	35.5000
987.84,	24.2800
988.44,	-2.5200
989.04,	-2.5200
989.64,	-2.5200
990.24,	-2.5200
990.84,	-2.5200
991.44,	-2.5200
992.03,	-2.5200
992.63,	-2.5200
993.23,	-2.5200
993.83,	-2.5200
994.43,	-2.5200
995.03,	-2.5200
995.63,	-2.5200
996.22,	-2.5200
996.82,	-2.5200
997.42,	-2.5200
998.02,	-2.5200
998.62,	-2.5200
999.21,	-2.5200
999.81,	-2.5200
1000.41,	-2.5200
