Call Sign = ZSDA,	Ship Name = SA Agulhas,	Lloyds Num = 0
Date = 02/05/2017,	Time = 00:31,	
Latitude = 39 15.62  S,	Longitude = 013 08.90  E
Instr = Sippican Deep Blue,	Card Type = Sippican MK-21,	
Wind Instr = ,	Measur Method = 
Probe Serial Num = -1,	Ship Dir = -1,	Ship Speed = -1.00
Wind Dir = 182,	Wind Speed = 33.00
Dry Bulb Temp = 11.70,	Total Water Depth = -1.00

Full Resolution Values
Depth,	 Temp
0.67,	17.3900
1.34,	17.6600
2.01,	17.7300
2.68,	17.7400
3.34,	17.7500
4.01,	17.7500
4.68,	17.7500
5.35,	17.7500
6.02,	17.7500
6.69,	17.7600
7.36,	17.7600
8.03,	17.7600
8.69,	17.7600
9.36,	17.7600
10.03,	17.7600
10.70,	17.7600
11.37,	17.7600
12.04,	17.7600
12.70,	17.7600
13.37,	17.7500
14.04,	17.7500
14.71,	17.7500
15.38,	17.7500
16.05,	17.7600
16.71,	17.7500
17.38,	17.7600
18.05,	17.7600
18.72,	17.7500
19.38,	17.7600
20.05,	17.7600
20.72,	17.7600
21.39,	17.7600
22.06,	17.7600
22.72,	17.7600
23.39,	17.7700
24.06,	17.7600
24.73,	17.7600
25.39,	17.7600
26.06,	17.7700
26.73,	17.7700
27.40,	17.7600
28.06,	17.7600
28.73,	17.7600
29.40,	17.7700
30.06,	17.7600
30.73,	17.7600
31.40,	17.7600
32.06,	17.7600
32.73,	17.7500
33.40,	17.7600
34.07,	17.7600
34.73,	17.7600
35.40,	17.7600
36.07,	17.7600
36.73,	17.7600
37.40,	17.7600
38.07,	17.7600
38.73,	17.7600
39.40,	17.7600
40.06,	17.7600
40.73,	17.7600
41.40,	17.7700
42.06,	17.7700
42.73,	17.7700
43.40,	17.7600
44.06,	17.7600
44.73,	17.7700
45.39,	17.7700
46.06,	17.7700
46.73,	17.7700
47.39,	17.7800
48.06,	17.7800
48.72,	17.7800
49.39,	17.7700
50.06,	17.7600
50.72,	17.7500
51.39,	17.7200
52.05,	17.6300
52.72,	17.5300
53.38,	17.4800
54.05,	17.4600
54.71,	17.4700
55.38,	17.4800
56.05,	17.4800
56.71,	17.4600
57.38,	17.3700
58.04,	17.2600
58.71,	17.1600
59.37,	17.1000
60.04,	17.0400
60.70,	17.0000
61.37,	16.9800
62.03,	16.9500
62.70,	16.9200
63.36,	16.8900
64.03,	16.8000
64.69,	16.6500
65.36,	16.5500
66.02,	16.5100
66.69,	16.4800
67.35,	16.4500
68.01,	16.3800
68.68,	16.2300
69.34,	15.9000
70.01,	15.4900
70.67,	15.2800
71.34,	15.1700
72.00,	15.0900
72.66,	15.0000
73.33,	14.9300
73.99,	14.9000
74.66,	14.9000
75.32,	14.9100
75.98,	14.9000
76.65,	14.8900
77.31,	14.8600
77.98,	14.8300
78.64,	14.7800
79.30,	14.7400
79.97,	14.6800
80.63,	14.6100
81.30,	14.5900
81.96,	14.5800
82.62,	14.5300
83.29,	14.5100
83.95,	14.4700
84.61,	14.4400
85.28,	14.4200
85.94,	14.4200
86.60,	14.3600
87.27,	14.2700
87.93,	14.2100
88.59,	14.1600
89.26,	14.0800
89.92,	14.0400
90.58,	14.0200
91.24,	14.0300
91.91,	14.0500
92.57,	14.0600
93.23,	14.0400
93.90,	14.0200
94.56,	13.9800
95.22,	13.9200
95.88,	13.8800
96.55,	13.8500
97.21,	13.7900
97.87,	13.6900
98.53,	13.6200
99.20,	13.6100
99.86,	13.6000
100.52,	13.6000
101.18,	13.6000
101.85,	13.5900
102.51,	13.5800
103.17,	13.5600
103.83,	13.5400
104.49,	13.4900
105.16,	13.4600
105.82,	13.4400
106.48,	13.4300
107.14,	13.4000
107.80,	13.3300
108.47,	13.2500
109.13,	13.2000
109.79,	13.1800
110.45,	13.1700
111.11,	13.1600
111.77,	13.1300
112.44,	13.1000
113.10,	13.0900
113.76,	13.0700
114.42,	13.0500
115.08,	13.0500
115.74,	13.0400
116.40,	13.0200
117.06,	13.0100
117.73,	13.0000
118.39,	12.9700
119.05,	12.9200
119.71,	12.8900
120.37,	12.9200
121.03,	13.0000
121.69,	13.0400
122.35,	13.0600
123.01,	13.0500
123.67,	13.0500
124.33,	13.0400
125.00,	13.0200
125.66,	12.9900
126.32,	12.9700
126.98,	12.9800
127.64,	13.0000
128.30,	13.0300
128.96,	13.0400
129.62,	13.0400
130.28,	13.0500
130.94,	13.0500
131.60,	13.0600
132.26,	13.0300
132.92,	12.9500
133.58,	12.9100
134.24,	12.9000
134.90,	12.9000
135.56,	12.8500
136.22,	12.7400
136.88,	12.6500
137.54,	12.5800
138.20,	12.5600
138.86,	12.5500
139.52,	12.5500
140.18,	12.5500
140.84,	12.5500
141.50,	12.5600
142.16,	12.5600
142.82,	12.5600
143.48,	12.5600
144.14,	12.5700
144.79,	12.5700
145.45,	12.5700
146.11,	12.5800
146.77,	12.6300
147.43,	12.6900
148.09,	12.7400
148.75,	12.7400
149.41,	12.7300
150.07,	12.7200
150.73,	12.7200
151.39,	12.7300
152.04,	12.7700
152.70,	12.8100
153.36,	12.8300
154.02,	12.8200
154.68,	12.7800
155.34,	12.7400
156.00,	12.7200
156.65,	12.7000
157.31,	12.7000
157.97,	12.7400
158.63,	12.7800
159.29,	12.8400
159.95,	12.9100
160.60,	12.9400
161.26,	12.9500
161.92,	12.9500
162.58,	12.9400
163.24,	12.9100
163.90,	12.8800
164.55,	12.8100
165.21,	12.7700
165.87,	12.7600
166.53,	12.7500
167.18,	12.7500
167.84,	12.7500
168.50,	12.7700
169.16,	12.8000
169.82,	12.8100
170.47,	12.8000
171.13,	12.7900
171.79,	12.7700
172.44,	12.7500
173.10,	12.7200
173.76,	12.6900
174.42,	12.6600
175.07,	12.6300
175.73,	12.6000
176.39,	12.5800
177.05,	12.5800
177.70,	12.5700
178.36,	12.5700
179.02,	12.5700
179.67,	12.5700
180.33,	12.5700
180.99,	12.5700
181.64,	12.5600
182.30,	12.5400
182.96,	12.5200
183.61,	12.4900
184.27,	12.4500
184.93,	12.4300
185.58,	12.4100
186.24,	12.4000
186.90,	12.3900
187.55,	12.3900
188.21,	12.3900
188.87,	12.3800
189.52,	12.3800
190.18,	12.3600
190.83,	12.3500
191.49,	12.3400
192.15,	12.3400
192.80,	12.3400
193.46,	12.3500
194.11,	12.3600
194.77,	12.3600
195.43,	12.3700
196.08,	12.3800
196.74,	12.3800
197.39,	12.3700
198.05,	12.3400
198.70,	12.3200
199.36,	12.3000
200.02,	12.2600
200.67,	12.2400
201.33,	12.2300
201.98,	12.2200
202.64,	12.2100
203.29,	12.2000
203.95,	12.1900
204.60,	12.1800
205.26,	12.1700
205.91,	12.1700
206.57,	12.1600
207.22,	12.1500
207.88,	12.1400
208.53,	12.1300
209.19,	12.1300
209.84,	12.1200
210.50,	12.1100
211.15,	12.1100
211.81,	12.1300
212.46,	12.1600
213.12,	12.1700
213.77,	12.1700
214.43,	12.1700
215.08,	12.1800
215.74,	12.1700
216.39,	12.1600
217.04,	12.1200
217.70,	12.0500
218.35,	11.9800
219.01,	11.9400
219.66,	11.9000
220.32,	11.7900
220.97,	11.7100
221.62,	11.6700
222.28,	11.6500
222.93,	11.6400
223.59,	11.6200
224.24,	11.6000
224.89,	11.6000
225.55,	11.6000
226.20,	11.6000
226.85,	11.5800
227.51,	11.5300
228.16,	11.4900
228.81,	11.4700
229.47,	11.4500
230.12,	11.4300
230.78,	11.4200
231.43,	11.4100
232.08,	11.4100
232.74,	11.4200
233.39,	11.4200
234.04,	11.4200
234.69,	11.4200
235.35,	11.4200
236.00,	11.4200
236.65,	11.4100
237.31,	11.4100
237.96,	11.4100
238.61,	11.4000
239.27,	11.3900
239.92,	11.3700
240.57,	11.3500
241.22,	11.3400
241.88,	11.3500
242.53,	11.3700
243.18,	11.3800
243.83,	11.3800
244.49,	11.3600
245.14,	11.3300
245.79,	11.2700
246.44,	11.2100
247.10,	11.1900
247.75,	11.1700
248.40,	11.1700
249.05,	11.1700
249.70,	11.1700
250.36,	11.1800
251.01,	11.1800
251.66,	11.1700
252.31,	11.1700
252.96,	11.1600
253.62,	11.1600
254.27,	11.1500
254.92,	11.1400
255.57,	11.1300
256.22,	11.1100
256.88,	11.1000
257.53,	11.0800
258.18,	11.0700
258.83,	11.0600
259.48,	11.0600
260.13,	11.0500
260.78,	11.0300
261.44,	11.0200
262.09,	11.0200
262.74,	11.0100
263.39,	11.0100
264.04,	11.0000
264.69,	10.9900
265.34,	10.9900
265.99,	10.9800
266.64,	11.0000
267.29,	11.0200
267.95,	11.0000
268.60,	10.9800
269.25,	10.9600
269.90,	10.9400
270.55,	10.9300
271.20,	10.9300
271.85,	10.9200
272.50,	10.9200
273.15,	10.9000
273.80,	10.8800
274.45,	10.8600
275.10,	10.8500
275.75,	10.8300
276.40,	10.8100
277.05,	10.8100
277.70,	10.8100
278.35,	10.8100
279.00,	10.8100
279.65,	10.8000
280.30,	10.7800
280.95,	10.7600
281.60,	10.7500
282.25,	10.7400
282.90,	10.7300
283.55,	10.7200
284.20,	10.7200
284.85,	10.7200
285.50,	10.7200
286.15,	10.7200
286.80,	10.7100
287.45,	10.7100
288.10,	10.7100
288.75,	10.7000
289.40,	10.7000
290.05,	10.7000
290.70,	10.6700
291.35,	10.6500
292.00,	10.6300
292.64,	10.6300
293.29,	10.6300
293.94,	10.6300
294.59,	10.6200
295.24,	10.6200
295.89,	10.6100
296.54,	10.6000
297.19,	10.6000
297.84,	10.5900
298.49,	10.5900
299.13,	10.6000
299.78,	10.5900
300.43,	10.5800
301.08,	10.5900
301.73,	10.6000
302.38,	10.6000
303.02,	10.5900
303.67,	10.5700
304.32,	10.5700
304.97,	10.5600
305.62,	10.5600
306.27,	10.5600
306.91,	10.5600
307.56,	10.5600
308.21,	10.5600
308.86,	10.5600
309.51,	10.5500
310.15,	10.5300
310.80,	10.5100
311.45,	10.5000
312.10,	10.4900
312.75,	10.4800
313.39,	10.4800
314.04,	10.4700
314.69,	10.4700
315.34,	10.4700
315.98,	10.4500
316.63,	10.4300
317.28,	10.4200
317.93,	10.4200
318.57,	10.4200
319.22,	10.4200
319.87,	10.4300
320.52,	10.4300
321.16,	10.4300
321.81,	10.4400
322.46,	10.4800
323.10,	10.5200
323.75,	10.5600
324.40,	10.5600
325.04,	10.5600
325.69,	10.5600
326.34,	10.5600
326.99,	10.5600
327.63,	10.5500
328.28,	10.5500
328.93,	10.5400
329.57,	10.5400
330.22,	10.5400
330.86,	10.5400
331.51,	10.5300
332.16,	10.5200
332.80,	10.5000
333.45,	10.4900
334.10,	10.4600
334.74,	10.4200
335.39,	10.4100
336.03,	10.4100
336.68,	10.4200
337.33,	10.4300
337.97,	10.4400
338.62,	10.4400
339.26,	10.4300
339.91,	10.4200
340.56,	10.4200
341.20,	10.3900
341.85,	10.3800
342.49,	10.3800
343.14,	10.3700
343.78,	10.3500
344.43,	10.3300
345.08,	10.3200
345.72,	10.3100
346.37,	10.2800
347.01,	10.2400
347.66,	10.2200
348.30,	10.2100
348.95,	10.2000
349.59,	10.1800
350.24,	10.1700
350.88,	10.1500
351.53,	10.1400
352.17,	10.1200
352.82,	10.1100
353.46,	10.1000
354.11,	10.0900
354.75,	10.0700
355.40,	10.0200
356.04,	9.9700
356.69,	9.9400
357.33,	9.9200
357.98,	9.9200
358.62,	9.9200
359.27,	9.9200
359.91,	9.9200
360.55,	9.9200
361.20,	9.9200
361.84,	9.9200
362.49,	9.9100
363.13,	9.9100
363.78,	9.8900
364.42,	9.8700
365.06,	9.8600
365.71,	9.8500
366.35,	9.8500
367.00,	9.8500
367.64,	9.8400
368.28,	9.8400
368.93,	9.8600
369.57,	9.8800
370.22,	9.8900
370.86,	9.8900
371.50,	9.9200
372.15,	9.9500
372.79,	9.9700
373.43,	9.9800
374.08,	10.0000
374.72,	10.0000
375.36,	10.0000
376.01,	9.9900
376.65,	9.9900
377.29,	9.9800
377.94,	9.9800
378.58,	9.9700
379.22,	9.9700
379.87,	9.9700
380.51,	9.9700
381.15,	9.9700
381.79,	9.9700
382.44,	9.9600
383.08,	9.9600
383.72,	9.9500
384.37,	9.9300
385.01,	9.9000
385.65,	9.8700
386.29,	9.8400
386.94,	9.8200
387.58,	9.8100
388.22,	9.8000
388.86,	9.7900
389.51,	9.7900
390.15,	9.7800
390.79,	9.7600
391.43,	9.7300
392.08,	9.7000
392.72,	9.6800
393.36,	9.6800
394.00,	9.6800
394.64,	9.6900
395.29,	9.6800
395.93,	9.6600
396.57,	9.6200
397.21,	9.5900
397.85,	9.5800
398.50,	9.5600
399.14,	9.5400
399.78,	9.5200
400.42,	9.5100
401.06,	9.5100
401.70,	9.5000
402.34,	9.5000
402.99,	9.5000
403.63,	9.5100
404.27,	9.5100
404.91,	9.5000
405.55,	9.4900
406.19,	9.4800
406.83,	9.4800
407.48,	9.4700
408.12,	9.4600
408.76,	9.4500
409.40,	9.4200
410.04,	9.3900
410.68,	9.3700
411.32,	9.3700
411.96,	9.3600
412.60,	9.3500
413.24,	9.3600
413.88,	9.3700
414.52,	9.3700
415.17,	9.3600
415.81,	9.3600
416.45,	9.3500
417.09,	9.3300
417.73,	9.3100
418.37,	9.2900
419.01,	9.2700
419.65,	9.2500
420.29,	9.2300
420.93,	9.2100
421.57,	9.2000
422.21,	9.1900
422.85,	9.1900
423.49,	9.1800
424.13,	9.1800
424.77,	9.1500
425.41,	9.1200
426.05,	9.1000
426.69,	9.1000
427.33,	9.0900
427.97,	9.0900
428.61,	9.0800
429.25,	9.0800
429.89,	9.0800
430.53,	9.0800
431.17,	9.0700
431.80,	9.0700
432.44,	9.0600
433.08,	9.0500
433.72,	9.0300
434.36,	9.0200
435.00,	9.0100
435.64,	9.0100
436.28,	9.0100
436.92,	9.0100
437.56,	9.0000
438.20,	8.9800
438.84,	8.9700
439.47,	8.9600
440.11,	8.9500
440.75,	8.9300
441.39,	8.9100
442.03,	8.8900
442.67,	8.8600
443.31,	8.8300
443.95,	8.8200
444.58,	8.8200
445.22,	8.8200
445.86,	8.8200
446.50,	8.8100
447.14,	8.8000
447.78,	8.8000
448.41,	8.7900
449.05,	8.7900
449.69,	8.7900
450.33,	8.7800
450.97,	8.7800
451.60,	8.7800
452.24,	8.7900
452.88,	8.7900
453.52,	8.7800
454.16,	8.7900
454.79,	8.8200
455.43,	8.8700
456.07,	8.9000
456.71,	8.9100
457.35,	8.9100
457.98,	8.9000
458.62,	8.8800
459.26,	8.8100
459.90,	8.7700
460.53,	8.7500
461.17,	8.7200
461.81,	8.7000
462.44,	8.6900
463.08,	8.6900
463.72,	8.6900
464.36,	8.6800
464.99,	8.6500
465.63,	8.6200
466.27,	8.6100
466.90,	8.6400
467.54,	8.6700
468.18,	8.7000
468.81,	8.7100
469.45,	8.7200
470.09,	8.7500
470.72,	8.7600
471.36,	8.7500
472.00,	8.7400
472.63,	8.7300
473.27,	8.7300
473.91,	8.7200
474.54,	8.7100
475.18,	8.7100
475.82,	8.7000
476.45,	8.7000
477.09,	8.7000
477.73,	8.7000
478.36,	8.6900
479.00,	8.6800
479.63,	8.6700
480.27,	8.6600
480.91,	8.6300
481.54,	8.6100
482.18,	8.6000
482.81,	8.6000
483.45,	8.5900
484.08,	8.5900
484.72,	8.5800
485.36,	8.5800
485.99,	8.5700
486.63,	8.5600
487.26,	8.5500
487.90,	8.5400
488.53,	8.5300
489.17,	8.5300
489.80,	8.5200
490.44,	8.4900
491.07,	8.4800
491.71,	8.4700
492.34,	8.4600
492.98,	8.4600
493.62,	8.4600
494.25,	8.4600
494.89,	8.4600
495.52,	8.4500
496.15,	8.4400
496.79,	8.4300
497.42,	8.4100
498.06,	8.4000
498.69,	8.3900
499.33,	8.3900
499.96,	8.3900
500.60,	8.3800
501.23,	8.3700
501.87,	8.3600
502.50,	8.3600
503.14,	8.3500
503.77,	8.3500
504.40,	8.3400
505.04,	8.3400
505.67,	8.3300
506.31,	8.3100
506.94,	8.2900
507.57,	8.2800
508.21,	8.2700
508.84,	8.2600
509.48,	8.2600
510.11,	8.2600
510.74,	8.2700
511.38,	8.2700
512.01,	8.2600
512.65,	8.2500
513.28,	8.2300
513.91,	8.2100
514.55,	8.1900
515.18,	8.1800
515.81,	8.1600
516.45,	8.1400
517.08,	8.1300
517.71,	8.1200
518.35,	8.1200
518.98,	8.1000
519.61,	8.0900
520.25,	8.0800
520.88,	8.0600
521.51,	8.0500
522.15,	8.0400
522.78,	8.0300
523.41,	8.0100
524.04,	8.0000
524.68,	7.9600
525.31,	7.9200
525.94,	7.9000
526.58,	7.9000
527.21,	7.8900
527.84,	7.8800
528.47,	7.8800
529.11,	7.8800
529.74,	7.8700
530.37,	7.8600
531.00,	7.8500
531.64,	7.8500
532.27,	7.8400
532.90,	7.8200
533.53,	7.8100
534.17,	7.8100
534.80,	7.8000
535.43,	7.7800
536.06,	7.7700
536.69,	7.7600
537.33,	7.7500
537.96,	7.7400
538.59,	7.7300
539.22,	7.7200
539.85,	7.7100
540.48,	7.7100
541.12,	7.6900
541.75,	7.6800
542.38,	7.6700
543.01,	7.6600
543.64,	7.6500
544.27,	7.6300
544.91,	7.6200
545.54,	7.6000
546.17,	7.5800
546.80,	7.5500
547.43,	7.5400
548.06,	7.5000
548.69,	7.4600
549.32,	7.4400
549.95,	7.4200
550.59,	7.4100
551.22,	7.4100
551.85,	7.4000
552.48,	7.4000
553.11,	7.3900
553.74,	7.3900
554.37,	7.3800
555.00,	7.3800
555.63,	7.3800
556.26,	7.3700
556.89,	7.3700
557.52,	7.3600
558.15,	7.3500
558.78,	7.3400
559.42,	7.3400
560.05,	7.3300
560.68,	7.3300
561.31,	7.3200
561.94,	7.3100
562.57,	7.3100
563.20,	7.3000
563.83,	7.3100
564.46,	7.3000
565.09,	7.3000
565.72,	7.3000
566.35,	7.2900
566.98,	7.2800
567.61,	7.2500
568.24,	7.2300
568.87,	7.2300
569.50,	7.2200
570.12,	7.2100
570.75,	7.2100
571.38,	7.1900
572.01,	7.1800
572.64,	7.1700
573.27,	7.1600
573.90,	7.1600
574.53,	7.1500
575.16,	7.1500
575.79,	7.1300
576.42,	7.1200
577.05,	7.1100
577.68,	7.1000
578.31,	7.0900
578.93,	7.0800
579.56,	7.0800
580.19,	7.0800
580.82,	7.0700
581.45,	7.0600
582.08,	7.0500
582.71,	7.0400
583.34,	7.0300
583.97,	7.0100
584.59,	6.9900
585.22,	6.9800
585.85,	6.9500
586.48,	6.9400
587.11,	6.9300
587.74,	6.9200
588.36,	6.9100
588.99,	6.9100
589.62,	6.9000
590.25,	6.9000
590.88,	6.9000
591.50,	6.9000
592.13,	6.9000
592.76,	6.8900
593.39,	6.8900
594.02,	6.8800
594.64,	6.8800
595.27,	6.8800
595.90,	6.8800
596.53,	6.8800
597.16,	6.8800
597.78,	6.8800
598.41,	6.8800
599.04,	6.8800
599.67,	6.8700
600.29,	6.8600
600.92,	6.8400
601.55,	6.8200
602.18,	6.8100
602.80,	6.8100
603.43,	6.8000
604.06,	6.7900
604.68,	6.7900
605.31,	6.7800
605.94,	6.7800
606.57,	6.7800
607.19,	6.7800
607.82,	6.7700
608.45,	6.7500
609.07,	6.7300
609.70,	6.7000
610.33,	6.6700
610.95,	6.6700
611.58,	6.6700
612.21,	6.6700
612.83,	6.6700
613.46,	6.6600
614.09,	6.6500
614.71,	6.6400
615.34,	6.6300
615.97,	6.6000
616.59,	6.5800
617.22,	6.5700
617.84,	6.5600
618.47,	6.5700
619.10,	6.5700
619.72,	6.5800
620.35,	6.5700
620.97,	6.5700
621.60,	6.5800
622.23,	6.5800
622.85,	6.5800
623.48,	6.5600
624.10,	6.5500
624.73,	6.5300
625.35,	6.5100
625.98,	6.4900
626.61,	6.4700
627.23,	6.4500
627.86,	6.4300
628.48,	6.4100
629.11,	6.4100
629.73,	6.4000
630.36,	6.4000
630.98,	6.4000
631.61,	6.3900
632.23,	6.3900
632.86,	6.3900
633.48,	6.3900
634.11,	6.3900
634.73,	6.3900
635.36,	6.3900
635.98,	6.3800
636.61,	6.3800
637.23,	6.3800
637.86,	6.3700
638.48,	6.3700
639.11,	6.3600
639.73,	6.3500
640.36,	6.3300
640.98,	6.3200
641.61,	6.3100
642.23,	6.3000
642.85,	6.2900
643.48,	6.2800
644.10,	6.2800
644.73,	6.2700
645.35,	6.2700
645.98,	6.2600
646.60,	6.2500
647.22,	6.2400
647.85,	6.2300
648.47,	6.2200
649.10,	6.2000
649.72,	6.1900
650.34,	6.1800
650.97,	6.1600
651.59,	6.1400
652.22,	6.1300
652.84,	6.1200
653.46,	6.1200
654.09,	6.1000
654.71,	6.0900
655.33,	6.0700
655.96,	6.0400
656.58,	6.0100
657.20,	5.9900
657.83,	5.9800
658.45,	5.9600
659.07,	5.9500
659.70,	5.9400
660.32,	5.9400
660.94,	5.9500
661.57,	5.9500
662.19,	5.9400
662.81,	5.9400
663.43,	5.9400
664.06,	5.9400
664.68,	5.9400
665.30,	5.9300
665.93,	5.9300
666.55,	5.9200
667.17,	5.9200
667.79,	5.9100
668.42,	5.9100
669.04,	5.9100
669.66,	5.8800
670.28,	5.8600
670.91,	5.8500
671.53,	5.8400
672.15,	5.8300
672.77,	5.8100
673.39,	5.7800
674.02,	5.7200
674.64,	5.6900
675.26,	5.6700
675.88,	5.6400
676.50,	5.6200
677.13,	5.6000
677.75,	5.5800
678.37,	5.5700
678.99,	5.5600
679.61,	5.5500
680.24,	5.5500
680.86,	5.5500
681.48,	5.5400
682.10,	5.5500
682.72,	5.5400
683.34,	5.5200
683.96,	5.4900
684.59,	5.4600
685.21,	5.4400
685.83,	5.4400
686.45,	5.4400
687.07,	5.4500
687.69,	5.4600
688.31,	5.4900
688.93,	5.5100
689.56,	5.5100
690.18,	5.5000
690.80,	5.4800
691.42,	5.4700
692.04,	5.4700
692.66,	5.4800
693.28,	5.4800
693.90,	5.4800
694.52,	5.4800
695.14,	5.4700
695.76,	5.4600
696.38,	5.4600
697.00,	5.4600
697.62,	5.4600
698.25,	5.4600
698.87,	5.4600
699.49,	5.4700
700.11,	5.4700
700.73,	5.4700
701.35,	5.4600
701.97,	5.4600
702.59,	5.4500
703.21,	5.4400
703.83,	5.4400
704.45,	5.4300
705.07,	5.4300
705.69,	5.4300
706.31,	5.4200
706.93,	5.4100
707.55,	5.4100
708.17,	5.4000
708.79,	5.3900
709.40,	5.3800
710.02,	5.3700
710.64,	5.3600
711.26,	5.3400
711.88,	5.3300
712.50,	5.3200
713.12,	5.3100
713.74,	5.3000
714.36,	5.2800
714.98,	5.2800
715.60,	5.2700
716.22,	5.2500
716.84,	5.2100
717.45,	5.1900
718.07,	5.1800
718.69,	5.1700
719.31,	5.1700
719.93,	5.1600
720.55,	5.1600
721.17,	5.1500
721.79,	5.1400
722.41,	5.1300
723.02,	5.1200
723.64,	5.1100
724.26,	5.1100
724.88,	5.1100
725.50,	5.1000
726.12,	5.1000
726.73,	5.0900
727.35,	5.0800
727.97,	5.0800
728.59,	5.0900
729.21,	5.0900
729.83,	5.1100
730.44,	5.1300
731.06,	5.1300
731.68,	5.1300
732.30,	5.1300
732.92,	5.1400
733.53,	5.1500
734.15,	5.1500
734.77,	5.1500
735.39,	5.1500
736.00,	5.1400
736.62,	5.1300
737.24,	5.1200
737.86,	5.1200
738.47,	5.1000
739.09,	5.1000
739.71,	5.1000
740.33,	5.1000
740.94,	5.0900
741.56,	5.0800
742.18,	5.0800
742.79,	5.0700
743.41,	5.0500
744.03,	5.0600
744.65,	5.0600
745.26,	5.0700
745.88,	5.0700
746.50,	5.0600
747.11,	5.0400
747.73,	5.0400
748.35,	5.0400
748.96,	5.0400
749.58,	5.0400
750.20,	5.0400
750.81,	5.0300
751.43,	5.0400
752.05,	5.0400
752.66,	5.0400
753.28,	5.0400
753.90,	5.0300
754.51,	5.0200
755.13,	5.0200
755.74,	5.0200
756.36,	5.0100
756.98,	5.0000
757.59,	5.0000
758.21,	4.9900
758.82,	4.9900
759.44,	5.0000
760.06,	5.0000
760.67,	5.0000
761.29,	5.0000
761.90,	5.0000
762.52,	5.0000
763.14,	5.0000
763.75,	5.0000
764.37,	4.9900
764.98,	4.9800
765.60,	4.9600
766.21,	4.9400
766.83,	4.9100
767.44,	4.8800
768.06,	4.8500
768.67,	4.8200
769.29,	4.7900
769.90,	4.7600
770.52,	4.7200
771.14,	4.7000
771.75,	4.6900
772.37,	4.6800
772.98,	4.6700
773.59,	4.6700
774.21,	4.6700
774.82,	4.6800
775.44,	4.6900
776.05,	4.6900
776.67,	4.6900
777.28,	4.6800
777.90,	4.6800
778.51,	4.6800
779.13,	4.6900
779.74,	4.6900
780.36,	4.6900
780.97,	4.6900
781.58,	4.7000
782.20,	4.6900
782.81,	4.6900
783.43,	4.6900
784.04,	4.6800
784.66,	4.6600
785.27,	4.6600
785.88,	4.6600
786.50,	4.6500
787.11,	4.6300
787.73,	4.6200
788.34,	4.6200
788.95,	4.6100
789.57,	4.6100
790.18,	4.6000
790.79,	4.5800
791.41,	4.5700
792.02,	4.5600
792.63,	4.5600
793.25,	4.5600
793.86,	4.5600
794.47,	4.5600
795.09,	4.5500
795.70,	4.5500
796.31,	4.5400
796.93,	4.5400
797.54,	4.5400
798.15,	4.5400
798.77,	4.5400
799.38,	4.5400
799.99,	4.5300
800.61,	4.5200
801.22,	4.5000
801.83,	4.4900
802.44,	4.4800
803.06,	4.4800
803.67,	4.4800
804.28,	4.4800
804.90,	4.4800
805.51,	4.4700
806.12,	4.4700
806.73,	4.4700
807.34,	4.4800
807.96,	4.4900
808.57,	4.4900
809.18,	4.4800
809.79,	4.4700
810.41,	4.4600
811.02,	4.4400
811.63,	4.4400
812.24,	4.4400
812.85,	4.4400
813.47,	4.4400
814.08,	4.4400
814.69,	4.4400
815.30,	4.4400
815.91,	4.4600
816.53,	4.4900
817.14,	4.5000
817.75,	4.5000
818.36,	4.5000
818.97,	4.4900
819.58,	4.4900
820.20,	4.4900
820.81,	4.4900
821.42,	4.4900
822.03,	4.4900
822.64,	4.4800
823.25,	4.4800
823.86,	4.4800
824.47,	4.4800
825.09,	4.4800
825.70,	4.4700
826.31,	4.4700
826.92,	4.4600
827.53,	4.4700
828.14,	4.4600
828.75,	4.4600
829.36,	4.4600
829.97,	4.4500
830.58,	4.4300
831.19,	4.4200
831.80,	4.4200
832.42,	4.4200
833.03,	4.4200
833.64,	4.4200
834.25,	4.4200
834.86,	4.4200
835.47,	4.4200
836.08,	4.4100
836.69,	4.4100
837.30,	4.4100
837.91,	4.4000
838.52,	4.4000
839.13,	4.4100
839.74,	4.4100
840.35,	4.4100
840.96,	4.4200
841.57,	4.4200
842.18,	4.4100
842.79,	4.4100
843.40,	4.4200
844.01,	4.4200
844.62,	4.4100
845.23,	4.4000
845.84,	4.3900
846.45,	4.3900
847.06,	4.3800
847.67,	4.3800
848.27,	4.3800
848.88,	4.3800
849.49,	4.3800
850.10,	4.3700
850.71,	4.3600
851.32,	4.3500
851.93,	4.3500
852.54,	4.3500
853.15,	4.3500
853.76,	4.3500
854.37,	4.3500
854.98,	4.3400
855.58,	4.3400
856.19,	4.3400
856.80,	4.3300
857.41,	4.3300
858.02,	4.3200
858.63,	4.3100
859.24,	4.3100
859.85,	4.3000
860.45,	4.3000
861.06,	4.3000
861.67,	4.3000
862.28,	4.2900
862.89,	4.2900
863.50,	4.2800
864.10,	4.2700
864.71,	4.2700
865.32,	4.2700
865.93,	4.2600
866.54,	4.2600
867.14,	4.2600
867.75,	4.2700
868.36,	4.2700
868.97,	4.2600
869.58,	4.2500
870.18,	4.2400
870.79,	4.2500
871.40,	4.2600
872.01,	4.2500
872.61,	4.2500
873.22,	4.2500
873.83,	4.2400
874.44,	4.2300
875.04,	4.2200
875.65,	4.2100
876.26,	4.2000
876.87,	4.2000
877.47,	4.1900
878.08,	4.1900
878.69,	4.1900
879.29,	4.1900
879.90,	4.1900
880.51,	4.1900
881.12,	4.1800
881.72,	4.1700
882.33,	4.1700
882.94,	4.1700
883.54,	4.1700
884.15,	4.1700
884.76,	4.1700
885.36,	4.1700
885.97,	4.1700
886.58,	4.1800
887.18,	4.1800
887.79,	4.1800
888.40,	4.1900
889.00,	4.2000
889.61,	4.2100
890.22,	4.2200
890.82,	4.2300
891.43,	4.2300
892.03,	4.2400
892.64,	4.2200
893.25,	4.2000
893.85,	4.1900
894.46,	4.1800
895.06,	4.1800
895.67,	4.1700
896.28,	4.1700
896.88,	4.1600
897.49,	4.1500
898.09,	4.1500
898.70,	4.1500
899.30,	4.1500
899.91,	4.1400
900.52,	4.1400
901.12,	4.1400
901.73,	4.1400
902.33,	4.1300
902.94,	4.1200
903.54,	4.1200
904.15,	4.1200
904.75,	4.1200
905.36,	4.1200
905.96,	4.1200
906.57,	4.1200
907.17,	4.1200
907.78,	4.1100
908.38,	4.1100
908.99,	4.1100
909.59,	4.1100
910.20,	4.1200
910.80,	4.1300
911.41,	4.1400
912.01,	4.1600
912.62,	4.1700
913.22,	4.3000
913.83,	5.4900
914.43,	8.8000
915.03,	12.5500
915.64,	14.5300
916.24,	15.5100
916.85,	16.1900
917.45,	16.7300
918.06,	17.2000
918.66,	17.6100
919.26,	17.9800
919.87,	18.3000
920.47,	18.5900
921.08,	19.0900
921.68,	31.4600
922.28,	35.5000
922.89,	35.5000
923.49,	35.5000
924.10,	35.5000
924.70,	35.5000
925.30,	35.5000
925.91,	35.5000
926.51,	35.5000
927.11,	35.5000
927.72,	35.5000
928.32,	35.5000
928.92,	35.5000
929.53,	35.5000
930.13,	35.5000
930.74,	35.5000
931.34,	35.5000
931.94,	35.5000
932.54,	35.5000
933.15,	35.5000
933.75,	35.5000
934.35,	35.5000
934.96,	35.5000
935.56,	35.5000
936.16,	35.5000
936.77,	35.5000
937.37,	35.5000
937.97,	35.5000
938.57,	35.5000
939.18,	35.5000
939.78,	35.5000
940.38,	35.5000
940.98,	35.5000
941.59,	35.5000
942.19,	35.5000
942.79,	35.5000
943.39,	35.5000
944.00,	35.5000
944.60,	35.5000
945.20,	35.5000
945.80,	35.5000
946.40,	35.5000
947.01,	35.5000
947.61,	35.5000
948.21,	35.5000
948.81,	35.5000
949.41,	35.5000
950.02,	35.5000
950.62,	35.5000
951.22,	35.5000
951.82,	35.5000
952.42,	35.5000
953.02,	35.5000
953.63,	35.5000
954.23,	35.5000
954.83,	35.5000
955.43,	35.5000
956.03,	35.5000
956.63,	35.5000
957.24,	35.5000
957.84,	35.5000
958.44,	35.5000
959.04,	35.5000
959.64,	35.5000
960.24,	35.5000
960.84,	35.5000
961.44,	35.5000
962.04,	35.5000
962.64,	35.5000
963.25,	35.5000
963.85,	35.5000
964.45,	35.5000
965.05,	35.5000
965.65,	35.5000
966.25,	35.5000
966.85,	35.5000
967.45,	35.5000
968.05,	35.5000
968.65,	35.5000
969.25,	35.5000
969.85,	35.5000
970.45,	-2.5200
971.05,	-2.5200
971.65,	-2.5200
972.25,	-2.5200
972.85,	-2.5200
973.45,	-2.5200
974.05,	-2.5200
974.65,	-2.5200
975.25,	-2.5200
975.85,	-2.5200
976.45,	-2.5200
977.05,	-2.5200
977.65,	-2.5200
978.25,	-2.5200
978.85,	-2.5200
979.45,	-2.5200
980.05,	-2.5200
980.65,	-2.5200
981.25,	-2.5200
981.85,	-2.5200
982.45,	-2.5200
983.05,	-2.5200
983.65,	-2.5200
984.25,	-2.5200
984.85,	-2.5200
985.45,	-2.5200
986.04,	-2.5200
986.64,	-2.5200
987.24,	-2.5200
987.84,	-2.5200
988.44,	-2.5200
989.04,	-2.5200
989.64,	-2.5200
990.24,	-2.5200
990.84,	-2.5200
991.44,	-2.5200
992.03,	-2.5200
992.63,	-2.5200
993.23,	-2.5200
993.83,	-2.5200
994.43,	-2.5200
995.03,	-2.5200
995.63,	-2.5200
996.22,	-2.5200
996.82,	-2.5200
997.42,	-2.5200
998.02,	-2.5200
998.62,	-2.5200
999.21,	-2.5200
999.81,	-2.5200
1000.41,	-2.5200
