Call Sign = ZSDA,	Ship Name = SA Agulhas,	Lloyds Num = 0
Date = 02/04/2017,	Time = 20:36,	
Latitude = 39 47.71  S,	Longitude = 014 19.36  E
Instr = Sippican Deep Blue,	Card Type = Sippican MK-21,	
Wind Instr = ,	Measur Method = 
Probe Serial Num = -1,	Ship Dir = -1,	Ship Speed = -1.00
Wind Dir = 187,	Wind Speed = 30.50
Dry Bulb Temp = 10.90,	Total Water Depth = -1.00

Full Resolution Values
Depth,	 Temp
0.67,	14.9700
1.34,	15.2300
2.01,	15.2800
2.68,	15.2900
3.34,	15.2900
4.01,	15.2900
4.68,	15.2900
5.35,	15.3000
6.02,	15.3000
6.69,	15.2900
7.36,	15.2900
8.03,	15.3000
8.69,	15.3000
9.36,	15.2900
10.03,	15.3000
10.70,	15.3000
11.37,	15.3000
12.04,	15.3000
12.70,	15.3000
13.37,	15.3000
14.04,	15.3000
14.71,	15.3000
15.38,	15.3000
16.05,	15.3000
16.71,	15.3000
17.38,	15.3000
18.05,	15.3000
18.72,	15.3000
19.38,	15.3000
20.05,	15.3000
20.72,	15.2900
21.39,	15.3000
22.06,	15.3100
22.72,	15.3000
23.39,	15.2900
24.06,	15.2900
24.73,	15.3000
25.39,	15.3000
26.06,	15.3000
26.73,	15.3000
27.40,	15.3000
28.06,	15.2900
28.73,	15.3000
29.40,	15.3100
30.06,	15.3000
30.73,	15.2900
31.40,	15.3000
32.06,	15.3100
32.73,	15.3100
33.40,	15.3100
34.07,	15.3100
34.73,	15.3000
35.40,	15.3000
36.07,	15.3000
36.73,	15.2900
37.40,	15.2900
38.07,	15.2900
38.73,	15.2900
39.40,	15.2800
40.06,	15.2800
40.73,	15.2800
41.40,	15.2800
42.06,	15.2800
42.73,	15.2800
43.40,	15.2800
44.06,	15.2800
44.73,	15.2800
45.39,	15.2900
46.06,	15.2900
46.73,	15.3000
47.39,	15.3100
48.06,	15.3600
48.72,	15.4000
49.39,	15.4100
50.06,	15.4300
50.72,	15.5000
51.39,	15.5400
52.05,	15.5400
52.72,	15.5200
53.38,	15.5000
54.05,	15.4600
54.71,	15.3800
55.38,	15.2800
56.05,	15.2000
56.71,	15.1300
57.38,	15.0400
58.04,	14.9100
58.71,	14.8000
59.37,	14.7600
60.04,	14.7500
60.70,	14.7500
61.37,	14.7600
62.03,	14.7600
62.70,	14.7600
63.36,	14.7500
64.03,	14.7400
64.69,	14.7100
65.36,	14.6700
66.02,	14.6300
66.69,	14.6100
67.35,	14.5900
68.01,	14.5700
68.68,	14.5500
69.34,	14.5300
70.01,	14.5100
70.67,	14.4900
71.34,	14.4800
72.00,	14.4600
72.66,	14.4500
73.33,	14.4400
73.99,	14.4400
74.66,	14.4300
75.32,	14.4200
75.98,	14.4000
76.65,	14.4000
77.31,	14.3800
77.98,	14.3700
78.64,	14.3500
79.30,	14.3100
79.97,	14.2500
80.63,	14.1800
81.30,	14.1400
81.96,	14.1200
82.62,	14.1000
83.29,	14.0400
83.95,	13.9500
84.61,	13.8400
85.28,	13.7600
85.94,	13.7100
86.60,	13.6800
87.27,	13.6700
87.93,	13.6700
88.59,	13.6900
89.26,	13.6900
89.92,	13.6900
90.58,	13.7000
91.24,	13.7000
91.91,	13.7000
92.57,	13.7000
93.23,	13.6900
93.90,	13.6700
94.56,	13.6600
95.22,	13.6400
95.88,	13.5900
96.55,	13.5200
97.21,	13.4700
97.87,	13.4300
98.53,	13.4100
99.20,	13.4100
99.86,	13.3900
100.52,	13.3800
101.18,	13.3700
101.85,	13.3500
102.51,	13.3400
103.17,	13.3300
103.83,	13.3300
104.49,	13.3200
105.16,	13.2900
105.82,	13.2700
106.48,	13.2500
107.14,	13.2400
107.80,	13.2400
108.47,	13.2400
109.13,	13.2400
109.79,	13.2300
110.45,	13.2000
111.11,	13.1800
111.77,	13.1400
112.44,	13.1000
113.10,	13.0900
113.76,	13.0900
114.42,	13.0800
115.08,	13.0800
115.74,	13.0700
116.40,	13.0500
117.06,	13.0400
117.73,	13.0300
118.39,	13.0100
119.05,	13.0000
119.71,	12.9900
120.37,	12.9900
121.03,	12.9800
121.69,	12.9700
122.35,	12.9600
123.01,	12.9600
123.67,	12.9400
124.33,	12.9300
125.00,	12.9200
125.66,	12.9100
126.32,	12.8700
126.98,	12.8500
127.64,	12.8300
128.30,	12.8100
128.96,	12.7900
129.62,	12.7700
130.28,	12.7400
130.94,	12.7100
131.60,	12.6900
132.26,	12.6700
132.92,	12.6600
133.58,	12.6500
134.24,	12.6500
134.90,	12.6500
135.56,	12.6400
136.22,	12.6500
136.88,	12.6500
137.54,	12.6500
138.20,	12.6700
138.86,	12.6800
139.52,	12.6800
140.18,	12.6800
140.84,	12.6900
141.50,	12.6900
142.16,	12.7000
142.82,	12.7000
143.48,	12.7000
144.14,	12.7000
144.79,	12.7100
145.45,	12.6800
146.11,	12.6700
146.77,	12.6600
147.43,	12.6600
148.09,	12.6800
148.75,	12.7200
149.41,	12.7500
150.07,	12.7600
150.73,	12.7600
151.39,	12.7600
152.04,	12.7600
152.70,	12.7600
153.36,	12.7600
154.02,	12.7500
154.68,	12.7500
155.34,	12.7500
156.00,	12.7500
156.65,	12.7500
157.31,	12.7500
157.97,	12.7600
158.63,	12.7700
159.29,	12.7800
159.95,	12.7900
160.60,	12.8000
161.26,	12.8000
161.92,	12.7900
162.58,	12.7900
163.24,	12.7900
163.90,	12.7900
164.55,	12.7900
165.21,	12.7800
165.87,	12.7800
166.53,	12.7800
167.18,	12.7700
167.84,	12.7700
168.50,	12.7600
169.16,	12.7300
169.82,	12.7100
170.47,	12.7000
171.13,	12.6900
171.79,	12.6800
172.44,	12.6600
173.10,	12.6600
173.76,	12.6600
174.42,	12.6700
175.07,	12.6700
175.73,	12.6600
176.39,	12.6400
177.05,	12.6400
177.70,	12.6400
178.36,	12.6400
179.02,	12.6300
179.67,	12.6100
180.33,	12.5500
180.99,	12.4800
181.64,	12.4400
182.30,	12.4100
182.96,	12.3800
183.61,	12.3600
184.27,	12.3500
184.93,	12.3400
185.58,	12.3400
186.24,	12.3300
186.90,	12.3000
187.55,	12.2600
188.21,	12.2400
188.87,	12.2400
189.52,	12.1900
190.18,	12.1300
190.83,	12.1000
191.49,	12.0700
192.15,	12.0300
192.80,	11.9700
193.46,	11.9000
194.11,	11.8500
194.77,	11.7900
195.43,	11.7500
196.08,	11.7200
196.74,	11.7000
197.39,	11.6800
198.05,	11.6600
198.70,	11.6300
199.36,	11.6200
200.02,	11.6100
200.67,	11.6000
201.33,	11.5900
201.98,	11.5800
202.64,	11.5600
203.29,	11.5400
203.95,	11.5300
204.60,	11.5300
205.26,	11.5300
205.91,	11.5400
206.57,	11.5400
207.22,	11.5400
207.88,	11.5400
208.53,	11.5500
209.19,	11.5400
209.84,	11.5300
210.50,	11.5300
211.15,	11.5200
211.81,	11.5100
212.46,	11.5000
213.12,	11.5100
213.77,	11.5400
214.43,	11.6300
215.08,	11.7400
215.74,	11.7600
216.39,	11.7700
217.04,	11.8100
217.70,	11.8600
218.35,	11.8700
219.01,	11.8500
219.66,	11.8200
220.32,	11.8100
220.97,	11.7900
221.62,	11.7700
222.28,	11.7400
222.93,	11.7100
223.59,	11.7100
224.24,	11.7600
224.89,	11.8100
225.55,	11.8300
226.20,	11.8200
226.85,	11.8200
227.51,	11.8200
228.16,	11.8100
228.81,	11.8000
229.47,	11.8100
230.12,	11.8100
230.78,	11.8100
231.43,	11.8100
232.08,	11.8000
232.74,	11.7900
233.39,	11.7800
234.04,	11.7700
234.69,	11.7500
235.35,	11.7400
236.00,	11.7400
236.65,	11.7300
237.31,	11.7100
237.96,	11.7100
238.61,	11.7200
239.27,	11.7200
239.92,	11.7400
240.57,	11.7700
241.22,	11.7700
241.88,	11.7700
242.53,	11.7800
243.18,	11.8000
243.83,	11.8100
244.49,	11.8000
245.14,	11.7900
245.79,	11.7700
246.44,	11.7500
247.10,	11.7300
247.75,	11.7100
248.40,	11.7000
249.05,	11.6900
249.70,	11.6800
250.36,	11.6800
251.01,	11.6600
251.66,	11.6500
252.31,	11.6300
252.96,	11.6300
253.62,	11.6400
254.27,	11.6400
254.92,	11.6400
255.57,	11.6300
256.22,	11.6300
256.88,	11.6300
257.53,	11.6200
258.18,	11.6200
258.83,	11.6200
259.48,	11.6200
260.13,	11.6100
260.78,	11.5800
261.44,	11.5500
262.09,	11.5500
262.74,	11.5400
263.39,	11.5400
264.04,	11.5400
264.69,	11.5400
265.34,	11.5400
265.99,	11.5400
266.64,	11.5400
267.29,	11.5400
267.95,	11.5400
268.60,	11.5400
269.25,	11.5500
269.90,	11.5500
270.55,	11.5600
271.20,	11.5600
271.85,	11.5500
272.50,	11.5400
273.15,	11.5400
273.80,	11.5500
274.45,	11.5500
275.10,	11.5500
275.75,	11.5400
276.40,	11.5200
277.05,	11.4900
277.70,	11.4600
278.35,	11.4500
279.00,	11.4300
279.65,	11.4100
280.30,	11.3900
280.95,	11.3800
281.60,	11.3900
282.25,	11.3800
282.90,	11.3700
283.55,	11.3600
284.20,	11.3400
284.85,	11.3400
285.50,	11.3300
286.15,	11.3300
286.80,	11.3300
287.45,	11.3200
288.10,	11.3200
288.75,	11.3000
289.40,	11.2700
290.05,	11.2300
290.70,	11.1800
291.35,	11.1500
292.00,	11.1500
292.64,	11.1600
293.29,	11.1600
293.94,	11.1500
294.59,	11.1400
295.24,	11.1300
295.89,	11.1200
296.54,	11.1100
297.19,	11.1000
297.84,	11.0800
298.49,	11.0700
299.13,	11.0600
299.78,	11.0600
300.43,	11.0600
301.08,	11.0500
301.73,	11.0400
302.38,	11.0400
303.02,	11.0300
303.67,	11.0200
304.32,	11.0000
304.97,	10.9800
305.62,	10.9800
306.27,	10.9600
306.91,	10.9400
307.56,	10.9400
308.21,	10.9400
308.86,	10.9400
309.51,	10.9300
310.15,	10.9300
310.80,	10.9200
311.45,	10.9200
312.10,	10.9200
312.75,	10.9100
313.39,	10.9100
314.04,	10.9000
314.69,	10.8800
315.34,	10.8600
315.98,	10.8500
316.63,	10.8400
317.28,	10.8400
317.93,	10.8500
318.57,	10.8700
319.22,	10.8800
319.87,	10.8800
320.52,	10.8600
321.16,	10.8300
321.81,	10.8000
322.46,	10.7700
323.10,	10.7600
323.75,	10.7500
324.40,	10.7200
325.04,	10.7100
325.69,	10.7100
326.34,	10.7000
326.99,	10.7000
327.63,	10.6800
328.28,	10.6600
328.93,	10.6500
329.57,	10.6400
330.22,	10.6300
330.86,	10.6000
331.51,	10.5700
332.16,	10.5600
332.80,	10.5500
333.45,	10.5400
334.10,	10.5300
334.74,	10.5200
335.39,	10.4900
336.03,	10.4800
336.68,	10.4700
337.33,	10.4900
337.97,	10.5000
338.62,	10.5000
339.26,	10.5000
339.91,	10.4900
340.56,	10.4800
341.20,	10.4700
341.85,	10.4700
342.49,	10.4500
343.14,	10.4400
343.78,	10.4400
344.43,	10.4300
345.08,	10.4300
345.72,	10.4300
346.37,	10.4200
347.01,	10.4100
347.66,	10.4100
348.30,	10.4100
348.95,	10.3900
349.59,	10.3900
350.24,	10.3800
350.88,	10.3800
351.53,	10.3800
352.17,	10.3700
352.82,	10.3500
353.46,	10.3300
354.11,	10.3000
354.75,	10.2900
355.40,	10.2700
356.04,	10.2600
356.69,	10.2400
357.33,	10.2300
357.98,	10.2200
358.62,	10.2100
359.27,	10.2000
359.91,	10.1900
360.55,	10.1900
361.20,	10.1900
361.84,	10.2000
362.49,	10.1900
363.13,	10.1900
363.78,	10.1900
364.42,	10.1900
365.06,	10.1800
365.71,	10.1700
366.35,	10.1700
367.00,	10.1600
367.64,	10.1600
368.28,	10.1600
368.93,	10.1600
369.57,	10.1600
370.22,	10.1500
370.86,	10.1400
371.50,	10.1400
372.15,	10.1400
372.79,	10.1400
373.43,	10.1400
374.08,	10.1300
374.72,	10.1300
375.36,	10.1300
376.01,	10.1300
376.65,	10.1200
377.29,	10.1100
377.94,	10.1100
378.58,	10.1000
379.22,	10.0800
379.87,	10.0700
380.51,	10.0600
381.15,	10.0600
381.79,	10.0600
382.44,	10.0500
383.08,	10.0500
383.72,	10.0500
384.37,	10.0500
385.01,	10.0500
385.65,	10.0500
386.29,	10.0500
386.94,	10.0400
387.58,	10.0400
388.22,	10.0300
388.86,	10.0100
389.51,	10.0000
390.15,	9.9700
390.79,	9.9500
391.43,	9.9400
392.08,	9.9300
392.72,	9.9200
393.36,	9.9100
394.00,	9.9100
394.64,	9.9000
395.29,	9.8900
395.93,	9.8900
396.57,	9.8800
397.21,	9.8700
397.85,	9.8600
398.50,	9.8500
399.14,	9.8500
399.78,	9.8400
400.42,	9.8300
401.06,	9.8200
401.70,	9.7900
402.34,	9.7800
402.99,	9.7700
403.63,	9.7600
404.27,	9.7500
404.91,	9.7300
405.55,	9.7200
406.19,	9.7100
406.83,	9.7000
407.48,	9.7000
408.12,	9.7000
408.76,	9.6900
409.40,	9.6900
410.04,	9.6900
410.68,	9.6800
411.32,	9.6700
411.96,	9.6700
412.60,	9.6700
413.24,	9.6500
413.88,	9.6200
414.52,	9.5900
415.17,	9.5600
415.81,	9.5400
416.45,	9.5200
417.09,	9.5000
417.73,	9.4800
418.37,	9.4800
419.01,	9.4700
419.65,	9.4600
420.29,	9.4700
420.93,	9.4700
421.57,	9.4800
422.21,	9.4900
422.85,	9.4900
423.49,	9.4800
424.13,	9.4800
424.77,	9.4800
425.41,	9.4700
426.05,	9.4600
426.69,	9.4200
427.33,	9.4000
427.97,	9.3900
428.61,	9.3900
429.25,	9.3800
429.89,	9.3700
430.53,	9.3400
431.17,	9.2900
431.80,	9.2500
432.44,	9.2300
433.08,	9.2300
433.72,	9.2400
434.36,	9.2400
435.00,	9.2300
435.64,	9.2200
436.28,	9.2100
436.92,	9.1900
437.56,	9.1700
438.20,	9.1600
438.84,	9.1400
439.47,	9.1300
440.11,	9.1200
440.75,	9.1100
441.39,	9.1000
442.03,	9.0900
442.67,	9.0800
443.31,	9.0800
443.95,	9.0800
444.58,	9.0800
445.22,	9.0700
445.86,	9.0600
446.50,	9.0500
447.14,	9.0400
447.78,	9.0500
448.41,	9.0400
449.05,	9.0300
449.69,	9.0200
450.33,	9.0100
450.97,	9.0000
451.60,	9.0000
452.24,	9.0100
452.88,	9.0300
453.52,	9.0300
454.16,	9.0300
454.79,	9.0300
455.43,	9.0200
456.07,	9.0100
456.71,	9.0000
457.35,	8.9900
457.98,	8.9700
458.62,	8.9600
459.26,	8.9500
459.90,	8.9400
460.53,	8.9300
461.17,	8.9100
461.81,	8.9000
462.44,	8.9000
463.08,	8.8700
463.72,	8.8500
464.36,	8.8400
464.99,	8.8400
465.63,	8.8400
466.27,	8.8300
466.90,	8.8300
467.54,	8.8300
468.18,	8.8300
468.81,	8.8200
469.45,	8.8100
470.09,	8.8000
470.72,	8.8000
471.36,	8.8000
472.00,	8.8000
472.63,	8.7900
473.27,	8.7800
473.91,	8.7800
474.54,	8.7800
475.18,	8.7700
475.82,	8.7700
476.45,	8.7700
477.09,	8.7600
477.73,	8.7300
478.36,	8.6900
479.00,	8.6400
479.63,	8.6100
480.27,	8.5900
480.91,	8.5900
481.54,	8.5800
482.18,	8.5800
482.81,	8.5700
483.45,	8.5600
484.08,	8.5600
484.72,	8.5500
485.36,	8.5400
485.99,	8.5300
486.63,	8.5200
487.26,	8.5100
487.90,	8.5000
488.53,	8.4800
489.17,	8.4700
489.80,	8.4600
490.44,	8.4500
491.07,	8.4400
491.71,	8.4500
492.34,	8.4500
492.98,	8.4400
493.62,	8.4400
494.25,	8.4400
494.89,	8.4100
495.52,	8.3900
496.15,	8.3800
496.79,	8.3800
497.42,	8.3800
498.06,	8.3800
498.69,	8.3800
499.33,	8.3800
499.96,	8.3700
500.60,	8.3700
501.23,	8.3800
501.87,	8.3800
502.50,	8.3800
503.14,	8.3800
503.77,	8.3700
504.40,	8.3600
505.04,	8.3600
505.67,	8.3500
506.31,	8.3400
506.94,	8.3400
507.57,	8.3300
508.21,	8.3200
508.84,	8.3000
509.48,	8.2800
510.11,	8.2600
510.74,	8.2400
511.38,	8.2300
512.01,	8.2300
512.65,	8.2300
513.28,	8.2400
513.91,	8.2300
514.55,	8.2300
515.18,	8.2300
515.81,	8.2300
516.45,	8.2200
517.08,	8.2200
517.71,	8.2200
518.35,	8.2100
518.98,	8.2100
519.61,	8.2100
520.25,	8.2000
520.88,	8.2000
521.51,	8.2000
522.15,	8.1900
522.78,	8.1900
523.41,	8.1800
524.04,	8.1600
524.68,	8.1700
525.31,	8.1700
525.94,	8.1600
526.58,	8.1600
527.21,	8.1600
527.84,	8.1600
528.47,	8.1600
529.11,	8.1500
529.74,	8.1400
530.37,	8.1400
531.00,	8.1400
531.64,	8.1300
532.27,	8.1200
532.90,	8.1000
533.53,	8.0700
534.17,	8.0400
534.80,	8.0200
535.43,	8.0100
536.06,	8.0000
536.69,	7.9900
537.33,	7.9800
537.96,	7.9600
538.59,	7.9500
539.22,	7.9300
539.85,	7.9300
540.48,	7.9200
541.12,	7.9100
541.75,	7.9100
542.38,	7.9100
543.01,	7.9000
543.64,	7.8900
544.27,	7.8800
544.91,	7.8600
545.54,	7.8300
546.17,	7.8100
546.80,	7.7800
547.43,	7.7600
548.06,	7.7300
548.69,	7.7100
549.32,	7.7000
549.95,	7.6900
550.59,	7.6800
551.22,	7.6800
551.85,	7.6800
552.48,	7.6800
553.11,	7.6800
553.74,	7.6700
554.37,	7.6800
555.00,	7.6800
555.63,	7.6800
556.26,	7.6800
556.89,	7.6800
557.52,	7.6800
558.15,	7.6800
558.78,	7.6700
559.42,	7.6600
560.05,	7.6100
560.68,	7.5700
561.31,	7.5400
561.94,	7.5300
562.57,	7.5200
563.20,	7.5100
563.83,	7.4900
564.46,	7.4800
565.09,	7.4700
565.72,	7.4600
566.35,	7.4500
566.98,	7.4400
567.61,	7.4300
568.24,	7.4200
568.87,	7.4000
569.50,	7.3600
570.12,	7.3200
570.75,	7.3100
571.38,	7.3000
572.01,	7.2900
572.64,	7.2800
573.27,	7.2700
573.90,	7.2600
574.53,	7.2300
575.16,	7.2100
575.79,	7.1800
576.42,	7.1700
577.05,	7.1500
577.68,	7.1000
578.31,	7.0500
578.93,	7.0100
579.56,	6.9700
580.19,	6.9200
580.82,	6.8700
581.45,	6.8600
582.08,	6.8500
582.71,	6.8400
583.34,	6.8400
583.97,	6.8300
584.59,	6.8200
585.22,	6.8200
585.85,	6.8100
586.48,	6.8000
587.11,	6.8000
587.74,	6.7900
588.36,	6.7700
588.99,	6.7400
589.62,	6.7200
590.25,	6.7000
590.88,	6.6900
591.50,	6.6700
592.13,	6.6700
592.76,	6.6700
593.39,	6.6600
594.02,	6.6600
594.64,	6.6400
595.27,	6.6400
595.90,	6.6400
596.53,	6.6400
597.16,	6.6400
597.78,	6.6300
598.41,	6.6300
599.04,	6.6300
599.67,	6.6300
600.29,	6.6300
600.92,	6.6300
601.55,	6.6200
602.18,	6.6100
602.80,	6.6100
603.43,	6.6100
604.06,	6.6000
604.68,	6.6000
605.31,	6.6000
605.94,	6.6000
606.57,	6.5900
607.19,	6.5800
607.82,	6.5700
608.45,	6.5500
609.07,	6.5200
609.70,	6.5100
610.33,	6.4900
610.95,	6.4700
611.58,	6.4300
612.21,	6.4000
612.83,	6.3800
613.46,	6.3800
614.09,	6.3700
614.71,	6.3600
615.34,	6.3400
615.97,	6.3300
616.59,	6.3200
617.22,	6.3000
617.84,	6.2700
618.47,	6.2500
619.10,	6.2400
619.72,	6.2200
620.35,	6.2000
620.97,	6.1800
621.60,	6.1600
622.23,	6.1400
622.85,	6.1200
623.48,	6.1000
624.10,	6.0800
624.73,	6.0600
625.35,	6.0400
625.98,	6.0200
626.61,	6.0000
627.23,	5.9900
627.86,	5.9700
628.48,	5.9400
629.11,	5.9100
629.73,	5.8700
630.36,	5.8500
630.98,	5.8300
631.61,	5.8200
632.23,	5.8300
632.86,	5.8300
633.48,	5.8300
634.11,	5.8300
634.73,	5.8200
635.36,	5.8000
635.98,	5.7800
636.61,	5.7600
637.23,	5.7500
637.86,	5.7500
638.48,	5.7500
639.11,	5.7400
639.73,	5.7300
640.36,	5.7100
640.98,	5.7000
641.61,	5.6800
642.23,	5.6700
642.85,	5.6700
643.48,	5.6600
644.10,	5.6500
644.73,	5.6400
645.35,	5.6400
645.98,	5.6400
646.60,	5.6200
647.22,	5.5900
647.85,	5.5700
648.47,	5.5800
649.10,	5.5800
649.72,	5.5900
650.34,	5.6200
650.97,	5.6400
651.59,	5.6400
652.22,	5.6200
652.84,	5.6100
653.46,	5.5900
654.09,	5.5700
654.71,	5.5600
655.33,	5.5600
655.96,	5.5100
656.58,	5.4600
657.20,	5.4400
657.83,	5.4400
658.45,	5.4400
659.07,	5.4400
659.70,	5.4300
660.32,	5.4200
660.94,	5.4200
661.57,	5.4200
662.19,	5.4200
662.81,	5.4200
663.43,	5.4200
664.06,	5.4100
664.68,	5.4100
665.30,	5.4100
665.93,	5.4100
666.55,	5.4000
667.17,	5.3900
667.79,	5.3500
668.42,	5.3200
669.04,	5.2900
669.66,	5.2700
670.28,	5.2500
670.91,	5.2400
671.53,	5.2100
672.15,	5.1900
672.77,	5.1800
673.39,	5.1700
674.02,	5.1700
674.64,	5.1700
675.26,	5.1700
675.88,	5.1600
676.50,	5.1700
677.13,	5.1600
677.75,	5.1600
678.37,	5.1600
678.99,	5.1600
679.61,	5.1500
680.24,	5.1600
680.86,	5.1500
681.48,	5.1500
682.10,	5.1500
682.72,	5.1600
683.34,	5.1600
683.96,	5.1700
684.59,	5.1700
685.21,	5.1700
685.83,	5.1600
686.45,	5.1600
687.07,	5.1400
687.69,	5.1200
688.31,	5.1100
688.93,	5.1500
689.56,	5.2100
690.18,	5.2300
690.80,	5.2200
691.42,	5.2000
692.04,	5.1800
692.66,	5.1700
693.28,	5.1700
693.90,	5.1500
694.52,	5.1400
695.14,	5.1400
695.76,	5.1400
696.38,	5.1300
697.00,	5.1300
697.62,	5.1100
698.25,	5.0700
698.87,	5.0400
699.49,	5.0200
700.11,	5.0000
700.73,	4.9900
701.35,	4.9800
701.97,	4.9500
702.59,	4.9300
703.21,	4.9000
703.83,	4.8800
704.45,	4.8700
705.07,	4.8700
705.69,	4.8700
706.31,	4.8600
706.93,	4.8600
707.55,	4.8600
708.17,	4.8600
708.79,	4.8600
709.40,	4.8600
710.02,	4.8500
710.64,	4.8500
711.26,	4.8500
711.88,	4.8500
712.50,	4.8500
713.12,	4.8400
713.74,	4.8300
714.36,	4.8300
714.98,	4.8400
715.60,	4.8400
716.22,	4.8300
716.84,	4.8300
717.45,	4.8300
718.07,	4.8200
718.69,	4.8200
719.31,	4.8300
719.93,	4.8300
720.55,	4.8300
721.17,	4.8300
721.79,	4.8200
722.41,	4.8200
723.02,	4.8200
723.64,	4.8200
724.26,	4.8100
724.88,	4.7900
725.50,	4.7900
726.12,	4.7700
726.73,	4.7500
727.35,	4.7400
727.97,	4.7300
728.59,	4.7200
729.21,	4.7000
729.83,	4.6700
730.44,	4.6600
731.06,	4.6500
731.68,	4.6500
732.30,	4.6300
732.92,	4.6200
733.53,	4.6100
734.15,	4.5900
734.77,	4.5800
735.39,	4.5700
736.00,	4.5700
736.62,	4.5700
737.24,	4.5600
737.86,	4.5500
738.47,	4.5300
739.09,	4.5200
739.71,	4.5200
740.33,	4.5100
740.94,	4.5100
741.56,	4.5000
742.18,	4.5000
742.79,	4.5000
743.41,	4.5000
744.03,	4.5000
744.65,	4.5000
745.26,	4.4900
745.88,	4.4900
746.50,	4.4900
747.11,	4.4900
747.73,	4.4900
748.35,	4.4900
748.96,	4.4800
749.58,	4.4800
750.20,	4.4800
750.81,	4.4800
751.43,	4.4700
752.05,	4.4700
752.66,	4.4600
753.28,	4.4600
753.90,	4.4600
754.51,	4.4600
755.13,	4.4600
755.74,	4.4500
756.36,	4.4500
756.98,	4.4500
757.59,	4.4500
758.21,	4.4500
758.82,	4.4500
759.44,	4.4500
760.06,	4.4500
760.67,	4.4500
761.29,	4.4500
761.90,	4.4400
762.52,	4.4400
763.14,	4.4400
763.75,	4.4400
764.37,	4.4300
764.98,	4.4300
765.60,	4.4200
766.21,	4.4100
766.83,	4.4000
767.44,	4.4000
768.06,	4.3900
768.67,	4.3800
769.29,	4.3700
769.90,	4.3600
770.52,	4.3500
771.14,	4.3400
771.75,	4.3400
772.37,	4.3300
772.98,	4.3300
773.59,	4.3200
774.21,	4.3200
774.82,	4.3100
775.44,	4.3100
776.05,	4.3100
776.67,	4.3200
777.28,	4.3300
777.90,	4.3300
778.51,	4.3200
779.13,	4.3200
779.74,	4.3200
780.36,	4.3300
780.97,	4.3500
781.58,	4.3600
782.20,	4.3700
782.81,	4.3700
783.43,	4.3600
784.04,	4.3500
784.66,	4.3500
785.27,	4.3500
785.88,	4.3500
786.50,	4.3500
787.11,	4.3500
787.73,	4.3500
788.34,	4.3400
788.95,	4.3300
789.57,	4.3300
790.18,	4.3200
790.79,	4.3200
791.41,	4.3200
792.02,	4.3100
792.63,	4.3100
793.25,	4.3000
793.86,	4.2800
794.47,	4.2800
795.09,	4.2800
795.70,	4.2700
796.31,	4.2700
796.93,	4.2700
797.54,	4.2600
798.15,	4.2600
798.77,	4.2500
799.38,	4.2400
799.99,	4.2400
800.61,	4.2400
801.22,	4.2300
801.83,	4.2300
802.44,	4.2200
803.06,	4.2200
803.67,	4.2100
804.28,	4.2200
804.90,	4.2100
805.51,	4.2100
806.12,	4.2100
806.73,	4.2100
807.34,	4.2000
807.96,	4.1900
808.57,	4.1900
809.18,	4.1800
809.79,	4.1700
810.41,	4.1700
811.02,	4.1700
811.63,	4.1700
812.24,	4.1700
812.85,	4.1700
813.47,	4.1700
814.08,	4.1700
814.69,	4.1700
815.30,	4.1700
815.91,	4.1700
816.53,	4.1700
817.14,	4.1700
817.75,	4.1700
818.36,	4.1700
818.97,	4.1600
819.58,	4.1700
820.20,	4.1600
820.81,	4.1700
821.42,	4.1700
822.03,	4.1700
822.64,	4.1700
823.25,	4.1700
823.86,	4.1600
824.47,	4.1600
825.09,	4.1500
825.70,	4.1500
826.31,	4.1400
826.92,	4.1200
827.53,	4.1000
828.14,	4.1000
828.75,	4.0900
829.36,	4.0900
829.97,	4.0900
830.58,	4.0800
831.19,	4.0700
831.80,	4.0800
832.42,	4.0800
833.03,	4.0700
833.64,	4.0600
834.25,	4.0600
834.86,	4.0600
835.47,	4.0600
836.08,	4.0600
836.69,	4.0500
837.30,	4.0500
837.91,	4.0500
838.52,	4.0600
839.13,	4.0600
839.74,	4.0500
840.35,	4.0400
840.96,	4.0300
841.57,	4.0300
842.18,	4.0300
842.79,	4.0200
843.40,	4.0200
844.01,	4.0200
844.62,	4.0200
845.23,	4.0100
845.84,	4.0100
846.45,	4.0100
847.06,	4.0000
847.67,	3.9900
848.27,	3.9800
848.88,	3.9700
849.49,	3.9600
850.10,	3.9600
850.71,	3.9600
851.32,	3.9600
851.93,	3.9600
852.54,	3.9600
853.15,	3.9600
853.76,	3.9500
854.37,	3.9400
854.98,	3.9400
855.58,	3.9400
856.19,	3.9400
856.80,	3.9400
857.41,	3.9400
858.02,	3.9400
858.63,	3.9400
859.24,	3.9400
859.85,	3.9400
860.45,	3.9400
861.06,	3.9300
861.67,	3.9300
862.28,	3.9300
862.89,	3.9300
863.50,	3.9200
864.10,	3.9200
864.71,	3.9200
865.32,	3.9100
865.93,	3.9000
866.54,	3.9000
867.14,	3.9000
867.75,	3.9100
868.36,	3.9200
868.97,	3.9200
869.58,	3.9200
870.18,	3.9300
870.79,	3.9300
871.40,	3.9300
872.01,	3.9300
872.61,	3.9300
873.22,	3.9300
873.83,	3.9300
874.44,	3.9300
875.04,	3.9300
875.65,	3.9300
876.26,	3.9300
876.87,	3.9300
877.47,	3.9400
878.08,	3.9400
878.69,	3.9300
879.29,	3.9300
879.90,	3.9300
880.51,	3.9300
881.12,	3.9300
881.72,	3.9200
882.33,	3.9200
882.94,	3.9100
883.54,	3.9100
884.15,	3.9100
884.76,	3.9100
885.36,	3.9000
885.97,	3.9000
886.58,	3.9000
887.18,	3.9000
887.79,	3.9000
888.40,	3.9000
889.00,	3.9000
889.61,	3.8900
890.22,	3.8900
890.82,	3.8900
891.43,	3.8900
892.03,	3.8800
892.64,	3.8700
893.25,	3.8800
893.85,	3.8900
894.46,	3.9000
895.06,	3.9100
895.67,	3.9300
896.28,	3.9500
896.88,	3.9500
897.49,	3.9600
898.09,	3.9600
898.70,	3.9700
899.30,	3.9800
899.91,	3.9700
900.52,	3.9700
901.12,	3.9700
901.73,	3.9800
902.33,	3.9800
902.94,	3.9800
903.54,	3.9900
904.15,	4.0000
904.75,	4.0000
905.36,	4.0000
905.96,	3.9900
906.57,	3.9900
907.17,	3.9900
907.78,	3.9900
908.38,	3.9900
908.99,	4.0000
909.59,	4.0100
910.20,	4.0100
910.80,	4.0200
911.41,	4.0200
912.01,	4.0300
912.62,	4.0400
913.22,	4.0400
913.83,	4.0400
914.43,	4.0700
915.03,	4.1000
915.64,	4.1100
916.24,	4.1200
916.85,	4.1200
917.45,	4.1200
918.06,	4.1200
918.66,	4.1200
919.26,	4.1200
919.87,	4.1200
920.47,	4.1300
921.08,	4.1300
921.68,	4.1400
922.28,	4.1400
922.89,	4.1500
923.49,	4.1600
924.10,	4.1700
924.70,	4.1700
925.30,	4.1600
925.91,	4.1600
926.51,	4.1600
927.11,	4.1700
927.72,	4.1700
928.32,	4.1600
928.92,	4.3200
929.53,	6.1800
930.13,	10.7000
930.74,	14.0700
931.34,	15.4400
931.94,	16.2500
932.54,	16.8800
933.15,	17.4100
933.75,	18.6700
934.35,	35.5000
934.96,	35.5000
935.56,	35.5000
936.16,	35.5000
936.77,	35.5000
937.37,	35.5000
937.97,	35.5000
938.57,	35.5000
939.18,	35.5000
939.78,	35.5000
940.38,	35.5000
940.98,	35.5000
941.59,	35.5000
942.19,	35.5000
942.79,	35.5000
943.39,	35.5000
944.00,	35.5000
944.60,	35.5000
945.20,	35.5000
945.80,	35.5000
946.40,	35.5000
947.01,	35.5000
947.61,	35.5000
948.21,	35.5000
948.81,	35.5000
949.41,	35.5000
950.02,	35.5000
950.62,	35.5000
951.22,	35.5000
951.82,	35.5000
952.42,	35.5000
953.02,	35.5000
953.63,	35.5000
954.23,	35.5000
954.83,	35.5000
955.43,	35.5000
956.03,	35.5000
956.63,	35.5000
957.24,	35.5000
957.84,	35.5000
958.44,	35.5000
959.04,	35.5000
959.64,	35.5000
960.24,	35.5000
960.84,	35.5000
961.44,	35.5000
962.04,	35.5000
962.64,	35.5000
963.25,	35.5000
963.85,	35.5000
964.45,	35.5000
965.05,	35.5000
965.65,	35.5000
966.25,	35.5000
966.85,	35.5000
967.45,	35.5000
968.05,	35.5000
968.65,	35.5000
969.25,	35.5000
969.85,	35.5000
970.45,	35.5000
971.05,	35.5000
971.65,	35.5000
972.25,	35.5000
972.85,	35.5000
973.45,	35.5000
974.05,	35.5000
974.65,	35.5000
975.25,	35.5000
975.85,	35.5000
976.45,	35.5000
977.05,	35.5000
977.65,	35.5000
978.25,	35.5000
978.85,	35.5000
979.45,	35.5000
980.05,	35.5000
980.65,	35.5000
981.25,	35.5000
981.85,	35.5000
982.45,	35.5000
983.05,	35.5000
983.65,	35.5000
984.25,	35.5000
984.85,	35.5000
985.45,	35.5000
986.04,	35.5000
986.64,	35.5000
987.24,	35.5000
987.84,	35.5000
988.44,	35.5000
989.04,	35.5000
989.64,	35.5000
990.24,	35.5000
990.84,	35.5000
991.44,	35.5000
992.03,	35.5000
992.63,	35.5000
993.23,	35.5000
993.83,	35.5000
994.43,	35.5000
995.03,	35.5000
995.63,	35.5000
996.22,	35.5000
996.82,	35.5000
997.42,	35.5000
998.02,	35.5000
998.62,	35.5000
999.21,	35.5000
999.81,	35.5000
1000.41,	35.5000
