Call Sign = ZSDA,	Ship Name = SA Agulhas,	Lloyds Num = 0
Date = 02/02/2017,	Time = 18:06,	
Latitude = 45 05.66  S,	Longitude = 006 28.69  E
Instr = Sippican Deep Blue,	Card Type = Sippican MK-21,	
Wind Instr = ,	Measur Method = 
Probe Serial Num = -1,	Ship Dir = -1,	Ship Speed = -1.00
Wind Dir = 280,	Wind Speed = 31.90
Dry Bulb Temp = 8.40,	Total Water Depth = -1.00

Full Resolution Values
Depth,	 Temp
0.67,	7.5500
1.34,	7.4000
2.01,	7.3800
2.68,	7.3800
3.34,	7.3700
4.01,	7.3600
4.68,	7.3600
5.35,	7.3500
6.02,	7.3500
6.69,	7.3500
7.36,	7.3500
8.03,	7.3500
8.69,	7.3500
9.36,	7.3400
10.03,	7.3500
10.70,	7.3500
11.37,	7.3500
12.04,	7.3500
12.70,	7.3500
13.37,	7.3600
14.04,	7.3600
14.71,	7.3600
15.38,	7.3600
16.05,	7.3500
16.71,	7.3300
17.38,	7.3200
18.05,	7.3200
18.72,	7.3200
19.38,	7.3300
20.05,	7.3400
20.72,	7.3400
21.39,	7.3500
22.06,	7.3500
22.72,	7.3500
23.39,	7.3300
24.06,	7.3200
24.73,	7.3000
25.39,	7.2900
26.06,	7.2800
26.73,	7.2700
27.40,	7.2600
28.06,	7.2600
28.73,	7.2600
29.40,	7.2500
30.06,	7.2500
30.73,	7.2500
31.40,	7.2500
32.06,	7.2400
32.73,	7.2400
33.40,	7.2400
34.07,	7.2400
34.73,	7.2400
35.40,	7.2400
36.07,	7.2300
36.73,	7.2300
37.40,	7.2300
38.07,	7.2300
38.73,	7.2300
39.40,	7.2300
40.06,	7.2200
40.73,	7.2200
41.40,	7.2100
42.06,	7.2100
42.73,	7.2200
43.40,	7.2200
44.06,	7.2100
44.73,	7.2200
45.39,	7.2100
46.06,	7.2100
46.73,	7.2100
47.39,	7.2100
48.06,	7.2100
48.72,	7.2100
49.39,	7.2000
50.06,	7.2000
50.72,	7.2000
51.39,	7.2000
52.05,	7.2000
52.72,	7.2000
53.38,	7.2000
54.05,	7.2000
54.71,	7.2000
55.38,	7.2000
56.05,	7.1900
56.71,	7.2000
57.38,	7.2000
58.04,	7.2000
58.71,	7.2000
59.37,	7.2100
60.04,	7.2200
60.70,	7.2200
61.37,	7.2300
62.03,	7.2500
62.70,	7.2700
63.36,	7.2900
64.03,	7.3100
64.69,	7.3500
65.36,	7.3700
66.02,	7.3900
66.69,	7.4200
67.35,	7.4500
68.01,	7.4600
68.68,	7.4600
69.34,	7.4600
70.01,	7.4600
70.67,	7.4500
71.34,	7.4400
72.00,	7.4000
72.66,	7.3600
73.33,	7.2700
73.99,	7.1900
74.66,	7.1300
75.32,	7.0700
75.98,	7.0300
76.65,	7.0000
77.31,	6.9800
77.98,	6.9800
78.64,	6.9700
79.30,	6.9300
79.97,	6.8500
80.63,	6.7600
81.30,	6.6900
81.96,	6.6600
82.62,	6.6400
83.29,	6.6200
83.95,	6.6100
84.61,	6.6100
85.28,	6.6100
85.94,	6.6100
86.60,	6.6100
87.27,	6.6100
87.93,	6.6000
88.59,	6.6000
89.26,	6.5800
89.92,	6.5500
90.58,	6.5300
91.24,	6.5100
91.91,	6.4900
92.57,	6.4800
93.23,	6.4700
93.90,	6.4700
94.56,	6.4500
95.22,	6.4400
95.88,	6.4300
96.55,	6.4200
97.21,	6.4200
97.87,	6.4200
98.53,	6.4100
99.20,	6.4100
99.86,	6.4100
100.52,	6.4200
101.18,	6.4200
101.85,	6.4200
102.51,	6.4300
103.17,	6.4300
103.83,	6.4300
104.49,	6.4300
105.16,	6.4200
105.82,	6.4100
106.48,	6.4000
107.14,	6.3800
107.80,	6.3700
108.47,	6.3500
109.13,	6.3400
109.79,	6.3400
110.45,	6.3500
111.11,	6.3600
111.77,	6.3600
112.44,	6.3600
113.10,	6.3200
113.76,	6.2600
114.42,	6.2200
115.08,	6.1900
115.74,	6.1800
116.40,	6.1700
117.06,	6.1600
117.73,	6.1500
118.39,	6.1500
119.05,	6.1400
119.71,	6.1300
120.37,	6.1200
121.03,	6.1100
121.69,	6.1000
122.35,	6.1000
123.01,	6.1000
123.67,	6.1000
124.33,	6.1000
125.00,	6.1000
125.66,	6.0900
126.32,	6.0900
126.98,	6.0800
127.64,	6.0700
128.30,	6.0600
128.96,	6.0500
129.62,	6.0500
130.28,	6.0400
130.94,	6.0300
131.60,	6.0300
132.26,	6.0300
132.92,	6.0200
133.58,	6.0000
134.24,	6.0000
134.90,	5.9900
135.56,	5.9800
136.22,	5.9700
136.88,	5.9600
137.54,	5.9500
138.20,	5.9400
138.86,	5.9300
139.52,	5.9200
140.18,	5.9200
140.84,	5.9200
141.50,	5.9100
142.16,	5.8900
142.82,	5.8600
143.48,	5.8400
144.14,	5.8300
144.79,	5.8300
145.45,	5.8200
146.11,	5.8200
146.77,	5.8100
147.43,	5.8000
148.09,	5.7900
148.75,	5.7900
149.41,	5.7900
150.07,	5.7900
150.73,	5.7900
151.39,	5.7900
152.04,	5.7900
152.70,	5.7900
153.36,	5.7900
154.02,	5.7900
154.68,	5.8000
155.34,	5.7900
156.00,	5.7900
156.65,	5.7900
157.31,	5.7900
157.97,	5.7900
158.63,	5.7900
159.29,	5.7900
159.95,	5.7900
160.60,	5.7900
161.26,	5.7900
161.92,	5.7800
162.58,	5.7800
163.24,	5.7700
163.90,	5.7700
164.55,	5.7600
165.21,	5.7600
165.87,	5.7500
166.53,	5.7400
167.18,	5.7200
167.84,	5.6900
168.50,	5.6700
169.16,	5.6600
169.82,	5.6500
170.47,	5.6500
171.13,	5.6500
171.79,	5.6600
172.44,	5.6600
173.10,	5.6600
173.76,	5.6600
174.42,	5.6600
175.07,	5.6600
175.73,	5.6600
176.39,	5.6600
177.05,	5.6600
177.70,	5.6500
178.36,	5.6400
179.02,	5.6200
179.67,	5.6000
180.33,	5.5900
180.99,	5.5700
181.64,	5.5600
182.30,	5.5600
182.96,	5.5500
183.61,	5.5500
184.27,	5.5600
184.93,	5.5500
185.58,	5.5500
186.24,	5.5500
186.90,	5.5400
187.55,	5.5400
188.21,	5.5300
188.87,	5.5400
189.52,	5.5300
190.18,	5.5300
190.83,	5.5300
191.49,	5.5300
192.15,	5.5300
192.80,	5.5300
193.46,	5.5200
194.11,	5.5200
194.77,	5.5100
195.43,	5.5000
196.08,	5.4900
196.74,	5.4800
197.39,	5.4700
198.05,	5.4600
198.70,	5.4500
199.36,	5.4500
200.02,	5.4500
200.67,	5.4500
201.33,	5.4500
201.98,	5.4500
202.64,	5.4500
203.29,	5.4500
203.95,	5.4400
204.60,	5.4400
205.26,	5.4300
205.91,	5.4200
206.57,	5.4100
207.22,	5.4000
207.88,	5.4000
208.53,	5.4000
209.19,	5.4000
209.84,	5.3900
210.50,	5.3800
211.15,	5.3700
211.81,	5.3600
212.46,	5.3600
213.12,	5.3500
213.77,	5.3300
214.43,	5.3200
215.08,	5.3100
215.74,	5.3100
216.39,	5.3000
217.04,	5.3000
217.70,	5.2900
218.35,	5.2900
219.01,	5.2800
219.66,	5.2800
220.32,	5.2700
220.97,	5.2600
221.62,	5.2500
222.28,	5.2500
222.93,	5.2500
223.59,	5.2400
224.24,	5.2300
224.89,	5.2300
225.55,	5.2300
226.20,	5.2200
226.85,	5.2100
227.51,	5.2000
228.16,	5.2000
228.81,	5.2000
229.47,	5.2000
230.12,	5.1900
230.78,	5.1900
231.43,	5.1900
232.08,	5.1800
232.74,	5.1800
233.39,	5.1700
234.04,	5.1700
234.69,	5.1600
235.35,	5.1500
236.00,	5.1500
236.65,	5.1500
237.31,	5.1400
237.96,	5.1300
238.61,	5.1300
239.27,	5.1300
239.92,	5.1200
240.57,	5.1200
241.22,	5.1200
241.88,	5.1100
242.53,	5.1100
243.18,	5.1000
243.83,	5.1000
244.49,	5.0900
245.14,	5.0800
245.79,	5.0700
246.44,	5.0500
247.10,	5.0300
247.75,	5.0100
248.40,	4.9800
249.05,	4.9700
249.70,	4.9700
250.36,	4.9700
251.01,	4.9600
251.66,	4.9600
252.31,	4.9500
252.96,	4.9500
253.62,	4.9400
254.27,	4.9400
254.92,	4.9300
255.57,	4.9200
256.22,	4.9100
256.88,	4.9000
257.53,	4.8900
258.18,	4.8800
258.83,	4.8700
259.48,	4.8600
260.13,	4.8600
260.78,	4.8400
261.44,	4.8300
262.09,	4.8300
262.74,	4.8300
263.39,	4.8300
264.04,	4.8200
264.69,	4.8300
265.34,	4.8200
265.99,	4.8200
266.64,	4.8100
267.29,	4.8000
267.95,	4.7900
268.60,	4.7900
269.25,	4.7900
269.90,	4.7900
270.55,	4.7800
271.20,	4.7800
271.85,	4.7800
272.50,	4.7800
273.15,	4.7800
273.80,	4.7800
274.45,	4.7800
275.10,	4.7700
275.75,	4.7700
276.40,	4.7500
277.05,	4.7300
277.70,	4.7300
278.35,	4.7300
279.00,	4.7200
279.65,	4.7200
280.30,	4.7200
280.95,	4.7100
281.60,	4.6900
282.25,	4.6800
282.90,	4.6700
283.55,	4.6800
284.20,	4.6700
284.85,	4.6700
285.50,	4.6600
286.15,	4.6600
286.80,	4.6600
287.45,	4.6500
288.10,	4.6500
288.75,	4.6500
289.40,	4.6500
290.05,	4.6500
290.70,	4.6400
291.35,	4.6300
292.00,	4.6200
292.64,	4.6200
293.29,	4.6200
293.94,	4.6200
294.59,	4.6100
295.24,	4.6100
295.89,	4.6100
296.54,	4.6100
297.19,	4.6000
297.84,	4.6000
298.49,	4.5900
299.13,	4.5900
299.78,	4.5800
300.43,	4.5800
301.08,	4.5800
301.73,	4.5800
302.38,	4.5700
303.02,	4.5700
303.67,	4.5700
304.32,	4.5600
304.97,	4.5600
305.62,	4.5500
306.27,	4.5500
306.91,	4.5400
307.56,	4.5400
308.21,	4.5400
308.86,	4.5300
309.51,	4.5300
310.15,	4.5300
310.80,	4.5300
311.45,	4.5300
312.10,	4.5200
312.75,	4.5300
313.39,	4.5200
314.04,	4.5200
314.69,	4.5200
315.34,	4.5200
315.98,	4.5200
316.63,	4.5100
317.28,	4.5100
317.93,	4.5100
318.57,	4.5100
319.22,	4.5100
319.87,	4.5100
320.52,	4.5100
321.16,	4.5100
321.81,	4.5100
322.46,	4.5100
323.10,	4.5000
323.75,	4.4900
324.40,	4.4900
325.04,	4.5000
325.69,	4.4900
326.34,	4.4700
326.99,	4.4600
327.63,	4.4400
328.28,	4.4300
328.93,	4.4300
329.57,	4.4200
330.22,	4.4200
330.86,	4.4200
331.51,	4.4200
332.16,	4.4100
332.80,	4.4100
333.45,	4.4000
334.10,	4.3900
334.74,	4.3800
335.39,	4.3800
336.03,	4.3700
336.68,	4.3700
337.33,	4.3500
337.97,	4.3400
338.62,	4.3300
339.26,	4.3300
339.91,	4.3300
340.56,	4.3200
341.20,	4.3200
341.85,	4.3100
342.49,	4.3100
343.14,	4.3100
343.78,	4.3000
344.43,	4.2900
345.08,	4.2800
345.72,	4.2700
346.37,	4.2700
347.01,	4.2800
347.66,	4.2700
348.30,	4.2700
348.95,	4.2600
349.59,	4.2600
350.24,	4.2500
350.88,	4.2600
351.53,	4.2600
352.17,	4.2600
352.82,	4.2600
353.46,	4.2600
354.11,	4.2600
354.75,	4.2600
355.40,	4.2600
356.04,	4.2600
356.69,	4.2500
357.33,	4.2400
357.98,	4.2400
358.62,	4.2300
359.27,	4.2300
359.91,	4.2200
360.55,	4.2200
361.20,	4.2100
361.84,	4.2000
362.49,	4.1900
363.13,	4.1900
363.78,	4.1800
364.42,	4.1800
365.06,	4.1800
365.71,	4.1700
366.35,	4.1700
367.00,	4.1700
367.64,	4.1700
368.28,	4.1700
368.93,	4.1700
369.57,	4.1600
370.22,	4.1600
370.86,	4.1500
371.50,	4.1400
372.15,	4.1200
372.79,	4.1100
373.43,	4.1000
374.08,	4.1000
374.72,	4.1100
375.36,	4.1000
376.01,	4.1000
376.65,	4.1000
377.29,	4.1000
377.94,	4.1000
378.58,	4.0900
379.22,	4.0900
379.87,	4.0900
380.51,	4.0800
381.15,	4.0800
381.79,	4.0800
382.44,	4.0800
383.08,	4.0700
383.72,	4.0700
384.37,	4.0700
385.01,	4.0600
385.65,	4.0600
386.29,	4.0600
386.94,	4.0500
387.58,	4.0500
388.22,	4.0500
388.86,	4.0500
389.51,	4.0500
390.15,	4.0400
390.79,	4.0400
391.43,	4.0400
392.08,	4.0400
392.72,	4.0400
393.36,	4.0400
394.00,	4.0300
394.64,	4.0300
395.29,	4.0200
395.93,	4.0100
396.57,	4.0100
397.21,	4.0100
397.85,	4.0000
398.50,	4.0000
399.14,	4.0000
399.78,	4.0000
400.42,	3.9900
401.06,	3.9900
401.70,	3.9800
402.34,	3.9800
402.99,	3.9800
403.63,	3.9800
404.27,	3.9700
404.91,	3.9600
405.55,	3.9600
406.19,	3.9600
406.83,	3.9500
407.48,	3.9500
408.12,	3.9500
408.76,	3.9500
409.40,	3.9400
410.04,	3.9400
410.68,	3.9500
411.32,	3.9400
411.96,	3.9400
412.60,	3.9400
413.24,	3.9400
413.88,	3.9300
414.52,	3.9300
415.17,	3.9300
415.81,	3.9200
416.45,	3.9200
417.09,	3.9100
417.73,	3.9100
418.37,	3.9100
419.01,	3.9100
419.65,	3.9000
420.29,	3.9000
420.93,	3.9000
421.57,	3.9000
422.21,	3.9000
422.85,	3.9000
423.49,	3.8900
424.13,	3.8900
424.77,	3.8900
425.41,	3.8900
426.05,	3.8900
426.69,	3.8900
427.33,	3.8900
427.97,	3.8900
428.61,	3.8800
429.25,	3.8700
429.89,	3.8700
430.53,	3.8700
431.17,	3.8600
431.80,	3.8600
432.44,	3.8600
433.08,	3.8600
433.72,	3.8600
434.36,	3.8600
435.00,	3.8500
435.64,	3.8400
436.28,	3.8400
436.92,	3.8300
437.56,	3.8300
438.20,	3.8300
438.84,	3.8300
439.47,	3.8200
440.11,	3.8200
440.75,	3.8200
441.39,	3.8200
442.03,	3.8200
442.67,	3.8100
443.31,	3.8100
443.95,	3.8100
444.58,	3.8000
445.22,	3.8100
445.86,	3.8100
446.50,	3.8000
447.14,	3.8000
447.78,	3.8000
448.41,	3.8000
449.05,	3.8000
449.69,	3.8000
450.33,	3.8000
450.97,	3.8000
451.60,	3.8000
452.24,	3.7900
452.88,	3.8000
453.52,	3.8000
454.16,	3.8000
454.79,	3.8000
455.43,	3.7900
456.07,	3.7900
456.71,	3.7800
457.35,	3.7800
457.98,	3.7800
458.62,	3.7800
459.26,	3.7700
459.90,	3.7800
460.53,	3.7800
461.17,	3.7800
461.81,	3.7800
462.44,	3.7800
463.08,	3.7800
463.72,	3.7800
464.36,	3.7800
464.99,	3.7800
465.63,	3.7800
466.27,	3.7800
466.90,	3.7800
467.54,	3.7800
468.18,	3.7800
468.81,	3.7800
469.45,	3.7800
470.09,	3.7800
470.72,	3.7800
471.36,	3.7800
472.00,	3.7800
472.63,	3.7800
473.27,	3.7800
473.91,	3.7800
474.54,	3.7800
475.18,	3.7800
475.82,	3.7700
476.45,	3.7700
477.09,	3.7600
477.73,	3.7500
478.36,	3.7500
479.00,	3.7500
479.63,	3.7500
480.27,	3.7500
480.91,	3.7500
481.54,	3.7500
482.18,	3.7500
482.81,	3.7400
483.45,	3.7300
484.08,	3.7300
484.72,	3.7400
485.36,	3.7300
485.99,	3.7300
486.63,	3.7300
487.26,	3.7400
487.90,	3.7400
488.53,	3.7400
489.17,	3.7400
489.80,	3.7400
490.44,	3.7300
491.07,	3.7300
491.71,	3.7300
492.34,	3.7300
492.98,	3.7300
493.62,	3.7300
494.25,	3.7300
494.89,	3.7200
495.52,	3.7300
496.15,	3.7200
496.79,	3.7200
497.42,	3.7100
498.06,	3.7100
498.69,	3.7100
499.33,	3.7100
499.96,	3.7100
500.60,	3.7100
501.23,	3.7000
501.87,	3.7000
502.50,	3.7000
503.14,	3.7000
503.77,	3.7000
504.40,	3.6900
505.04,	3.6700
505.67,	3.6500
506.31,	3.6500
506.94,	3.6400
507.57,	3.6400
508.21,	3.6400
508.84,	3.6400
509.48,	3.6400
510.11,	3.6300
510.74,	3.6200
511.38,	3.6100
512.01,	3.6100
512.65,	3.6100
513.28,	3.6100
513.91,	3.6100
514.55,	3.6000
515.18,	3.6000
515.81,	3.5900
516.45,	3.5900
517.08,	3.5900
517.71,	3.5800
518.35,	3.5800
518.98,	3.5700
519.61,	3.5700
520.25,	3.5700
520.88,	3.5700
521.51,	3.5700
522.15,	3.5700
522.78,	3.5800
523.41,	3.5900
524.04,	3.6000
524.68,	3.6000
525.31,	3.6000
525.94,	3.5900
526.58,	3.5800
527.21,	3.5800
527.84,	3.5800
528.47,	3.5700
529.11,	3.5700
529.74,	3.5600
530.37,	3.5500
531.00,	3.5500
531.64,	3.5500
532.27,	3.5500
532.90,	3.5400
533.53,	3.5400
534.17,	3.5400
534.80,	3.5300
535.43,	3.5300
536.06,	3.5300
536.69,	3.5300
537.33,	3.5300
537.96,	3.5300
538.59,	3.5300
539.22,	3.5300
539.85,	3.5300
540.48,	3.5300
541.12,	3.5300
541.75,	3.5200
542.38,	3.5100
543.01,	3.5100
543.64,	3.5000
544.27,	3.5000
544.91,	3.4900
545.54,	3.4900
546.17,	3.4800
546.80,	3.4800
547.43,	3.4800
548.06,	3.4800
548.69,	3.4800
549.32,	3.4700
549.95,	3.4700
550.59,	3.4600
551.22,	3.4600
551.85,	3.4500
552.48,	3.4400
553.11,	3.4400
553.74,	3.4400
554.37,	3.4400
555.00,	3.4400
555.63,	3.4400
556.26,	3.4300
556.89,	3.4300
557.52,	3.4300
558.15,	3.4300
558.78,	3.4200
559.42,	3.4100
560.05,	3.4100
560.68,	3.4100
561.31,	3.4100
561.94,	3.4100
562.57,	3.4000
563.20,	3.4000
563.83,	3.3900
564.46,	3.3900
565.09,	3.3900
565.72,	3.3800
566.35,	3.3800
566.98,	3.3900
567.61,	3.3900
568.24,	3.3900
568.87,	3.3900
569.50,	3.3900
570.12,	3.3800
570.75,	3.3800
571.38,	3.3800
572.01,	3.3900
572.64,	3.3900
573.27,	3.3800
573.90,	3.3800
574.53,	3.3700
575.16,	3.3700
575.79,	3.3600
576.42,	3.3600
577.05,	3.3600
577.68,	3.3600
578.31,	3.3600
578.93,	3.3500
579.56,	3.3500
580.19,	3.3500
580.82,	3.3500
581.45,	3.3400
582.08,	3.3400
582.71,	3.3300
583.34,	3.3300
583.97,	3.3200
584.59,	3.3100
585.22,	3.3100
585.85,	3.3100
586.48,	3.3000
587.11,	3.3000
587.74,	3.3000
588.36,	3.3000
588.99,	3.3000
589.62,	3.2900
590.25,	3.2900
590.88,	3.2900
591.50,	3.2800
592.13,	3.2800
592.76,	3.2800
593.39,	3.2800
594.02,	3.2800
594.64,	3.2800
595.27,	3.2800
595.90,	3.2800
596.53,	3.2900
597.16,	3.2900
597.78,	3.3000
598.41,	3.3100
599.04,	3.3200
599.67,	3.3300
600.29,	3.3500
600.92,	3.3600
601.55,	3.3600
602.18,	3.3600
602.80,	3.3600
603.43,	3.3700
604.06,	3.3700
604.68,	3.3700
605.31,	3.3700
605.94,	3.3700
606.57,	3.3700
607.19,	3.3700
607.82,	3.3700
608.45,	3.3700
609.07,	3.3700
609.70,	3.3700
610.33,	3.3800
610.95,	3.3700
611.58,	3.3700
612.21,	3.3700
612.83,	3.3600
613.46,	3.3500
614.09,	3.3500
614.71,	3.3500
615.34,	3.3500
615.97,	3.3500
616.59,	3.3500
617.22,	3.3500
617.84,	3.3500
618.47,	3.3500
619.10,	3.3500
619.72,	3.3500
620.35,	3.3500
620.97,	3.3500
621.60,	3.3600
622.23,	3.3600
622.85,	3.3600
623.48,	3.3600
624.10,	3.3600
624.73,	3.3700
625.35,	3.3600
625.98,	3.3600
626.61,	3.3600
627.23,	3.3600
627.86,	3.3600
628.48,	3.3600
629.11,	3.3700
629.73,	3.3700
630.36,	3.3700
630.98,	3.3600
631.61,	3.3600
632.23,	3.3700
632.86,	3.3700
633.48,	3.3600
634.11,	3.3600
634.73,	3.3600
635.36,	3.3500
635.98,	3.3500
636.61,	3.3500
637.23,	3.3500
637.86,	3.3500
638.48,	3.3500
639.11,	3.3500
639.73,	3.3500
640.36,	3.3400
640.98,	3.3400
641.61,	3.3500
642.23,	3.3400
642.85,	3.3400
643.48,	3.3400
644.10,	3.3400
644.73,	3.3400
645.35,	3.3400
645.98,	3.3400
646.60,	3.3400
647.22,	3.3400
647.85,	3.3300
648.47,	3.3300
649.10,	3.3200
649.72,	3.3200
650.34,	3.3200
650.97,	3.3200
651.59,	3.3100
652.22,	3.3100
652.84,	3.3100
653.46,	3.3100
654.09,	3.3000
654.71,	3.3000
655.33,	3.3000
655.96,	3.2900
656.58,	3.2900
657.20,	3.2900
657.83,	3.2900
658.45,	3.2900
659.07,	3.2900
659.70,	3.2900
660.32,	3.2800
660.94,	3.2800
661.57,	3.2800
662.19,	3.2800
662.81,	3.2700
663.43,	3.2700
664.06,	3.2700
664.68,	3.2700
665.30,	3.2600
665.93,	3.2500
666.55,	3.2500
667.17,	3.2400
667.79,	3.2400
668.42,	3.2400
669.04,	3.2400
669.66,	3.2400
670.28,	3.2400
670.91,	3.2300
671.53,	3.2300
672.15,	3.2300
672.77,	3.2200
673.39,	3.2100
674.02,	3.2100
674.64,	3.2100
675.26,	3.2000
675.88,	3.1900
676.50,	3.1900
677.13,	3.1800
677.75,	3.1800
678.37,	3.1900
678.99,	3.1800
679.61,	3.1700
680.24,	3.1700
680.86,	3.1700
681.48,	3.1700
682.10,	3.1700
682.72,	3.1700
683.34,	3.1700
683.96,	3.1600
684.59,	3.1600
685.21,	3.1600
685.83,	3.1600
686.45,	3.1600
687.07,	3.1600
687.69,	3.1600
688.31,	3.1600
688.93,	3.1600
689.56,	3.1600
690.18,	3.1600
690.80,	3.1600
691.42,	3.1600
692.04,	3.1500
692.66,	3.1500
693.28,	3.1600
693.90,	3.1600
694.52,	3.1600
695.14,	3.1600
695.76,	3.1600
696.38,	3.1500
697.00,	3.1500
697.62,	3.1600
698.25,	3.1600
698.87,	3.1600
699.49,	3.1600
700.11,	3.1500
700.73,	3.1600
701.35,	3.1600
701.97,	3.1500
702.59,	3.1500
703.21,	3.1600
703.83,	3.1500
704.45,	3.1500
705.07,	3.1500
705.69,	3.1500
706.31,	3.1500
706.93,	3.1500
707.55,	3.1400
708.17,	3.1400
708.79,	3.1400
709.40,	3.1400
710.02,	3.1400
710.64,	3.1400
711.26,	3.1400
711.88,	3.1400
712.50,	3.1400
713.12,	3.1400
713.74,	3.1400
714.36,	3.1300
714.98,	3.1300
715.60,	3.1300
716.22,	3.1300
716.84,	3.1300
717.45,	3.1300
718.07,	3.1300
718.69,	3.1300
719.31,	3.1300
719.93,	3.1300
720.55,	3.1300
721.17,	3.1300
721.79,	3.1200
722.41,	3.1200
723.02,	3.1300
723.64,	3.1300
724.26,	3.1300
724.88,	3.1300
725.50,	3.1300
726.12,	3.1300
726.73,	3.1200
727.35,	3.1200
727.97,	3.1200
728.59,	3.1100
729.21,	3.1100
729.83,	3.1100
730.44,	3.1100
731.06,	3.1100
731.68,	3.1200
732.30,	3.1100
732.92,	3.1100
733.53,	3.1100
734.15,	3.1100
734.77,	3.1100
735.39,	3.1100
736.00,	3.1000
736.62,	3.1000
737.24,	3.1000
737.86,	3.1000
738.47,	3.1000
739.09,	3.1000
739.71,	3.0900
740.33,	3.0900
740.94,	3.0900
741.56,	3.0900
742.18,	3.0900
742.79,	3.0900
743.41,	3.0900
744.03,	3.0900
744.65,	3.0900
745.26,	3.0900
745.88,	3.0900
746.50,	3.0900
747.11,	3.0800
747.73,	3.0900
748.35,	3.0900
748.96,	3.0900
749.58,	3.1000
750.20,	3.1000
750.81,	3.1000
751.43,	3.1000
752.05,	3.1000
752.66,	3.1000
753.28,	3.1000
753.90,	3.1000
754.51,	3.1000
755.13,	3.1000
755.74,	3.1000
756.36,	3.1000
756.98,	3.1000
757.59,	3.1000
758.21,	3.1000
758.82,	3.1000
759.44,	3.1000
760.06,	3.0900
760.67,	3.0900
761.29,	3.0900
761.90,	3.0900
762.52,	3.0900
763.14,	3.0900
763.75,	3.0900
764.37,	3.0900
764.98,	3.0900
765.60,	3.0900
766.21,	3.0800
766.83,	3.0800
767.44,	3.0800
768.06,	3.0800
768.67,	3.0800
769.29,	3.0800
769.90,	3.0800
770.52,	3.0800
771.14,	3.0800
771.75,	3.0700
772.37,	3.0700
772.98,	3.0600
773.59,	3.0600
774.21,	3.0600
774.82,	3.0600
775.44,	3.0600
776.05,	3.0600
776.67,	3.0600
777.28,	3.0600
777.90,	3.0600
778.51,	3.0600
779.13,	3.0600
779.74,	3.0600
780.36,	3.0600
780.97,	3.0600
781.58,	3.0600
782.20,	3.0600
782.81,	3.0600
783.43,	3.0600
784.04,	3.0500
784.66,	3.0500
785.27,	3.0500
785.88,	3.0500
786.50,	3.0500
787.11,	3.0500
787.73,	3.0500
788.34,	3.0500
788.95,	3.0500
789.57,	3.0500
790.18,	3.0500
790.79,	3.0500
791.41,	3.0500
792.02,	3.0400
792.63,	3.0400
793.25,	3.0500
793.86,	3.0500
794.47,	3.0500
795.09,	3.0400
795.70,	3.0400
796.31,	3.0500
796.93,	3.0400
797.54,	3.0400
798.15,	3.0400
798.77,	3.0400
799.38,	3.0400
799.99,	3.0400
800.61,	3.0400
801.22,	3.0400
801.83,	3.0300
802.44,	3.0300
803.06,	3.0300
803.67,	3.0400
804.28,	3.0300
804.90,	3.0300
805.51,	3.0300
806.12,	3.0300
806.73,	3.0300
807.34,	3.0300
807.96,	3.0300
808.57,	3.0300
809.18,	3.0300
809.79,	3.0300
810.41,	3.0300
811.02,	3.0300
811.63,	3.0300
812.24,	3.0300
812.85,	3.0300
813.47,	3.0300
814.08,	3.0400
814.69,	3.0400
815.30,	3.0400
815.91,	3.0400
816.53,	3.0400
817.14,	3.0400
817.75,	3.0400
818.36,	3.0300
818.97,	3.0300
819.58,	3.0400
820.20,	3.0400
820.81,	3.0400
821.42,	3.0400
822.03,	3.0400
822.64,	3.0300
823.25,	3.0400
823.86,	3.0300
824.47,	3.0400
825.09,	3.0400
825.70,	3.0500
826.31,	3.0500
826.92,	3.0500
827.53,	3.0500
828.14,	3.0500
828.75,	3.0500
829.36,	3.0500
829.97,	3.0500
830.58,	3.0500
831.19,	3.0500
831.80,	3.0500
832.42,	3.0500
833.03,	3.0500
833.64,	3.0500
834.25,	3.0500
834.86,	3.0500
835.47,	3.0500
836.08,	3.0500
836.69,	3.0500
837.30,	3.0500
837.91,	3.0500
838.52,	3.0500
839.13,	3.0600
839.74,	3.0600
840.35,	3.0500
840.96,	3.0500
841.57,	3.0600
842.18,	3.0500
842.79,	3.0500
843.40,	3.0600
844.01,	3.0600
844.62,	3.0500
845.23,	3.0500
845.84,	3.0500
846.45,	3.0500
847.06,	3.0500
847.67,	3.0500
848.27,	3.0500
848.88,	3.0500
849.49,	3.0500
850.10,	3.0600
850.71,	3.0600
851.32,	3.0600
851.93,	3.0600
852.54,	3.0600
853.15,	3.0600
853.76,	3.0600
854.37,	3.0600
854.98,	3.0500
855.58,	3.0500
856.19,	3.0600
856.80,	3.0500
857.41,	3.0500
858.02,	3.0500
858.63,	3.0500
859.24,	3.0500
859.85,	3.0500
860.45,	3.0500
861.06,	3.0500
861.67,	3.0500
862.28,	3.0500
862.89,	3.0500
863.50,	3.0500
864.10,	3.0500
864.71,	3.0400
865.32,	3.0400
865.93,	3.0400
866.54,	3.0300
867.14,	3.0300
867.75,	3.0300
868.36,	3.0300
868.97,	3.0200
869.58,	3.0200
870.18,	3.0200
870.79,	3.0100
871.40,	3.0100
872.01,	3.0100
872.61,	3.0100
873.22,	3.0100
873.83,	3.0100
874.44,	3.0000
875.04,	3.0000
875.65,	3.0000
876.26,	3.0000
876.87,	3.0000
877.47,	3.0000
878.08,	3.0000
878.69,	3.0000
879.29,	3.0000
879.90,	3.0000
880.51,	3.0000
881.12,	3.0000
881.72,	3.0000
882.33,	3.0000
882.94,	3.0000
883.54,	3.0000
884.15,	3.0000
884.76,	3.0000
885.36,	3.0000
885.97,	3.0000
886.58,	3.0000
887.18,	3.0000
887.79,	3.0000
888.40,	3.0000
889.00,	3.0000
889.61,	3.0000
890.22,	3.0000
890.82,	2.9900
891.43,	2.9900
892.03,	2.9800
892.64,	2.9800
893.25,	2.9800
893.85,	2.9800
894.46,	2.9700
895.06,	2.9700
895.67,	2.9700
896.28,	2.9700
896.88,	2.9700
897.49,	2.9700
898.09,	2.9700
898.70,	2.9700
899.30,	2.9700
899.91,	2.9600
900.52,	2.9700
901.12,	2.9700
901.73,	2.9700
902.33,	2.9700
902.94,	2.9700
903.54,	2.9700
904.15,	2.9600
904.75,	2.9600
905.36,	2.9700
905.96,	2.9600
906.57,	2.9600
907.17,	2.9600
907.78,	2.9600
908.38,	2.9600
908.99,	2.9600
909.59,	2.9700
910.20,	2.9700
910.80,	2.9600
911.41,	2.9700
912.01,	2.9600
912.62,	2.9600
913.22,	2.9600
913.83,	2.9600
914.43,	2.9700
915.03,	2.9700
915.64,	2.9700
916.24,	2.9700
916.85,	2.9700
917.45,	2.9700
918.06,	2.9700
918.66,	2.9700
919.26,	2.9600
919.87,	2.9600
920.47,	2.9600
921.08,	2.9600
921.68,	2.9600
922.28,	2.9600
922.89,	2.9700
923.49,	2.9600
924.10,	2.9600
924.70,	2.9600
925.30,	2.9700
925.91,	2.9700
926.51,	2.9700
927.11,	2.9700
927.72,	2.9700
928.32,	2.9700
928.92,	2.9700
929.53,	2.9700
930.13,	2.9800
930.74,	2.9800
931.34,	2.9800
931.94,	2.9900
932.54,	2.9900
933.15,	3.0000
933.75,	3.0000
934.35,	3.0000
934.96,	3.0000
935.56,	3.0000
936.16,	3.0000
936.77,	3.0100
937.37,	3.0000
937.97,	3.0000
938.57,	3.0100
939.18,	3.0000
939.78,	3.0100
940.38,	3.0100
940.98,	3.0100
941.59,	3.0000
942.19,	3.0000
942.79,	3.0100
943.39,	3.0100
944.00,	3.0100
944.60,	3.0100
945.20,	3.0100
945.80,	3.4000
946.40,	7.4000
947.01,	14.6500
947.61,	17.6000
948.21,	18.7900
948.81,	19.7400
949.41,	20.6100
950.02,	21.4100
950.62,	22.1500
951.22,	22.8600
951.82,	23.5200
952.42,	24.1500
953.02,	24.7500
953.63,	25.3300
954.23,	25.8800
954.83,	26.4100
955.43,	26.9100
956.03,	27.3900
956.63,	27.8500
957.24,	28.3000
957.84,	28.7100
958.44,	29.1000
959.04,	29.5000
959.64,	34.7000
960.24,	35.5000
960.84,	35.5000
961.44,	35.5000
962.04,	35.5000
962.64,	35.5000
963.25,	35.5000
963.85,	35.5000
964.45,	35.5000
965.05,	35.5000
965.65,	35.5000
966.25,	35.5000
966.85,	35.5000
967.45,	35.5000
968.05,	35.5000
968.65,	35.5000
969.25,	35.5000
969.85,	35.5000
970.45,	35.5000
971.05,	35.5000
971.65,	35.5000
972.25,	35.5000
972.85,	35.5000
973.45,	35.5000
974.05,	35.5000
974.65,	35.5000
975.25,	35.5000
975.85,	35.5000
976.45,	35.5000
977.05,	35.5000
977.65,	35.5000
978.25,	35.5000
978.85,	35.5000
979.45,	35.5000
980.05,	35.5000
980.65,	35.5000
981.25,	35.5000
981.85,	35.5000
982.45,	35.5000
983.05,	35.5000
983.65,	35.5000
984.25,	35.5000
984.85,	35.5000
985.45,	35.5000
986.04,	35.5000
986.64,	35.5000
987.24,	35.5000
987.84,	35.5000
988.44,	35.5000
989.04,	35.5000
989.64,	35.5000
990.24,	35.5000
990.84,	35.5000
991.44,	35.5000
992.03,	35.5000
992.63,	35.5000
993.23,	35.5000
993.83,	35.5000
994.43,	35.5000
995.03,	9.3100
995.63,	-2.5200
996.22,	-2.5200
996.82,	-2.5200
997.42,	-2.5200
998.02,	-2.5200
998.62,	-2.5200
999.21,	-2.5200
999.81,	-2.5200
1000.41,	-2.5200
