Call Sign = ZSDA,	Ship Name = SA Agulhas,	Lloyds Num = 0
Date = 02/06/2017,	Time = 16:31,	
Latitude = 34 29.64  S,	Longitude = 015 40.41  E
Instr = Sippican Deep Blue,	Card Type = Sippican MK-21,	
Wind Instr = ,	Measur Method = 
Probe Serial Num = -1,	Ship Dir = -1,	Ship Speed = -1.00
Wind Dir = 245,	Wind Speed = 23.10
Dry Bulb Temp = 18.20,	Total Water Depth = -1.00

Full Resolution Values
Depth,	 Temp
0.67,	19.9400
1.34,	19.8800
2.01,	19.8400
2.68,	19.8300
3.34,	19.8300
4.01,	19.8300
4.68,	19.8300
5.35,	19.8300
6.02,	19.8400
6.69,	19.8400
7.36,	19.8400
8.03,	19.8300
8.69,	19.8400
9.36,	19.8400
10.03,	19.8400
10.70,	19.8400
11.37,	19.8400
12.04,	19.8400
12.70,	19.8400
13.37,	19.8400
14.04,	19.8400
14.71,	19.8400
15.38,	19.8400
16.05,	19.8300
16.71,	19.8400
17.38,	19.8400
18.05,	19.8300
18.72,	19.8200
19.38,	19.8200
20.05,	19.8200
20.72,	19.8100
21.39,	19.8100
22.06,	19.8100
22.72,	19.8200
23.39,	19.8100
24.06,	19.7800
24.73,	19.7800
25.39,	19.7900
26.06,	19.8000
26.73,	19.7800
27.40,	19.7700
28.06,	19.7600
28.73,	19.7500
29.40,	19.7400
30.06,	19.7400
30.73,	19.7200
31.40,	19.7000
32.06,	19.6800
32.73,	19.6600
33.40,	19.6500
34.07,	19.6400
34.73,	19.6300
35.40,	19.6300
36.07,	19.6200
36.73,	19.6200
37.40,	19.6200
38.07,	19.6200
38.73,	19.6200
39.40,	19.6100
40.06,	19.6100
40.73,	19.6100
41.40,	19.6000
42.06,	19.6000
42.73,	19.6000
43.40,	19.5900
44.06,	19.5700
44.73,	19.5500
45.39,	19.5300
46.06,	19.5100
46.73,	19.4900
47.39,	19.4600
48.06,	19.4400
48.72,	19.4300
49.39,	19.4300
50.06,	19.4200
50.72,	19.4200
51.39,	19.4100
52.05,	19.3900
52.72,	19.3800
53.38,	19.3800
54.05,	19.3700
54.71,	19.3600
55.38,	19.3400
56.05,	19.3300
56.71,	19.3300
57.38,	19.3200
58.04,	19.2900
58.71,	19.2300
59.37,	19.1500
60.04,	19.0500
60.70,	18.9800
61.37,	18.9300
62.03,	18.8900
62.70,	18.8300
63.36,	18.7700
64.03,	18.6900
64.69,	18.5700
65.36,	18.4700
66.02,	18.4100
66.69,	18.3800
67.35,	18.3200
68.01,	18.2500
68.68,	18.1900
69.34,	18.1400
70.01,	18.1200
70.67,	18.1100
71.34,	18.0700
72.00,	18.0100
72.66,	17.9600
73.33,	17.9200
73.99,	17.8800
74.66,	17.8400
75.32,	17.8100
75.98,	17.7900
76.65,	17.7800
77.31,	17.7800
77.98,	17.7500
78.64,	17.7300
79.30,	17.7200
79.97,	17.7100
80.63,	17.7000
81.30,	17.6900
81.96,	17.6700
82.62,	17.6700
83.29,	17.6700
83.95,	17.6600
84.61,	17.6600
85.28,	17.6400
85.94,	17.6300
86.60,	17.6100
87.27,	17.5900
87.93,	17.5600
88.59,	17.5100
89.26,	17.4700
89.92,	17.4500
90.58,	17.4300
91.24,	17.4300
91.91,	17.4200
92.57,	17.4100
93.23,	17.3800
93.90,	17.3700
94.56,	17.3500
95.22,	17.3300
95.88,	17.3100
96.55,	17.2800
97.21,	17.2600
97.87,	17.2500
98.53,	17.2300
99.20,	17.1800
99.86,	17.1200
100.52,	17.0600
101.18,	17.0100
101.85,	16.9700
102.51,	16.9300
103.17,	16.9100
103.83,	16.9000
104.49,	16.8900
105.16,	16.8700
105.82,	16.8700
106.48,	16.8500
107.14,	16.8400
107.80,	16.8300
108.47,	16.8400
109.13,	16.8400
109.79,	16.8300
110.45,	16.8100
111.11,	16.7900
111.77,	16.7900
112.44,	16.8000
113.10,	16.8000
113.76,	16.7900
114.42,	16.7800
115.08,	16.7700
115.74,	16.7300
116.40,	16.6900
117.06,	16.6700
117.73,	16.6600
118.39,	16.6500
119.05,	16.6300
119.71,	16.6100
120.37,	16.6000
121.03,	16.5900
121.69,	16.5800
122.35,	16.5700
123.01,	16.5700
123.67,	16.5600
124.33,	16.5500
125.00,	16.5200
125.66,	16.4700
126.32,	16.4200
126.98,	16.3800
127.64,	16.3700
128.30,	16.3600
128.96,	16.3500
129.62,	16.3500
130.28,	16.3500
130.94,	16.3500
131.60,	16.3300
132.26,	16.3100
132.92,	16.2900
133.58,	16.2600
134.24,	16.2400
134.90,	16.2000
135.56,	16.1600
136.22,	16.1400
136.88,	16.1400
137.54,	16.1200
138.20,	16.1000
138.86,	16.0800
139.52,	16.0400
140.18,	16.0100
140.84,	15.9800
141.50,	15.9500
142.16,	15.9400
142.82,	15.9300
143.48,	15.9100
144.14,	15.8900
144.79,	15.8800
145.45,	15.8700
146.11,	15.8700
146.77,	15.8500
147.43,	15.8400
148.09,	15.8200
148.75,	15.8000
149.41,	15.7600
150.07,	15.7300
150.73,	15.7100
151.39,	15.6800
152.04,	15.6400
152.70,	15.6100
153.36,	15.5900
154.02,	15.5900
154.68,	15.5900
155.34,	15.5900
156.00,	15.5800
156.65,	15.5800
157.31,	15.5600
157.97,	15.5300
158.63,	15.5100
159.29,	15.5000
159.95,	15.4900
160.60,	15.4900
161.26,	15.4900
161.92,	15.4800
162.58,	15.4700
163.24,	15.4700
163.90,	15.4700
164.55,	15.4800
165.21,	15.4800
165.87,	15.4600
166.53,	15.4400
167.18,	15.4400
167.84,	15.4400
168.50,	15.4400
169.16,	15.4400
169.82,	15.4400
170.47,	15.4400
171.13,	15.4500
171.79,	15.4400
172.44,	15.4200
173.10,	15.4000
173.76,	15.3800
174.42,	15.3700
175.07,	15.3600
175.73,	15.3400
176.39,	15.3300
177.05,	15.3100
177.70,	15.3100
178.36,	15.2900
179.02,	15.2700
179.67,	15.2200
180.33,	15.1900
180.99,	15.1600
181.64,	15.1300
182.30,	15.1200
182.96,	15.1100
183.61,	15.1100
184.27,	15.1100
184.93,	15.1100
185.58,	15.1200
186.24,	15.1200
186.90,	15.1100
187.55,	15.0900
188.21,	15.0700
188.87,	15.0600
189.52,	15.0500
190.18,	15.0500
190.83,	15.0400
191.49,	15.0100
192.15,	14.9700
192.80,	14.9500
193.46,	14.8900
194.11,	14.8600
194.77,	14.8600
195.43,	14.8300
196.08,	14.7900
196.74,	14.7400
197.39,	14.7200
198.05,	14.7100
198.70,	14.7100
199.36,	14.7300
200.02,	14.7500
200.67,	14.7900
201.33,	14.8300
201.98,	14.8400
202.64,	14.8300
203.29,	14.8000
203.95,	14.7600
204.60,	14.7100
205.26,	14.6700
205.91,	14.6400
206.57,	14.6200
207.22,	14.5800
207.88,	14.5300
208.53,	14.4700
209.19,	14.4400
209.84,	14.4200
210.50,	14.4100
211.15,	14.4000
211.81,	14.3900
212.46,	14.3900
213.12,	14.3900
213.77,	14.3700
214.43,	14.3700
215.08,	14.3800
215.74,	14.3700
216.39,	14.3700
217.04,	14.3700
217.70,	14.3700
218.35,	14.4200
219.01,	14.5400
219.66,	14.6000
220.32,	14.6300
220.97,	14.6300
221.62,	14.6300
222.28,	14.6400
222.93,	14.6400
223.59,	14.6400
224.24,	14.6400
224.89,	14.6300
225.55,	14.6200
226.20,	14.6100
226.85,	14.5800
227.51,	14.5600
228.16,	14.5600
228.81,	14.5500
229.47,	14.5400
230.12,	14.5400
230.78,	14.5300
231.43,	14.5200
232.08,	14.5100
232.74,	14.5000
233.39,	14.4900
234.04,	14.4700
234.69,	14.4600
235.35,	14.4500
236.00,	14.4400
236.65,	14.4200
237.31,	14.4000
237.96,	14.3900
238.61,	14.3800
239.27,	14.3700
239.92,	14.3400
240.57,	14.3200
241.22,	14.3000
241.88,	14.2800
242.53,	14.2700
243.18,	14.2800
243.83,	14.2700
244.49,	14.2700
245.14,	14.2600
245.79,	14.2600
246.44,	14.2500
247.10,	14.2600
247.75,	14.2600
248.40,	14.2700
249.05,	14.2800
249.70,	14.3000
250.36,	14.3200
251.01,	14.3200
251.66,	14.3100
252.31,	14.3000
252.96,	14.2900
253.62,	14.2900
254.27,	14.2900
254.92,	14.2700
255.57,	14.2600
256.22,	14.2500
256.88,	14.2300
257.53,	14.2200
258.18,	14.2100
258.83,	14.2200
259.48,	14.2300
260.13,	14.2300
260.78,	14.2300
261.44,	14.2000
262.09,	14.1700
262.74,	14.1600
263.39,	14.1500
264.04,	14.1500
264.69,	14.1400
265.34,	14.1400
265.99,	14.1500
266.64,	14.1700
267.29,	14.1900
267.95,	14.2100
268.60,	14.2300
269.25,	14.2500
269.90,	14.2500
270.55,	14.2400
271.20,	14.2300
271.85,	14.2100
272.50,	14.1800
273.15,	14.1500
273.80,	14.1300
274.45,	14.1200
275.10,	14.1000
275.75,	14.0700
276.40,	14.0500
277.05,	14.0300
277.70,	14.0100
278.35,	14.0000
279.00,	13.9900
279.65,	13.9800
280.30,	13.9600
280.95,	13.9200
281.60,	13.8900
282.25,	13.8600
282.90,	13.8500
283.55,	13.8300
284.20,	13.8200
284.85,	13.8100
285.50,	13.8000
286.15,	13.7900
286.80,	13.7800
287.45,	13.7400
288.10,	13.7000
288.75,	13.6700
289.40,	13.6300
290.05,	13.6000
290.70,	13.5700
291.35,	13.5200
292.00,	13.4700
292.64,	13.4300
293.29,	13.4200
293.94,	13.4300
294.59,	13.4300
295.24,	13.4400
295.89,	13.4500
296.54,	13.4500
297.19,	13.4600
297.84,	13.4600
298.49,	13.4600
299.13,	13.4700
299.78,	13.4700
300.43,	13.4800
301.08,	13.4800
301.73,	13.4800
302.38,	13.4600
303.02,	13.4400
303.67,	13.4400
304.32,	13.4200
304.97,	13.4100
305.62,	13.4000
306.27,	13.4000
306.91,	13.4000
307.56,	13.4100
308.21,	13.4100
308.86,	13.4100
309.51,	13.3900
310.15,	13.3800
310.80,	13.3700
311.45,	13.3600
312.10,	13.3600
312.75,	13.3600
313.39,	13.3600
314.04,	13.3500
314.69,	13.3400
315.34,	13.3300
315.98,	13.3200
316.63,	13.3000
317.28,	13.2800
317.93,	13.2700
318.57,	13.2600
319.22,	13.2500
319.87,	13.2300
320.52,	13.2200
321.16,	13.2100
321.81,	13.2100
322.46,	13.2000
323.10,	13.1900
323.75,	13.1700
324.40,	13.1500
325.04,	13.1400
325.69,	13.1400
326.34,	13.1300
326.99,	13.1000
327.63,	13.0900
328.28,	13.0900
328.93,	13.0900
329.57,	13.0800
330.22,	13.0800
330.86,	13.0800
331.51,	13.0700
332.16,	13.0800
332.80,	13.0800
333.45,	13.0800
334.10,	13.0400
334.74,	12.9900
335.39,	12.9600
336.03,	12.9300
336.68,	12.9200
337.33,	12.9100
337.97,	12.9100
338.62,	12.8900
339.26,	12.8900
339.91,	12.8900
340.56,	12.8800
341.20,	12.8700
341.85,	12.8700
342.49,	12.8700
343.14,	12.8800
343.78,	12.8900
344.43,	12.8700
345.08,	12.8700
345.72,	12.8600
346.37,	12.8400
347.01,	12.8400
347.66,	12.8500
348.30,	12.8600
348.95,	12.8700
349.59,	12.8700
350.24,	12.8700
350.88,	12.8600
351.53,	12.8500
352.17,	12.8400
352.82,	12.8200
353.46,	12.8000
354.11,	12.7900
354.75,	12.7800
355.40,	12.7700
356.04,	12.7600
356.69,	12.7600
357.33,	12.7500
357.98,	12.7500
358.62,	12.7300
359.27,	12.7100
359.91,	12.6900
360.55,	12.6800
361.20,	12.6700
361.84,	12.6700
362.49,	12.6500
363.13,	12.6500
363.78,	12.6400
364.42,	12.6200
365.06,	12.6100
365.71,	12.5800
366.35,	12.5400
367.00,	12.5100
367.64,	12.4900
368.28,	12.4800
368.93,	12.4800
369.57,	12.4800
370.22,	12.4700
370.86,	12.4700
371.50,	12.4700
372.15,	12.4700
372.79,	12.4700
373.43,	12.4700
374.08,	12.4600
374.72,	12.4600
375.36,	12.4600
376.01,	12.4600
376.65,	12.4600
377.29,	12.4600
377.94,	12.4600
378.58,	12.4600
379.22,	12.4500
379.87,	12.4400
380.51,	12.4300
381.15,	12.4200
381.79,	12.4200
382.44,	12.4200
383.08,	12.4100
383.72,	12.3900
384.37,	12.3700
385.01,	12.3600
385.65,	12.3600
386.29,	12.3600
386.94,	12.3500
387.58,	12.3500
388.22,	12.3400
388.86,	12.3300
389.51,	12.3100
390.15,	12.3000
390.79,	12.3000
391.43,	12.3000
392.08,	12.2900
392.72,	12.2700
393.36,	12.2500
394.00,	12.2400
394.64,	12.2300
395.29,	12.2200
395.93,	12.2200
396.57,	12.2100
397.21,	12.2000
397.85,	12.1900
398.50,	12.1900
399.14,	12.1800
399.78,	12.1600
400.42,	12.1500
401.06,	12.1200
401.70,	12.1000
402.34,	12.1000
402.99,	12.0900
403.63,	12.0800
404.27,	12.0800
404.91,	12.0500
405.55,	12.0300
406.19,	12.0100
406.83,	12.0000
407.48,	11.9900
408.12,	11.9800
408.76,	11.9600
409.40,	11.9600
410.04,	11.9500
410.68,	11.9400
411.32,	11.9300
411.96,	11.9300
412.60,	11.9100
413.24,	11.8800
413.88,	11.8700
414.52,	11.8600
415.17,	11.8400
415.81,	11.8300
416.45,	11.8200
417.09,	11.8200
417.73,	11.8200
418.37,	11.8000
419.01,	11.7900
419.65,	11.7900
420.29,	11.7900
420.93,	11.7900
421.57,	11.7600
422.21,	11.7200
422.85,	11.6800
423.49,	11.6700
424.13,	11.6700
424.77,	11.6600
425.41,	11.6600
426.05,	11.6600
426.69,	11.6600
427.33,	11.6600
427.97,	11.6600
428.61,	11.6800
429.25,	11.6900
429.89,	11.6800
430.53,	11.6700
431.17,	11.6600
431.80,	11.6500
432.44,	11.6400
433.08,	11.6300
433.72,	11.6200
434.36,	11.6200
435.00,	11.6100
435.64,	11.6100
436.28,	11.6000
436.92,	11.5900
437.56,	11.5700
438.20,	11.5400
438.84,	11.5100
439.47,	11.4700
440.11,	11.4400
440.75,	11.4100
441.39,	11.3900
442.03,	11.3700
442.67,	11.3600
443.31,	11.3300
443.95,	11.3200
444.58,	11.2900
445.22,	11.2800
445.86,	11.2700
446.50,	11.2700
447.14,	11.2700
447.78,	11.2900
448.41,	11.3000
449.05,	11.3100
449.69,	11.3000
450.33,	11.3100
450.97,	11.2900
451.60,	11.2700
452.24,	11.2500
452.88,	11.2400
453.52,	11.2500
454.16,	11.2600
454.79,	11.2900
455.43,	11.2900
456.07,	11.2900
456.71,	11.2800
457.35,	11.2800
457.98,	11.2700
458.62,	11.2600
459.26,	11.2600
459.90,	11.2500
460.53,	11.2400
461.17,	11.2000
461.81,	11.1700
462.44,	11.1700
463.08,	11.1700
463.72,	11.1700
464.36,	11.1800
464.99,	11.1900
465.63,	11.1800
466.27,	11.1800
466.90,	11.1800
467.54,	11.1800
468.18,	11.1700
468.81,	11.1700
469.45,	11.1700
470.09,	11.1700
470.72,	11.1700
471.36,	11.1500
472.00,	11.1500
472.63,	11.1500
473.27,	11.1300
473.91,	11.1200
474.54,	11.1000
475.18,	11.1000
475.82,	11.0900
476.45,	11.1000
477.09,	11.1000
477.73,	11.1100
478.36,	11.1000
479.00,	11.1100
479.63,	11.1100
480.27,	11.0900
480.91,	11.0700
481.54,	11.0600
482.18,	11.0500
482.81,	11.0400
483.45,	11.0300
484.08,	11.0200
484.72,	11.0000
485.36,	10.9900
485.99,	10.9800
486.63,	10.9700
487.26,	10.9500
487.90,	10.9400
488.53,	10.9100
489.17,	10.8800
489.80,	10.8700
490.44,	10.8600
491.07,	10.8400
491.71,	10.8200
492.34,	10.7900
492.98,	10.7800
493.62,	10.7700
494.25,	10.7600
494.89,	10.7500
495.52,	10.7500
496.15,	10.7600
496.79,	10.7700
497.42,	10.7700
498.06,	10.7700
498.69,	10.7800
499.33,	10.7700
499.96,	10.7700
500.60,	10.7700
501.23,	10.7700
501.87,	10.7500
502.50,	10.7200
503.14,	10.7000
503.77,	10.6800
504.40,	10.6600
505.04,	10.6400
505.67,	10.6500
506.31,	10.6500
506.94,	10.6600
507.57,	10.6700
508.21,	10.6700
508.84,	10.6500
509.48,	10.6300
510.11,	10.6100
510.74,	10.6000
511.38,	10.5900
512.01,	10.5900
512.65,	10.5900
513.28,	10.6000
513.91,	10.6100
514.55,	10.6200
515.18,	10.6200
515.81,	10.6200
516.45,	10.6200
517.08,	10.6200
517.71,	10.6200
518.35,	10.6200
518.98,	10.6000
519.61,	10.5700
520.25,	10.5500
520.88,	10.5300
521.51,	10.5200
522.15,	10.5100
522.78,	10.5000
523.41,	10.5000
524.04,	10.4900
524.68,	10.4900
525.31,	10.4800
525.94,	10.4800
526.58,	10.4700
527.21,	10.4400
527.84,	10.4300
528.47,	10.4200
529.11,	10.4100
529.74,	10.4100
530.37,	10.4000
531.00,	10.4000
531.64,	10.4000
532.27,	10.3900
532.90,	10.3800
533.53,	10.3700
534.17,	10.3700
534.80,	10.3700
535.43,	10.3700
536.06,	10.3700
536.69,	10.3700
537.33,	10.3700
537.96,	10.3700
538.59,	10.3700
539.22,	10.3700
539.85,	10.3700
540.48,	10.3600
541.12,	10.3600
541.75,	10.3700
542.38,	10.3700
543.01,	10.3600
543.64,	10.3700
544.27,	10.3700
544.91,	10.3600
545.54,	10.3500
546.17,	10.3500
546.80,	10.3400
547.43,	10.3200
548.06,	10.3200
548.69,	10.3000
549.32,	10.2700
549.95,	10.2400
550.59,	10.2300
551.22,	10.2200
551.85,	10.2100
552.48,	10.2100
553.11,	10.2000
553.74,	10.2000
554.37,	10.2100
555.00,	10.2000
555.63,	10.2100
556.26,	10.2000
556.89,	10.1900
557.52,	10.1800
558.15,	10.1700
558.78,	10.1700
559.42,	10.1500
560.05,	10.1500
560.68,	10.1400
561.31,	10.1300
561.94,	10.1200
562.57,	10.0900
563.20,	10.0300
563.83,	10.0000
564.46,	9.9800
565.09,	9.9500
565.72,	9.9200
566.35,	9.9100
566.98,	9.8900
567.61,	9.8700
568.24,	9.8700
568.87,	9.8600
569.50,	9.8500
570.12,	9.8300
570.75,	9.8100
571.38,	9.8100
572.01,	9.7800
572.64,	9.7500
573.27,	9.7400
573.90,	9.7400
574.53,	9.7300
575.16,	9.7200
575.79,	9.7200
576.42,	9.7100
577.05,	9.7000
577.68,	9.6900
578.31,	9.6600
578.93,	9.6400
579.56,	9.6300
580.19,	9.6100
580.82,	9.5800
581.45,	9.5600
582.08,	9.5500
582.71,	9.5400
583.34,	9.5200
583.97,	9.5000
584.59,	9.4900
585.22,	9.4700
585.85,	9.4500
586.48,	9.4400
587.11,	9.4300
587.74,	9.4200
588.36,	9.4100
588.99,	9.4000
589.62,	9.3900
590.25,	9.3800
590.88,	9.3700
591.50,	9.3600
592.13,	9.3500
592.76,	9.3500
593.39,	9.3300
594.02,	9.3200
594.64,	9.3100
595.27,	9.3100
595.90,	9.3000
596.53,	9.3000
597.16,	9.2900
597.78,	9.2800
598.41,	9.2600
599.04,	9.2500
599.67,	9.2400
600.29,	9.2400
600.92,	9.2300
601.55,	9.2200
602.18,	9.2000
602.80,	9.1800
603.43,	9.1600
604.06,	9.1500
604.68,	9.1400
605.31,	9.1300
605.94,	9.1200
606.57,	9.1200
607.19,	9.1100
607.82,	9.0900
608.45,	9.0700
609.07,	9.0600
609.70,	9.0400
610.33,	9.0200
610.95,	9.0000
611.58,	8.9900
612.21,	8.9700
612.83,	8.9400
613.46,	8.9200
614.09,	8.9000
614.71,	8.8700
615.34,	8.8600
615.97,	8.8500
616.59,	8.8300
617.22,	8.8200
617.84,	8.8100
618.47,	8.8100
619.10,	8.8000
619.72,	8.8000
620.35,	8.8000
620.97,	8.8000
621.60,	8.8000
622.23,	8.7900
622.85,	8.7900
623.48,	8.7900
624.10,	8.7900
624.73,	8.7900
625.35,	8.7800
625.98,	8.7800
626.61,	8.7700
627.23,	8.7600
627.86,	8.7400
628.48,	8.7300
629.11,	8.7300
629.73,	8.7300
630.36,	8.7200
630.98,	8.7200
631.61,	8.7100
632.23,	8.7000
632.86,	8.6800
633.48,	8.6700
634.11,	8.6600
634.73,	8.6500
635.36,	8.6500
635.98,	8.6400
636.61,	8.6200
637.23,	8.6100
637.86,	8.6100
638.48,	8.6100
639.11,	8.6000
639.73,	8.5900
640.36,	8.5600
640.98,	8.5400
641.61,	8.5300
642.23,	8.5300
642.85,	8.5200
643.48,	8.5200
644.10,	8.5000
644.73,	8.4700
645.35,	8.4500
645.98,	8.4400
646.60,	8.4400
647.22,	8.4300
647.85,	8.4200
648.47,	8.4200
649.10,	8.4100
649.72,	8.3900
650.34,	8.3800
650.97,	8.3700
651.59,	8.3600
652.22,	8.3500
652.84,	8.3300
653.46,	8.3200
654.09,	8.3200
654.71,	8.3100
655.33,	8.3000
655.96,	8.3000
656.58,	8.2900
657.20,	8.2800
657.83,	8.2800
658.45,	8.2800
659.07,	8.2700
659.70,	8.2700
660.32,	8.2500
660.94,	8.2400
661.57,	8.2400
662.19,	8.2300
662.81,	8.2300
663.43,	8.2300
664.06,	8.2100
664.68,	8.2000
665.30,	8.2000
665.93,	8.1900
666.55,	8.1900
667.17,	8.1800
667.79,	8.1600
668.42,	8.1500
669.04,	8.1500
669.66,	8.1400
670.28,	8.1300
670.91,	8.1200
671.53,	8.1100
672.15,	8.1100
672.77,	8.1100
673.39,	8.1200
674.02,	8.1200
674.64,	8.1200
675.26,	8.1200
675.88,	8.1000
676.50,	8.0700
677.13,	8.0500
677.75,	8.0200
678.37,	8.0100
678.99,	8.0000
679.61,	8.0000
680.24,	7.9900
680.86,	7.9800
681.48,	7.9700
682.10,	7.9800
682.72,	7.9700
683.34,	7.9500
683.96,	7.9400
684.59,	7.9300
685.21,	7.9200
685.83,	7.9200
686.45,	7.9100
687.07,	7.8900
687.69,	7.8800
688.31,	7.8800
688.93,	7.8700
689.56,	7.8600
690.18,	7.8600
690.80,	7.8500
691.42,	7.8300
692.04,	7.7800
692.66,	7.7300
693.28,	7.7000
693.90,	7.6900
694.52,	7.6700
695.14,	7.6200
695.76,	7.5800
696.38,	7.5500
697.00,	7.5300
697.62,	7.5000
698.25,	7.4700
698.87,	7.4400
699.49,	7.4200
700.11,	7.4000
700.73,	7.3900
701.35,	7.3900
701.97,	7.3900
702.59,	7.3900
703.21,	7.3900
703.83,	7.4000
704.45,	7.4100
705.07,	7.4300
705.69,	7.4500
706.31,	7.4600
706.93,	7.4700
707.55,	7.4800
708.17,	7.4800
708.79,	7.4800
709.40,	7.4800
710.02,	7.4700
710.64,	7.4700
711.26,	7.4700
711.88,	7.4600
712.50,	7.4600
713.12,	7.4500
713.74,	7.4400
714.36,	7.4400
714.98,	7.4300
715.60,	7.4200
716.22,	7.4200
716.84,	7.4100
717.45,	7.4000
718.07,	7.4000
718.69,	7.4000
719.31,	7.3900
719.93,	7.3900
720.55,	7.3900
721.17,	7.3800
721.79,	7.3800
722.41,	7.3700
723.02,	7.3600
723.64,	7.3600
724.26,	7.3600
724.88,	7.3600
725.50,	7.3500
726.12,	7.3400
726.73,	7.3300
727.35,	7.3100
727.97,	7.3000
728.59,	7.2800
729.21,	7.2700
729.83,	7.2600
730.44,	7.2500
731.06,	7.2300
731.68,	7.2200
732.30,	7.2000
732.92,	7.1800
733.53,	7.1800
734.15,	7.1800
734.77,	7.1600
735.39,	7.1500
736.00,	7.1200
736.62,	7.0900
737.24,	7.0800
737.86,	7.0700
738.47,	7.0700
739.09,	7.0500
739.71,	7.0400
740.33,	7.0300
740.94,	7.0100
741.56,	7.0000
742.18,	6.9900
742.79,	6.9900
743.41,	6.9800
744.03,	6.9700
744.65,	6.9600
745.26,	6.9400
745.88,	6.9300
746.50,	6.9200
747.11,	6.9000
747.73,	6.8800
748.35,	6.8600
748.96,	6.8400
749.58,	6.8100
750.20,	6.7900
750.81,	6.7700
751.43,	6.7600
752.05,	6.7600
752.66,	6.7500
753.28,	6.7500
753.90,	6.7400
754.51,	6.7300
755.13,	6.7100
755.74,	6.7000
756.36,	6.6900
756.98,	6.6900
757.59,	6.6900
758.21,	6.6800
758.82,	6.6700
759.44,	6.6700
760.06,	6.6600
760.67,	6.6400
761.29,	6.6300
761.90,	6.6200
762.52,	6.6100
763.14,	6.6100
763.75,	6.6100
764.37,	6.6000
764.98,	6.6000
765.60,	6.6000
766.21,	6.6000
766.83,	6.5900
767.44,	6.5800
768.06,	6.5700
768.67,	6.5500
769.29,	6.5300
769.90,	6.5200
770.52,	6.5000
771.14,	6.4600
771.75,	6.4400
772.37,	6.4300
772.98,	6.4200
773.59,	6.4100
774.21,	6.4100
774.82,	6.4000
775.44,	6.4000
776.05,	6.3900
776.67,	6.3800
777.28,	6.3800
777.90,	6.3600
778.51,	6.3500
779.13,	6.3500
779.74,	6.3500
780.36,	6.3600
780.97,	6.3600
781.58,	6.3500
782.20,	6.3400
782.81,	6.3500
783.43,	6.3500
784.04,	6.3500
784.66,	6.3400
785.27,	6.3400
785.88,	6.3400
786.50,	6.3300
787.11,	6.3200
787.73,	6.3000
788.34,	6.2900
788.95,	6.2900
789.57,	6.2900
790.18,	6.2800
790.79,	6.2800
791.41,	6.2800
792.02,	6.2800
792.63,	6.2800
793.25,	6.2800
793.86,	6.2800
794.47,	6.2800
795.09,	6.2700
795.70,	6.2600
796.31,	6.2500
796.93,	6.2500
797.54,	6.2500
798.15,	6.2500
798.77,	6.2500
799.38,	6.2500
799.99,	6.2400
800.61,	6.2300
801.22,	6.2300
801.83,	6.2200
802.44,	6.2100
803.06,	6.2100
803.67,	6.2100
804.28,	6.2000
804.90,	6.1900
805.51,	6.1700
806.12,	6.1700
806.73,	6.1700
807.34,	6.1600
807.96,	6.1500
808.57,	6.1500
809.18,	6.1500
809.79,	6.1500
810.41,	6.1400
811.02,	6.1300
811.63,	6.1200
812.24,	6.1200
812.85,	6.1100
813.47,	6.1100
814.08,	6.1000
814.69,	6.0800
815.30,	6.0700
815.91,	6.0600
816.53,	6.0500
817.14,	6.0400
817.75,	6.0300
818.36,	6.0200
818.97,	6.0200
819.58,	6.0200
820.20,	6.0200
820.81,	5.9800
821.42,	5.9600
822.03,	5.9400
822.64,	5.9200
823.25,	5.9200
823.86,	5.9000
824.47,	5.8900
825.09,	5.8800
825.70,	5.8700
826.31,	5.8600
826.92,	5.8700
827.53,	5.8500
828.14,	5.8500
828.75,	5.8500
829.36,	5.8400
829.97,	5.8300
830.58,	5.8200
831.19,	5.8100
831.80,	5.8000
832.42,	5.7900
833.03,	5.7800
833.64,	5.7800
834.25,	5.7700
834.86,	5.7700
835.47,	5.7600
836.08,	5.7600
836.69,	5.7600
837.30,	5.7500
837.91,	5.7400
838.52,	5.7500
839.13,	5.7400
839.74,	5.7400
840.35,	5.7400
840.96,	5.7400
841.57,	5.7400
842.18,	5.7300
842.79,	5.7300
843.40,	5.7300
844.01,	5.7300
844.62,	5.7300
845.23,	5.7200
845.84,	5.7200
846.45,	5.7200
847.06,	5.7100
847.67,	5.7200
848.27,	5.7100
848.88,	5.7100
849.49,	5.7000
850.10,	5.6900
850.71,	5.6900
851.32,	5.6800
851.93,	5.6700
852.54,	5.6500
853.15,	5.6400
853.76,	5.6200
854.37,	5.5900
854.98,	5.5700
855.58,	5.5500
856.19,	5.5500
856.80,	5.5400
857.41,	5.5400
858.02,	5.5400
858.63,	5.5400
859.24,	5.5300
859.85,	5.5300
860.45,	5.5200
861.06,	5.5200
861.67,	5.5200
862.28,	5.5200
862.89,	5.5100
863.50,	5.5100
864.10,	5.5100
864.71,	5.5000
865.32,	5.5000
865.93,	5.5000
866.54,	5.5000
867.14,	5.4900
867.75,	5.4900
868.36,	5.4700
868.97,	5.4600
869.58,	5.4500
870.18,	5.4400
870.79,	5.4300
871.40,	5.4200
872.01,	5.4100
872.61,	5.4000
873.22,	5.4000
873.83,	5.3900
874.44,	5.3900
875.04,	5.3800
875.65,	5.3800
876.26,	5.3800
876.87,	5.3700
877.47,	5.3600
878.08,	5.3500
878.69,	5.3400
879.29,	5.3300
879.90,	5.3100
880.51,	5.2800
881.12,	5.2600
881.72,	5.2600
882.33,	5.2500
882.94,	5.2600
883.54,	5.2500
884.15,	5.2500
884.76,	5.2400
885.36,	5.2300
885.97,	5.2300
886.58,	5.2300
887.18,	5.2200
887.79,	5.2200
888.40,	5.2100
889.00,	5.2100
889.61,	5.2100
890.22,	5.2200
890.82,	5.2200
891.43,	5.2300
892.03,	5.2300
892.64,	5.2400
893.25,	5.2600
893.85,	5.2800
894.46,	5.2900
895.06,	5.3000
895.67,	5.3100
896.28,	5.3200
896.88,	5.3300
897.49,	5.3200
898.09,	5.3200
898.70,	5.3100
899.30,	5.3100
899.91,	5.3000
900.52,	5.2900
901.12,	5.2700
901.73,	5.2600
902.33,	5.2300
902.94,	5.2200
903.54,	5.2000
904.15,	5.1800
904.75,	5.1600
905.36,	5.1600
905.96,	5.1600
906.57,	5.1600
907.17,	5.1600
907.78,	5.1700
908.38,	5.1600
908.99,	5.1500
909.59,	5.1100
910.20,	4.9900
910.80,	4.8700
911.41,	4.8000
912.01,	4.7900
912.62,	4.7800
913.22,	4.7700
913.83,	4.7800
914.43,	4.7900
915.03,	4.8100
915.64,	4.8400
916.24,	4.8300
916.85,	4.8100
917.45,	4.7800
918.06,	4.7500
918.66,	4.7400
919.26,	4.7300
919.87,	4.7100
920.47,	4.6900
921.08,	4.6800
921.68,	4.6500
922.28,	4.6200
922.89,	4.5900
923.49,	5.3800
924.10,	12.4700
924.70,	21.2600
925.30,	25.2000
925.91,	28.1700
926.51,	30.6600
927.11,	32.8000
927.72,	34.6700
928.32,	35.5000
928.92,	35.5000
929.53,	35.5000
930.13,	35.5000
930.74,	35.5000
931.34,	35.5000
931.94,	35.5000
932.54,	35.5000
933.15,	35.5000
933.75,	35.5000
934.35,	35.5000
934.96,	35.5000
935.56,	35.5000
936.16,	35.5000
936.77,	35.5000
937.37,	35.5000
937.97,	35.5000
938.57,	35.5000
939.18,	35.5000
939.78,	35.5000
940.38,	35.5000
940.98,	35.5000
941.59,	35.5000
942.19,	35.5000
942.79,	35.5000
943.39,	35.5000
944.00,	35.5000
944.60,	35.5000
945.20,	35.5000
945.80,	35.5000
946.40,	35.5000
947.01,	35.5000
947.61,	35.5000
948.21,	35.5000
948.81,	35.5000
949.41,	35.5000
950.02,	35.5000
950.62,	35.5000
951.22,	35.5000
951.82,	35.5000
952.42,	35.5000
953.02,	35.5000
953.63,	35.5000
954.23,	35.5000
954.83,	35.5000
955.43,	35.5000
956.03,	35.5000
956.63,	35.5000
957.24,	35.5000
957.84,	35.5000
958.44,	35.5000
959.04,	35.5000
959.64,	35.5000
960.24,	35.5000
960.84,	35.5000
961.44,	35.5000
962.04,	-2.5200
962.64,	-2.5200
963.25,	-2.5200
963.85,	-2.5200
964.45,	-2.5200
965.05,	-2.5200
965.65,	-2.5200
966.25,	-2.5200
966.85,	-2.5200
967.45,	-2.5200
968.05,	-2.5200
968.65,	-2.5200
969.25,	-2.5200
969.85,	-2.5200
970.45,	-2.5200
971.05,	-2.5200
971.65,	-2.5200
972.25,	-2.5200
972.85,	-2.5200
973.45,	-2.5200
974.05,	-2.5200
974.65,	-2.5200
975.25,	-2.5200
975.85,	-2.5200
976.45,	-2.5200
977.05,	-2.5200
977.65,	-2.5200
978.25,	-2.5200
978.85,	-2.5200
979.45,	-2.5200
980.05,	-2.5200
980.65,	-2.5200
981.25,	-2.5200
981.85,	-2.5200
982.45,	-2.5200
983.05,	-2.5200
983.65,	-2.5200
984.25,	-2.5200
984.85,	-2.5200
985.45,	-2.5200
986.04,	-2.5200
986.64,	-2.5200
987.24,	-2.5200
987.84,	-2.5200
988.44,	-2.5200
989.04,	-2.5200
989.64,	-2.5200
990.24,	-2.5200
990.84,	-2.5200
991.44,	-2.5200
992.03,	-2.5200
992.63,	-2.5200
993.23,	-2.5200
993.83,	-2.5200
994.43,	-2.5200
995.03,	-2.5200
995.63,	-2.5200
996.22,	-2.5200
996.82,	-2.5200
997.42,	-2.5200
998.02,	-2.5200
998.62,	-2.5200
999.21,	-2.5200
999.81,	-2.5200
1000.41,	-2.5200
