Call Sign = ZSDA,	Ship Name = SA Agulhas,	Lloyds Num = 0
Date = 02/06/2017,	Time = 11:57,	
Latitude = 34 33.11  S,	Longitude = 014 35.90  E
Instr = Sippican Deep Blue,	Card Type = Sippican MK-21,	
Wind Instr = ,	Measur Method = 
Probe Serial Num = -1,	Ship Dir = -1,	Ship Speed = -1.00
Wind Dir = 194,	Wind Speed = 25.10
Dry Bulb Temp = 18.60,	Total Water Depth = -1.00

Full Resolution Values
Depth,	 Temp
0.67,	19.6300
1.34,	19.8200
2.01,	19.8300
2.68,	19.8400
3.34,	19.8300
4.01,	19.8100
4.68,	19.7900
5.35,	19.8100
6.02,	19.8400
6.69,	19.8400
7.36,	19.8400
8.03,	19.8500
8.69,	19.8500
9.36,	19.8400
10.03,	19.8400
10.70,	19.8500
11.37,	19.8400
12.04,	19.8400
12.70,	19.8500
13.37,	19.8400
14.04,	19.8400
14.71,	19.8400
15.38,	19.8300
16.05,	19.8400
16.71,	19.8400
17.38,	19.8400
18.05,	19.8300
18.72,	19.8300
19.38,	19.8300
20.05,	19.8300
20.72,	19.8300
21.39,	19.8300
22.06,	19.8200
22.72,	19.8200
23.39,	19.8200
24.06,	19.8200
24.73,	19.8200
25.39,	19.8200
26.06,	19.8200
26.73,	19.8200
27.40,	19.8100
28.06,	19.8100
28.73,	19.8200
29.40,	19.8100
30.06,	19.8100
30.73,	19.8100
31.40,	19.8100
32.06,	19.8100
32.73,	19.8100
33.40,	19.8100
34.07,	19.8200
34.73,	19.8200
35.40,	19.8100
36.07,	19.8200
36.73,	19.8100
37.40,	19.8100
38.07,	19.8100
38.73,	19.8100
39.40,	19.8100
40.06,	19.8100
40.73,	19.8100
41.40,	19.8100
42.06,	19.8100
42.73,	19.8100
43.40,	19.8100
44.06,	19.8100
44.73,	19.8000
45.39,	19.8100
46.06,	19.8100
46.73,	19.8100
47.39,	19.8000
48.06,	19.8100
48.72,	19.8100
49.39,	19.8000
50.06,	19.8000
50.72,	19.8000
51.39,	19.8000
52.05,	19.8000
52.72,	19.8000
53.38,	19.8100
54.05,	19.8100
54.71,	19.8000
55.38,	19.8000
56.05,	19.8000
56.71,	19.8000
57.38,	19.8000
58.04,	19.8000
58.71,	19.8000
59.37,	19.7900
60.04,	19.8000
60.70,	19.8000
61.37,	19.8000
62.03,	19.7900
62.70,	19.8000
63.36,	19.8100
64.03,	19.8000
64.69,	19.7900
65.36,	19.7800
66.02,	19.7800
66.69,	19.7800
67.35,	19.7700
68.01,	19.7600
68.68,	19.7400
69.34,	19.6700
70.01,	19.5400
70.67,	19.3800
71.34,	19.3100
72.00,	19.2500
72.66,	19.1900
73.33,	19.1500
73.99,	19.1100
74.66,	19.0800
75.32,	19.0500
75.98,	19.0300
76.65,	19.0000
77.31,	18.9700
77.98,	18.9300
78.64,	18.8900
79.30,	18.8500
79.97,	18.8400
80.63,	18.8300
81.30,	18.8200
81.96,	18.7900
82.62,	18.7600
83.29,	18.7300
83.95,	18.7100
84.61,	18.6900
85.28,	18.6700
85.94,	18.6600
86.60,	18.6500
87.27,	18.6300
87.93,	18.6000
88.59,	18.5900
89.26,	18.5800
89.92,	18.5800
90.58,	18.5800
91.24,	18.5700
91.91,	18.5600
92.57,	18.5500
93.23,	18.5400
93.90,	18.5200
94.56,	18.5100
95.22,	18.4900
95.88,	18.4700
96.55,	18.4400
97.21,	18.4100
97.87,	18.3900
98.53,	18.3800
99.20,	18.3700
99.86,	18.3400
100.52,	18.3300
101.18,	18.3100
101.85,	18.2800
102.51,	18.2500
103.17,	18.2300
103.83,	18.1900
104.49,	18.1600
105.16,	18.1300
105.82,	18.1100
106.48,	18.0800
107.14,	18.0600
107.80,	18.0500
108.47,	18.0500
109.13,	18.0400
109.79,	18.0300
110.45,	18.0300
111.11,	18.0100
111.77,	17.9900
112.44,	17.9700
113.10,	17.9600
113.76,	17.9400
114.42,	17.9200
115.08,	17.9100
115.74,	17.9000
116.40,	17.8900
117.06,	17.8800
117.73,	17.8800
118.39,	17.8700
119.05,	17.8600
119.71,	17.8500
120.37,	17.8400
121.03,	17.8300
121.69,	17.8300
122.35,	17.8200
123.01,	17.8000
123.67,	17.7900
124.33,	17.8000
125.00,	17.7900
125.66,	17.7700
126.32,	17.7500
126.98,	17.7400
127.64,	17.7300
128.30,	17.7100
128.96,	17.7000
129.62,	17.7000
130.28,	17.6900
130.94,	17.6900
131.60,	17.6800
132.26,	17.6700
132.92,	17.6600
133.58,	17.6500
134.24,	17.6500
134.90,	17.6600
135.56,	17.6500
136.22,	17.6400
136.88,	17.6200
137.54,	17.6200
138.20,	17.6100
138.86,	17.5900
139.52,	17.5700
140.18,	17.5700
140.84,	17.5600
141.50,	17.5400
142.16,	17.5400
142.82,	17.5400
143.48,	17.5400
144.14,	17.5400
144.79,	17.5300
145.45,	17.5300
146.11,	17.5300
146.77,	17.5200
147.43,	17.5200
148.09,	17.5100
148.75,	17.4900
149.41,	17.4800
150.07,	17.4700
150.73,	17.4400
151.39,	17.4200
152.04,	17.4000
152.70,	17.4000
153.36,	17.4000
154.02,	17.3900
154.68,	17.3800
155.34,	17.3500
156.00,	17.3500
156.65,	17.3500
157.31,	17.3500
157.97,	17.3500
158.63,	17.3300
159.29,	17.3300
159.95,	17.3300
160.60,	17.3200
161.26,	17.3100
161.92,	17.3100
162.58,	17.3000
163.24,	17.2900
163.90,	17.3000
164.55,	17.2900
165.21,	17.2800
165.87,	17.2800
166.53,	17.2700
167.18,	17.2600
167.84,	17.2700
168.50,	17.2600
169.16,	17.2300
169.82,	17.2100
170.47,	17.1800
171.13,	17.1500
171.79,	17.1400
172.44,	17.1100
173.10,	17.1000
173.76,	17.0800
174.42,	17.0600
175.07,	17.0600
175.73,	17.0600
176.39,	17.0600
177.05,	17.0500
177.70,	17.0600
178.36,	17.0500
179.02,	17.0500
179.67,	17.0400
180.33,	17.0200
180.99,	17.0100
181.64,	16.9900
182.30,	16.9800
182.96,	16.9800
183.61,	16.9700
184.27,	16.9600
184.93,	16.9600
185.58,	16.9500
186.24,	16.9400
186.90,	16.9300
187.55,	16.9300
188.21,	16.9300
188.87,	16.9400
189.52,	16.9400
190.18,	16.9200
190.83,	16.9200
191.49,	16.9100
192.15,	16.8900
192.80,	16.8900
193.46,	16.8800
194.11,	16.8700
194.77,	16.8500
195.43,	16.8300
196.08,	16.8200
196.74,	16.8100
197.39,	16.7900
198.05,	16.7600
198.70,	16.7200
199.36,	16.6800
200.02,	16.6500
200.67,	16.6200
201.33,	16.6000
201.98,	16.5700
202.64,	16.5500
203.29,	16.5200
203.95,	16.4900
204.60,	16.4800
205.26,	16.4700
205.91,	16.4500
206.57,	16.4100
207.22,	16.3700
207.88,	16.3400
208.53,	16.3000
209.19,	16.2800
209.84,	16.2500
210.50,	16.2100
211.15,	16.1700
211.81,	16.1300
212.46,	16.1000
213.12,	16.0800
213.77,	16.0800
214.43,	16.0800
215.08,	16.0700
215.74,	16.0700
216.39,	16.0400
217.04,	16.0100
217.70,	15.9600
218.35,	15.9000
219.01,	15.8800
219.66,	15.8600
220.32,	15.8600
220.97,	15.8400
221.62,	15.8200
222.28,	15.7800
222.93,	15.7500
223.59,	15.7400
224.24,	15.7300
224.89,	15.7300
225.55,	15.7400
226.20,	15.7400
226.85,	15.7400
227.51,	15.7400
228.16,	15.7300
228.81,	15.7200
229.47,	15.7200
230.12,	15.7100
230.78,	15.7000
231.43,	15.7000
232.08,	15.6800
232.74,	15.6400
233.39,	15.6100
234.04,	15.5900
234.69,	15.5800
235.35,	15.5400
236.00,	15.5000
236.65,	15.4700
237.31,	15.4500
237.96,	15.4300
238.61,	15.4300
239.27,	15.4200
239.92,	15.4200
240.57,	15.4200
241.22,	15.4200
241.88,	15.4300
242.53,	15.4400
243.18,	15.4300
243.83,	15.4100
244.49,	15.3900
245.14,	15.3800
245.79,	15.3900
246.44,	15.4000
247.10,	15.3900
247.75,	15.3800
248.40,	15.3700
249.05,	15.3700
249.70,	15.3700
250.36,	15.3700
251.01,	15.3600
251.66,	15.3600
252.31,	15.3500
252.96,	15.3500
253.62,	15.3300
254.27,	15.3200
254.92,	15.3300
255.57,	15.3100
256.22,	15.3100
256.88,	15.3100
257.53,	15.3100
258.18,	15.3100
258.83,	15.3000
259.48,	15.2800
260.13,	15.2800
260.78,	15.2700
261.44,	15.2700
262.09,	15.2700
262.74,	15.2800
263.39,	15.2700
264.04,	15.2500
264.69,	15.2500
265.34,	15.2500
265.99,	15.2400
266.64,	15.2400
267.29,	15.2400
267.95,	15.2200
268.60,	15.2100
269.25,	15.2000
269.90,	15.1900
270.55,	15.1800
271.20,	15.1700
271.85,	15.1600
272.50,	15.1500
273.15,	15.1100
273.80,	15.0200
274.45,	14.9600
275.10,	14.9200
275.75,	14.8900
276.40,	14.8100
277.05,	14.7500
277.70,	14.7200
278.35,	14.7000
279.00,	14.7100
279.65,	14.7300
280.30,	14.7300
280.95,	14.7200
281.60,	14.7000
282.25,	14.6800
282.90,	14.6300
283.55,	14.6000
284.20,	14.5900
284.85,	14.5700
285.50,	14.5200
286.15,	14.4800
286.80,	14.4400
287.45,	14.4200
288.10,	14.4100
288.75,	14.4000
289.40,	14.3900
290.05,	14.3800
290.70,	14.3800
291.35,	14.3800
292.00,	14.3800
292.64,	14.4100
293.29,	14.4500
293.94,	14.4800
294.59,	14.5100
295.24,	14.5300
295.89,	14.5300
296.54,	14.5300
297.19,	14.5300
297.84,	14.5300
298.49,	14.5100
299.13,	14.4900
299.78,	14.4600
300.43,	14.4200
301.08,	14.4000
301.73,	14.3800
302.38,	14.3400
303.02,	14.3300
303.67,	14.3100
304.32,	14.2800
304.97,	14.2600
305.62,	14.2500
306.27,	14.2300
306.91,	14.2200
307.56,	14.2100
308.21,	14.1900
308.86,	14.1700
309.51,	14.1600
310.15,	14.1500
310.80,	14.1400
311.45,	14.1400
312.10,	14.1300
312.75,	14.1200
313.39,	14.1100
314.04,	14.0900
314.69,	14.0800
315.34,	14.0500
315.98,	14.0300
316.63,	14.0100
317.28,	13.9900
317.93,	13.9700
318.57,	13.9500
319.22,	13.9200
319.87,	13.8900
320.52,	13.8700
321.16,	13.8700
321.81,	13.8700
322.46,	13.8600
323.10,	13.8600
323.75,	13.8500
324.40,	13.8500
325.04,	13.8400
325.69,	13.8200
326.34,	13.8000
326.99,	13.7900
327.63,	13.7800
328.28,	13.7800
328.93,	13.7800
329.57,	13.7700
330.22,	13.7700
330.86,	13.7600
331.51,	13.7600
332.16,	13.7500
332.80,	13.7400
333.45,	13.7500
334.10,	13.7400
334.74,	13.7100
335.39,	13.6800
336.03,	13.6700
336.68,	13.6500
337.33,	13.6200
337.97,	13.6000
338.62,	13.5900
339.26,	13.5700
339.91,	13.5500
340.56,	13.5400
341.20,	13.5500
341.85,	13.5500
342.49,	13.5400
343.14,	13.5300
343.78,	13.5200
344.43,	13.5000
345.08,	13.4800
345.72,	13.4600
346.37,	13.4500
347.01,	13.4300
347.66,	13.4200
348.30,	13.4100
348.95,	13.3800
349.59,	13.3700
350.24,	13.3500
350.88,	13.3300
351.53,	13.3000
352.17,	13.2800
352.82,	13.2500
353.46,	13.2200
354.11,	13.2000
354.75,	13.1700
355.40,	13.1500
356.04,	13.1400
356.69,	13.1400
357.33,	13.1500
357.98,	13.1500
358.62,	13.1500
359.27,	13.1500
359.91,	13.1500
360.55,	13.1500
361.20,	13.1500
361.84,	13.1500
362.49,	13.1400
363.13,	13.1400
363.78,	13.1400
364.42,	13.1300
365.06,	13.1400
365.71,	13.1400
366.35,	13.1300
367.00,	13.1200
367.64,	13.1200
368.28,	13.1200
368.93,	13.1100
369.57,	13.0700
370.22,	13.0100
370.86,	12.9500
371.50,	12.9100
372.15,	12.9000
372.79,	12.8800
373.43,	12.8700
374.08,	12.8600
374.72,	12.8600
375.36,	12.8500
376.01,	12.8500
376.65,	12.8400
377.29,	12.8600
377.94,	12.8900
378.58,	12.9100
379.22,	12.9200
379.87,	12.9100
380.51,	12.8900
381.15,	12.8800
381.79,	12.8800
382.44,	12.8800
383.08,	12.8900
383.72,	12.9000
384.37,	12.9100
385.01,	12.9000
385.65,	12.8500
386.29,	12.7900
386.94,	12.7400
387.58,	12.7000
388.22,	12.6700
388.86,	12.6700
389.51,	12.7100
390.15,	12.7300
390.79,	12.7400
391.43,	12.7400
392.08,	12.7400
392.72,	12.7400
393.36,	12.7400
394.00,	12.7300
394.64,	12.7300
395.29,	12.7400
395.93,	12.7600
396.57,	12.7700
397.21,	12.7800
397.85,	12.7800
398.50,	12.7900
399.14,	12.7900
399.78,	12.7700
400.42,	12.7400
401.06,	12.7300
401.70,	12.7400
402.34,	12.7500
402.99,	12.7500
403.63,	12.7600
404.27,	12.7500
404.91,	12.7500
405.55,	12.7500
406.19,	12.7400
406.83,	12.7200
407.48,	12.7000
408.12,	12.6900
408.76,	12.6700
409.40,	12.6500
410.04,	12.6400
410.68,	12.6300
411.32,	12.6100
411.96,	12.6000
412.60,	12.5800
413.24,	12.5700
413.88,	12.5500
414.52,	12.5300
415.17,	12.5100
415.81,	12.5000
416.45,	12.5000
417.09,	12.4900
417.73,	12.4800
418.37,	12.4700
419.01,	12.4500
419.65,	12.4300
420.29,	12.3900
420.93,	12.3700
421.57,	12.3500
422.21,	12.3400
422.85,	12.3400
423.49,	12.3300
424.13,	12.3200
424.77,	12.2900
425.41,	12.2700
426.05,	12.2600
426.69,	12.2500
427.33,	12.2400
427.97,	12.2200
428.61,	12.2000
429.25,	12.1900
429.89,	12.1800
430.53,	12.1500
431.17,	12.1200
431.80,	12.1000
432.44,	12.0800
433.08,	12.0700
433.72,	12.0600
434.36,	12.0500
435.00,	12.0400
435.64,	12.0400
436.28,	12.0300
436.92,	12.0300
437.56,	12.0200
438.20,	12.0200
438.84,	12.0100
439.47,	12.0100
440.11,	11.9900
440.75,	11.9800
441.39,	11.9700
442.03,	11.9600
442.67,	11.9500
443.31,	11.9600
443.95,	11.9400
444.58,	11.9200
445.22,	11.9000
445.86,	11.8700
446.50,	11.8500
447.14,	11.8300
447.78,	11.8100
448.41,	11.7900
449.05,	11.7800
449.69,	11.7800
450.33,	11.7600
450.97,	11.7500
451.60,	11.7400
452.24,	11.7400
452.88,	11.7400
453.52,	11.7400
454.16,	11.7300
454.79,	11.7400
455.43,	11.7300
456.07,	11.7300
456.71,	11.7200
457.35,	11.7200
457.98,	11.7200
458.62,	11.7100
459.26,	11.6900
459.90,	11.6900
460.53,	11.6800
461.17,	11.6800
461.81,	11.6700
462.44,	11.6800
463.08,	11.7000
463.72,	11.7200
464.36,	11.7200
464.99,	11.7300
465.63,	11.7200
466.27,	11.6800
466.90,	11.6400
467.54,	11.6200
468.18,	11.6100
468.81,	11.6100
469.45,	11.6100
470.09,	11.6100
470.72,	11.6200
471.36,	11.6200
472.00,	11.6500
472.63,	11.6800
473.27,	11.6900
473.91,	11.6900
474.54,	11.6600
475.18,	11.6500
475.82,	11.6400
476.45,	11.6400
477.09,	11.6500
477.73,	11.6500
478.36,	11.6400
479.00,	11.6400
479.63,	11.6400
480.27,	11.6400
480.91,	11.6400
481.54,	11.6300
482.18,	11.6200
482.81,	11.6100
483.45,	11.5900
484.08,	11.5700
484.72,	11.5600
485.36,	11.5500
485.99,	11.5500
486.63,	11.5500
487.26,	11.5500
487.90,	11.5500
488.53,	11.5500
489.17,	11.5400
489.80,	11.5400
490.44,	11.5400
491.07,	11.5300
491.71,	11.5200
492.34,	11.5200
492.98,	11.5100
493.62,	11.5000
494.25,	11.4900
494.89,	11.4900
495.52,	11.4800
496.15,	11.4700
496.79,	11.4600
497.42,	11.4500
498.06,	11.4600
498.69,	11.4600
499.33,	11.4400
499.96,	11.4300
500.60,	11.4100
501.23,	11.4100
501.87,	11.4000
502.50,	11.4000
503.14,	11.3900
503.77,	11.4000
504.40,	11.3900
505.04,	11.3800
505.67,	11.3500
506.31,	11.3300
506.94,	11.3100
507.57,	11.3000
508.21,	11.3000
508.84,	11.3000
509.48,	11.3000
510.11,	11.2900
510.74,	11.2700
511.38,	11.2600
512.01,	11.2500
512.65,	11.2400
513.28,	11.2300
513.91,	11.2200
514.55,	11.2100
515.18,	11.2100
515.81,	11.2000
516.45,	11.1900
517.08,	11.1900
517.71,	11.1800
518.35,	11.1800
518.98,	11.1800
519.61,	11.1900
520.25,	11.1800
520.88,	11.1600
521.51,	11.1400
522.15,	11.1200
522.78,	11.1100
523.41,	11.1000
524.04,	11.0800
524.68,	11.0700
525.31,	11.0400
525.94,	11.0000
526.58,	10.9600
527.21,	10.9400
527.84,	10.9300
528.47,	10.9100
529.11,	10.8900
529.74,	10.8800
530.37,	10.8800
531.00,	10.8700
531.64,	10.8700
532.27,	10.8600
532.90,	10.8500
533.53,	10.8400
534.17,	10.8300
534.80,	10.8200
535.43,	10.8000
536.06,	10.7700
536.69,	10.7400
537.33,	10.7000
537.96,	10.6700
538.59,	10.6400
539.22,	10.6100
539.85,	10.5900
540.48,	10.5900
541.12,	10.5900
541.75,	10.6000
542.38,	10.6000
543.01,	10.6100
543.64,	10.6100
544.27,	10.6100
544.91,	10.6200
545.54,	10.6200
546.17,	10.6300
546.80,	10.6400
547.43,	10.6400
548.06,	10.6300
548.69,	10.6200
549.32,	10.6000
549.95,	10.5900
550.59,	10.5800
551.22,	10.5600
551.85,	10.5400
552.48,	10.5300
553.11,	10.5100
553.74,	10.5000
554.37,	10.4800
555.00,	10.4800
555.63,	10.4700
556.26,	10.4500
556.89,	10.4400
557.52,	10.4300
558.15,	10.4100
558.78,	10.4000
559.42,	10.3800
560.05,	10.3700
560.68,	10.3600
561.31,	10.3500
561.94,	10.3400
562.57,	10.3300
563.20,	10.3200
563.83,	10.3100
564.46,	10.3000
565.09,	10.2900
565.72,	10.3000
566.35,	10.3000
566.98,	10.2800
567.61,	10.2800
568.24,	10.2900
568.87,	10.2800
569.50,	10.2700
570.12,	10.2700
570.75,	10.2600
571.38,	10.2600
572.01,	10.2800
572.64,	10.3200
573.27,	10.3300
573.90,	10.3300
574.53,	10.3400
575.16,	10.3300
575.79,	10.3300
576.42,	10.3200
577.05,	10.3200
577.68,	10.3200
578.31,	10.3100
578.93,	10.3100
579.56,	10.3000
580.19,	10.3000
580.82,	10.2900
581.45,	10.2700
582.08,	10.2600
582.71,	10.2500
583.34,	10.2300
583.97,	10.2100
584.59,	10.1800
585.22,	10.1600
585.85,	10.1500
586.48,	10.1500
587.11,	10.1400
587.74,	10.1300
588.36,	10.1300
588.99,	10.1200
589.62,	10.1200
590.25,	10.1200
590.88,	10.1200
591.50,	10.1300
592.13,	10.1200
592.76,	10.1100
593.39,	10.1000
594.02,	10.0900
594.64,	10.0900
595.27,	10.0800
595.90,	10.0700
596.53,	10.0600
597.16,	10.0500
597.78,	10.0500
598.41,	10.0500
599.04,	10.0500
599.67,	10.0500
600.29,	10.0500
600.92,	10.0500
601.55,	10.0400
602.18,	10.0300
602.80,	10.0100
603.43,	10.0000
604.06,	9.9800
604.68,	9.9700
605.31,	9.9500
605.94,	9.9400
606.57,	9.9300
607.19,	9.9100
607.82,	9.8900
608.45,	9.8800
609.07,	9.8700
609.70,	9.8700
610.33,	9.8700
610.95,	9.8700
611.58,	9.8600
612.21,	9.8600
612.83,	9.8500
613.46,	9.8500
614.09,	9.8300
614.71,	9.8200
615.34,	9.8100
615.97,	9.8000
616.59,	9.7900
617.22,	9.7800
617.84,	9.7700
618.47,	9.7500
619.10,	9.7300
619.72,	9.7200
620.35,	9.7100
620.97,	9.7000
621.60,	9.7000
622.23,	9.6800
622.85,	9.6700
623.48,	9.6700
624.10,	9.6600
624.73,	9.6400
625.35,	9.6300
625.98,	9.6300
626.61,	9.6200
627.23,	9.6200
627.86,	9.6100
628.48,	9.6000
629.11,	9.5900
629.73,	9.5900
630.36,	9.5900
630.98,	9.5900
631.61,	9.6000
632.23,	9.6200
632.86,	9.6200
633.48,	9.6200
634.11,	9.6200
634.73,	9.6200
635.36,	9.6200
635.98,	9.5900
636.61,	9.5600
637.23,	9.5300
637.86,	9.5200
638.48,	9.5000
639.11,	9.4900
639.73,	9.4700
640.36,	9.4700
640.98,	9.4500
641.61,	9.4400
642.23,	9.4400
642.85,	9.4300
643.48,	9.4200
644.10,	9.4100
644.73,	9.3900
645.35,	9.3700
645.98,	9.3600
646.60,	9.3500
647.22,	9.3500
647.85,	9.3400
648.47,	9.3400
649.10,	9.3400
649.72,	9.3300
650.34,	9.3300
650.97,	9.3200
651.59,	9.3200
652.22,	9.3100
652.84,	9.2900
653.46,	9.2900
654.09,	9.2700
654.71,	9.2500
655.33,	9.2200
655.96,	9.2000
656.58,	9.1800
657.20,	9.1700
657.83,	9.1600
658.45,	9.1500
659.07,	9.1200
659.70,	9.0900
660.32,	9.0600
660.94,	9.0500
661.57,	9.0400
662.19,	9.0400
662.81,	9.0400
663.43,	9.0300
664.06,	9.0300
664.68,	9.0200
665.30,	9.0100
665.93,	9.0100
666.55,	9.0100
667.17,	9.0100
667.79,	9.0100
668.42,	9.0100
669.04,	9.0000
669.66,	9.0000
670.28,	9.0000
670.91,	8.9800
671.53,	8.9600
672.15,	8.9500
672.77,	8.9400
673.39,	8.9200
674.02,	8.9000
674.64,	8.8800
675.26,	8.8600
675.88,	8.8400
676.50,	8.8200
677.13,	8.8100
677.75,	8.8000
678.37,	8.7800
678.99,	8.7700
679.61,	8.7500
680.24,	8.7400
680.86,	8.7300
681.48,	8.7200
682.10,	8.7000
682.72,	8.6800
683.34,	8.6600
683.96,	8.6400
684.59,	8.6300
685.21,	8.6200
685.83,	8.6200
686.45,	8.6200
687.07,	8.6200
687.69,	8.6100
688.31,	8.6000
688.93,	8.6000
689.56,	8.5900
690.18,	8.5900
690.80,	8.5800
691.42,	8.5700
692.04,	8.5500
692.66,	8.5400
693.28,	8.5200
693.90,	8.5100
694.52,	8.5000
695.14,	8.4900
695.76,	8.4900
696.38,	8.4900
697.00,	8.4900
697.62,	8.4700
698.25,	8.4600
698.87,	8.4500
699.49,	8.4300
700.11,	8.4000
700.73,	8.3900
701.35,	8.3800
701.97,	8.3500
702.59,	8.3300
703.21,	8.3200
703.83,	8.3200
704.45,	8.3000
705.07,	8.2800
705.69,	8.2700
706.31,	8.2600
706.93,	8.2500
707.55,	8.2400
708.17,	8.2200
708.79,	8.2200
709.40,	8.2100
710.02,	8.2100
710.64,	8.2100
711.26,	8.2100
711.88,	8.1900
712.50,	8.1700
713.12,	8.1600
713.74,	8.1600
714.36,	8.1600
714.98,	8.1500
715.60,	8.1500
716.22,	8.1400
716.84,	8.1300
717.45,	8.1300
718.07,	8.1100
718.69,	8.1100
719.31,	8.0900
719.93,	8.0500
720.55,	8.0000
721.17,	7.9600
721.79,	7.9300
722.41,	7.9300
723.02,	7.9200
723.64,	7.9100
724.26,	7.8900
724.88,	7.8400
725.50,	7.8000
726.12,	7.7800
726.73,	7.7600
727.35,	7.7200
727.97,	7.6900
728.59,	7.6600
729.21,	7.6400
729.83,	7.6200
730.44,	7.6200
731.06,	7.6400
731.68,	7.6400
732.30,	7.6200
732.92,	7.6100
733.53,	7.6100
734.15,	7.6000
734.77,	7.6000
735.39,	7.6000
736.00,	7.5800
736.62,	7.5600
737.24,	7.5300
737.86,	7.4900
738.47,	7.4500
739.09,	7.4100
739.71,	7.3900
740.33,	7.3700
740.94,	7.3500
741.56,	7.3400
742.18,	7.3400
742.79,	7.3300
743.41,	7.3300
744.03,	7.3300
744.65,	7.3300
745.26,	7.3300
745.88,	7.3400
746.50,	7.3400
747.11,	7.3500
747.73,	7.3500
748.35,	7.3600
748.96,	7.3600
749.58,	7.3600
750.20,	7.3700
750.81,	7.3900
751.43,	7.4000
752.05,	7.4100
752.66,	7.4100
753.28,	7.4200
753.90,	7.4300
754.51,	7.4400
755.13,	7.4300
755.74,	7.4300
756.36,	7.4100
756.98,	7.4000
757.59,	7.3900
758.21,	7.3900
758.82,	7.4000
759.44,	7.4100
760.06,	7.4100
760.67,	7.4200
761.29,	7.4200
761.90,	7.4100
762.52,	7.4000
763.14,	7.3900
763.75,	7.3900
764.37,	7.3900
764.98,	7.3800
765.60,	7.3800
766.21,	7.3900
766.83,	7.3800
767.44,	7.3600
768.06,	7.3300
768.67,	7.3100
769.29,	7.2900
769.90,	7.2800
770.52,	7.2600
771.14,	7.2500
771.75,	7.2400
772.37,	7.2300
772.98,	7.2200
773.59,	7.2200
774.21,	7.2100
774.82,	7.2000
775.44,	7.1800
776.05,	7.1500
776.67,	7.1200
777.28,	7.1000
777.90,	7.0900
778.51,	7.0800
779.13,	7.0700
779.74,	7.0600
780.36,	7.0500
780.97,	7.0400
781.58,	7.0400
782.20,	7.0300
782.81,	7.0300
783.43,	7.0300
784.04,	7.0100
784.66,	6.9800
785.27,	6.9600
785.88,	6.9500
786.50,	6.9400
787.11,	6.9300
787.73,	6.9200
788.34,	6.8900
788.95,	6.8700
789.57,	6.8400
790.18,	6.8300
790.79,	6.8100
791.41,	6.7800
792.02,	6.7400
792.63,	6.7000
793.25,	6.6700
793.86,	6.6200
794.47,	6.5700
795.09,	6.5200
795.70,	6.4900
796.31,	6.4700
796.93,	6.4600
797.54,	6.4500
798.15,	6.4400
798.77,	6.4200
799.38,	6.4000
799.99,	6.3700
800.61,	6.3400
801.22,	6.3200
801.83,	6.2900
802.44,	6.2800
803.06,	6.2700
803.67,	6.2600
804.28,	6.2500
804.90,	6.2200
805.51,	6.2000
806.12,	6.1700
806.73,	6.1500
807.34,	6.1400
807.96,	6.1300
808.57,	6.1000
809.18,	6.0900
809.79,	6.0700
810.41,	6.0600
811.02,	6.0500
811.63,	6.0500
812.24,	6.0500
812.85,	6.0400
813.47,	6.0300
814.08,	6.0100
814.69,	5.9700
815.30,	5.9300
815.91,	5.9000
816.53,	5.8900
817.14,	5.8900
817.75,	5.8800
818.36,	5.8800
818.97,	5.8800
819.58,	5.8800
820.20,	5.8700
820.81,	5.8700
821.42,	5.8600
822.03,	5.8600
822.64,	5.8600
823.25,	5.8500
823.86,	5.8500
824.47,	5.8500
825.09,	5.8400
825.70,	5.8300
826.31,	5.8200
826.92,	5.8200
827.53,	5.8100
828.14,	5.8000
828.75,	5.8000
829.36,	5.8000
829.97,	5.8000
830.58,	5.8000
831.19,	5.7900
831.80,	5.7800
832.42,	5.7700
833.03,	5.7600
833.64,	5.7600
834.25,	5.7500
834.86,	5.7500
835.47,	5.7500
836.08,	5.7500
836.69,	5.7600
837.30,	5.7600
837.91,	5.7500
838.52,	5.7500
839.13,	5.7500
839.74,	5.7500
840.35,	5.7500
840.96,	5.7500
841.57,	5.7500
842.18,	5.7500
842.79,	5.7600
843.40,	5.7500
844.01,	5.7500
844.62,	5.7500
845.23,	5.7500
845.84,	5.7400
846.45,	5.7400
847.06,	5.7300
847.67,	5.7300
848.27,	5.7300
848.88,	5.7200
849.49,	5.7100
850.10,	5.6900
850.71,	5.6800
851.32,	5.6700
851.93,	5.6500
852.54,	5.6400
853.15,	5.6200
853.76,	5.6100
854.37,	5.5900
854.98,	5.5500
855.58,	5.5100
856.19,	5.4600
856.80,	5.4200
857.41,	5.3900
858.02,	5.3600
858.63,	5.3500
859.24,	5.3500
859.85,	5.3300
860.45,	5.2900
861.06,	5.2600
861.67,	5.2400
862.28,	5.2100
862.89,	5.1900
863.50,	5.1400
864.10,	5.0600
864.71,	5.0100
865.32,	4.9700
865.93,	4.9500
866.54,	4.9400
867.14,	4.9300
867.75,	4.9300
868.36,	4.9300
868.97,	4.9400
869.58,	4.9300
870.18,	4.9300
870.79,	4.8900
871.40,	4.8500
872.01,	4.8300
872.61,	4.8300
873.22,	4.8200
873.83,	4.8100
874.44,	4.8100
875.04,	4.8100
875.65,	4.8100
876.26,	4.8100
876.87,	4.8100
877.47,	4.8200
878.08,	4.8200
878.69,	4.8000
879.29,	4.7700
879.90,	4.7500
880.51,	4.7400
881.12,	4.7300
881.72,	4.7200
882.33,	4.7000
882.94,	4.6700
883.54,	4.6400
884.15,	4.6200
884.76,	4.5900
885.36,	4.5700
885.97,	4.5600
886.58,	4.5500
887.18,	4.5400
887.79,	4.5300
888.40,	4.5300
889.00,	4.5200
889.61,	4.5100
890.22,	4.5100
890.82,	4.5100
891.43,	4.5100
892.03,	4.5100
892.64,	4.5000
893.25,	4.4900
893.85,	4.4800
894.46,	4.4700
895.06,	4.4700
895.67,	4.4600
896.28,	4.4600
896.88,	4.4600
897.49,	4.4600
898.09,	4.4600
898.70,	4.4500
899.30,	4.4400
899.91,	4.4400
900.52,	4.4400
901.12,	4.4400
901.73,	4.4300
902.33,	4.4200
902.94,	4.4200
903.54,	4.4200
904.15,	4.4200
904.75,	4.4100
905.36,	4.4000
905.96,	4.4000
906.57,	4.4000
907.17,	4.4000
907.78,	4.3900
908.38,	4.3800
908.99,	4.3800
909.59,	4.3700
910.20,	4.3700
910.80,	4.3700
911.41,	4.3700
912.01,	4.3700
912.62,	4.3700
913.22,	4.3700
913.83,	4.3800
914.43,	4.3800
915.03,	4.3900
915.64,	4.3900
916.24,	4.4000
916.85,	4.4300
917.45,	4.4600
918.06,	4.4800
918.66,	4.4900
919.26,	4.4900
919.87,	4.5000
920.47,	4.5000
921.08,	4.5000
921.68,	4.5100
922.28,	4.5300
922.89,	4.5400
923.49,	4.5500
924.10,	4.5500
924.70,	4.5600
925.30,	4.5800
925.91,	4.5900
926.51,	4.5900
927.11,	4.6000
927.72,	4.6000
928.32,	4.6000
928.92,	4.6100
929.53,	4.6100
930.13,	4.6100
930.74,	4.6100
931.34,	4.6100
931.94,	4.6100
932.54,	4.6100
933.15,	4.6100
933.75,	4.6100
934.35,	4.6000
934.96,	4.6100
935.56,	4.6000
936.16,	4.6000
936.77,	4.6000
937.37,	4.6000
937.97,	4.6000
938.57,	4.6000
939.18,	4.6000
939.78,	4.6000
940.38,	4.6000
940.98,	4.5800
941.59,	4.5700
942.19,	4.5700
942.79,	4.5600
943.39,	4.5600
944.00,	4.5500
944.60,	4.5500
945.20,	4.5500
945.80,	4.8400
946.40,	9.4500
947.01,	18.4600
947.61,	22.3300
948.21,	24.5200
948.81,	26.2400
949.41,	27.6900
950.02,	28.9500
950.62,	30.0800
951.22,	31.1100
951.82,	32.0500
952.42,	32.9300
953.02,	33.7500
953.63,	34.5100
954.23,	35.2400
954.83,	35.5000
955.43,	35.5000
956.03,	35.5000
956.63,	35.5000
957.24,	35.5000
957.84,	35.5000
958.44,	35.5000
959.04,	35.5000
959.64,	35.5000
960.24,	35.5000
960.84,	35.5000
961.44,	35.5000
962.04,	35.5000
962.64,	35.5000
963.25,	35.5000
963.85,	35.5000
964.45,	35.5000
965.05,	35.5000
965.65,	35.5000
966.25,	35.5000
966.85,	35.5000
967.45,	35.5000
968.05,	35.5000
968.65,	35.5000
969.25,	35.5000
969.85,	35.5000
970.45,	35.5000
971.05,	35.5000
971.65,	35.5000
972.25,	35.5000
972.85,	35.5000
973.45,	35.5000
974.05,	35.5000
974.65,	35.5000
975.25,	35.5000
975.85,	35.5000
976.45,	35.5000
977.05,	35.5000
977.65,	35.5000
978.25,	35.5000
978.85,	35.5000
979.45,	35.5000
980.05,	35.5000
980.65,	35.5000
981.25,	35.5000
981.85,	35.5000
982.45,	35.5000
983.05,	35.5000
983.65,	35.5000
984.25,	35.5000
984.85,	35.5000
985.45,	35.5000
986.04,	35.5000
986.64,	35.5000
987.24,	35.5000
987.84,	35.5000
988.44,	35.5000
989.04,	35.5000
989.64,	35.5000
990.24,	35.5000
990.84,	35.5000
991.44,	35.5000
992.03,	35.5000
992.63,	35.5000
993.23,	35.5000
993.83,	35.5000
994.43,	35.5000
995.03,	35.5000
995.63,	35.5000
996.22,	35.5000
996.82,	35.5000
997.42,	35.5000
998.02,	35.5000
998.62,	35.5000
999.21,	35.5000
999.81,	35.5000
1000.41,	35.5000
