Call Sign = ZSDA,	Ship Name = SA Agulhas,	Lloyds Num = 0
Date = 02/05/2017,	Time = 16:29,	
Latitude = 37 20.18  S,	Longitude = 012 34.09  E
Instr = Sippican Deep Blue,	Card Type = Sippican MK-21,	
Wind Instr = ,	Measur Method = 
Probe Serial Num = -1,	Ship Dir = -1,	Ship Speed = -1.00
Wind Dir = 231,	Wind Speed = 15.20
Dry Bulb Temp = 15.40,	Total Water Depth = -1.00

Full Resolution Values
Depth,	 Temp
0.67,	19.7900
1.34,	20.1700
2.01,	20.2700
2.68,	20.2800
3.34,	20.2500
4.01,	20.2200
4.68,	20.1800
5.35,	20.1500
6.02,	20.1200
6.69,	20.0900
7.36,	20.1000
8.03,	20.0900
8.69,	20.0800
9.36,	20.0900
10.03,	20.0900
10.70,	20.0900
11.37,	20.0900
12.04,	20.0800
12.70,	20.0800
13.37,	20.0700
14.04,	20.0800
14.71,	20.0700
15.38,	20.0600
16.05,	20.0600
16.71,	20.0600
17.38,	20.0700
18.05,	20.0600
18.72,	20.0600
19.38,	20.0600
20.05,	20.0700
20.72,	20.0700
21.39,	20.0700
22.06,	20.0700
22.72,	20.0700
23.39,	20.0700
24.06,	20.0700
24.73,	20.0700
25.39,	20.0700
26.06,	20.0600
26.73,	20.0700
27.40,	20.0700
28.06,	20.0700
28.73,	20.0600
29.40,	20.0700
30.06,	20.0700
30.73,	20.0600
31.40,	20.0600
32.06,	20.0600
32.73,	20.0500
33.40,	20.0600
34.07,	20.0600
34.73,	20.0600
35.40,	20.0600
36.07,	20.0600
36.73,	20.0500
37.40,	20.0500
38.07,	20.0600
38.73,	20.0600
39.40,	20.0500
40.06,	20.0600
40.73,	20.0600
41.40,	20.0600
42.06,	20.0500
42.73,	20.0600
43.40,	20.0600
44.06,	20.0700
44.73,	20.0600
45.39,	20.0600
46.06,	20.0600
46.73,	20.0600
47.39,	20.0600
48.06,	20.0600
48.72,	20.0600
49.39,	20.0700
50.06,	20.0700
50.72,	20.0700
51.39,	20.0700
52.05,	20.0700
52.72,	20.0800
53.38,	20.0700
54.05,	20.0600
54.71,	20.0600
55.38,	20.0600
56.05,	20.0700
56.71,	20.0700
57.38,	20.0700
58.04,	20.0700
58.71,	20.0700
59.37,	20.0700
60.04,	20.0700
60.70,	20.0800
61.37,	20.1300
62.03,	20.1400
62.70,	20.1300
63.36,	20.1300
64.03,	20.1100
64.69,	20.1000
65.36,	20.1100
66.02,	20.1000
66.69,	20.0800
67.35,	20.0700
68.01,	20.0600
68.68,	20.0600
69.34,	20.0500
70.01,	20.0500
70.67,	20.0500
71.34,	20.0500
72.00,	20.0500
72.66,	20.0300
73.33,	20.0200
73.99,	20.0000
74.66,	19.9800
75.32,	19.9700
75.98,	19.9700
76.65,	19.9200
77.31,	19.8500
77.98,	19.7900
78.64,	19.7200
79.30,	19.6300
79.97,	19.5200
80.63,	19.3800
81.30,	19.2300
81.96,	19.1400
82.62,	19.0800
83.29,	19.0200
83.95,	19.0000
84.61,	18.9700
85.28,	18.9600
85.94,	18.9200
86.60,	18.8800
87.27,	18.8600
87.93,	18.8500
88.59,	18.8300
89.26,	18.8100
89.92,	18.8100
90.58,	18.7500
91.24,	18.7000
91.91,	18.6600
92.57,	18.6300
93.23,	18.6100
93.90,	18.5700
94.56,	18.5400
95.22,	18.5200
95.88,	18.5100
96.55,	18.4900
97.21,	18.4600
97.87,	18.4200
98.53,	18.3900
99.20,	18.3700
99.86,	18.3400
100.52,	18.3300
101.18,	18.3200
101.85,	18.3000
102.51,	18.2900
103.17,	18.3000
103.83,	18.2800
104.49,	18.2600
105.16,	18.2500
105.82,	18.2400
106.48,	18.2200
107.14,	18.2000
107.80,	18.1900
108.47,	18.1800
109.13,	18.1700
109.79,	18.1600
110.45,	18.1600
111.11,	18.1600
111.77,	18.1400
112.44,	18.1200
113.10,	18.0900
113.76,	18.0700
114.42,	18.0400
115.08,	18.0100
115.74,	18.0000
116.40,	17.9800
117.06,	17.9600
117.73,	17.9300
118.39,	17.9300
119.05,	17.9200
119.71,	17.9000
120.37,	17.8800
121.03,	17.8700
121.69,	17.8600
122.35,	17.8600
123.01,	17.8500
123.67,	17.8200
124.33,	17.8000
125.00,	17.7800
125.66,	17.7700
126.32,	17.7700
126.98,	17.7600
127.64,	17.7500
128.30,	17.7400
128.96,	17.7400
129.62,	17.7400
130.28,	17.7200
130.94,	17.6800
131.60,	17.6200
132.26,	17.5700
132.92,	17.5300
133.58,	17.5000
134.24,	17.4800
134.90,	17.4800
135.56,	17.4800
136.22,	17.4700
136.88,	17.4600
137.54,	17.4500
138.20,	17.4300
138.86,	17.4200
139.52,	17.4000
140.18,	17.3800
140.84,	17.3700
141.50,	17.3600
142.16,	17.3400
142.82,	17.3200
143.48,	17.3000
144.14,	17.3000
144.79,	17.2900
145.45,	17.2700
146.11,	17.2500
146.77,	17.2400
147.43,	17.2300
148.09,	17.2100
148.75,	17.2000
149.41,	17.2100
150.07,	17.2000
150.73,	17.1800
151.39,	17.1800
152.04,	17.1700
152.70,	17.1700
153.36,	17.1600
154.02,	17.1500
154.68,	17.1500
155.34,	17.1500
156.00,	17.1400
156.65,	17.1300
157.31,	17.1200
157.97,	17.1000
158.63,	17.1000
159.29,	17.0900
159.95,	17.0700
160.60,	17.0500
161.26,	17.0200
161.92,	17.0100
162.58,	16.9900
163.24,	16.9600
163.90,	16.9500
164.55,	16.9500
165.21,	16.9400
165.87,	16.9400
166.53,	16.9300
167.18,	16.9200
167.84,	16.9200
168.50,	16.9100
169.16,	16.8900
169.82,	16.8700
170.47,	16.8600
171.13,	16.8500
171.79,	16.8400
172.44,	16.8300
173.10,	16.8100
173.76,	16.7800
174.42,	16.7600
175.07,	16.7500
175.73,	16.7300
176.39,	16.7000
177.05,	16.6700
177.70,	16.6500
178.36,	16.6300
179.02,	16.6200
179.67,	16.6000
180.33,	16.5900
180.99,	16.5800
181.64,	16.5600
182.30,	16.5600
182.96,	16.5400
183.61,	16.5300
184.27,	16.5300
184.93,	16.5200
185.58,	16.5100
186.24,	16.4800
186.90,	16.4400
187.55,	16.4000
188.21,	16.3600
188.87,	16.3300
189.52,	16.3100
190.18,	16.2900
190.83,	16.2800
191.49,	16.2800
192.15,	16.2700
192.80,	16.2600
193.46,	16.2500
194.11,	16.2200
194.77,	16.2100
195.43,	16.1900
196.08,	16.1800
196.74,	16.1700
197.39,	16.1500
198.05,	16.1400
198.70,	16.1200
199.36,	16.1200
200.02,	16.1100
200.67,	16.1000
201.33,	16.0900
201.98,	16.0800
202.64,	16.0600
203.29,	16.0500
203.95,	16.0300
204.60,	16.0100
205.26,	16.0000
205.91,	15.9900
206.57,	15.9800
207.22,	15.9500
207.88,	15.9300
208.53,	15.9100
209.19,	15.8900
209.84,	15.8900
210.50,	15.8800
211.15,	15.8600
211.81,	15.8400
212.46,	15.8300
213.12,	15.8200
213.77,	15.8000
214.43,	15.7800
215.08,	15.7700
215.74,	15.7400
216.39,	15.7200
217.04,	15.7100
217.70,	15.7000
218.35,	15.6800
219.01,	15.6600
219.66,	15.6300
220.32,	15.6000
220.97,	15.5700
221.62,	15.5600
222.28,	15.5400
222.93,	15.5300
223.59,	15.5200
224.24,	15.5100
224.89,	15.5000
225.55,	15.5000
226.20,	15.5000
226.85,	15.5100
227.51,	15.5100
228.16,	15.5000
228.81,	15.5000
229.47,	15.4800
230.12,	15.4600
230.78,	15.4400
231.43,	15.4100
232.08,	15.3800
232.74,	15.3500
233.39,	15.3200
234.04,	15.3000
234.69,	15.2900
235.35,	15.2900
236.00,	15.3000
236.65,	15.2900
237.31,	15.2900
237.96,	15.2900
238.61,	15.2800
239.27,	15.2600
239.92,	15.2300
240.57,	15.2100
241.22,	15.2000
241.88,	15.2000
242.53,	15.2100
243.18,	15.2400
243.83,	15.2700
244.49,	15.3100
245.14,	15.3200
245.79,	15.3300
246.44,	15.3300
247.10,	15.3300
247.75,	15.3300
248.40,	15.3300
249.05,	15.3200
249.70,	15.2900
250.36,	15.2800
251.01,	15.2800
251.66,	15.2900
252.31,	15.2700
252.96,	15.2400
253.62,	15.2100
254.27,	15.1900
254.92,	15.1600
255.57,	15.1400
256.22,	15.1200
256.88,	15.1000
257.53,	15.0800
258.18,	15.0500
258.83,	15.0200
259.48,	15.0000
260.13,	14.9900
260.78,	14.9800
261.44,	14.9800
262.09,	14.9700
262.74,	14.9600
263.39,	14.9500
264.04,	14.9400
264.69,	14.9300
265.34,	14.9300
265.99,	14.9300
266.64,	14.9200
267.29,	14.9100
267.95,	14.9000
268.60,	14.9000
269.25,	14.8900
269.90,	14.8700
270.55,	14.8500
271.20,	14.8500
271.85,	14.8400
272.50,	14.8300
273.15,	14.8200
273.80,	14.8100
274.45,	14.8000
275.10,	14.8000
275.75,	14.8000
276.40,	14.7900
277.05,	14.7900
277.70,	14.7900
278.35,	14.7800
279.00,	14.7700
279.65,	14.7600
280.30,	14.7500
280.95,	14.7500
281.60,	14.7600
282.25,	14.7600
282.90,	14.7600
283.55,	14.7400
284.20,	14.7200
284.85,	14.7100
285.50,	14.6900
286.15,	14.6600
286.80,	14.6200
287.45,	14.5900
288.10,	14.5800
288.75,	14.5700
289.40,	14.5500
290.05,	14.5200
290.70,	14.4900
291.35,	14.4500
292.00,	14.4200
292.64,	14.4000
293.29,	14.3900
293.94,	14.3900
294.59,	14.3800
295.24,	14.3800
295.89,	14.3800
296.54,	14.3900
297.19,	14.4100
297.84,	14.4300
298.49,	14.4400
299.13,	14.4300
299.78,	14.4300
300.43,	14.4300
301.08,	14.4100
301.73,	14.3900
302.38,	14.3600
303.02,	14.3200
303.67,	14.3000
304.32,	14.2900
304.97,	14.2800
305.62,	14.2700
306.27,	14.2600
306.91,	14.2600
307.56,	14.2600
308.21,	14.2500
308.86,	14.2500
309.51,	14.2500
310.15,	14.2500
310.80,	14.2600
311.45,	14.2900
312.10,	14.3200
312.75,	14.3700
313.39,	14.4100
314.04,	14.4200
314.69,	14.4200
315.34,	14.4300
315.98,	14.4300
316.63,	14.4200
317.28,	14.4200
317.93,	14.4300
318.57,	14.4200
319.22,	14.4200
319.87,	14.4200
320.52,	14.4200
321.16,	14.4200
321.81,	14.4200
322.46,	14.4100
323.10,	14.4000
323.75,	14.3900
324.40,	14.3800
325.04,	14.3700
325.69,	14.3700
326.34,	14.3700
326.99,	14.3600
327.63,	14.3600
328.28,	14.3500
328.93,	14.3500
329.57,	14.3600
330.22,	14.3500
330.86,	14.3400
331.51,	14.3400
332.16,	14.3400
332.80,	14.3300
333.45,	14.3200
334.10,	14.3100
334.74,	14.3000
335.39,	14.2900
336.03,	14.2800
336.68,	14.2700
337.33,	14.2600
337.97,	14.2500
338.62,	14.2400
339.26,	14.2300
339.91,	14.2200
340.56,	14.2200
341.20,	14.2100
341.85,	14.2100
342.49,	14.2000
343.14,	14.1700
343.78,	14.1300
344.43,	14.1000
345.08,	14.0900
345.72,	14.0800
346.37,	14.0500
347.01,	14.0300
347.66,	14.0000
348.30,	13.9800
348.95,	13.9600
349.59,	13.9400
350.24,	13.9300
350.88,	13.9100
351.53,	13.8700
352.17,	13.8300
352.82,	13.8000
353.46,	13.7700
354.11,	13.7500
354.75,	13.7400
355.40,	13.7400
356.04,	13.7300
356.69,	13.7100
357.33,	13.6800
357.98,	13.6600
358.62,	13.6500
359.27,	13.6500
359.91,	13.6400
360.55,	13.6100
361.20,	13.5900
361.84,	13.5500
362.49,	13.5400
363.13,	13.5400
363.78,	13.5400
364.42,	13.5400
365.06,	13.5300
365.71,	13.4900
366.35,	13.4400
367.00,	13.3800
367.64,	13.3600
368.28,	13.3700
368.93,	13.4100
369.57,	13.4300
370.22,	13.4300
370.86,	13.3900
371.50,	13.3600
372.15,	13.3400
372.79,	13.3400
373.43,	13.3800
374.08,	13.3900
374.72,	13.3800
375.36,	13.3700
376.01,	13.3600
376.65,	13.3500
377.29,	13.3500
377.94,	13.3300
378.58,	13.3200
379.22,	13.3100
379.87,	13.3000
380.51,	13.2800
381.15,	13.2400
381.79,	13.1900
382.44,	13.1700
383.08,	13.1500
383.72,	13.1300
384.37,	13.0700
385.01,	13.0100
385.65,	12.9800
386.29,	12.9800
386.94,	12.9800
387.58,	12.9800
388.22,	12.9800
388.86,	12.9800
389.51,	13.0100
390.15,	13.0300
390.79,	13.0400
391.43,	13.0300
392.08,	13.0300
392.72,	13.0500
393.36,	13.0700
394.00,	13.1100
394.64,	13.1200
395.29,	13.1200
395.93,	13.1200
396.57,	13.1200
397.21,	13.1100
397.85,	13.1100
398.50,	13.1000
399.14,	13.1100
399.78,	13.1100
400.42,	13.1300
401.06,	13.1700
401.70,	13.1900
402.34,	13.2100
402.99,	13.2000
403.63,	13.1900
404.27,	13.1800
404.91,	13.1700
405.55,	13.1600
406.19,	13.1600
406.83,	13.1600
407.48,	13.1600
408.12,	13.1600
408.76,	13.1600
409.40,	13.1700
410.04,	13.1700
410.68,	13.1500
411.32,	13.1200
411.96,	13.1000
412.60,	13.0800
413.24,	13.0700
413.88,	13.0600
414.52,	13.0600
415.17,	13.0500
415.81,	13.0600
416.45,	13.0600
417.09,	13.0600
417.73,	13.0500
418.37,	13.0400
419.01,	13.0400
419.65,	13.0300
420.29,	13.0200
420.93,	13.0100
421.57,	12.9900
422.21,	12.9900
422.85,	12.9800
423.49,	12.9800
424.13,	12.9700
424.77,	12.9700
425.41,	12.9700
426.05,	12.9600
426.69,	12.9500
427.33,	12.9400
427.97,	12.9300
428.61,	12.9100
429.25,	12.9000
429.89,	12.8800
430.53,	12.8500
431.17,	12.8200
431.80,	12.8000
432.44,	12.7700
433.08,	12.7300
433.72,	12.7100
434.36,	12.7000
435.00,	12.6800
435.64,	12.6600
436.28,	12.6500
436.92,	12.6300
437.56,	12.6300
438.20,	12.6200
438.84,	12.6200
439.47,	12.6100
440.11,	12.6100
440.75,	12.6100
441.39,	12.6100
442.03,	12.6000
442.67,	12.6100
443.31,	12.6100
443.95,	12.6100
444.58,	12.6100
445.22,	12.6100
445.86,	12.6100
446.50,	12.6000
447.14,	12.6000
447.78,	12.6000
448.41,	12.6000
449.05,	12.5900
449.69,	12.5900
450.33,	12.5900
450.97,	12.5900
451.60,	12.5800
452.24,	12.5800
452.88,	12.5600
453.52,	12.5500
454.16,	12.5300
454.79,	12.5100
455.43,	12.5000
456.07,	12.4900
456.71,	12.4700
457.35,	12.4600
457.98,	12.4500
458.62,	12.4400
459.26,	12.4500
459.90,	12.4600
460.53,	12.4700
461.17,	12.4800
461.81,	12.4700
462.44,	12.4500
463.08,	12.4200
463.72,	12.4100
464.36,	12.4100
464.99,	12.4000
465.63,	12.3900
466.27,	12.3700
466.90,	12.3700
467.54,	12.3600
468.18,	12.3600
468.81,	12.3600
469.45,	12.3600
470.09,	12.3500
470.72,	12.3400
471.36,	12.3300
472.00,	12.3200
472.63,	12.3100
473.27,	12.2900
473.91,	12.2800
474.54,	12.2600
475.18,	12.2500
475.82,	12.2400
476.45,	12.2300
477.09,	12.2100
477.73,	12.1900
478.36,	12.1700
479.00,	12.1600
479.63,	12.1500
480.27,	12.1300
480.91,	12.1300
481.54,	12.1200
482.18,	12.1200
482.81,	12.1100
483.45,	12.1100
484.08,	12.1000
484.72,	12.1000
485.36,	12.0800
485.99,	12.0700
486.63,	12.0600
487.26,	12.0500
487.90,	12.0400
488.53,	12.0300
489.17,	12.0200
489.80,	12.0100
490.44,	12.0000
491.07,	11.9900
491.71,	11.9800
492.34,	11.9800
492.98,	11.9700
493.62,	11.9600
494.25,	11.9200
494.89,	11.8800
495.52,	11.8600
496.15,	11.8500
496.79,	11.8400
497.42,	11.8400
498.06,	11.8300
498.69,	11.8400
499.33,	11.8300
499.96,	11.8600
500.60,	11.8800
501.23,	11.8900
501.87,	11.9000
502.50,	11.9000
503.14,	11.9100
503.77,	11.9100
504.40,	11.9000
505.04,	11.8900
505.67,	11.8800
506.31,	11.8600
506.94,	11.8500
507.57,	11.8500
508.21,	11.8400
508.84,	11.8300
509.48,	11.8300
510.11,	11.8200
510.74,	11.8200
511.38,	11.8000
512.01,	11.7900
512.65,	11.7700
513.28,	11.7600
513.91,	11.7600
514.55,	11.7500
515.18,	11.7400
515.81,	11.7200
516.45,	11.7100
517.08,	11.7100
517.71,	11.7000
518.35,	11.6900
518.98,	11.6800
519.61,	11.6700
520.25,	11.6500
520.88,	11.6400
521.51,	11.6200
522.15,	11.6000
522.78,	11.5900
523.41,	11.5800
524.04,	11.5700
524.68,	11.5600
525.31,	11.5500
525.94,	11.5400
526.58,	11.5200
527.21,	11.5100
527.84,	11.5000
528.47,	11.4800
529.11,	11.4600
529.74,	11.4400
530.37,	11.4200
531.00,	11.4000
531.64,	11.3900
532.27,	11.3700
532.90,	11.3500
533.53,	11.3300
534.17,	11.3100
534.80,	11.3000
535.43,	11.3000
536.06,	11.2800
536.69,	11.2700
537.33,	11.2700
537.96,	11.2700
538.59,	11.2600
539.22,	11.2600
539.85,	11.2600
540.48,	11.2500
541.12,	11.2400
541.75,	11.2400
542.38,	11.2400
543.01,	11.2300
543.64,	11.2300
544.27,	11.2300
544.91,	11.2200
545.54,	11.2200
546.17,	11.2000
546.80,	11.1600
547.43,	11.1400
548.06,	11.1200
548.69,	11.1100
549.32,	11.1000
549.95,	11.0700
550.59,	11.0600
551.22,	11.0500
551.85,	11.0300
552.48,	11.0100
553.11,	10.9900
553.74,	10.9800
554.37,	10.9700
555.00,	10.9500
555.63,	10.9400
556.26,	10.9200
556.89,	10.8900
557.52,	10.8500
558.15,	10.8400
558.78,	10.8200
559.42,	10.8200
560.05,	10.8200
560.68,	10.8100
561.31,	10.8100
561.94,	10.8000
562.57,	10.8000
563.20,	10.8000
563.83,	10.7900
564.46,	10.7800
565.09,	10.7800
565.72,	10.7700
566.35,	10.7700
566.98,	10.7700
567.61,	10.7700
568.24,	10.7500
568.87,	10.7400
569.50,	10.7400
570.12,	10.7200
570.75,	10.7100
571.38,	10.6900
572.01,	10.6800
572.64,	10.6700
573.27,	10.6700
573.90,	10.6500
574.53,	10.6400
575.16,	10.6400
575.79,	10.6400
576.42,	10.6400
577.05,	10.6400
577.68,	10.6400
578.31,	10.6400
578.93,	10.6400
579.56,	10.6300
580.19,	10.6200
580.82,	10.6200
581.45,	10.6200
582.08,	10.6200
582.71,	10.6200
583.34,	10.6000
583.97,	10.5900
584.59,	10.5900
585.22,	10.5900
585.85,	10.6000
586.48,	10.5900
587.11,	10.6000
587.74,	10.6100
588.36,	10.6100
588.99,	10.6100
589.62,	10.6000
590.25,	10.6000
590.88,	10.5900
591.50,	10.5900
592.13,	10.5900
592.76,	10.5800
593.39,	10.5800
594.02,	10.5600
594.64,	10.5300
595.27,	10.5000
595.90,	10.4600
596.53,	10.4400
597.16,	10.4300
597.78,	10.4200
598.41,	10.4200
599.04,	10.4200
599.67,	10.4200
600.29,	10.4100
600.92,	10.4000
601.55,	10.3900
602.18,	10.3700
602.80,	10.3600
603.43,	10.3500
604.06,	10.3200
604.68,	10.3000
605.31,	10.2900
605.94,	10.2800
606.57,	10.2700
607.19,	10.2600
607.82,	10.2500
608.45,	10.2300
609.07,	10.2200
609.70,	10.2000
610.33,	10.1900
610.95,	10.1800
611.58,	10.1600
612.21,	10.1400
612.83,	10.1300
613.46,	10.1200
614.09,	10.1100
614.71,	10.1000
615.34,	10.1100
615.97,	10.1100
616.59,	10.1100
617.22,	10.1100
617.84,	10.1100
618.47,	10.1100
619.10,	10.1100
619.72,	10.1100
620.35,	10.0900
620.97,	10.0900
621.60,	10.0800
622.23,	10.0800
622.85,	10.0700
623.48,	10.0600
624.10,	10.0400
624.73,	10.0200
625.35,	10.0100
625.98,	10.0100
626.61,	10.0000
627.23,	9.9900
627.86,	9.9900
628.48,	9.9800
629.11,	9.9800
629.73,	9.9700
630.36,	9.9600
630.98,	9.9600
631.61,	9.9500
632.23,	9.9400
632.86,	9.9300
633.48,	9.9100
634.11,	9.8900
634.73,	9.9000
635.36,	9.9100
635.98,	9.9100
636.61,	9.9200
637.23,	9.9200
637.86,	9.9200
638.48,	9.9200
639.11,	9.9200
639.73,	9.9200
640.36,	9.9200
640.98,	9.9200
641.61,	9.9200
642.23,	9.9100
642.85,	9.9100
643.48,	9.9100
644.10,	9.9100
644.73,	9.9100
645.35,	9.9100
645.98,	9.9000
646.60,	9.8900
647.22,	9.8700
647.85,	9.8700
648.47,	9.8600
649.10,	9.8600
649.72,	9.8600
650.34,	9.8500
650.97,	9.8300
651.59,	9.8200
652.22,	9.8100
652.84,	9.7900
653.46,	9.7700
654.09,	9.7600
654.71,	9.7500
655.33,	9.7400
655.96,	9.7400
656.58,	9.7300
657.20,	9.7100
657.83,	9.7000
658.45,	9.6900
659.07,	9.6800
659.70,	9.6600
660.32,	9.6500
660.94,	9.6400
661.57,	9.6300
662.19,	9.6100
662.81,	9.6000
663.43,	9.5900
664.06,	9.5900
664.68,	9.5900
665.30,	9.5900
665.93,	9.5800
666.55,	9.5800
667.17,	9.5700
667.79,	9.5700
668.42,	9.5700
669.04,	9.5600
669.66,	9.5500
670.28,	9.5500
670.91,	9.5400
671.53,	9.5400
672.15,	9.5400
672.77,	9.5400
673.39,	9.5400
674.02,	9.5400
674.64,	9.5300
675.26,	9.5000
675.88,	9.4800
676.50,	9.4600
677.13,	9.4400
677.75,	9.4200
678.37,	9.4000
678.99,	9.3900
679.61,	9.3700
680.24,	9.3600
680.86,	9.3600
681.48,	9.3600
682.10,	9.3400
682.72,	9.3200
683.34,	9.3000
683.96,	9.2900
684.59,	9.2800
685.21,	9.2800
685.83,	9.2800
686.45,	9.2800
687.07,	9.2800
687.69,	9.2800
688.31,	9.2600
688.93,	9.2500
689.56,	9.2500
690.18,	9.2500
690.80,	9.2600
691.42,	9.2500
692.04,	9.2400
692.66,	9.2300
693.28,	9.2100
693.90,	9.1800
694.52,	9.1400
695.14,	9.1100
695.76,	9.0800
696.38,	9.0600
697.00,	9.0400
697.62,	9.0300
698.25,	9.0200
698.87,	9.0100
699.49,	9.0000
700.11,	8.9900
700.73,	8.9600
701.35,	8.9200
701.97,	8.9000
702.59,	8.8800
703.21,	8.8600
703.83,	8.8500
704.45,	8.8500
705.07,	8.8500
705.69,	8.8400
706.31,	8.8300
706.93,	8.8200
707.55,	8.8100
708.17,	8.7800
708.79,	8.7600
709.40,	8.7400
710.02,	8.7300
710.64,	8.7200
711.26,	8.7200
711.88,	8.7200
712.50,	8.7100
713.12,	8.7100
713.74,	8.7100
714.36,	8.7000
714.98,	8.7000
715.60,	8.6900
716.22,	8.6900
716.84,	8.6800
717.45,	8.6700
718.07,	8.6700
718.69,	8.6700
719.31,	8.6700
719.93,	8.6600
720.55,	8.6600
721.17,	8.6600
721.79,	8.6500
722.41,	8.6500
723.02,	8.6400
723.64,	8.6300
724.26,	8.6100
724.88,	8.5900
725.50,	8.5800
726.12,	8.5600
726.73,	8.5400
727.35,	8.5200
727.97,	8.5000
728.59,	8.4800
729.21,	8.4500
729.83,	8.4400
730.44,	8.4300
731.06,	8.4400
731.68,	8.4400
732.30,	8.4300
732.92,	8.4300
733.53,	8.4300
734.15,	8.4300
734.77,	8.4200
735.39,	8.4100
736.00,	8.4000
736.62,	8.3700
737.24,	8.3000
737.86,	8.2400
738.47,	8.2100
739.09,	8.1900
739.71,	8.1800
740.33,	8.1600
740.94,	8.1500
741.56,	8.1400
742.18,	8.1300
742.79,	8.1200
743.41,	8.1100
744.03,	8.1100
744.65,	8.1000
745.26,	8.1000
745.88,	8.0900
746.50,	8.0800
747.11,	8.0700
747.73,	8.0800
748.35,	8.0700
748.96,	8.0700
749.58,	8.0600
750.20,	8.0600
750.81,	8.0400
751.43,	8.0300
752.05,	8.0200
752.66,	8.0200
753.28,	8.0100
753.90,	8.0000
754.51,	7.9900
755.13,	7.9700
755.74,	7.9500
756.36,	7.9300
756.98,	7.9200
757.59,	7.9100
758.21,	7.9000
758.82,	7.9000
759.44,	7.8900
760.06,	7.8900
760.67,	7.8800
761.29,	7.8700
761.90,	7.8500
762.52,	7.8300
763.14,	7.8200
763.75,	7.8100
764.37,	7.8000
764.98,	7.7700
765.60,	7.7500
766.21,	7.7300
766.83,	7.7100
767.44,	7.7000
768.06,	7.6900
768.67,	7.6900
769.29,	7.6900
769.90,	7.6800
770.52,	7.6800
771.14,	7.6600
771.75,	7.6500
772.37,	7.6400
772.98,	7.6200
773.59,	7.6100
774.21,	7.6000
774.82,	7.5900
775.44,	7.5800
776.05,	7.5800
776.67,	7.5700
777.28,	7.5700
777.90,	7.5700
778.51,	7.5600
779.13,	7.5600
779.74,	7.5500
780.36,	7.5500
780.97,	7.5300
781.58,	7.5100
782.20,	7.4700
782.81,	7.4400
783.43,	7.4200
784.04,	7.4100
784.66,	7.4100
785.27,	7.4100
785.88,	7.4100
786.50,	7.4100
787.11,	7.4000
787.73,	7.3900
788.34,	7.3800
788.95,	7.3500
789.57,	7.3300
790.18,	7.3200
790.79,	7.3100
791.41,	7.3100
792.02,	7.3100
792.63,	7.3100
793.25,	7.3100
793.86,	7.3100
794.47,	7.3100
795.09,	7.3100
795.70,	7.3100
796.31,	7.3000
796.93,	7.2900
797.54,	7.2900
798.15,	7.2800
798.77,	7.2700
799.38,	7.2600
799.99,	7.2400
800.61,	7.2300
801.22,	7.2200
801.83,	7.2100
802.44,	7.2100
803.06,	7.2000
803.67,	7.2000
804.28,	7.1900
804.90,	7.1800
805.51,	7.1700
806.12,	7.1700
806.73,	7.1600
807.34,	7.1400
807.96,	7.1300
808.57,	7.1100
809.18,	7.0900
809.79,	7.0700
810.41,	7.0500
811.02,	7.0400
811.63,	7.0300
812.24,	7.0300
812.85,	7.0200
813.47,	7.0200
814.08,	7.0100
814.69,	7.0000
815.30,	7.0000
815.91,	7.0000
816.53,	7.0000
817.14,	6.9900
817.75,	6.9800
818.36,	6.9700
818.97,	6.9600
819.58,	6.9600
820.20,	6.9600
820.81,	6.9600
821.42,	6.9500
822.03,	6.9500
822.64,	6.9400
823.25,	6.9400
823.86,	6.9400
824.47,	6.9300
825.09,	6.9300
825.70,	6.9400
826.31,	6.9400
826.92,	6.9300
827.53,	6.9300
828.14,	6.9300
828.75,	6.9300
829.36,	6.9300
829.97,	6.9300
830.58,	6.9200
831.19,	6.9200
831.80,	6.9300
832.42,	6.9300
833.03,	6.9300
833.64,	6.9300
834.25,	6.9300
834.86,	6.9300
835.47,	6.9200
836.08,	6.9000
836.69,	6.9000
837.30,	6.8900
837.91,	6.8900
838.52,	6.8800
839.13,	6.8600
839.74,	6.8500
840.35,	6.8300
840.96,	6.8200
841.57,	6.8100
842.18,	6.8000
842.79,	6.7900
843.40,	6.7800
844.01,	6.7800
844.62,	6.7800
845.23,	6.7800
845.84,	6.7700
846.45,	6.7700
847.06,	6.7700
847.67,	6.7700
848.27,	6.7700
848.88,	6.7600
849.49,	6.7600
850.10,	6.7600
850.71,	6.7600
851.32,	6.7500
851.93,	6.7500
852.54,	6.7400
853.15,	6.7300
853.76,	6.7300
854.37,	6.7200
854.98,	6.7200
855.58,	6.7000
856.19,	6.6900
856.80,	6.6700
857.41,	6.6500
858.02,	6.6400
858.63,	6.6400
859.24,	6.6300
859.85,	6.6200
860.45,	6.6100
861.06,	6.6100
861.67,	6.6000
862.28,	6.5900
862.89,	6.5700
863.50,	6.5600
864.10,	6.5600
864.71,	6.5600
865.32,	6.5600
865.93,	6.5600
866.54,	6.5500
867.14,	6.5500
867.75,	6.5500
868.36,	6.5400
868.97,	6.5200
869.58,	6.5000
870.18,	6.4900
870.79,	6.4900
871.40,	6.4900
872.01,	6.4900
872.61,	6.4800
873.22,	6.4800
873.83,	6.4800
874.44,	6.4700
875.04,	6.4700
875.65,	6.4600
876.26,	6.4600
876.87,	6.4600
877.47,	6.4500
878.08,	6.4400
878.69,	6.4400
879.29,	6.4400
879.90,	6.4300
880.51,	6.4300
881.12,	6.4200
881.72,	6.4200
882.33,	6.4200
882.94,	6.4100
883.54,	6.4000
884.15,	6.3900
884.76,	6.3700
885.36,	6.3600
885.97,	6.3600
886.58,	6.3400
887.18,	6.3200
887.79,	6.3000
888.40,	6.2900
889.00,	6.2800
889.61,	6.2700
890.22,	6.2600
890.82,	6.2500
891.43,	6.2400
892.03,	6.2300
892.64,	6.2100
893.25,	6.1900
893.85,	6.1800
894.46,	6.1700
895.06,	6.1600
895.67,	6.1500
896.28,	6.1400
896.88,	6.1200
897.49,	6.1000
898.09,	6.0800
898.70,	6.0600
899.30,	6.0400
899.91,	6.0200
900.52,	6.0000
901.12,	5.9800
901.73,	5.9700
902.33,	5.9600
902.94,	5.9500
903.54,	5.9500
904.15,	5.9300
904.75,	5.9100
905.36,	5.8800
905.96,	5.8500
906.57,	5.8400
907.17,	5.8400
907.78,	5.8300
908.38,	5.8300
908.99,	5.8200
909.59,	5.8100
910.20,	5.8000
910.80,	5.7900
911.41,	5.7800
912.01,	5.7700
912.62,	5.7600
913.22,	5.7500
913.83,	5.7500
914.43,	5.7500
915.03,	5.7400
915.64,	5.7300
916.24,	5.7000
916.85,	5.6700
917.45,	5.6400
918.06,	5.6200
918.66,	5.6000
919.26,	5.5900
919.87,	5.5800
920.47,	5.5800
921.08,	5.5900
921.68,	5.7000
922.28,	6.7200
922.89,	9.6700
923.49,	13.2400
924.10,	15.2800
924.70,	16.2500
925.30,	16.8700
925.91,	17.3500
926.51,	22.0500
927.11,	35.5000
927.72,	35.5000
928.32,	35.5000
928.92,	35.5000
929.53,	35.5000
930.13,	35.5000
930.74,	35.5000
931.34,	35.5000
931.94,	35.5000
932.54,	35.5000
933.15,	35.5000
933.75,	35.5000
934.35,	35.5000
934.96,	35.5000
935.56,	35.5000
936.16,	35.5000
936.77,	35.5000
937.37,	35.5000
937.97,	35.5000
938.57,	35.5000
939.18,	35.5000
939.78,	35.5000
940.38,	35.5000
940.98,	35.5000
941.59,	35.5000
942.19,	35.5000
942.79,	35.5000
943.39,	35.5000
944.00,	35.5000
944.60,	35.5000
945.20,	35.5000
945.80,	35.5000
946.40,	35.5000
947.01,	35.5000
947.61,	35.5000
948.21,	35.5000
948.81,	35.5000
949.41,	35.5000
950.02,	35.5000
950.62,	35.5000
951.22,	35.5000
951.82,	35.5000
952.42,	35.5000
953.02,	35.5000
953.63,	35.5000
954.23,	35.5000
954.83,	35.5000
955.43,	35.5000
956.03,	35.5000
956.63,	35.5000
957.24,	35.5000
957.84,	35.5000
958.44,	35.5000
959.04,	35.5000
959.64,	35.5000
960.24,	35.5000
960.84,	35.5000
961.44,	35.5000
962.04,	35.5000
962.64,	35.5000
963.25,	35.5000
963.85,	35.5000
964.45,	35.5000
965.05,	35.5000
965.65,	35.5000
966.25,	35.5000
966.85,	35.5000
967.45,	35.5000
968.05,	35.5000
968.65,	35.5000
969.25,	35.5000
969.85,	-2.5200
970.45,	-2.5200
971.05,	-2.5200
971.65,	-2.5200
972.25,	-2.5200
972.85,	-2.5200
973.45,	-2.5200
974.05,	-2.5200
974.65,	-2.5200
975.25,	-2.5200
975.85,	-2.5200
976.45,	-2.5200
977.05,	-2.5200
977.65,	-2.5200
978.25,	-2.5200
978.85,	-2.5200
979.45,	-2.5200
980.05,	-2.5200
980.65,	-2.5200
981.25,	-2.5200
981.85,	-2.5200
982.45,	-2.5200
983.05,	-2.5200
983.65,	-2.5200
984.25,	-2.5200
984.85,	-2.5200
985.45,	-2.5200
986.04,	-2.5200
986.64,	-2.5200
987.24,	-2.5200
987.84,	-2.5200
988.44,	-2.5200
989.04,	-2.5200
989.64,	-2.5200
990.24,	-2.5200
990.84,	-2.5200
991.44,	-2.5200
992.03,	-2.5200
992.63,	-2.5200
993.23,	-2.5200
993.83,	-2.5200
994.43,	-2.5200
995.03,	-2.5200
995.63,	-2.5200
996.22,	-2.5200
996.82,	-2.5200
997.42,	-2.5200
998.02,	-2.5200
998.62,	-2.5200
999.21,	-2.5200
999.81,	-2.5200
1000.41,	-2.5200
