Call Sign = ZSDA,	Ship Name = SA Agulhas,	Lloyds Num = 0
Date = 02/03/2017,	Time = 14:01,	
Latitude = 41 25.91  S,	Longitude = 009 49.15  E
Instr = Sippican Deep Blue,	Card Type = Sippican MK-21,	
Wind Instr = ,	Measur Method = 
Probe Serial Num = -1,	Ship Dir = -1,	Ship Speed = -1.00
Wind Dir = 302,	Wind Speed = 35.00
Dry Bulb Temp = 13.30,	Total Water Depth = -1.00

Full Resolution Values
Depth,	 Temp
0.67,	13.1100
1.34,	12.8700
2.01,	12.7800
2.68,	12.7600
3.34,	12.7600
4.01,	12.7600
4.68,	12.7600
5.35,	12.7600
6.02,	12.7600
6.69,	12.7500
7.36,	12.7500
8.03,	12.7500
8.69,	12.7500
9.36,	12.7400
10.03,	12.7500
10.70,	12.7500
11.37,	12.7400
12.04,	12.7400
12.70,	12.7400
13.37,	12.7500
14.04,	12.7500
14.71,	12.7500
15.38,	12.7500
16.05,	12.7500
16.71,	12.7400
17.38,	12.7500
18.05,	12.7600
18.72,	12.7500
19.38,	12.7500
20.05,	12.7500
20.72,	12.7600
21.39,	12.7600
22.06,	12.7600
22.72,	12.7500
23.39,	12.7200
24.06,	12.7200
24.73,	12.7300
25.39,	12.7200
26.06,	12.7100
26.73,	12.7100
27.40,	12.7100
28.06,	12.7100
28.73,	12.7100
29.40,	12.6900
30.06,	12.6800
30.73,	12.6700
31.40,	12.6500
32.06,	12.6300
32.73,	12.6100
33.40,	12.5900
34.07,	12.5800
34.73,	12.5600
35.40,	12.5500
36.07,	12.5200
36.73,	12.4700
37.40,	12.4500
38.07,	12.4400
38.73,	12.4200
39.40,	12.3200
40.06,	12.2400
40.73,	12.2000
41.40,	12.1700
42.06,	12.1400
42.73,	12.1200
43.40,	12.1000
44.06,	12.0800
44.73,	12.0500
45.39,	12.0500
46.06,	12.0300
46.73,	12.0200
47.39,	12.0000
48.06,	11.9800
48.72,	11.9800
49.39,	11.9800
50.06,	11.9700
50.72,	11.9600
51.39,	11.9400
52.05,	11.9400
52.72,	11.9300
53.38,	11.9200
54.05,	11.9200
54.71,	11.9100
55.38,	11.9100
56.05,	11.9100
56.71,	11.9100
57.38,	11.9100
58.04,	11.9200
58.71,	11.9200
59.37,	11.9100
60.04,	11.9200
60.70,	11.9300
61.37,	11.9200
62.03,	11.9300
62.70,	11.9300
63.36,	11.9300
64.03,	11.9400
64.69,	11.9300
65.36,	11.9300
66.02,	11.9300
66.69,	11.9400
67.35,	11.9400
68.01,	11.9400
68.68,	11.9400
69.34,	11.9400
70.01,	11.9400
70.67,	11.9400
71.34,	11.9400
72.00,	11.9300
72.66,	11.9400
73.33,	11.9500
73.99,	11.9500
74.66,	11.9500
75.32,	11.9400
75.98,	11.9400
76.65,	11.9500
77.31,	11.9500
77.98,	11.9500
78.64,	11.9500
79.30,	11.9400
79.97,	11.8600
80.63,	11.7200
81.30,	11.5900
81.96,	11.4500
82.62,	11.3600
83.29,	11.3000
83.95,	11.2000
84.61,	11.0800
85.28,	10.9700
85.94,	10.9100
86.60,	10.8900
87.27,	10.8700
87.93,	10.8600
88.59,	10.8400
89.26,	10.8200
89.92,	10.7900
90.58,	10.7700
91.24,	10.7600
91.91,	10.7300
92.57,	10.7100
93.23,	10.6800
93.90,	10.6500
94.56,	10.6400
95.22,	10.6200
95.88,	10.6000
96.55,	10.5900
97.21,	10.5700
97.87,	10.5400
98.53,	10.5300
99.20,	10.5000
99.86,	10.4600
100.52,	10.3500
101.18,	10.1800
101.85,	10.0500
102.51,	9.9700
103.17,	9.9200
103.83,	9.8700
104.49,	9.8300
105.16,	9.8100
105.82,	9.7900
106.48,	9.7600
107.14,	9.7200
107.80,	9.6800
108.47,	9.6400
109.13,	9.6100
109.79,	9.5800
110.45,	9.5200
111.11,	9.4500
111.77,	9.3800
112.44,	9.3300
113.10,	9.2800
113.76,	9.2600
114.42,	9.2600
115.08,	9.2800
115.74,	9.3300
116.40,	9.4300
117.06,	9.5300
117.73,	9.6000
118.39,	9.6300
119.05,	9.6500
119.71,	9.6600
120.37,	9.6700
121.03,	9.6700
121.69,	9.6700
122.35,	9.6800
123.01,	9.6800
123.67,	9.6800
124.33,	9.6700
125.00,	9.6300
125.66,	9.6000
126.32,	9.5900
126.98,	9.6000
127.64,	9.6400
128.30,	9.6600
128.96,	9.6600
129.62,	9.6600
130.28,	9.6600
130.94,	9.6600
131.60,	9.6600
132.26,	9.6400
132.92,	9.6200
133.58,	9.6000
134.24,	9.5800
134.90,	9.5700
135.56,	9.5700
136.22,	9.5700
136.88,	9.5600
137.54,	9.5400
138.20,	9.5300
138.86,	9.5300
139.52,	9.5200
140.18,	9.5100
140.84,	9.4900
141.50,	9.4800
142.16,	9.4600
142.82,	9.4500
143.48,	9.4500
144.14,	9.4300
144.79,	9.3900
145.45,	9.3500
146.11,	9.3400
146.77,	9.3200
147.43,	9.3000
148.09,	9.2700
148.75,	9.2100
149.41,	9.1600
150.07,	9.1300
150.73,	9.1000
151.39,	9.0600
152.04,	9.0200
152.70,	8.9800
153.36,	8.9600
154.02,	8.9400
154.68,	8.9100
155.34,	8.8800
156.00,	8.8600
156.65,	8.8400
157.31,	8.8200
157.97,	8.8100
158.63,	8.7900
159.29,	8.7800
159.95,	8.7600
160.60,	8.7400
161.26,	8.7200
161.92,	8.6800
162.58,	8.6300
163.24,	8.6000
163.90,	8.5800
164.55,	8.5500
165.21,	8.5400
165.87,	8.5300
166.53,	8.5500
167.18,	8.6000
167.84,	8.6500
168.50,	8.6700
169.16,	8.6800
169.82,	8.6900
170.47,	8.7100
171.13,	8.7700
171.79,	8.8700
172.44,	8.9300
173.10,	8.9600
173.76,	9.0100
174.42,	9.1400
175.07,	9.2300
175.73,	9.2700
176.39,	9.2800
177.05,	9.3000
177.70,	9.3000
178.36,	9.3100
179.02,	9.3300
179.67,	9.3500
180.33,	9.3600
180.99,	9.3600
181.64,	9.3500
182.30,	9.3400
182.96,	9.3300
183.61,	9.3200
184.27,	9.3100
184.93,	9.2900
185.58,	9.2500
186.24,	9.2400
186.90,	9.2300
187.55,	9.2200
188.21,	9.2200
188.87,	9.2100
189.52,	9.2100
190.18,	9.2100
190.83,	9.1900
191.49,	9.1800
192.15,	9.1500
192.80,	9.1300
193.46,	9.1100
194.11,	9.0500
194.77,	9.0200
195.43,	9.0100
196.08,	9.0000
196.74,	9.0000
197.39,	9.0000
198.05,	9.0000
198.70,	9.0000
199.36,	9.0100
200.02,	9.0100
200.67,	9.0000
201.33,	9.0000
201.98,	9.0000
202.64,	8.9900
203.29,	8.9900
203.95,	8.9600
204.60,	8.9000
205.26,	8.8300
205.91,	8.7500
206.57,	8.7300
207.22,	8.6900
207.88,	8.6200
208.53,	8.5700
209.19,	8.5500
209.84,	8.5500
210.50,	8.5400
211.15,	8.5400
211.81,	8.5400
212.46,	8.5400
213.12,	8.5400
213.77,	8.5500
214.43,	8.5600
215.08,	8.5500
215.74,	8.5600
216.39,	8.5800
217.04,	8.5900
217.70,	8.6000
218.35,	8.6100
219.01,	8.6200
219.66,	8.6300
220.32,	8.6600
220.97,	8.6800
221.62,	8.7000
222.28,	8.7000
222.93,	8.7000
223.59,	8.7000
224.24,	8.6900
224.89,	8.6900
225.55,	8.7000
226.20,	8.6900
226.85,	8.6900
227.51,	8.7200
228.16,	8.8000
228.81,	8.8600
229.47,	8.8900
230.12,	8.9000
230.78,	8.9200
231.43,	8.9500
232.08,	8.9600
232.74,	8.9700
233.39,	8.9700
234.04,	8.9700
234.69,	8.9500
235.35,	8.9100
236.00,	8.8500
236.65,	8.8000
237.31,	8.7800
237.96,	8.7800
238.61,	8.8400
239.27,	8.9100
239.92,	8.9700
240.57,	9.0200
241.22,	9.0600
241.88,	9.0900
242.53,	9.1100
243.18,	9.1100
243.83,	9.1100
244.49,	9.1000
245.14,	9.1000
245.79,	9.0900
246.44,	9.0800
247.10,	9.0700
247.75,	9.0600
248.40,	9.0500
249.05,	9.0400
249.70,	9.0300
250.36,	9.0300
251.01,	9.0300
251.66,	9.0300
252.31,	9.0200
252.96,	9.0100
253.62,	9.0100
254.27,	9.0000
254.92,	8.9900
255.57,	8.9900
256.22,	8.9800
256.88,	8.9600
257.53,	8.9400
258.18,	8.9300
258.83,	8.8900
259.48,	8.8500
260.13,	8.8100
260.78,	8.7900
261.44,	8.7800
262.09,	8.7700
262.74,	8.7700
263.39,	8.7700
264.04,	8.7600
264.69,	8.7600
265.34,	8.7700
265.99,	8.7600
266.64,	8.7700
267.29,	8.7700
267.95,	8.7600
268.60,	8.7500
269.25,	8.7300
269.90,	8.7300
270.55,	8.7200
271.20,	8.7100
271.85,	8.7100
272.50,	8.7100
273.15,	8.7100
273.80,	8.6900
274.45,	8.6700
275.10,	8.6600
275.75,	8.6500
276.40,	8.6500
277.05,	8.6500
277.70,	8.6500
278.35,	8.6400
279.00,	8.6400
279.65,	8.6400
280.30,	8.6400
280.95,	8.6400
281.60,	8.6400
282.25,	8.6300
282.90,	8.6100
283.55,	8.5900
284.20,	8.5800
284.85,	8.5700
285.50,	8.5700
286.15,	8.5600
286.80,	8.5500
287.45,	8.5400
288.10,	8.5300
288.75,	8.5300
289.40,	8.5200
290.05,	8.5100
290.70,	8.5000
291.35,	8.4900
292.00,	8.5000
292.64,	8.5000
293.29,	8.4900
293.94,	8.4900
294.59,	8.4800
295.24,	8.4700
295.89,	8.4600
296.54,	8.4500
297.19,	8.4400
297.84,	8.4300
298.49,	8.4200
299.13,	8.4100
299.78,	8.4000
300.43,	8.4000
301.08,	8.4000
301.73,	8.4000
302.38,	8.3900
303.02,	8.3600
303.67,	8.3300
304.32,	8.3100
304.97,	8.2900
305.62,	8.2800
306.27,	8.2700
306.91,	8.2500
307.56,	8.2400
308.21,	8.2300
308.86,	8.2200
309.51,	8.1900
310.15,	8.1600
310.80,	8.1300
311.45,	8.1000
312.10,	8.0800
312.75,	8.0700
313.39,	8.0500
314.04,	8.0100
314.69,	7.9800
315.34,	7.9500
315.98,	7.8800
316.63,	7.8100
317.28,	7.7700
317.93,	7.7400
318.57,	7.7000
319.22,	7.6900
319.87,	7.6300
320.52,	7.5200
321.16,	7.4500
321.81,	7.4300
322.46,	7.4000
323.10,	7.3500
323.75,	7.2900
324.40,	7.2300
325.04,	7.1600
325.69,	7.0900
326.34,	7.0500
326.99,	7.0000
327.63,	6.9100
328.28,	6.8500
328.93,	6.8400
329.57,	6.8300
330.22,	6.8300
330.86,	6.8100
331.51,	6.8000
332.16,	6.7900
332.80,	6.7900
333.45,	6.7800
334.10,	6.7700
334.74,	6.7600
335.39,	6.7500
336.03,	6.7500
336.68,	6.7400
337.33,	6.7300
337.97,	6.7200
338.62,	6.7200
339.26,	6.7200
339.91,	6.7200
340.56,	6.7200
341.20,	6.7300
341.85,	6.7400
342.49,	6.7500
343.14,	6.7600
343.78,	6.7600
344.43,	6.7700
345.08,	6.7500
345.72,	6.6900
346.37,	6.6500
347.01,	6.6300
347.66,	6.6100
348.30,	6.6100
348.95,	6.6000
349.59,	6.6200
350.24,	6.6300
350.88,	6.6400
351.53,	6.6400
352.17,	6.6400
352.82,	6.6400
353.46,	6.6400
354.11,	6.6400
354.75,	6.6400
355.40,	6.6500
356.04,	6.6500
356.69,	6.6600
357.33,	6.6500
357.98,	6.6500
358.62,	6.6400
359.27,	6.6300
359.91,	6.6200
360.55,	6.6100
361.20,	6.6100
361.84,	6.6200
362.49,	6.6300
363.13,	6.6600
363.78,	6.6800
364.42,	6.6800
365.06,	6.6800
365.71,	6.6800
366.35,	6.6900
367.00,	6.6800
367.64,	6.6700
368.28,	6.6400
368.93,	6.5900
369.57,	6.5600
370.22,	6.5400
370.86,	6.5100
371.50,	6.4800
372.15,	6.4600
372.79,	6.4500
373.43,	6.4500
374.08,	6.4500
374.72,	6.4500
375.36,	6.4300
376.01,	6.4000
376.65,	6.3600
377.29,	6.3400
377.94,	6.3200
378.58,	6.3000
379.22,	6.2800
379.87,	6.2700
380.51,	6.2700
381.15,	6.2700
381.79,	6.2700
382.44,	6.2800
383.08,	6.3300
383.72,	6.3800
384.37,	6.4300
385.01,	6.4900
385.65,	6.5100
386.29,	6.5200
386.94,	6.5200
387.58,	6.5200
388.22,	6.5200
388.86,	6.5100
389.51,	6.5100
390.15,	6.5000
390.79,	6.4900
391.43,	6.4900
392.08,	6.4900
392.72,	6.4800
393.36,	6.4800
394.00,	6.4800
394.64,	6.4700
395.29,	6.4700
395.93,	6.4700
396.57,	6.4500
397.21,	6.4200
397.85,	6.4000
398.50,	6.3700
399.14,	6.3600
399.78,	6.3600
400.42,	6.3700
401.06,	6.4100
401.70,	6.4300
402.34,	6.4400
402.99,	6.4500
403.63,	6.4400
404.27,	6.4000
404.91,	6.3800
405.55,	6.3800
406.19,	6.3700
406.83,	6.3700
407.48,	6.3600
408.12,	6.3800
408.76,	6.4100
409.40,	6.4200
410.04,	6.4200
410.68,	6.4200
411.32,	6.4000
411.96,	6.3800
412.60,	6.3700
413.24,	6.3700
413.88,	6.3700
414.52,	6.4000
415.17,	6.4200
415.81,	6.4300
416.45,	6.4300
417.09,	6.4200
417.73,	6.3900
418.37,	6.3500
419.01,	6.2900
419.65,	6.2000
420.29,	6.1100
420.93,	6.0500
421.57,	6.0200
422.21,	6.0100
422.85,	5.9900
423.49,	5.9800
424.13,	5.9700
424.77,	5.9600
425.41,	5.9600
426.05,	5.9500
426.69,	5.9200
427.33,	5.9100
427.97,	5.9100
428.61,	5.9000
429.25,	5.8900
429.89,	5.8800
430.53,	5.8800
431.17,	5.8800
431.80,	5.8600
432.44,	5.8400
433.08,	5.8100
433.72,	5.7800
434.36,	5.7600
435.00,	5.7400
435.64,	5.7200
436.28,	5.7000
436.92,	5.6700
437.56,	5.6600
438.20,	5.6400
438.84,	5.6300
439.47,	5.6200
440.11,	5.6000
440.75,	5.5900
441.39,	5.5700
442.03,	5.5600
442.67,	5.5600
443.31,	5.5600
443.95,	5.5600
444.58,	5.5700
445.22,	5.5800
445.86,	5.5800
446.50,	5.5900
447.14,	5.6000
447.78,	5.6100
448.41,	5.6200
449.05,	5.6300
449.69,	5.6300
450.33,	5.6500
450.97,	5.6700
451.60,	5.6800
452.24,	5.6800
452.88,	5.6800
453.52,	5.6800
454.16,	5.6700
454.79,	5.6500
455.43,	5.6200
456.07,	5.5500
456.71,	5.4800
457.35,	5.4500
457.98,	5.4500
458.62,	5.4500
459.26,	5.4500
459.90,	5.4500
460.53,	5.4500
461.17,	5.4400
461.81,	5.4300
462.44,	5.4200
463.08,	5.4000
463.72,	5.3800
464.36,	5.3700
464.99,	5.3600
465.63,	5.3500
466.27,	5.3400
466.90,	5.3300
467.54,	5.3200
468.18,	5.3000
468.81,	5.2700
469.45,	5.2500
470.09,	5.2400
470.72,	5.2200
471.36,	5.1800
472.00,	5.1600
472.63,	5.1500
473.27,	5.1500
473.91,	5.1400
474.54,	5.1400
475.18,	5.1400
475.82,	5.1400
476.45,	5.1400
477.09,	5.1400
477.73,	5.1300
478.36,	5.1400
479.00,	5.1400
479.63,	5.1300
480.27,	5.1300
480.91,	5.1300
481.54,	5.1200
482.18,	5.0900
482.81,	5.0800
483.45,	5.0700
484.08,	5.0500
484.72,	5.0300
485.36,	5.0200
485.99,	5.0100
486.63,	5.0000
487.26,	5.0100
487.90,	5.0000
488.53,	4.9600
489.17,	4.9300
489.80,	4.9200
490.44,	4.9000
491.07,	4.8900
491.71,	4.8800
492.34,	4.8700
492.98,	4.8600
493.62,	4.8600
494.25,	4.8600
494.89,	4.8600
495.52,	4.8600
496.15,	4.8500
496.79,	4.8500
497.42,	4.8500
498.06,	4.8500
498.69,	4.8500
499.33,	4.8500
499.96,	4.8400
500.60,	4.8400
501.23,	4.8500
501.87,	4.8500
502.50,	4.8500
503.14,	4.8500
503.77,	4.8400
504.40,	4.8300
505.04,	4.8100
505.67,	4.7900
506.31,	4.7800
506.94,	4.7700
507.57,	4.7700
508.21,	4.7700
508.84,	4.7600
509.48,	4.7600
510.11,	4.7500
510.74,	4.7400
511.38,	4.7400
512.01,	4.7400
512.65,	4.7400
513.28,	4.7300
513.91,	4.7300
514.55,	4.7200
515.18,	4.7200
515.81,	4.7100
516.45,	4.7100
517.08,	4.7000
517.71,	4.7000
518.35,	4.6900
518.98,	4.6900
519.61,	4.6900
520.25,	4.6900
520.88,	4.6900
521.51,	4.7000
522.15,	4.7100
522.78,	4.7000
523.41,	4.6900
524.04,	4.6700
524.68,	4.6600
525.31,	4.6600
525.94,	4.6500
526.58,	4.6400
527.21,	4.6300
527.84,	4.6200
528.47,	4.6100
529.11,	4.6100
529.74,	4.6000
530.37,	4.6100
531.00,	4.6000
531.64,	4.6000
532.27,	4.6000
532.90,	4.6000
533.53,	4.6000
534.17,	4.6100
534.80,	4.6100
535.43,	4.6100
536.06,	4.6100
536.69,	4.6000
537.33,	4.6000
537.96,	4.6000
538.59,	4.6000
539.22,	4.6200
539.85,	4.6600
540.48,	4.6700
541.12,	4.6700
541.75,	4.6700
542.38,	4.6800
543.01,	4.6700
543.64,	4.6700
544.27,	4.6700
544.91,	4.6600
545.54,	4.6400
546.17,	4.6300
546.80,	4.6100
547.43,	4.6100
548.06,	4.6100
548.69,	4.6000
549.32,	4.6000
549.95,	4.5900
550.59,	4.5900
551.22,	4.5800
551.85,	4.5700
552.48,	4.5600
553.11,	4.5500
553.74,	4.5400
554.37,	4.5300
555.00,	4.5200
555.63,	4.5100
556.26,	4.4900
556.89,	4.4600
557.52,	4.4400
558.15,	4.4200
558.78,	4.4100
559.42,	4.4100
560.05,	4.4100
560.68,	4.4100
561.31,	4.4100
561.94,	4.4100
562.57,	4.4100
563.20,	4.4000
563.83,	4.4000
564.46,	4.4000
565.09,	4.3900
565.72,	4.3900
566.35,	4.4000
566.98,	4.4000
567.61,	4.4000
568.24,	4.4000
568.87,	4.4000
569.50,	4.4000
570.12,	4.4100
570.75,	4.4100
571.38,	4.4300
572.01,	4.4600
572.64,	4.4900
573.27,	4.5100
573.90,	4.5400
574.53,	4.5700
575.16,	4.5900
575.79,	4.6200
576.42,	4.6400
577.05,	4.6600
577.68,	4.6700
578.31,	4.6700
578.93,	4.6700
579.56,	4.6800
580.19,	4.6800
580.82,	4.6800
581.45,	4.6800
582.08,	4.6800
582.71,	4.6800
583.34,	4.6800
583.97,	4.6800
584.59,	4.6700
585.22,	4.6600
585.85,	4.6500
586.48,	4.6400
587.11,	4.6300
587.74,	4.6400
588.36,	4.6500
588.99,	4.6600
589.62,	4.6600
590.25,	4.6600
590.88,	4.6600
591.50,	4.6600
592.13,	4.6600
592.76,	4.6700
593.39,	4.6700
594.02,	4.6900
594.64,	4.6900
595.27,	4.7000
595.90,	4.7100
596.53,	4.7100
597.16,	4.6900
597.78,	4.6400
598.41,	4.6100
599.04,	4.5900
599.67,	4.5900
600.29,	4.5900
600.92,	4.5800
601.55,	4.5900
602.18,	4.5900
602.80,	4.5800
603.43,	4.5800
604.06,	4.5800
604.68,	4.5900
605.31,	4.6200
605.94,	4.6600
606.57,	4.7100
607.19,	4.7500
607.82,	4.7800
608.45,	4.8000
609.07,	4.8100
609.70,	4.8100
610.33,	4.8100
610.95,	4.8100
611.58,	4.8100
612.21,	4.8200
612.83,	4.8300
613.46,	4.8200
614.09,	4.8100
614.71,	4.8000
615.34,	4.8000
615.97,	4.7900
616.59,	4.7900
617.22,	4.7800
617.84,	4.7800
618.47,	4.7700
619.10,	4.7700
619.72,	4.7600
620.35,	4.7600
620.97,	4.7600
621.60,	4.7500
622.23,	4.7500
622.85,	4.7500
623.48,	4.7400
624.10,	4.7200
624.73,	4.7000
625.35,	4.6800
625.98,	4.6600
626.61,	4.6500
627.23,	4.6400
627.86,	4.6200
628.48,	4.5900
629.11,	4.5500
629.73,	4.5300
630.36,	4.5100
630.98,	4.5000
631.61,	4.4800
632.23,	4.4600
632.86,	4.4600
633.48,	4.4600
634.11,	4.4500
634.73,	4.4500
635.36,	4.4500
635.98,	4.4500
636.61,	4.4500
637.23,	4.4500
637.86,	4.4500
638.48,	4.4500
639.11,	4.4500
639.73,	4.4600
640.36,	4.4600
640.98,	4.4600
641.61,	4.4700
642.23,	4.4700
642.85,	4.4800
643.48,	4.4900
644.10,	4.5000
644.73,	4.5200
645.35,	4.5300
645.98,	4.5500
646.60,	4.5600
647.22,	4.5800
647.85,	4.6000
648.47,	4.6000
649.10,	4.6100
649.72,	4.6100
650.34,	4.6000
650.97,	4.5900
651.59,	4.5900
652.22,	4.5800
652.84,	4.5700
653.46,	4.5600
654.09,	4.5500
654.71,	4.5600
655.33,	4.5600
655.96,	4.5600
656.58,	4.5700
657.20,	4.5500
657.83,	4.5100
658.45,	4.4800
659.07,	4.4700
659.70,	4.4700
660.32,	4.4600
660.94,	4.4700
661.57,	4.4800
662.19,	4.4800
662.81,	4.4900
663.43,	4.5000
664.06,	4.5100
664.68,	4.5200
665.30,	4.5300
665.93,	4.5400
666.55,	4.5700
667.17,	4.5800
667.79,	4.5800
668.42,	4.5800
669.04,	4.5700
669.66,	4.5500
670.28,	4.5400
670.91,	4.5500
671.53,	4.5500
672.15,	4.5500
672.77,	4.5400
673.39,	4.5400
674.02,	4.5400
674.64,	4.5300
675.26,	4.5300
675.88,	4.5100
676.50,	4.4900
677.13,	4.4800
677.75,	4.4700
678.37,	4.4600
678.99,	4.4600
679.61,	4.4600
680.24,	4.4600
680.86,	4.4700
681.48,	4.4800
682.10,	4.4800
682.72,	4.4900
683.34,	4.5000
683.96,	4.5200
684.59,	4.5400
685.21,	4.5600
685.83,	4.5600
686.45,	4.5600
687.07,	4.5600
687.69,	4.5500
688.31,	4.5600
688.93,	4.5600
689.56,	4.5500
690.18,	4.5500
690.80,	4.5400
691.42,	4.5300
692.04,	4.5300
692.66,	4.5300
693.28,	4.5200
693.90,	4.5200
694.52,	4.5100
695.14,	4.5100
695.76,	4.5100
696.38,	4.5000
697.00,	4.4900
697.62,	4.4800
698.25,	4.4700
698.87,	4.4500
699.49,	4.4300
700.11,	4.4200
700.73,	4.4100
701.35,	4.4000
701.97,	4.4000
702.59,	4.3800
703.21,	4.3800
703.83,	4.3700
704.45,	4.3600
705.07,	4.3600
705.69,	4.3500
706.31,	4.3500
706.93,	4.3500
707.55,	4.3500
708.17,	4.3500
708.79,	4.3500
709.40,	4.3500
710.02,	4.3500
710.64,	4.3500
711.26,	4.3500
711.88,	4.3500
712.50,	4.3500
713.12,	4.3500
713.74,	4.3500
714.36,	4.3500
714.98,	4.3500
715.60,	4.3500
716.22,	4.3500
716.84,	4.3500
717.45,	4.3500
718.07,	4.3400
718.69,	4.3400
719.31,	4.3400
719.93,	4.3400
720.55,	4.3300
721.17,	4.3300
721.79,	4.3300
722.41,	4.3300
723.02,	4.3300
723.64,	4.3300
724.26,	4.3200
724.88,	4.3200
725.50,	4.3200
726.12,	4.3200
726.73,	4.3300
727.35,	4.3300
727.97,	4.3300
728.59,	4.3300
729.21,	4.3300
729.83,	4.3300
730.44,	4.3300
731.06,	4.3300
731.68,	4.3300
732.30,	4.3300
732.92,	4.3200
733.53,	4.3200
734.15,	4.3300
734.77,	4.3300
735.39,	4.3400
736.00,	4.3500
736.62,	4.3600
737.24,	4.3600
737.86,	4.3600
738.47,	4.3500
739.09,	4.3400
739.71,	4.3300
740.33,	4.3200
740.94,	4.3200
741.56,	4.3100
742.18,	4.3000
742.79,	4.2900
743.41,	4.2900
744.03,	4.2800
744.65,	4.2800
745.26,	4.2800
745.88,	4.2800
746.50,	4.2800
747.11,	4.2700
747.73,	4.2700
748.35,	4.2700
748.96,	4.2700
749.58,	4.2700
750.20,	4.2600
750.81,	4.2600
751.43,	4.2600
752.05,	4.2600
752.66,	4.2600
753.28,	4.2500
753.90,	4.2300
754.51,	4.2200
755.13,	4.2100
755.74,	4.2100
756.36,	4.2000
756.98,	4.2000
757.59,	4.2000
758.21,	4.2000
758.82,	4.2000
759.44,	4.1900
760.06,	4.1900
760.67,	4.1900
761.29,	4.1800
761.90,	4.1700
762.52,	4.1600
763.14,	4.1500
763.75,	4.1400
764.37,	4.1400
764.98,	4.1400
765.60,	4.1400
766.21,	4.1300
766.83,	4.1300
767.44,	4.1200
768.06,	4.1200
768.67,	4.1100
769.29,	4.1000
769.90,	4.0900
770.52,	4.0800
771.14,	4.0700
771.75,	4.0600
772.37,	4.0500
772.98,	4.0400
773.59,	4.0400
774.21,	4.0400
774.82,	4.0300
775.44,	4.0300
776.05,	4.0300
776.67,	4.0300
777.28,	4.0200
777.90,	4.0200
778.51,	4.0200
779.13,	4.0200
779.74,	4.0200
780.36,	4.0100
780.97,	4.0000
781.58,	3.9900
782.20,	3.9800
782.81,	3.9700
783.43,	3.9700
784.04,	3.9600
784.66,	3.9500
785.27,	3.9500
785.88,	3.9400
786.50,	3.9400
787.11,	3.9400
787.73,	3.9300
788.34,	3.9200
788.95,	3.9200
789.57,	3.9100
790.18,	3.9100
790.79,	3.9200
791.41,	3.9200
792.02,	3.9100
792.63,	3.9000
793.25,	3.8900
793.86,	3.8900
794.47,	3.8900
795.09,	3.8900
795.70,	3.8900
796.31,	3.9000
796.93,	3.9000
797.54,	3.9000
798.15,	3.8900
798.77,	3.8900
799.38,	3.8800
799.99,	3.8800
800.61,	3.8700
801.22,	3.8700
801.83,	3.8500
802.44,	3.8400
803.06,	3.8400
803.67,	3.8300
804.28,	3.8200
804.90,	3.8200
805.51,	3.8200
806.12,	3.8100
806.73,	3.8000
807.34,	3.8000
807.96,	3.8000
808.57,	3.8000
809.18,	3.8000
809.79,	3.8000
810.41,	3.8100
811.02,	3.8200
811.63,	3.8200
812.24,	3.8200
812.85,	3.8200
813.47,	3.8200
814.08,	3.8100
814.69,	3.7900
815.30,	3.7800
815.91,	3.7600
816.53,	3.7400
817.14,	3.7300
817.75,	3.7200
818.36,	3.7300
818.97,	3.7400
819.58,	3.7500
820.20,	3.7600
820.81,	3.7700
821.42,	3.7800
822.03,	3.7800
822.64,	3.7700
823.25,	3.7700
823.86,	3.7600
824.47,	3.7500
825.09,	3.7300
825.70,	3.7100
826.31,	3.7000
826.92,	3.7000
827.53,	3.6800
828.14,	3.6700
828.75,	3.6600
829.36,	3.6500
829.97,	3.6500
830.58,	3.6600
831.19,	3.6700
831.80,	3.6600
832.42,	3.6600
833.03,	3.6500
833.64,	3.6500
834.25,	3.6400
834.86,	3.6400
835.47,	3.6300
836.08,	3.6100
836.69,	3.6000
837.30,	3.5900
837.91,	3.5600
838.52,	3.5300
839.13,	3.5000
839.74,	3.4800
840.35,	3.4700
840.96,	3.4800
841.57,	3.5000
842.18,	3.5100
842.79,	3.5100
843.40,	3.5100
844.01,	3.5100
844.62,	3.5200
845.23,	3.5100
845.84,	3.5000
846.45,	3.5000
847.06,	3.4900
847.67,	3.4700
848.27,	3.4500
848.88,	3.4500
849.49,	3.4400
850.10,	3.4300
850.71,	3.4300
851.32,	3.4300
851.93,	3.4300
852.54,	3.4200
853.15,	3.4100
853.76,	3.4000
854.37,	3.4000
854.98,	3.3900
855.58,	3.3900
856.19,	3.3900
856.80,	3.3800
857.41,	3.3700
858.02,	3.3600
858.63,	3.3600
859.24,	3.3500
859.85,	3.3500
860.45,	3.3500
861.06,	3.3500
861.67,	3.3500
862.28,	3.3400
862.89,	3.3400
863.50,	3.3400
864.10,	3.3400
864.71,	3.3500
865.32,	3.3500
865.93,	3.3500
866.54,	3.3500
867.14,	3.3500
867.75,	3.3500
868.36,	3.3500
868.97,	3.3500
869.58,	3.3600
870.18,	3.3600
870.79,	3.3600
871.40,	3.3800
872.01,	3.3900
872.61,	3.4000
873.22,	3.4100
873.83,	3.4200
874.44,	3.4300
875.04,	3.4400
875.65,	3.4500
876.26,	3.4500
876.87,	3.4500
877.47,	3.4600
878.08,	3.4600
878.69,	3.4600
879.29,	3.4700
879.90,	3.4600
880.51,	3.4600
881.12,	3.4600
881.72,	3.4700
882.33,	3.4700
882.94,	3.4600
883.54,	3.4600
884.15,	3.4600
884.76,	3.4600
885.36,	3.4600
885.97,	3.4600
886.58,	3.4700
887.18,	3.4700
887.79,	3.4700
888.40,	3.4700
889.00,	3.4600
889.61,	3.4600
890.22,	3.4700
890.82,	3.4700
891.43,	3.4700
892.03,	3.4700
892.64,	3.4700
893.25,	3.4700
893.85,	3.4600
894.46,	3.4600
895.06,	3.4700
895.67,	3.4700
896.28,	3.4700
896.88,	3.4700
897.49,	3.4700
898.09,	3.4700
898.70,	3.4800
899.30,	3.4800
899.91,	3.4800
900.52,	3.4900
901.12,	3.4800
901.73,	3.4800
902.33,	3.4800
902.94,	3.4800
903.54,	3.4800
904.15,	3.4800
904.75,	3.4800
905.36,	3.4800
905.96,	3.4700
906.57,	3.4700
907.17,	3.4800
907.78,	3.4900
908.38,	3.5000
908.99,	3.5000
909.59,	3.5100
910.20,	3.5100
910.80,	3.5100
911.41,	3.5200
912.01,	3.5200
912.62,	3.5100
913.22,	3.5100
913.83,	3.5100
914.43,	3.5200
915.03,	3.6100
915.64,	3.9500
916.24,	4.7300
916.85,	6.0800
917.45,	7.9400
918.06,	10.0700
918.66,	11.9300
919.26,	13.1600
919.87,	13.9900
920.47,	14.6100
921.08,	15.0900
921.68,	15.7100
922.28,	27.9600
922.89,	35.5000
923.49,	35.5000
924.10,	35.5000
924.70,	35.5000
925.30,	35.5000
925.91,	35.5000
926.51,	35.5000
927.11,	35.5000
927.72,	35.5000
928.32,	35.5000
928.92,	35.5000
929.53,	35.5000
930.13,	35.5000
930.74,	35.5000
931.34,	35.5000
931.94,	35.5000
932.54,	35.5000
933.15,	35.5000
933.75,	35.5000
934.35,	35.5000
934.96,	35.5000
935.56,	35.5000
936.16,	35.5000
936.77,	35.5000
937.37,	35.5000
937.97,	35.5000
938.57,	35.5000
939.18,	35.5000
939.78,	35.5000
940.38,	35.5000
940.98,	35.5000
941.59,	35.5000
942.19,	35.5000
942.79,	35.5000
943.39,	35.5000
944.00,	35.5000
944.60,	35.5000
945.20,	35.5000
945.80,	35.5000
946.40,	35.5000
947.01,	35.5000
947.61,	35.5000
948.21,	35.5000
948.81,	35.5000
949.41,	35.5000
950.02,	35.5000
950.62,	35.5000
951.22,	35.5000
951.82,	35.5000
952.42,	35.5000
953.02,	35.5000
953.63,	35.5000
954.23,	35.5000
954.83,	35.5000
955.43,	35.5000
956.03,	35.5000
956.63,	35.5000
957.24,	35.5000
957.84,	35.5000
958.44,	35.5000
959.04,	35.5000
959.64,	35.5000
960.24,	35.5000
960.84,	35.5000
961.44,	35.5000
962.04,	35.5000
962.64,	35.5000
963.25,	35.5000
963.85,	35.5000
964.45,	35.5000
965.05,	35.5000
965.65,	35.5000
966.25,	35.5000
966.85,	35.5000
967.45,	35.5000
968.05,	35.5000
968.65,	35.5000
969.25,	35.5000
969.85,	35.5000
970.45,	35.5000
971.05,	35.5000
971.65,	35.5000
972.25,	35.5000
972.85,	35.5000
973.45,	35.5000
974.05,	35.5000
974.65,	35.5000
975.25,	35.5000
975.85,	35.5000
976.45,	35.5000
977.05,	35.5000
977.65,	35.5000
978.25,	35.5000
978.85,	35.5000
979.45,	35.5000
980.05,	35.5000
980.65,	35.5000
981.25,	35.5000
981.85,	35.5000
982.45,	35.5000
983.05,	35.5000
983.65,	35.5000
984.25,	35.5000
984.85,	35.5000
985.45,	35.5000
986.04,	35.5000
986.64,	35.5000
987.24,	35.5000
987.84,	35.5000
988.44,	35.5000
989.04,	35.5000
989.64,	35.5000
990.24,	35.5000
990.84,	35.5000
991.44,	35.5000
992.03,	35.5000
992.63,	35.5000
993.23,	35.5000
993.83,	35.5000
994.43,	35.5000
995.03,	35.5000
995.63,	35.5000
996.22,	35.5000
996.82,	35.5000
997.42,	35.5000
998.02,	35.5000
998.62,	35.5000
999.21,	35.5000
999.81,	35.5000
1000.41,	35.5000
