Call Sign = ZSDA,	Ship Name = SA Agulhas,	Lloyds Num = 0
Date = 02/01/2017,	Time = 05:00,	
Latitude = 50 27.44  S,	Longitude = 000 44.64  E
Instr = Sippican Deep Blue,	Card Type = Sippican MK-21,	
Wind Instr = ,	Measur Method = 
Probe Serial Num = -1,	Ship Dir = -1,	Ship Speed = -1.00
Wind Dir = 246,	Wind Speed = 35.00
Dry Bulb Temp = 1.40,	Total Water Depth = -1.00

Full Resolution Values
Depth,	 Temp
0.67,	3.2700
1.34,	3.2100
2.01,	3.2100
2.68,	3.2200
3.34,	3.2200
4.01,	3.2200
4.68,	3.2200
5.35,	3.2200
6.02,	3.2200
6.69,	3.2300
7.36,	3.2200
8.03,	3.2300
8.69,	3.2300
9.36,	3.2300
10.03,	3.2300
10.70,	3.2300
11.37,	3.2300
12.04,	3.2300
12.70,	3.2300
13.37,	3.2300
14.04,	3.2300
14.71,	3.2300
15.38,	3.2300
16.05,	3.2300
16.71,	3.2300
17.38,	3.2200
18.05,	3.2100
18.72,	3.2100
19.38,	3.2100
20.05,	3.2100
20.72,	3.2100
21.39,	3.2200
22.06,	3.2100
22.72,	3.2200
23.39,	3.2100
24.06,	3.2100
24.73,	3.1900
25.39,	3.1800
26.06,	3.1800
26.73,	3.1800
27.40,	3.1800
28.06,	3.1800
28.73,	3.1900
29.40,	3.2100
30.06,	3.2100
30.73,	3.2100
31.40,	3.2100
32.06,	3.2100
32.73,	3.2100
33.40,	3.2100
34.07,	3.2200
34.73,	3.2200
35.40,	3.2100
36.07,	3.2100
36.73,	3.2000
37.40,	3.1800
38.07,	3.1700
38.73,	3.1600
39.40,	3.1300
40.06,	3.1000
40.73,	3.0900
41.40,	3.0800
42.06,	3.0800
42.73,	3.0900
43.40,	3.0800
44.06,	3.0800
44.73,	3.0800
45.39,	3.0800
46.06,	3.0800
46.73,	3.0800
47.39,	3.0800
48.06,	3.0800
48.72,	3.0800
49.39,	3.0800
50.06,	3.0800
50.72,	3.0900
51.39,	3.0800
52.05,	3.0800
52.72,	3.0800
53.38,	3.0800
54.05,	3.0800
54.71,	3.0800
55.38,	3.0800
56.05,	3.0800
56.71,	3.0800
57.38,	3.0800
58.04,	3.0800
58.71,	3.0800
59.37,	3.0800
60.04,	3.0800
60.70,	3.0800
61.37,	3.0800
62.03,	3.0800
62.70,	3.0800
63.36,	3.0800
64.03,	3.0800
64.69,	3.0800
65.36,	3.0800
66.02,	3.0800
66.69,	3.0800
67.35,	3.0800
68.01,	3.0900
68.68,	3.0800
69.34,	3.0800
70.01,	3.0800
70.67,	3.0800
71.34,	3.0800
72.00,	3.0800
72.66,	3.0800
73.33,	3.0800
73.99,	3.0800
74.66,	3.0800
75.32,	3.0800
75.98,	3.0800
76.65,	3.0800
77.31,	3.0800
77.98,	3.0800
78.64,	3.0800
79.30,	3.0800
79.97,	3.0800
80.63,	3.0800
81.30,	3.0800
81.96,	3.0800
82.62,	3.0700
83.29,	3.0700
83.95,	3.0700
84.61,	3.0700
85.28,	3.0800
85.94,	3.0800
86.60,	3.0700
87.27,	3.0700
87.93,	3.0700
88.59,	3.0700
89.26,	3.0700
89.92,	3.0700
90.58,	3.0600
91.24,	3.0600
91.91,	3.0600
92.57,	3.0600
93.23,	3.0600
93.90,	3.0500
94.56,	3.0500
95.22,	3.0400
95.88,	3.0300
96.55,	3.0300
97.21,	3.0300
97.87,	3.0300
98.53,	3.0200
99.20,	3.0200
99.86,	3.0100
100.52,	3.0000
101.18,	2.9900
101.85,	2.9800
102.51,	2.9500
103.17,	2.9300
103.83,	2.8900
104.49,	2.8700
105.16,	2.8500
105.82,	2.8300
106.48,	2.8000
107.14,	2.7500
107.80,	2.6900
108.47,	2.6200
109.13,	2.5000
109.79,	2.3800
110.45,	2.2800
111.11,	2.1800
111.77,	2.0900
112.44,	1.9900
113.10,	1.9100
113.76,	1.8700
114.42,	1.8400
115.08,	1.8100
115.74,	1.7800
116.40,	1.7600
117.06,	1.7500
117.73,	1.7300
118.39,	1.7100
119.05,	1.6200
119.71,	1.4700
120.37,	1.3500
121.03,	1.2800
121.69,	1.2400
122.35,	1.2100
123.01,	1.1900
123.67,	1.1800
124.33,	1.1700
125.00,	1.1500
125.66,	1.1400
126.32,	1.1300
126.98,	1.1300
127.64,	1.1200
128.30,	1.1100
128.96,	1.1100
129.62,	1.1100
130.28,	1.1100
130.94,	1.1000
131.60,	1.1000
132.26,	1.0900
132.92,	1.0800
133.58,	1.0600
134.24,	1.0500
134.90,	1.0400
135.56,	1.0300
136.22,	1.0200
136.88,	1.0200
137.54,	1.0200
138.20,	1.0100
138.86,	1.0100
139.52,	1.0100
140.18,	1.0000
140.84,	0.9900
141.50,	0.9800
142.16,	0.9800
142.82,	0.9800
143.48,	0.9700
144.14,	0.9700
144.79,	0.9700
145.45,	0.9700
146.11,	0.9700
146.77,	0.9700
147.43,	0.9700
148.09,	0.9700
148.75,	0.9600
149.41,	0.9600
150.07,	0.9500
150.73,	0.9400
151.39,	0.9400
152.04,	0.9300
152.70,	0.9300
153.36,	0.9200
154.02,	0.9200
154.68,	0.9200
155.34,	0.9300
156.00,	0.9300
156.65,	0.9300
157.31,	0.9300
157.97,	0.9300
158.63,	0.9300
159.29,	0.9400
159.95,	0.9500
160.60,	0.9600
161.26,	0.9600
161.92,	0.9600
162.58,	0.9600
163.24,	0.9600
163.90,	0.9700
164.55,	0.9700
165.21,	0.9600
165.87,	0.9700
166.53,	0.9700
167.18,	0.9700
167.84,	0.9800
168.50,	0.9700
169.16,	0.9800
169.82,	0.9900
170.47,	0.9900
171.13,	1.0000
171.79,	1.0300
172.44,	1.0600
173.10,	1.0800
173.76,	1.1000
174.42,	1.1200
175.07,	1.1300
175.73,	1.1300
176.39,	1.1400
177.05,	1.1500
177.70,	1.1600
178.36,	1.1700
179.02,	1.1800
179.67,	1.1900
180.33,	1.2000
180.99,	1.2000
181.64,	1.2200
182.30,	1.2200
182.96,	1.2300
183.61,	1.2300
184.27,	1.2400
184.93,	1.2500
185.58,	1.2500
186.24,	1.2500
186.90,	1.2600
187.55,	1.2600
188.21,	1.2700
188.87,	1.2700
189.52,	1.2800
190.18,	1.2800
190.83,	1.2900
191.49,	1.2900
192.15,	1.3000
192.80,	1.3000
193.46,	1.3100
194.11,	1.3200
194.77,	1.3300
195.43,	1.3500
196.08,	1.3900
196.74,	1.4100
197.39,	1.4400
198.05,	1.4600
198.70,	1.4800
199.36,	1.5100
200.02,	1.5500
200.67,	1.5800
201.33,	1.6000
201.98,	1.6200
202.64,	1.6400
203.29,	1.6500
203.95,	1.6700
204.60,	1.6800
205.26,	1.6800
205.91,	1.6800
206.57,	1.6900
207.22,	1.6800
207.88,	1.6900
208.53,	1.7100
209.19,	1.7200
209.84,	1.7300
210.50,	1.7300
211.15,	1.7300
211.81,	1.7400
212.46,	1.7400
213.12,	1.7400
213.77,	1.7500
214.43,	1.7600
215.08,	1.7600
215.74,	1.7600
216.39,	1.7600
217.04,	1.7600
217.70,	1.7600
218.35,	1.7700
219.01,	1.7700
219.66,	1.7700
220.32,	1.7800
220.97,	1.7800
221.62,	1.7900
222.28,	1.7900
222.93,	1.7900
223.59,	1.7900
224.24,	1.7900
224.89,	1.7900
225.55,	1.8000
226.20,	1.8000
226.85,	1.8000
227.51,	1.8100
228.16,	1.8100
228.81,	1.8100
229.47,	1.8100
230.12,	1.8200
230.78,	1.8300
231.43,	1.8400
232.08,	1.8500
232.74,	1.8500
233.39,	1.8600
234.04,	1.8600
234.69,	1.8600
235.35,	1.8700
236.00,	1.8700
236.65,	1.8800
237.31,	1.8900
237.96,	1.8900
238.61,	1.9000
239.27,	1.9000
239.92,	1.9000
240.57,	1.8900
241.22,	1.9000
241.88,	1.9300
242.53,	1.9400
243.18,	1.9500
243.83,	1.9500
244.49,	1.9500
245.14,	1.9600
245.79,	1.9600
246.44,	1.9600
247.10,	1.9600
247.75,	1.9600
248.40,	1.9600
249.05,	1.9600
249.70,	1.9600
250.36,	1.9600
251.01,	1.9600
251.66,	1.9700
252.31,	1.9700
252.96,	1.9800
253.62,	1.9800
254.27,	1.9900
254.92,	1.9900
255.57,	1.9900
256.22,	2.0000
256.88,	2.0000
257.53,	2.0000
258.18,	2.0000
258.83,	2.0100
259.48,	2.0100
260.13,	2.0100
260.78,	2.0100
261.44,	2.0200
262.09,	2.0200
262.74,	2.0200
263.39,	2.0200
264.04,	2.0200
264.69,	2.0300
265.34,	2.0300
265.99,	2.0300
266.64,	2.0300
267.29,	2.0300
267.95,	2.0400
268.60,	2.0500
269.25,	2.0500
269.90,	2.0700
270.55,	2.0800
271.20,	2.0800
271.85,	2.0900
272.50,	2.0900
273.15,	2.0900
273.80,	2.1000
274.45,	2.1000
275.10,	2.1000
275.75,	2.1000
276.40,	2.1000
277.05,	2.1000
277.70,	2.1000
278.35,	2.1100
279.00,	2.1100
279.65,	2.1100
280.30,	2.1100
280.95,	2.1200
281.60,	2.1200
282.25,	2.1200
282.90,	2.1200
283.55,	2.1300
284.20,	2.1300
284.85,	2.1300
285.50,	2.1300
286.15,	2.1300
286.80,	2.1300
287.45,	2.1300
288.10,	2.1300
288.75,	2.1400
289.40,	2.1300
290.05,	2.1400
290.70,	2.1400
291.35,	2.1500
292.00,	2.1500
292.64,	2.1500
293.29,	2.1500
293.94,	2.1500
294.59,	2.1600
295.24,	2.1600
295.89,	2.1600
296.54,	2.1700
297.19,	2.1700
297.84,	2.1700
298.49,	2.1700
299.13,	2.1700
299.78,	2.1800
300.43,	2.1800
301.08,	2.1900
301.73,	2.1900
302.38,	2.2000
303.02,	2.2000
303.67,	2.2100
304.32,	2.2200
304.97,	2.2200
305.62,	2.2300
306.27,	2.2300
306.91,	2.2300
307.56,	2.2300
308.21,	2.2300
308.86,	2.2400
309.51,	2.2400
310.15,	2.2400
310.80,	2.2400
311.45,	2.2400
312.10,	2.2400
312.75,	2.2400
313.39,	2.2400
314.04,	2.2400
314.69,	2.2400
315.34,	2.2500
315.98,	2.2500
316.63,	2.2400
317.28,	2.2400
317.93,	2.2400
318.57,	2.2500
319.22,	2.2500
319.87,	2.2500
320.52,	2.2500
321.16,	2.2500
321.81,	2.2500
322.46,	2.2500
323.10,	2.2600
323.75,	2.2700
324.40,	2.2700
325.04,	2.2700
325.69,	2.2800
326.34,	2.2800
326.99,	2.2800
327.63,	2.2800
328.28,	2.2800
328.93,	2.2800
329.57,	2.2800
330.22,	2.2900
330.86,	2.3000
331.51,	2.3000
332.16,	2.3000
332.80,	2.3100
333.45,	2.3100
334.10,	2.3200
334.74,	2.3200
335.39,	2.3300
336.03,	2.3300
336.68,	2.3300
337.33,	2.3400
337.97,	2.3500
338.62,	2.3500
339.26,	2.3500
339.91,	2.3500
340.56,	2.3500
341.20,	2.3500
341.85,	2.3600
342.49,	2.3600
343.14,	2.3600
343.78,	2.3600
344.43,	2.3600
345.08,	2.3600
345.72,	2.3700
346.37,	2.3700
347.01,	2.3700
347.66,	2.3700
348.30,	2.3700
348.95,	2.3700
349.59,	2.3700
350.24,	2.3800
350.88,	2.3800
351.53,	2.3800
352.17,	2.3800
352.82,	2.3900
353.46,	2.3900
354.11,	2.3900
354.75,	2.3900
355.40,	2.3900
356.04,	2.3900
356.69,	2.3900
357.33,	2.3900
357.98,	2.3900
358.62,	2.3900
359.27,	2.3900
359.91,	2.3900
360.55,	2.3900
361.20,	2.3900
361.84,	2.3900
362.49,	2.3900
363.13,	2.3900
363.78,	2.4000
364.42,	2.4000
365.06,	2.4000
365.71,	2.4000
366.35,	2.4000
367.00,	2.4000
367.64,	2.4100
368.28,	2.4100
368.93,	2.4100
369.57,	2.4100
370.22,	2.4100
370.86,	2.4100
371.50,	2.4200
372.15,	2.4200
372.79,	2.4200
373.43,	2.4200
374.08,	2.4200
374.72,	2.4200
375.36,	2.4200
376.01,	2.4200
376.65,	2.4200
377.29,	2.4100
377.94,	2.4100
378.58,	2.4100
379.22,	2.4100
379.87,	2.4100
380.51,	2.4100
381.15,	2.4100
381.79,	2.4100
382.44,	2.4100
383.08,	2.4200
383.72,	2.4100
384.37,	2.4200
385.01,	2.4200
385.65,	2.4200
386.29,	2.4200
386.94,	2.4200
387.58,	2.4200
388.22,	2.4200
388.86,	2.4200
389.51,	2.4200
390.15,	2.4200
390.79,	2.4200
391.43,	2.4200
392.08,	2.4200
392.72,	2.4200
393.36,	2.4200
394.00,	2.4200
394.64,	2.4300
395.29,	2.4300
395.93,	2.4300
396.57,	2.4300
397.21,	2.4300
397.85,	2.4300
398.50,	2.4300
399.14,	2.4300
399.78,	2.4300
400.42,	2.4300
401.06,	2.4400
401.70,	2.4400
402.34,	2.4400
402.99,	2.4400
403.63,	2.4400
404.27,	2.4400
404.91,	2.4400
405.55,	2.4400
406.19,	2.4300
406.83,	2.4300
407.48,	2.4300
408.12,	2.4200
408.76,	2.4200
409.40,	2.4200
410.04,	2.4300
410.68,	2.4300
411.32,	2.4300
411.96,	2.4200
412.60,	2.4300
413.24,	2.4300
413.88,	2.4200
414.52,	2.4300
415.17,	2.4300
415.81,	2.4300
416.45,	2.4300
417.09,	2.4300
417.73,	2.4300
418.37,	2.4300
419.01,	2.4400
419.65,	2.4400
420.29,	2.4400
420.93,	2.4400
421.57,	2.4400
422.21,	2.4400
422.85,	2.4400
423.49,	2.4400
424.13,	2.4400
424.77,	2.4400
425.41,	2.4400
426.05,	2.4500
426.69,	2.4500
427.33,	2.4500
427.97,	2.4500
428.61,	2.4500
429.25,	2.4500
429.89,	2.4500
430.53,	2.4500
431.17,	2.4500
431.80,	2.4500
432.44,	2.4500
433.08,	2.4500
433.72,	2.4500
434.36,	2.4500
435.00,	2.4500
435.64,	2.4600
436.28,	2.4600
436.92,	2.4700
437.56,	2.4700
438.20,	2.4700
438.84,	2.4700
439.47,	2.4700
440.11,	2.4700
440.75,	2.4700
441.39,	2.4700
442.03,	2.4700
442.67,	2.4800
443.31,	2.4700
443.95,	2.4700
444.58,	2.4800
445.22,	2.4700
445.86,	2.4700
446.50,	2.4700
447.14,	2.4700
447.78,	2.4800
448.41,	2.4800
449.05,	2.4800
449.69,	2.4800
450.33,	2.4900
450.97,	2.4800
451.60,	2.4800
452.24,	2.4800
452.88,	2.4800
453.52,	2.4800
454.16,	2.4800
454.79,	2.4800
455.43,	2.4800
456.07,	2.4800
456.71,	2.4800
457.35,	2.4800
457.98,	2.4800
458.62,	2.4800
459.26,	2.4800
459.90,	2.4800
460.53,	2.4800
461.17,	2.4800
461.81,	2.4800
462.44,	2.4800
463.08,	2.4700
463.72,	2.4700
464.36,	2.4700
464.99,	2.4700
465.63,	2.4700
466.27,	2.4700
466.90,	2.4800
467.54,	2.4800
468.18,	2.4800
468.81,	2.4700
469.45,	2.4700
470.09,	2.4700
470.72,	2.4700
471.36,	2.4700
472.00,	2.4700
472.63,	2.4700
473.27,	2.4700
473.91,	2.4800
474.54,	2.4800
475.18,	2.4700
475.82,	2.4700
476.45,	2.4700
477.09,	2.4700
477.73,	2.4700
478.36,	2.4700
479.00,	2.4700
479.63,	2.4700
480.27,	2.4700
480.91,	2.4700
481.54,	2.4700
482.18,	2.4700
482.81,	2.4700
483.45,	2.4700
484.08,	2.4700
484.72,	2.4700
485.36,	2.4700
485.99,	2.4700
486.63,	2.4700
487.26,	2.4600
487.90,	2.4600
488.53,	2.4600
489.17,	2.4600
489.80,	2.4600
490.44,	2.4600
491.07,	2.4600
491.71,	2.4600
492.34,	2.4600
492.98,	2.4500
493.62,	2.4500
494.25,	2.4500
494.89,	2.4400
495.52,	2.4400
496.15,	2.4400
496.79,	2.4400
497.42,	2.4300
498.06,	2.4400
498.69,	2.4400
499.33,	2.4300
499.96,	2.4300
500.60,	2.4300
501.23,	2.4300
501.87,	2.4300
502.50,	2.4300
503.14,	2.4300
503.77,	2.4300
504.40,	2.4300
505.04,	2.4300
505.67,	2.4300
506.31,	2.4300
506.94,	2.4300
507.57,	2.4300
508.21,	2.4300
508.84,	2.4300
509.48,	2.4400
510.11,	2.4400
510.74,	2.4300
511.38,	2.4400
512.01,	2.4400
512.65,	2.4400
513.28,	2.4400
513.91,	2.4300
514.55,	2.4400
515.18,	2.4400
515.81,	2.4400
516.45,	2.4400
517.08,	2.4400
517.71,	2.4400
518.35,	2.4400
518.98,	2.4400
519.61,	2.4300
520.25,	2.4300
520.88,	2.4300
521.51,	2.4300
522.15,	2.4300
522.78,	2.4300
523.41,	2.4300
524.04,	2.4300
524.68,	2.4300
525.31,	2.4300
525.94,	2.4400
526.58,	2.4300
527.21,	2.4300
527.84,	2.4300
528.47,	2.4300
529.11,	2.4300
529.74,	2.4300
530.37,	2.4300
531.00,	2.4300
531.64,	2.4300
532.27,	2.4300
532.90,	2.4300
533.53,	2.4300
534.17,	2.4300
534.80,	2.4300
535.43,	2.4300
536.06,	2.4200
536.69,	2.4200
537.33,	2.4300
537.96,	2.4200
538.59,	2.4300
539.22,	2.4200
539.85,	2.4200
540.48,	2.4200
541.12,	2.4200
541.75,	2.4200
542.38,	2.4200
543.01,	2.4200
543.64,	2.4200
544.27,	2.4200
544.91,	2.4200
545.54,	2.4200
546.17,	2.4200
546.80,	2.4200
547.43,	2.4200
548.06,	2.4200
548.69,	2.4200
549.32,	2.4200
549.95,	2.4200
550.59,	2.4200
551.22,	2.4200
551.85,	2.4200
552.48,	2.4200
553.11,	2.4200
553.74,	2.4200
554.37,	2.4200
555.00,	2.4200
555.63,	2.4200
556.26,	2.4200
556.89,	2.4200
557.52,	2.4200
558.15,	2.4200
558.78,	2.4200
559.42,	2.4200
560.05,	2.4200
560.68,	2.4200
561.31,	2.4200
561.94,	2.4200
562.57,	2.4200
563.20,	2.4200
563.83,	2.4200
564.46,	2.4200
565.09,	2.4200
565.72,	2.4200
566.35,	2.4200
566.98,	2.4200
567.61,	2.4200
568.24,	2.4200
568.87,	2.4200
569.50,	2.4200
570.12,	2.4200
570.75,	2.4200
571.38,	2.4200
572.01,	2.4200
572.64,	2.4300
573.27,	2.4200
573.90,	2.4200
574.53,	2.4300
575.16,	2.4200
575.79,	2.4200
576.42,	2.4200
577.05,	2.4200
577.68,	2.4200
578.31,	2.4200
578.93,	2.4200
579.56,	2.4200
580.19,	2.4200
580.82,	2.4200
581.45,	2.4200
582.08,	2.4200
582.71,	2.4200
583.34,	2.4200
583.97,	2.4200
584.59,	2.4200
585.22,	2.4200
585.85,	2.4100
586.48,	2.4200
587.11,	2.4200
587.74,	2.4200
588.36,	2.4200
588.99,	2.4200
589.62,	2.4100
590.25,	2.4100
590.88,	2.4200
591.50,	2.4200
592.13,	2.4200
592.76,	2.4200
593.39,	2.4200
594.02,	2.4200
594.64,	2.4200
595.27,	2.4200
595.90,	2.4200
596.53,	2.4200
597.16,	2.4200
597.78,	2.4200
598.41,	2.4200
599.04,	2.4200
599.67,	2.4200
600.29,	2.4200
600.92,	2.4200
601.55,	2.4200
602.18,	2.4200
602.80,	2.4200
603.43,	2.4200
604.06,	2.4200
604.68,	2.4200
605.31,	2.4200
605.94,	2.4200
606.57,	2.4200
607.19,	2.4200
607.82,	2.4200
608.45,	2.4200
609.07,	2.4200
609.70,	2.4200
610.33,	2.4200
610.95,	2.4200
611.58,	2.4200
612.21,	2.4200
612.83,	2.4200
613.46,	2.4200
614.09,	2.4200
614.71,	2.4200
615.34,	2.4200
615.97,	2.4200
616.59,	2.4200
617.22,	2.4200
617.84,	2.4300
618.47,	2.4200
619.10,	2.4300
619.72,	2.4400
620.35,	2.4500
620.97,	2.4500
621.60,	2.4600
622.23,	2.4600
622.85,	2.4700
623.48,	2.4600
624.10,	2.4700
624.73,	2.4700
625.35,	2.4700
625.98,	2.4700
626.61,	2.4700
627.23,	2.4700
627.86,	2.4700
628.48,	2.4700
629.11,	2.4700
629.73,	2.4700
630.36,	2.4700
630.98,	2.4700
631.61,	2.4700
632.23,	2.4600
632.86,	2.4600
633.48,	2.4700
634.11,	2.4700
634.73,	2.4700
635.36,	2.4700
635.98,	2.4700
636.61,	2.4700
637.23,	2.4700
637.86,	2.4700
638.48,	2.4700
639.11,	2.4700
639.73,	2.4700
640.36,	2.4700
640.98,	2.4700
641.61,	2.4800
642.23,	2.4700
642.85,	2.4800
643.48,	2.4800
644.10,	2.4800
644.73,	2.4800
645.35,	2.4700
645.98,	2.4700
646.60,	2.4800
647.22,	2.4800
647.85,	2.4700
648.47,	2.4800
649.10,	2.4800
649.72,	2.4800
650.34,	2.4800
650.97,	2.4800
651.59,	2.4800
652.22,	2.4800
652.84,	2.4800
653.46,	2.4800
654.09,	2.4700
654.71,	2.4700
655.33,	2.4700
655.96,	2.4700
656.58,	2.4800
657.20,	2.4700
657.83,	2.4700
658.45,	2.4700
659.07,	2.4700
659.70,	2.4700
660.32,	2.4700
660.94,	2.4600
661.57,	2.4700
662.19,	2.4700
662.81,	2.4700
663.43,	2.4700
664.06,	2.4700
664.68,	2.4600
665.30,	2.4600
665.93,	2.4600
666.55,	2.4600
667.17,	2.4600
667.79,	2.4600
668.42,	2.4600
669.04,	2.4600
669.66,	2.4600
670.28,	2.4600
670.91,	2.4600
671.53,	2.4600
672.15,	2.4600
672.77,	2.4600
673.39,	2.4600
674.02,	2.4600
674.64,	2.4600
675.26,	2.4600
675.88,	2.4600
676.50,	2.4600
677.13,	2.4600
677.75,	2.4600
678.37,	2.4600
678.99,	2.4600
679.61,	2.4600
680.24,	2.4600
680.86,	2.4600
681.48,	2.4600
682.10,	2.4700
682.72,	2.4700
683.34,	2.4700
683.96,	2.4600
684.59,	2.4600
685.21,	2.4700
685.83,	2.4700
686.45,	2.4700
687.07,	2.4700
687.69,	2.4700
688.31,	2.4700
688.93,	2.4700
689.56,	2.4700
690.18,	2.4700
690.80,	2.4700
691.42,	2.4700
692.04,	2.4700
692.66,	2.4700
693.28,	2.4700
693.90,	2.4700
694.52,	2.4700
695.14,	2.4700
695.76,	2.4700
696.38,	2.4700
697.00,	2.4700
697.62,	2.4600
698.25,	2.4600
698.87,	2.4700
699.49,	2.4700
700.11,	2.4700
700.73,	2.4600
701.35,	2.4600
701.97,	2.4600
702.59,	2.4600
703.21,	2.4600
703.83,	2.4600
704.45,	2.4600
705.07,	2.4600
705.69,	2.4600
706.31,	2.4600
706.93,	2.4600
707.55,	2.4600
708.17,	2.4600
708.79,	2.4600
709.40,	2.4500
710.02,	2.4500
710.64,	2.4500
711.26,	2.4500
711.88,	2.4500
712.50,	2.4500
713.12,	2.4500
713.74,	2.4500
714.36,	2.4500
714.98,	2.4500
715.60,	2.4500
716.22,	2.4500
716.84,	2.4500
717.45,	2.4500
718.07,	2.4500
718.69,	2.4400
719.31,	2.4400
719.93,	2.4500
720.55,	2.4500
721.17,	2.4400
721.79,	2.4400
722.41,	2.4400
723.02,	2.4400
723.64,	2.4400
724.26,	2.4400
724.88,	2.4400
725.50,	2.4300
726.12,	2.4200
726.73,	2.4300
727.35,	2.4300
727.97,	2.4200
728.59,	2.4200
729.21,	2.4200
729.83,	2.4200
730.44,	2.4200
731.06,	2.4200
731.68,	2.4200
732.30,	2.4100
732.92,	2.4100
733.53,	2.4000
734.15,	2.4000
734.77,	2.4000
735.39,	2.4000
736.00,	2.4000
736.62,	2.4000
737.24,	2.3900
737.86,	2.3900
738.47,	2.3900
739.09,	2.3900
739.71,	2.3900
740.33,	2.3900
740.94,	2.3800
741.56,	2.3800
742.18,	2.3800
742.79,	2.3800
743.41,	2.3800
744.03,	2.3800
744.65,	2.3800
745.26,	2.3800
745.88,	2.3800
746.50,	2.3800
747.11,	2.3900
747.73,	2.3900
748.35,	2.3900
748.96,	2.3900
749.58,	2.3900
750.20,	2.3900
750.81,	2.4000
751.43,	2.4000
752.05,	2.4000
752.66,	2.3900
753.28,	2.3900
753.90,	2.3900
754.51,	2.3900
755.13,	2.3900
755.74,	2.3900
756.36,	2.3800
756.98,	2.3800
757.59,	2.3800
758.21,	2.3800
758.82,	2.3800
759.44,	2.3800
760.06,	2.3800
760.67,	2.3800
761.29,	2.3800
761.90,	2.3800
762.52,	2.3800
763.14,	2.3900
763.75,	2.4000
764.37,	2.4000
764.98,	2.4000
765.60,	2.4000
766.21,	2.4000
766.83,	2.4000
767.44,	2.4000
768.06,	2.4000
768.67,	2.4000
769.29,	2.4000
769.90,	2.4000
770.52,	2.4000
771.14,	2.4000
771.75,	2.4000
772.37,	2.3900
772.98,	2.3900
773.59,	2.3900
774.21,	2.3900
774.82,	2.3900
775.44,	2.3900
776.05,	2.3900
776.67,	2.3900
777.28,	2.3800
777.90,	2.3800
778.51,	2.3800
779.13,	2.3800
779.74,	2.3800
780.36,	2.3800
780.97,	2.3800
781.58,	2.3800
782.20,	2.3800
782.81,	2.3800
783.43,	2.3800
784.04,	2.3800
784.66,	2.3800
785.27,	2.3800
785.88,	2.3800
786.50,	2.3800
787.11,	2.3800
787.73,	2.3800
788.34,	2.3800
788.95,	2.3800
789.57,	2.3800
790.18,	2.3800
790.79,	2.3800
791.41,	2.3800
792.02,	2.3800
792.63,	2.3800
793.25,	2.3800
793.86,	2.3800
794.47,	2.3800
795.09,	2.3800
795.70,	2.3800
796.31,	2.3800
796.93,	2.3800
797.54,	2.3800
798.15,	2.3800
798.77,	2.3700
799.38,	2.3700
799.99,	2.3700
800.61,	2.3700
801.22,	2.3700
801.83,	2.3700
802.44,	2.3700
803.06,	2.3700
803.67,	2.3700
804.28,	2.3700
804.90,	2.3700
805.51,	2.3700
806.12,	2.3600
806.73,	2.3600
807.34,	2.3600
807.96,	2.3600
808.57,	2.3600
809.18,	2.3600
809.79,	2.3600
810.41,	2.3600
811.02,	2.3600
811.63,	2.3600
812.24,	2.3600
812.85,	2.3600
813.47,	2.3500
814.08,	2.3500
814.69,	2.3500
815.30,	2.3500
815.91,	2.3600
816.53,	2.3600
817.14,	2.3500
817.75,	2.3500
818.36,	2.3500
818.97,	2.3500
819.58,	2.3500
820.20,	2.3500
820.81,	2.3500
821.42,	2.3500
822.03,	2.3500
822.64,	2.3400
823.25,	2.3500
823.86,	2.3500
824.47,	2.3500
825.09,	2.3500
825.70,	2.3500
826.31,	2.3500
826.92,	2.3500
827.53,	2.3500
828.14,	2.3500
828.75,	2.3400
829.36,	2.3400
829.97,	2.3500
830.58,	2.3500
831.19,	2.3500
831.80,	2.3500
832.42,	2.3500
833.03,	2.3500
833.64,	2.3400
834.25,	2.3400
834.86,	2.3500
835.47,	2.3500
836.08,	2.3500
836.69,	2.3500
837.30,	2.3500
837.91,	2.3500
838.52,	2.3500
839.13,	2.3500
839.74,	2.3500
840.35,	2.3500
840.96,	2.3500
841.57,	2.3500
842.18,	2.3500
842.79,	2.3400
843.40,	2.3500
844.01,	2.3500
844.62,	2.3500
845.23,	2.3400
845.84,	2.3400
846.45,	2.3400
847.06,	2.3400
847.67,	2.3500
848.27,	2.3400
848.88,	2.3400
849.49,	2.3400
850.10,	2.3400
850.71,	2.3400
851.32,	2.3400
851.93,	2.3400
852.54,	2.3400
853.15,	2.3400
853.76,	2.3400
854.37,	2.3400
854.98,	2.3400
855.58,	2.3400
856.19,	2.3400
856.80,	2.3400
857.41,	2.3400
858.02,	2.3400
858.63,	2.3400
859.24,	2.3400
859.85,	2.3400
860.45,	2.3400
861.06,	2.3400
861.67,	2.3400
862.28,	2.3400
862.89,	2.3400
863.50,	2.3400
864.10,	2.3400
864.71,	2.3400
865.32,	2.3300
865.93,	2.3300
866.54,	2.3300
867.14,	2.3400
867.75,	2.3400
868.36,	2.3400
868.97,	2.3300
869.58,	2.3300
870.18,	2.3300
870.79,	2.3300
871.40,	2.3300
872.01,	2.3300
872.61,	2.3300
873.22,	2.3300
873.83,	2.3300
874.44,	2.3300
875.04,	2.3300
875.65,	2.3300
876.26,	2.3300
876.87,	2.3300
877.47,	2.3400
878.08,	2.3400
878.69,	2.3300
879.29,	2.3300
879.90,	2.3300
880.51,	2.3300
881.12,	2.3300
881.72,	2.3300
882.33,	2.3300
882.94,	2.3300
883.54,	2.3300
884.15,	2.3300
884.76,	2.3300
885.36,	2.3300
885.97,	2.3300
886.58,	2.3200
887.18,	2.3200
887.79,	2.3200
888.40,	2.3200
889.00,	2.3200
889.61,	2.3200
890.22,	2.3100
890.82,	2.3100
891.43,	2.3100
892.03,	2.3100
892.64,	2.3200
893.25,	2.3200
893.85,	2.3200
894.46,	2.3200
895.06,	2.3200
895.67,	2.3200
896.28,	2.3100
896.88,	2.3100
897.49,	2.3200
898.09,	2.3200
898.70,	2.3200
899.30,	2.3100
899.91,	2.3100
900.52,	2.3100
901.12,	2.3100
901.73,	2.3000
902.33,	2.3100
902.94,	2.3100
903.54,	2.3000
904.15,	2.3000
904.75,	2.3000
905.36,	2.3000
905.96,	2.3000
906.57,	2.3000
907.17,	2.3000
907.78,	2.3000
908.38,	2.3000
908.99,	2.3100
909.59,	2.3100
910.20,	2.3100
910.80,	2.3100
911.41,	2.3200
912.01,	2.3100
912.62,	2.3100
913.22,	2.3200
913.83,	2.3200
914.43,	2.3200
915.03,	2.3200
915.64,	2.3100
916.24,	2.3100
916.85,	2.3100
917.45,	2.3100
918.06,	2.3100
918.66,	2.3100
919.26,	2.3100
919.87,	2.3100
920.47,	2.3100
921.08,	2.3100
921.68,	2.3100
922.28,	2.3100
922.89,	2.3100
923.49,	2.3200
924.10,	2.4700
924.70,	3.4500
925.30,	6.4500
925.91,	11.3800
926.51,	15.4300
927.11,	17.2300
927.72,	18.3300
928.32,	19.2400
928.92,	20.0400
929.53,	20.7800
930.13,	21.4700
930.74,	22.1100
931.34,	22.7000
931.94,	23.2600
932.54,	23.7800
933.15,	24.2800
933.75,	28.2800
934.35,	35.5000
934.96,	35.5000
935.56,	35.5000
936.16,	35.5000
936.77,	35.5000
937.37,	35.5000
937.97,	35.5000
938.57,	35.5000
939.18,	35.5000
939.78,	35.5000
940.38,	35.5000
940.98,	35.5000
941.59,	35.5000
942.19,	35.5000
942.79,	35.5000
943.39,	35.5000
944.00,	35.5000
944.60,	35.5000
945.20,	35.5000
945.80,	35.5000
946.40,	35.5000
947.01,	35.5000
947.61,	35.5000
948.21,	35.5000
948.81,	35.5000
949.41,	35.5000
950.02,	35.5000
950.62,	35.5000
951.22,	35.5000
951.82,	35.5000
952.42,	35.5000
953.02,	35.5000
953.63,	35.5000
954.23,	35.5000
954.83,	35.5000
955.43,	35.5000
956.03,	35.5000
956.63,	35.5000
957.24,	35.5000
957.84,	35.5000
958.44,	35.5000
959.04,	35.5000
959.64,	35.5000
960.24,	35.5000
960.84,	35.5000
961.44,	35.5000
962.04,	35.5000
962.64,	35.5000
963.25,	35.5000
963.85,	35.5000
964.45,	35.5000
965.05,	35.5000
965.65,	35.5000
966.25,	35.5000
966.85,	35.5000
967.45,	35.5000
968.05,	35.5000
968.65,	35.5000
969.25,	35.5000
969.85,	35.5000
970.45,	35.5000
971.05,	35.5000
971.65,	35.5000
972.25,	35.5000
972.85,	35.5000
973.45,	35.5000
974.05,	35.5000
974.65,	35.5000
975.25,	35.5000
975.85,	35.5000
976.45,	35.5000
977.05,	35.5000
977.65,	35.5000
978.25,	35.5000
978.85,	35.5000
979.45,	35.5000
980.05,	35.5000
980.65,	35.5000
981.25,	35.5000
981.85,	35.5000
982.45,	35.5000
983.05,	35.5000
983.65,	35.5000
984.25,	35.5000
984.85,	35.5000
985.45,	35.5000
986.04,	35.5000
986.64,	35.5000
987.24,	35.5000
987.84,	35.5000
988.44,	35.5000
989.04,	35.5000
989.64,	35.5000
990.24,	35.5000
990.84,	35.5000
991.44,	35.5000
992.03,	35.5000
992.63,	35.5000
993.23,	35.5000
993.83,	35.5000
994.43,	2.8300
995.03,	-2.5200
995.63,	-2.5200
996.22,	-2.5200
996.82,	-2.5200
997.42,	-2.5200
998.02,	-2.5200
998.62,	-2.5200
999.21,	-2.5200
999.81,	-2.5200
1000.41,	-2.5200
