Call Sign = ZSDA,	Ship Name = SA Agulhas,	Lloyds Num = 0
Date = 02/02/2017,	Time = 20:59,	
Latitude = 44 34.28  S,	Longitude = 006 58.44  E
Instr = Sippican Deep Blue,	Card Type = Sippican MK-21,	
Wind Instr = ,	Measur Method = 
Probe Serial Num = -1,	Ship Dir = -1,	Ship Speed = -1.00
Wind Dir = 268,	Wind Speed = 29.90
Dry Bulb Temp = 8.90,	Total Water Depth = -1.00

Full Resolution Values
Depth,	 Temp
0.67,	8.7600
1.34,	8.6100
2.01,	8.5800
2.68,	8.5700
3.34,	8.5700
4.01,	8.5700
4.68,	8.5700
5.35,	8.5800
6.02,	8.5800
6.69,	8.5800
7.36,	8.5800
8.03,	8.5800
8.69,	8.5800
9.36,	8.5700
10.03,	8.5800
10.70,	8.5800
11.37,	8.5700
12.04,	8.5700
12.70,	8.5700
13.37,	8.5700
14.04,	8.5700
14.71,	8.5700
15.38,	8.5700
16.05,	8.5700
16.71,	8.5700
17.38,	8.5700
18.05,	8.5700
18.72,	8.5700
19.38,	8.5700
20.05,	8.5700
20.72,	8.5700
21.39,	8.5600
22.06,	8.5600
22.72,	8.5600
23.39,	8.5600
24.06,	8.5500
24.73,	8.5500
25.39,	8.5400
26.06,	8.5400
26.73,	8.5300
27.40,	8.5300
28.06,	8.5300
28.73,	8.5300
29.40,	8.5200
30.06,	8.5200
30.73,	8.5200
31.40,	8.5200
32.06,	8.5200
32.73,	8.5200
33.40,	8.5100
34.07,	8.5100
34.73,	8.5100
35.40,	8.5100
36.07,	8.5100
36.73,	8.5100
37.40,	8.5100
38.07,	8.5100
38.73,	8.5100
39.40,	8.5100
40.06,	8.5000
40.73,	8.4900
41.40,	8.4900
42.06,	8.4800
42.73,	8.4800
43.40,	8.4800
44.06,	8.4800
44.73,	8.4800
45.39,	8.4700
46.06,	8.4400
46.73,	8.4200
47.39,	8.4100
48.06,	8.4100
48.72,	8.4000
49.39,	8.3800
50.06,	8.3200
50.72,	8.2600
51.39,	8.1900
52.05,	8.1200
52.72,	8.0600
53.38,	8.0000
54.05,	7.9700
54.71,	7.9400
55.38,	7.9000
56.05,	7.8600
56.71,	7.8200
57.38,	7.7900
58.04,	7.7600
58.71,	7.7100
59.37,	7.6500
60.04,	7.6000
60.70,	7.5300
61.37,	7.4800
62.03,	7.4500
62.70,	7.4300
63.36,	7.4700
64.03,	7.5600
64.69,	7.6700
65.36,	7.8000
66.02,	7.8200
66.69,	7.7900
67.35,	7.7800
68.01,	7.8200
68.68,	7.9100
69.34,	8.0200
70.01,	8.0600
70.67,	8.0600
71.34,	8.0600
72.00,	8.0500
72.66,	8.0800
73.33,	8.0800
73.99,	8.0500
74.66,	8.0100
75.32,	7.9300
75.98,	7.8200
76.65,	7.7700
77.31,	7.7400
77.98,	7.7900
78.64,	7.9400
79.30,	8.0800
79.97,	8.1800
80.63,	8.2400
81.30,	8.2300
81.96,	8.1700
82.62,	8.1500
83.29,	8.1600
83.95,	8.1800
84.61,	8.1800
85.28,	8.1900
85.94,	8.1900
86.60,	8.1900
87.27,	8.2000
87.93,	8.2200
88.59,	8.2300
89.26,	8.2400
89.92,	8.2300
90.58,	8.2100
91.24,	8.2000
91.91,	8.1900
92.57,	8.1800
93.23,	8.1700
93.90,	8.1500
94.56,	8.1300
95.22,	8.0700
95.88,	8.0500
96.55,	8.0600
97.21,	8.0600
97.87,	8.0600
98.53,	8.0700
99.20,	8.0700
99.86,	8.0400
100.52,	7.9700
101.18,	7.9300
101.85,	7.9100
102.51,	7.9000
103.17,	7.8800
103.83,	7.8800
104.49,	7.8700
105.16,	7.8600
105.82,	7.8400
106.48,	7.8300
107.14,	7.8100
107.80,	7.8000
108.47,	7.7800
109.13,	7.7600
109.79,	7.7500
110.45,	7.7400
111.11,	7.7200
111.77,	7.7100
112.44,	7.7000
113.10,	7.6800
113.76,	7.6700
114.42,	7.6500
115.08,	7.6400
115.74,	7.6400
116.40,	7.6200
117.06,	7.6200
117.73,	7.6200
118.39,	7.6000
119.05,	7.5800
119.71,	7.5500
120.37,	7.5200
121.03,	7.4900
121.69,	7.4700
122.35,	7.4400
123.01,	7.4000
123.67,	7.3700
124.33,	7.3300
125.00,	7.3200
125.66,	7.3100
126.32,	7.3100
126.98,	7.3000
127.64,	7.2900
128.30,	7.2800
128.96,	7.2600
129.62,	7.2400
130.28,	7.2100
130.94,	7.1700
131.60,	7.1500
132.26,	7.1500
132.92,	7.1500
133.58,	7.1500
134.24,	7.1400
134.90,	7.1400
135.56,	7.1400
136.22,	7.1400
136.88,	7.1400
137.54,	7.1500
138.20,	7.1400
138.86,	7.1500
139.52,	7.1500
140.18,	7.1500
140.84,	7.1500
141.50,	7.1500
142.16,	7.1600
142.82,	7.1600
143.48,	7.1600
144.14,	7.1600
144.79,	7.1500
145.45,	7.1500
146.11,	7.1300
146.77,	7.0800
147.43,	7.0300
148.09,	7.0100
148.75,	6.9900
149.41,	6.9800
150.07,	6.9700
150.73,	6.9700
151.39,	6.9600
152.04,	6.9500
152.70,	6.9400
153.36,	6.9300
154.02,	6.9200
154.68,	6.9200
155.34,	6.9200
156.00,	6.9200
156.65,	6.9200
157.31,	6.9200
157.97,	6.9200
158.63,	6.9200
159.29,	6.9100
159.95,	6.9100
160.60,	6.9100
161.26,	6.9200
161.92,	6.9100
162.58,	6.9100
163.24,	6.9100
163.90,	6.9100
164.55,	6.9100
165.21,	6.9200
165.87,	6.9100
166.53,	6.9100
167.18,	6.9100
167.84,	6.9100
168.50,	6.9100
169.16,	6.9100
169.82,	6.9100
170.47,	6.9100
171.13,	6.9100
171.79,	6.9100
172.44,	6.9000
173.10,	6.9000
173.76,	6.9000
174.42,	6.9000
175.07,	6.9000
175.73,	6.9000
176.39,	6.9000
177.05,	6.9000
177.70,	6.9000
178.36,	6.8900
179.02,	6.8900
179.67,	6.8900
180.33,	6.8900
180.99,	6.8900
181.64,	6.8900
182.30,	6.8900
182.96,	6.8900
183.61,	6.8900
184.27,	6.8800
184.93,	6.8800
185.58,	6.8700
186.24,	6.8700
186.90,	6.8700
187.55,	6.8700
188.21,	6.8600
188.87,	6.8500
189.52,	6.8400
190.18,	6.8300
190.83,	6.8100
191.49,	6.7900
192.15,	6.7900
192.80,	6.7900
193.46,	6.7900
194.11,	6.7800
194.77,	6.7800
195.43,	6.7800
196.08,	6.7700
196.74,	6.7600
197.39,	6.7400
198.05,	6.7100
198.70,	6.6900
199.36,	6.6700
200.02,	6.6500
200.67,	6.6300
201.33,	6.6000
201.98,	6.5800
202.64,	6.5800
203.29,	6.5800
203.95,	6.5800
204.60,	6.5600
205.26,	6.5400
205.91,	6.5300
206.57,	6.5200
207.22,	6.5100
207.88,	6.5000
208.53,	6.4800
209.19,	6.4700
209.84,	6.4600
210.50,	6.4600
211.15,	6.4600
211.81,	6.4600
212.46,	6.4300
213.12,	6.3800
213.77,	6.3500
214.43,	6.3300
215.08,	6.3100
215.74,	6.2900
216.39,	6.2800
217.04,	6.2700
217.70,	6.2600
218.35,	6.2500
219.01,	6.2400
219.66,	6.2300
220.32,	6.2200
220.97,	6.2200
221.62,	6.2100
222.28,	6.2000
222.93,	6.1800
223.59,	6.1500
224.24,	6.1300
224.89,	6.1000
225.55,	6.0900
226.20,	6.0800
226.85,	6.0800
227.51,	6.0800
228.16,	6.0700
228.81,	6.0500
229.47,	6.0200
230.12,	5.9900
230.78,	5.9600
231.43,	5.9500
232.08,	5.9400
232.74,	5.9300
233.39,	5.9300
234.04,	5.9200
234.69,	5.9200
235.35,	5.9300
236.00,	5.9300
236.65,	5.9200
237.31,	5.9000
237.96,	5.8800
238.61,	5.8800
239.27,	5.8900
239.92,	5.9000
240.57,	5.9000
241.22,	5.9000
241.88,	5.8900
242.53,	5.8800
243.18,	5.8800
243.83,	5.8700
244.49,	5.8500
245.14,	5.8300
245.79,	5.8100
246.44,	5.7900
247.10,	5.7800
247.75,	5.7700
248.40,	5.7600
249.05,	5.7600
249.70,	5.7500
250.36,	5.7500
251.01,	5.7500
251.66,	5.7400
252.31,	5.7400
252.96,	5.7200
253.62,	5.7100
254.27,	5.6900
254.92,	5.6700
255.57,	5.6600
256.22,	5.6500
256.88,	5.6500
257.53,	5.6400
258.18,	5.6400
258.83,	5.6300
259.48,	5.6100
260.13,	5.5900
260.78,	5.5800
261.44,	5.5500
262.09,	5.5300
262.74,	5.5200
263.39,	5.5100
264.04,	5.5000
264.69,	5.4800
265.34,	5.4600
265.99,	5.4500
266.64,	5.4400
267.29,	5.4300
267.95,	5.4100
268.60,	5.4000
269.25,	5.4000
269.90,	5.3900
270.55,	5.3900
271.20,	5.3900
271.85,	5.3900
272.50,	5.3800
273.15,	5.3800
273.80,	5.3700
274.45,	5.3700
275.10,	5.3700
275.75,	5.3700
276.40,	5.3700
277.05,	5.3700
277.70,	5.3600
278.35,	5.3600
279.00,	5.3500
279.65,	5.3400
280.30,	5.3300
280.95,	5.3200
281.60,	5.3100
282.25,	5.3100
282.90,	5.3100
283.55,	5.3200
284.20,	5.3200
284.85,	5.3200
285.50,	5.3100
286.15,	5.3000
286.80,	5.2900
287.45,	5.2900
288.10,	5.2700
288.75,	5.2700
289.40,	5.2600
290.05,	5.2600
290.70,	5.2500
291.35,	5.2400
292.00,	5.2400
292.64,	5.2300
293.29,	5.2200
293.94,	5.2100
294.59,	5.2000
295.24,	5.1900
295.89,	5.1800
296.54,	5.1800
297.19,	5.1800
297.84,	5.1700
298.49,	5.1700
299.13,	5.1700
299.78,	5.1600
300.43,	5.1600
301.08,	5.1600
301.73,	5.1500
302.38,	5.1400
303.02,	5.1300
303.67,	5.1200
304.32,	5.1200
304.97,	5.1200
305.62,	5.1100
306.27,	5.1000
306.91,	5.1000
307.56,	5.0900
308.21,	5.0800
308.86,	5.0700
309.51,	5.0600
310.15,	5.0500
310.80,	5.0400
311.45,	5.0300
312.10,	5.0200
312.75,	5.0200
313.39,	5.0100
314.04,	5.0000
314.69,	5.0000
315.34,	5.0000
315.98,	4.9900
316.63,	4.9900
317.28,	4.9800
317.93,	4.9900
318.57,	4.9900
319.22,	4.9900
319.87,	4.9900
320.52,	4.9900
321.16,	4.9900
321.81,	4.9900
322.46,	4.9900
323.10,	4.9900
323.75,	4.9700
324.40,	4.9700
325.04,	4.9600
325.69,	4.9600
326.34,	4.9600
326.99,	4.9500
327.63,	4.9400
328.28,	4.9400
328.93,	4.9300
329.57,	4.9200
330.22,	4.9000
330.86,	4.8900
331.51,	4.8900
332.16,	4.8800
332.80,	4.8800
333.45,	4.8800
334.10,	4.8800
334.74,	4.8700
335.39,	4.8700
336.03,	4.8800
336.68,	4.8700
337.33,	4.8700
337.97,	4.8700
338.62,	4.8700
339.26,	4.8700
339.91,	4.8600
340.56,	4.8500
341.20,	4.8500
341.85,	4.8500
342.49,	4.8500
343.14,	4.8500
343.78,	4.8500
344.43,	4.8500
345.08,	4.8400
345.72,	4.8400
346.37,	4.8400
347.01,	4.8400
347.66,	4.8300
348.30,	4.8200
348.95,	4.8000
349.59,	4.7900
350.24,	4.7800
350.88,	4.7800
351.53,	4.7700
352.17,	4.7700
352.82,	4.7700
353.46,	4.7600
354.11,	4.7700
354.75,	4.7600
355.40,	4.7600
356.04,	4.7600
356.69,	4.7600
357.33,	4.7500
357.98,	4.7500
358.62,	4.7400
359.27,	4.7300
359.91,	4.7200
360.55,	4.7200
361.20,	4.7200
361.84,	4.7100
362.49,	4.7100
363.13,	4.7100
363.78,	4.7100
364.42,	4.7000
365.06,	4.6900
365.71,	4.6800
366.35,	4.6700
367.00,	4.6700
367.64,	4.6600
368.28,	4.6600
368.93,	4.6500
369.57,	4.6500
370.22,	4.6500
370.86,	4.6500
371.50,	4.6400
372.15,	4.6200
372.79,	4.6100
373.43,	4.5900
374.08,	4.5700
374.72,	4.5700
375.36,	4.5700
376.01,	4.5600
376.65,	4.5500
377.29,	4.5400
377.94,	4.5300
378.58,	4.5300
379.22,	4.5200
379.87,	4.5100
380.51,	4.5000
381.15,	4.5000
381.79,	4.5000
382.44,	4.5000
383.08,	4.5000
383.72,	4.5000
384.37,	4.4900
385.01,	4.5000
385.65,	4.4900
386.29,	4.4900
386.94,	4.4800
387.58,	4.4700
388.22,	4.4700
388.86,	4.4700
389.51,	4.4700
390.15,	4.4700
390.79,	4.4600
391.43,	4.4600
392.08,	4.4600
392.72,	4.4600
393.36,	4.4500
394.00,	4.4600
394.64,	4.4600
395.29,	4.4500
395.93,	4.4500
396.57,	4.4500
397.21,	4.4500
397.85,	4.4500
398.50,	4.4500
399.14,	4.4500
399.78,	4.4400
400.42,	4.4400
401.06,	4.4300
401.70,	4.4200
402.34,	4.4100
402.99,	4.4000
403.63,	4.3800
404.27,	4.3800
404.91,	4.3800
405.55,	4.3800
406.19,	4.3700
406.83,	4.3800
407.48,	4.3800
408.12,	4.3800
408.76,	4.3800
409.40,	4.3800
410.04,	4.3800
410.68,	4.3700
411.32,	4.3700
411.96,	4.3600
412.60,	4.3600
413.24,	4.3500
413.88,	4.3500
414.52,	4.3400
415.17,	4.3400
415.81,	4.3400
416.45,	4.3300
417.09,	4.3300
417.73,	4.3300
418.37,	4.3300
419.01,	4.3200
419.65,	4.3100
420.29,	4.3100
420.93,	4.3000
421.57,	4.3000
422.21,	4.3000
422.85,	4.3000
423.49,	4.2900
424.13,	4.2900
424.77,	4.2800
425.41,	4.2800
426.05,	4.2800
426.69,	4.2800
427.33,	4.2800
427.97,	4.2800
428.61,	4.2800
429.25,	4.2800
429.89,	4.2800
430.53,	4.2700
431.17,	4.2700
431.80,	4.2700
432.44,	4.2700
433.08,	4.2700
433.72,	4.2700
434.36,	4.2700
435.00,	4.2700
435.64,	4.2700
436.28,	4.2700
436.92,	4.2700
437.56,	4.2700
438.20,	4.2700
438.84,	4.2800
439.47,	4.2800
440.11,	4.2800
440.75,	4.2700
441.39,	4.2700
442.03,	4.2700
442.67,	4.2700
443.31,	4.2600
443.95,	4.2600
444.58,	4.2500
445.22,	4.2500
445.86,	4.2400
446.50,	4.2400
447.14,	4.2400
447.78,	4.2300
448.41,	4.2300
449.05,	4.2300
449.69,	4.2300
450.33,	4.2300
450.97,	4.2300
451.60,	4.2200
452.24,	4.2200
452.88,	4.2100
453.52,	4.2100
454.16,	4.2000
454.79,	4.2000
455.43,	4.2000
456.07,	4.2000
456.71,	4.2000
457.35,	4.2000
457.98,	4.2000
458.62,	4.2000
459.26,	4.2000
459.90,	4.1900
460.53,	4.1900
461.17,	4.1900
461.81,	4.1900
462.44,	4.1900
463.08,	4.1900
463.72,	4.1800
464.36,	4.1800
464.99,	4.1700
465.63,	4.1700
466.27,	4.1700
466.90,	4.1700
467.54,	4.1700
468.18,	4.1700
468.81,	4.1700
469.45,	4.1600
470.09,	4.1700
470.72,	4.1700
471.36,	4.1700
472.00,	4.1700
472.63,	4.1600
473.27,	4.1600
473.91,	4.1600
474.54,	4.1600
475.18,	4.1600
475.82,	4.1600
476.45,	4.1500
477.09,	4.1500
477.73,	4.1500
478.36,	4.1500
479.00,	4.1500
479.63,	4.1500
480.27,	4.1400
480.91,	4.1500
481.54,	4.1500
482.18,	4.1400
482.81,	4.1400
483.45,	4.1400
484.08,	4.1400
484.72,	4.1400
485.36,	4.1400
485.99,	4.1400
486.63,	4.1300
487.26,	4.1300
487.90,	4.1300
488.53,	4.1300
489.17,	4.1300
489.80,	4.1300
490.44,	4.1300
491.07,	4.1300
491.71,	4.1300
492.34,	4.1300
492.98,	4.1300
493.62,	4.1200
494.25,	4.1200
494.89,	4.1100
495.52,	4.1000
496.15,	4.1000
496.79,	4.1000
497.42,	4.0900
498.06,	4.0900
498.69,	4.0900
499.33,	4.0900
499.96,	4.0800
500.60,	4.0800
501.23,	4.0700
501.87,	4.0700
502.50,	4.0600
503.14,	4.0600
503.77,	4.0500
504.40,	4.0500
505.04,	4.0500
505.67,	4.0500
506.31,	4.0500
506.94,	4.0500
507.57,	4.0500
508.21,	4.0500
508.84,	4.0400
509.48,	4.0400
510.11,	4.0400
510.74,	4.0400
511.38,	4.0300
512.01,	4.0300
512.65,	4.0300
513.28,	4.0200
513.91,	4.0200
514.55,	4.0200
515.18,	4.0200
515.81,	4.0100
516.45,	4.0100
517.08,	4.0100
517.71,	4.0100
518.35,	4.0000
518.98,	4.0000
519.61,	4.0000
520.25,	4.0000
520.88,	4.0000
521.51,	4.0000
522.15,	4.0000
522.78,	4.0000
523.41,	4.0100
524.04,	4.0100
524.68,	4.0100
525.31,	4.0100
525.94,	4.0100
526.58,	4.0100
527.21,	4.0000
527.84,	4.0100
528.47,	4.0000
529.11,	4.0000
529.74,	4.0000
530.37,	4.0000
531.00,	4.0000
531.64,	4.0000
532.27,	4.0100
532.90,	4.0100
533.53,	4.0100
534.17,	4.0200
534.80,	4.0200
535.43,	4.0100
536.06,	4.0100
536.69,	4.0100
537.33,	4.0100
537.96,	4.0200
538.59,	4.0200
539.22,	4.0200
539.85,	4.0200
540.48,	4.0100
541.12,	4.0100
541.75,	4.0100
542.38,	4.0100
543.01,	4.0100
543.64,	4.0100
544.27,	4.0100
544.91,	4.0100
545.54,	4.0100
546.17,	4.0100
546.80,	4.0100
547.43,	4.0200
548.06,	4.0200
548.69,	4.0100
549.32,	4.0100
549.95,	4.0100
550.59,	4.0100
551.22,	4.0100
551.85,	4.0100
552.48,	4.0100
553.11,	4.0100
553.74,	3.9900
554.37,	3.9800
555.00,	3.9700
555.63,	3.9700
556.26,	3.9700
556.89,	3.9700
557.52,	3.9700
558.15,	3.9700
558.78,	3.9700
559.42,	3.9600
560.05,	3.9600
560.68,	3.9600
561.31,	3.9600
561.94,	3.9600
562.57,	3.9500
563.20,	3.9500
563.83,	3.9500
564.46,	3.9500
565.09,	3.9500
565.72,	3.9400
566.35,	3.9400
566.98,	3.9400
567.61,	3.9400
568.24,	3.9400
568.87,	3.9400
569.50,	3.9400
570.12,	3.9400
570.75,	3.9400
571.38,	3.9300
572.01,	3.9300
572.64,	3.9300
573.27,	3.9300
573.90,	3.9300
574.53,	3.9300
575.16,	3.9300
575.79,	3.9300
576.42,	3.9300
577.05,	3.9200
577.68,	3.9200
578.31,	3.9200
578.93,	3.9100
579.56,	3.9100
580.19,	3.9100
580.82,	3.9100
581.45,	3.9100
582.08,	3.9200
582.71,	3.9200
583.34,	3.9200
583.97,	3.9100
584.59,	3.9100
585.22,	3.9100
585.85,	3.9100
586.48,	3.9100
587.11,	3.9100
587.74,	3.9000
588.36,	3.9000
588.99,	3.8800
589.62,	3.8700
590.25,	3.8700
590.88,	3.8600
591.50,	3.8600
592.13,	3.8600
592.76,	3.8600
593.39,	3.8600
594.02,	3.8600
594.64,	3.8600
595.27,	3.8600
595.90,	3.8600
596.53,	3.8700
597.16,	3.8700
597.78,	3.8700
598.41,	3.8800
599.04,	3.8800
599.67,	3.8700
600.29,	3.8800
600.92,	3.8800
601.55,	3.8700
602.18,	3.8700
602.80,	3.8700
603.43,	3.8600
604.06,	3.8600
604.68,	3.8600
605.31,	3.8600
605.94,	3.8500
606.57,	3.8500
607.19,	3.8400
607.82,	3.8400
608.45,	3.8300
609.07,	3.8300
609.70,	3.8200
610.33,	3.8200
610.95,	3.8200
611.58,	3.8200
612.21,	3.8200
612.83,	3.8200
613.46,	3.8100
614.09,	3.8100
614.71,	3.8100
615.34,	3.8100
615.97,	3.8100
616.59,	3.8100
617.22,	3.8100
617.84,	3.8000
618.47,	3.8000
619.10,	3.8000
619.72,	3.8000
620.35,	3.8000
620.97,	3.7900
621.60,	3.7900
622.23,	3.7800
622.85,	3.7800
623.48,	3.7700
624.10,	3.7600
624.73,	3.7500
625.35,	3.7500
625.98,	3.7400
626.61,	3.7400
627.23,	3.7200
627.86,	3.7000
628.48,	3.6800
629.11,	3.6700
629.73,	3.6600
630.36,	3.6600
630.98,	3.6500
631.61,	3.6300
632.23,	3.6100
632.86,	3.6000
633.48,	3.6000
634.11,	3.5900
634.73,	3.5900
635.36,	3.5900
635.98,	3.5900
636.61,	3.5800
637.23,	3.5700
637.86,	3.5700
638.48,	3.5700
639.11,	3.5700
639.73,	3.5700
640.36,	3.5700
640.98,	3.5600
641.61,	3.5700
642.23,	3.5700
642.85,	3.5600
643.48,	3.5600
644.10,	3.5600
644.73,	3.5600
645.35,	3.5600
645.98,	3.5600
646.60,	3.5600
647.22,	3.5500
647.85,	3.5600
648.47,	3.5500
649.10,	3.5600
649.72,	3.5600
650.34,	3.5600
650.97,	3.5600
651.59,	3.5600
652.22,	3.5600
652.84,	3.5600
653.46,	3.5600
654.09,	3.5500
654.71,	3.5500
655.33,	3.5400
655.96,	3.5400
656.58,	3.5400
657.20,	3.5400
657.83,	3.5300
658.45,	3.5400
659.07,	3.5400
659.70,	3.5500
660.32,	3.5500
660.94,	3.5400
661.57,	3.5400
662.19,	3.5400
662.81,	3.5300
663.43,	3.5300
664.06,	3.5300
664.68,	3.5300
665.30,	3.5300
665.93,	3.5200
666.55,	3.5100
667.17,	3.5100
667.79,	3.5000
668.42,	3.5000
669.04,	3.5000
669.66,	3.5000
670.28,	3.5100
670.91,	3.5000
671.53,	3.4800
672.15,	3.4800
672.77,	3.4900
673.39,	3.4900
674.02,	3.4900
674.64,	3.4900
675.26,	3.4900
675.88,	3.4900
676.50,	3.4900
677.13,	3.4900
677.75,	3.4900
678.37,	3.4900
678.99,	3.4900
679.61,	3.4900
680.24,	3.4900
680.86,	3.4900
681.48,	3.4900
682.10,	3.4900
682.72,	3.4900
683.34,	3.5000
683.96,	3.4900
684.59,	3.5000
685.21,	3.5000
685.83,	3.5000
686.45,	3.5000
687.07,	3.5000
687.69,	3.4900
688.31,	3.4900
688.93,	3.4800
689.56,	3.4800
690.18,	3.4700
690.80,	3.4700
691.42,	3.4600
692.04,	3.4600
692.66,	3.4600
693.28,	3.4600
693.90,	3.4600
694.52,	3.4600
695.14,	3.4600
695.76,	3.4500
696.38,	3.4500
697.00,	3.4500
697.62,	3.4500
698.25,	3.4500
698.87,	3.4500
699.49,	3.4500
700.11,	3.4400
700.73,	3.4300
701.35,	3.4300
701.97,	3.4300
702.59,	3.4300
703.21,	3.4200
703.83,	3.4200
704.45,	3.4200
705.07,	3.4200
705.69,	3.4200
706.31,	3.4100
706.93,	3.4000
707.55,	3.4000
708.17,	3.4000
708.79,	3.4000
709.40,	3.4000
710.02,	3.4000
710.64,	3.4000
711.26,	3.3900
711.88,	3.3900
712.50,	3.3900
713.12,	3.3900
713.74,	3.3900
714.36,	3.3900
714.98,	3.3900
715.60,	3.4000
716.22,	3.4000
716.84,	3.4100
717.45,	3.4100
718.07,	3.4100
718.69,	3.4100
719.31,	3.4100
719.93,	3.4000
720.55,	3.4000
721.17,	3.4000
721.79,	3.4000
722.41,	3.4000
723.02,	3.4000
723.64,	3.4000
724.26,	3.4000
724.88,	3.4000
725.50,	3.3900
726.12,	3.3900
726.73,	3.3900
727.35,	3.3900
727.97,	3.3800
728.59,	3.3800
729.21,	3.3800
729.83,	3.3800
730.44,	3.3800
731.06,	3.3800
731.68,	3.3700
732.30,	3.3800
732.92,	3.3800
733.53,	3.3700
734.15,	3.3700
734.77,	3.3700
735.39,	3.3700
736.00,	3.3700
736.62,	3.3700
737.24,	3.3700
737.86,	3.3700
738.47,	3.3700
739.09,	3.3700
739.71,	3.3700
740.33,	3.3600
740.94,	3.3600
741.56,	3.3700
742.18,	3.3600
742.79,	3.3600
743.41,	3.3600
744.03,	3.3600
744.65,	3.3600
745.26,	3.3600
745.88,	3.3400
746.50,	3.3300
747.11,	3.3200
747.73,	3.3200
748.35,	3.3300
748.96,	3.3300
749.58,	3.3200
750.20,	3.3200
750.81,	3.3200
751.43,	3.3200
752.05,	3.3200
752.66,	3.3200
753.28,	3.3200
753.90,	3.3100
754.51,	3.3200
755.13,	3.3200
755.74,	3.3200
756.36,	3.3200
756.98,	3.3200
757.59,	3.3200
758.21,	3.3200
758.82,	3.3300
759.44,	3.3200
760.06,	3.3200
760.67,	3.3200
761.29,	3.3200
761.90,	3.3200
762.52,	3.3200
763.14,	3.3200
763.75,	3.3200
764.37,	3.3200
764.98,	3.3200
765.60,	3.3200
766.21,	3.3200
766.83,	3.3200
767.44,	3.3200
768.06,	3.3200
768.67,	3.3200
769.29,	3.3100
769.90,	3.3100
770.52,	3.3100
771.14,	3.3100
771.75,	3.3000
772.37,	3.3000
772.98,	3.3000
773.59,	3.3000
774.21,	3.3000
774.82,	3.3000
775.44,	3.2900
776.05,	3.2900
776.67,	3.2900
777.28,	3.2800
777.90,	3.2800
778.51,	3.2800
779.13,	3.2700
779.74,	3.2700
780.36,	3.2600
780.97,	3.2500
781.58,	3.2400
782.20,	3.2400
782.81,	3.2500
783.43,	3.2600
784.04,	3.2700
784.66,	3.2700
785.27,	3.2700
785.88,	3.2800
786.50,	3.2800
787.11,	3.2800
787.73,	3.2900
788.34,	3.2800
788.95,	3.2800
789.57,	3.2800
790.18,	3.2800
790.79,	3.2800
791.41,	3.2800
792.02,	3.2800
792.63,	3.2800
793.25,	3.2700
793.86,	3.2700
794.47,	3.2700
795.09,	3.2700
795.70,	3.2700
796.31,	3.2700
796.93,	3.2700
797.54,	3.2700
798.15,	3.2600
798.77,	3.2600
799.38,	3.2600
799.99,	3.2600
800.61,	3.2600
801.22,	3.2600
801.83,	3.2500
802.44,	3.2500
803.06,	3.2500
803.67,	3.2400
804.28,	3.2400
804.90,	3.2400
805.51,	3.2400
806.12,	3.2400
806.73,	3.2400
807.34,	3.2400
807.96,	3.2300
808.57,	3.2300
809.18,	3.2200
809.79,	3.2100
810.41,	3.2200
811.02,	3.2100
811.63,	3.2100
812.24,	3.2100
812.85,	3.2100
813.47,	3.2100
814.08,	3.2100
814.69,	3.2000
815.30,	3.1800
815.91,	3.1600
816.53,	3.1500
817.14,	3.1400
817.75,	3.1300
818.36,	3.1200
818.97,	3.1100
819.58,	3.1100
820.20,	3.1100
820.81,	3.1100
821.42,	3.1100
822.03,	3.1000
822.64,	3.1000
823.25,	3.1000
823.86,	3.1200
824.47,	3.1400
825.09,	3.1500
825.70,	3.1600
826.31,	3.1600
826.92,	3.1500
827.53,	3.1400
828.14,	3.1400
828.75,	3.1400
829.36,	3.1400
829.97,	3.1300
830.58,	3.1300
831.19,	3.1300
831.80,	3.1300
832.42,	3.1200
833.03,	3.1300
833.64,	3.1200
834.25,	3.1300
834.86,	3.1200
835.47,	3.1200
836.08,	3.1200
836.69,	3.1200
837.30,	3.1200
837.91,	3.1200
838.52,	3.1200
839.13,	3.1200
839.74,	3.1200
840.35,	3.1200
840.96,	3.1200
841.57,	3.1200
842.18,	3.1200
842.79,	3.1200
843.40,	3.1200
844.01,	3.1200
844.62,	3.1200
845.23,	3.1200
845.84,	3.1200
846.45,	3.1200
847.06,	3.1100
847.67,	3.1100
848.27,	3.1100
848.88,	3.1100
849.49,	3.1100
850.10,	3.1100
850.71,	3.1100
851.32,	3.1100
851.93,	3.1100
852.54,	3.1100
853.15,	3.1100
853.76,	3.1100
854.37,	3.1100
854.98,	3.1100
855.58,	3.1100
856.19,	3.1100
856.80,	3.1100
857.41,	3.1200
858.02,	3.1100
858.63,	3.1100
859.24,	3.1100
859.85,	3.1100
860.45,	3.1200
861.06,	3.1100
861.67,	3.1100
862.28,	3.1200
862.89,	3.1200
863.50,	3.1200
864.10,	3.1200
864.71,	3.1200
865.32,	3.1200
865.93,	3.1200
866.54,	3.1200
867.14,	3.1300
867.75,	3.1400
868.36,	3.1300
868.97,	3.1300
869.58,	3.1400
870.18,	3.1400
870.79,	3.1400
871.40,	3.1500
872.01,	3.1500
872.61,	3.1500
873.22,	3.1500
873.83,	3.1500
874.44,	3.1500
875.04,	3.1600
875.65,	3.1600
876.26,	3.1600
876.87,	3.1700
877.47,	3.1700
878.08,	3.1700
878.69,	3.1700
879.29,	3.1700
879.90,	3.1700
880.51,	3.1700
881.12,	3.1700
881.72,	3.1700
882.33,	3.1800
882.94,	3.1800
883.54,	3.1800
884.15,	3.2000
884.76,	3.2100
885.36,	3.2100
885.97,	3.2200
886.58,	3.2300
887.18,	3.2400
887.79,	3.2400
888.40,	3.2300
889.00,	3.2300
889.61,	3.2300
890.22,	3.2300
890.82,	3.2300
891.43,	3.2300
892.03,	3.2300
892.64,	3.2300
893.25,	3.2300
893.85,	3.2300
894.46,	3.2300
895.06,	3.2300
895.67,	3.2300
896.28,	3.2400
896.88,	3.2400
897.49,	3.2400
898.09,	3.2300
898.70,	3.2300
899.30,	3.2300
899.91,	3.2300
900.52,	3.2300
901.12,	3.2200
901.73,	3.2200
902.33,	3.2100
902.94,	3.2100
903.54,	3.2100
904.15,	3.2100
904.75,	3.2100
905.36,	3.2100
905.96,	3.2100
906.57,	3.2000
907.17,	3.2000
907.78,	3.2000
908.38,	3.2000
908.99,	3.2000
909.59,	3.2000
910.20,	3.2000
910.80,	3.2000
911.41,	3.1900
912.01,	3.1900
912.62,	3.1900
913.22,	3.2000
913.83,	3.1900
914.43,	3.1900
915.03,	3.1900
915.64,	3.1900
916.24,	3.1900
916.85,	3.1900
917.45,	3.1900
918.06,	3.1900
918.66,	3.1800
919.26,	3.1800
919.87,	3.1800
920.47,	3.1800
921.08,	3.1800
921.68,	3.1800
922.28,	3.1700
922.89,	3.1700
923.49,	3.1700
924.10,	3.1700
924.70,	3.1700
925.30,	3.1700
925.91,	3.1700
926.51,	3.1700
927.11,	3.1700
927.72,	3.1700
928.32,	3.1700
928.92,	3.1700
929.53,	3.1700
930.13,	3.1700
930.74,	3.1700
931.34,	3.1700
931.94,	3.1700
932.54,	3.1700
933.15,	3.1700
933.75,	3.1700
934.35,	3.1700
934.96,	3.1600
935.56,	3.1600
936.16,	3.1700
936.77,	3.1700
937.37,	3.1700
937.97,	3.1700
938.57,	3.1700
939.18,	3.1900
939.78,	3.2200
940.38,	3.9400
940.98,	7.1500
941.59,	12.4800
942.19,	15.9000
942.79,	17.2500
943.39,	18.1200
944.00,	18.8600
944.60,	19.5200
945.20,	20.1100
945.80,	20.6500
946.40,	21.1700
947.01,	21.6500
947.61,	22.1100
948.21,	22.5400
948.81,	22.9400
949.41,	23.3300
950.02,	23.7100
950.62,	26.8400
951.22,	35.5000
951.82,	35.5000
952.42,	35.5000
953.02,	35.5000
953.63,	35.5000
954.23,	35.5000
954.83,	35.5000
955.43,	35.5000
956.03,	35.5000
956.63,	35.5000
957.24,	35.5000
957.84,	35.5000
958.44,	35.5000
959.04,	35.5000
959.64,	35.5000
960.24,	35.5000
960.84,	35.5000
961.44,	35.5000
962.04,	35.5000
962.64,	35.5000
963.25,	35.5000
963.85,	35.5000
964.45,	35.5000
965.05,	35.5000
965.65,	35.5000
966.25,	35.5000
966.85,	35.5000
967.45,	35.5000
968.05,	35.5000
968.65,	35.5000
969.25,	35.5000
969.85,	35.5000
970.45,	35.5000
971.05,	35.5000
971.65,	35.5000
972.25,	35.5000
972.85,	35.5000
973.45,	35.5000
974.05,	35.5000
974.65,	35.5000
975.25,	-2.5200
975.85,	-2.5200
976.45,	-2.5200
977.05,	-2.5200
977.65,	-2.5200
978.25,	-2.5200
978.85,	-1.9600
979.45,	-0.6900
980.05,	-2.5200
980.65,	-2.5200
981.25,	-2.5200
981.85,	-2.5200
982.45,	-2.5200
983.05,	-2.5200
983.65,	-2.5200
984.25,	-2.5200
984.85,	-2.5200
985.45,	-2.5200
986.04,	-2.5200
986.64,	-2.5200
987.24,	-2.5200
987.84,	-2.5200
988.44,	-2.5200
989.04,	-2.5200
989.64,	-2.5200
990.24,	-2.5200
990.84,	-2.5200
991.44,	-2.5200
992.03,	-2.5200
992.63,	-2.5200
993.23,	-2.5200
993.83,	-2.5200
994.43,	-2.5200
995.03,	-2.5200
995.63,	-2.5200
996.22,	-2.5200
996.82,	-2.5200
997.42,	-2.5200
998.02,	-2.5200
998.62,	-2.5200
999.21,	-2.5200
999.81,	-2.5200
1000.41,	-2.5200
