Call Sign = ZSDA,	Ship Name = SA Agulhas,	Lloyds Num = 0
Date = 02/04/2017,	Time = 09:32,	
Latitude = 39 56.92  S,	Longitude = 011 15.54  E
Instr = Sippican Deep Blue,	Card Type = Sippican MK-21,	
Wind Instr = ,	Measur Method = 
Probe Serial Num = -1,	Ship Dir = -1,	Ship Speed = -1.00
Wind Dir = 245,	Wind Speed = 36.30
Dry Bulb Temp = 10.90,	Total Water Depth = -1.00

Full Resolution Values
Depth,	 Temp
0.67,	13.6000
1.34,	13.6300
2.01,	13.6700
2.68,	13.6800
3.34,	13.6800
4.01,	13.6800
4.68,	13.6800
5.35,	13.6900
6.02,	13.6800
6.69,	13.6800
7.36,	13.6800
8.03,	13.6800
8.69,	13.6700
9.36,	13.6700
10.03,	13.6700
10.70,	13.6700
11.37,	13.6600
12.04,	13.6700
12.70,	13.6700
13.37,	13.6600
14.04,	13.6400
14.71,	13.6400
15.38,	13.6400
16.05,	13.6600
16.71,	13.6600
17.38,	13.6600
18.05,	13.6500
18.72,	13.6400
19.38,	13.6400
20.05,	13.6400
20.72,	13.6000
21.39,	13.3500
22.06,	13.0600
22.72,	12.8800
23.39,	12.7200
24.06,	12.6300
24.73,	12.5900
25.39,	12.5300
26.06,	12.4300
26.73,	12.3300
27.40,	12.2700
28.06,	12.2400
28.73,	12.2200
29.40,	12.2000
30.06,	12.1900
30.73,	12.1500
31.40,	12.0700
32.06,	11.9900
32.73,	11.9200
33.40,	11.8800
34.07,	11.8300
34.73,	11.7700
35.40,	11.7300
36.07,	11.7000
36.73,	11.6700
37.40,	11.6400
38.07,	11.6200
38.73,	11.6200
39.40,	11.6200
40.06,	11.6000
40.73,	11.5800
41.40,	11.5700
42.06,	11.5700
42.73,	11.5700
43.40,	11.5700
44.06,	11.5800
44.73,	11.5600
45.39,	11.5500
46.06,	11.5300
46.73,	11.5000
47.39,	11.4800
48.06,	11.4800
48.72,	11.4800
49.39,	11.4700
50.06,	11.4600
50.72,	11.4500
51.39,	11.4400
52.05,	11.4300
52.72,	11.4100
53.38,	11.3900
54.05,	11.3400
54.71,	11.3100
55.38,	11.3100
56.05,	11.2900
56.71,	11.2800
57.38,	11.2600
58.04,	11.2500
58.71,	11.2300
59.37,	11.2100
60.04,	11.2000
60.70,	11.1900
61.37,	11.1800
62.03,	11.1700
62.70,	11.1500
63.36,	11.1200
64.03,	11.1000
64.69,	11.0900
65.36,	11.0600
66.02,	11.0300
66.69,	10.9900
67.35,	10.9600
68.01,	10.9500
68.68,	10.9400
69.34,	10.9300
70.01,	10.9100
70.67,	10.8600
71.34,	10.7900
72.00,	10.7400
72.66,	10.7200
73.33,	10.6800
73.99,	10.6400
74.66,	10.6200
75.32,	10.5900
75.98,	10.5500
76.65,	10.5100
77.31,	10.4900
77.98,	10.4600
78.64,	10.4000
79.30,	10.3200
79.97,	10.2300
80.63,	10.1100
81.30,	10.0300
81.96,	9.9600
82.62,	9.8300
83.29,	9.6200
83.95,	9.5000
84.61,	9.4500
85.28,	9.4100
85.94,	9.3600
86.60,	9.3000
87.27,	9.2400
87.93,	9.2000
88.59,	9.1900
89.26,	9.1700
89.92,	9.1500
90.58,	9.1200
91.24,	9.0900
91.91,	9.0700
92.57,	9.0500
93.23,	9.0400
93.90,	9.0300
94.56,	9.0300
95.22,	9.0200
95.88,	9.0200
96.55,	9.0100
97.21,	9.0100
97.87,	9.0000
98.53,	8.9900
99.20,	8.9800
99.86,	8.9600
100.52,	8.9400
101.18,	8.9200
101.85,	8.9000
102.51,	8.8900
103.17,	8.8900
103.83,	8.8700
104.49,	8.8700
105.16,	8.8500
105.82,	8.8300
106.48,	8.8200
107.14,	8.8100
107.80,	8.8200
108.47,	8.8200
109.13,	8.8300
109.79,	8.8300
110.45,	8.8300
111.11,	8.8300
111.77,	8.8300
112.44,	8.8200
113.10,	8.8100
113.76,	8.7900
114.42,	8.7900
115.08,	8.7700
115.74,	8.7600
116.40,	8.7400
117.06,	8.7400
117.73,	8.7300
118.39,	8.7200
119.05,	8.7100
119.71,	8.7100
120.37,	8.7000
121.03,	8.6800
121.69,	8.6600
122.35,	8.6400
123.01,	8.6200
123.67,	8.6000
124.33,	8.5900
125.00,	8.5900
125.66,	8.6100
126.32,	8.6200
126.98,	8.6100
127.64,	8.6100
128.30,	8.6100
128.96,	8.6100
129.62,	8.6100
130.28,	8.6100
130.94,	8.6100
131.60,	8.6100
132.26,	8.6100
132.92,	8.6000
133.58,	8.5900
134.24,	8.5900
134.90,	8.5800
135.56,	8.5800
136.22,	8.5800
136.88,	8.5800
137.54,	8.5700
138.20,	8.5500
138.86,	8.5400
139.52,	8.5200
140.18,	8.5000
140.84,	8.5000
141.50,	8.4900
142.16,	8.4800
142.82,	8.4700
143.48,	8.4600
144.14,	8.4400
144.79,	8.4300
145.45,	8.4100
146.11,	8.4000
146.77,	8.4000
147.43,	8.3900
148.09,	8.3800
148.75,	8.3700
149.41,	8.3600
150.07,	8.3500
150.73,	8.3400
151.39,	8.3300
152.04,	8.3200
152.70,	8.3200
153.36,	8.3100
154.02,	8.3100
154.68,	8.3100
155.34,	8.3100
156.00,	8.3100
156.65,	8.3000
157.31,	8.3000
157.97,	8.3000
158.63,	8.3000
159.29,	8.2900
159.95,	8.2900
160.60,	8.2800
161.26,	8.2700
161.92,	8.2600
162.58,	8.2500
163.24,	8.2400
163.90,	8.2400
164.55,	8.2400
165.21,	8.2500
165.87,	8.2500
166.53,	8.2600
167.18,	8.2700
167.84,	8.2600
168.50,	8.2600
169.16,	8.2600
169.82,	8.2500
170.47,	8.2500
171.13,	8.2400
171.79,	8.2300
172.44,	8.2100
173.10,	8.2000
173.76,	8.2000
174.42,	8.2000
175.07,	8.2000
175.73,	8.1900
176.39,	8.1900
177.05,	8.1900
177.70,	8.1900
178.36,	8.1800
179.02,	8.1700
179.67,	8.1600
180.33,	8.1600
180.99,	8.1500
181.64,	8.1500
182.30,	8.1500
182.96,	8.1400
183.61,	8.1300
184.27,	8.1100
184.93,	8.0900
185.58,	8.0800
186.24,	8.0800
186.90,	8.0800
187.55,	8.0700
188.21,	8.0700
188.87,	8.0700
189.52,	8.0600
190.18,	8.0600
190.83,	8.0700
191.49,	8.0800
192.15,	8.0800
192.80,	8.0800
193.46,	8.0700
194.11,	8.0700
194.77,	8.0700
195.43,	8.0600
196.08,	8.0600
196.74,	8.0600
197.39,	8.0600
198.05,	8.0600
198.70,	8.0400
199.36,	8.0400
200.02,	8.0500
200.67,	8.0600
201.33,	8.0700
201.98,	8.0700
202.64,	8.0700
203.29,	8.0800
203.95,	8.0900
204.60,	8.1000
205.26,	8.1200
205.91,	8.1500
206.57,	8.1700
207.22,	8.1900
207.88,	8.2000
208.53,	8.2000
209.19,	8.2100
209.84,	8.2400
210.50,	8.2400
211.15,	8.2500
211.81,	8.2500
212.46,	8.2600
213.12,	8.2700
213.77,	8.2700
214.43,	8.2800
215.08,	8.2800
215.74,	8.2700
216.39,	8.2600
217.04,	8.2600
217.70,	8.2800
218.35,	8.2800
219.01,	8.2800
219.66,	8.2600
220.32,	8.2500
220.97,	8.2500
221.62,	8.2700
222.28,	8.3000
222.93,	8.3200
223.59,	8.3300
224.24,	8.3300
224.89,	8.3100
225.55,	8.2900
226.20,	8.2600
226.85,	8.2300
227.51,	8.2200
228.16,	8.2000
228.81,	8.1900
229.47,	8.1900
230.12,	8.1900
230.78,	8.2000
231.43,	8.2000
232.08,	8.2000
232.74,	8.2200
233.39,	8.2300
234.04,	8.2300
234.69,	8.2400
235.35,	8.2600
236.00,	8.2600
236.65,	8.2600
237.31,	8.2600
237.96,	8.2600
238.61,	8.2600
239.27,	8.2500
239.92,	8.2400
240.57,	8.2300
241.22,	8.2100
241.88,	8.2000
242.53,	8.1700
243.18,	8.1400
243.83,	8.0900
244.49,	8.0600
245.14,	8.0400
245.79,	8.0200
246.44,	8.0200
247.10,	8.0200
247.75,	8.0200
248.40,	8.0300
249.05,	8.0200
249.70,	8.0200
250.36,	8.0300
251.01,	8.0400
251.66,	8.0400
252.31,	8.0400
252.96,	8.0300
253.62,	8.0300
254.27,	8.0200
254.92,	8.0300
255.57,	8.0300
256.22,	8.0200
256.88,	8.0200
257.53,	8.0100
258.18,	7.9800
258.83,	7.9600
259.48,	7.9500
260.13,	7.9400
260.78,	7.9400
261.44,	7.9300
262.09,	7.9200
262.74,	7.9100
263.39,	7.9000
264.04,	7.9000
264.69,	7.9000
265.34,	7.9000
265.99,	7.9000
266.64,	7.8900
267.29,	7.8900
267.95,	7.8800
268.60,	7.8800
269.25,	7.8900
269.90,	7.8900
270.55,	7.8800
271.20,	7.8800
271.85,	7.8700
272.50,	7.8600
273.15,	7.8600
273.80,	7.8500
274.45,	7.8600
275.10,	7.8600
275.75,	7.8500
276.40,	7.8500
277.05,	7.8500
277.70,	7.8400
278.35,	7.8500
279.00,	7.8500
279.65,	7.8400
280.30,	7.8300
280.95,	7.8200
281.60,	7.8000
282.25,	7.7600
282.90,	7.7100
283.55,	7.6800
284.20,	7.6700
284.85,	7.6600
285.50,	7.6600
286.15,	7.6600
286.80,	7.6600
287.45,	7.6600
288.10,	7.6500
288.75,	7.6500
289.40,	7.6500
290.05,	7.6500
290.70,	7.6500
291.35,	7.6500
292.00,	7.6400
292.64,	7.6500
293.29,	7.6600
293.94,	7.6500
294.59,	7.6500
295.24,	7.6500
295.89,	7.6400
296.54,	7.6300
297.19,	7.6200
297.84,	7.6200
298.49,	7.6300
299.13,	7.6200
299.78,	7.6100
300.43,	7.6100
301.08,	7.6000
301.73,	7.5900
302.38,	7.5900
303.02,	7.5800
303.67,	7.5700
304.32,	7.5600
304.97,	7.5500
305.62,	7.5400
306.27,	7.5300
306.91,	7.5100
307.56,	7.5100
308.21,	7.5100
308.86,	7.5000
309.51,	7.5000
310.15,	7.4700
310.80,	7.4400
311.45,	7.4200
312.10,	7.4200
312.75,	7.4100
313.39,	7.3900
314.04,	7.3900
314.69,	7.3800
315.34,	7.3800
315.98,	7.3700
316.63,	7.3700
317.28,	7.3600
317.93,	7.3600
318.57,	7.3500
319.22,	7.3400
319.87,	7.3300
320.52,	7.3300
321.16,	7.3300
321.81,	7.3200
322.46,	7.3200
323.10,	7.3100
323.75,	7.3000
324.40,	7.2800
325.04,	7.2800
325.69,	7.2600
326.34,	7.2400
326.99,	7.2400
327.63,	7.2500
328.28,	7.2500
328.93,	7.2500
329.57,	7.2300
330.22,	7.2200
330.86,	7.2200
331.51,	7.2100
332.16,	7.2000
332.80,	7.1900
333.45,	7.1800
334.10,	7.1700
334.74,	7.1500
335.39,	7.1400
336.03,	7.1300
336.68,	7.1300
337.33,	7.1200
337.97,	7.1100
338.62,	7.1000
339.26,	7.1000
339.91,	7.0900
340.56,	7.1000
341.20,	7.1000
341.85,	7.0900
342.49,	7.0600
343.14,	7.0600
343.78,	7.0500
344.43,	7.0300
345.08,	7.0100
345.72,	7.0100
346.37,	7.0100
347.01,	6.9900
347.66,	6.9700
348.30,	6.9600
348.95,	6.9500
349.59,	6.9500
350.24,	6.9400
350.88,	6.9200
351.53,	6.9100
352.17,	6.8900
352.82,	6.8800
353.46,	6.8500
354.11,	6.7900
354.75,	6.7300
355.40,	6.7000
356.04,	6.6800
356.69,	6.6700
357.33,	6.6500
357.98,	6.6300
358.62,	6.6100
359.27,	6.5900
359.91,	6.5700
360.55,	6.5500
361.20,	6.5400
361.84,	6.5400
362.49,	6.5100
363.13,	6.4700
363.78,	6.4400
364.42,	6.4300
365.06,	6.4200
365.71,	6.4000
366.35,	6.3800
367.00,	6.3700
367.64,	6.3700
368.28,	6.3600
368.93,	6.3500
369.57,	6.3500
370.22,	6.3400
370.86,	6.3300
371.50,	6.3400
372.15,	6.3300
372.79,	6.3200
373.43,	6.3200
374.08,	6.3200
374.72,	6.3200
375.36,	6.3000
376.01,	6.2900
376.65,	6.2800
377.29,	6.2800
377.94,	6.2800
378.58,	6.2800
379.22,	6.2700
379.87,	6.2700
380.51,	6.2700
381.15,	6.2600
381.79,	6.2600
382.44,	6.2500
383.08,	6.2400
383.72,	6.2300
384.37,	6.2300
385.01,	6.2200
385.65,	6.2100
386.29,	6.2100
386.94,	6.2100
387.58,	6.2000
388.22,	6.2000
388.86,	6.2000
389.51,	6.1900
390.15,	6.1800
390.79,	6.1600
391.43,	6.1500
392.08,	6.1500
392.72,	6.1500
393.36,	6.1400
394.00,	6.1400
394.64,	6.1400
395.29,	6.1200
395.93,	6.1200
396.57,	6.1100
397.21,	6.1000
397.85,	6.1000
398.50,	6.1000
399.14,	6.0800
399.78,	6.0600
400.42,	6.0500
401.06,	6.0300
401.70,	6.0000
402.34,	5.9800
402.99,	5.9800
403.63,	5.9700
404.27,	5.9700
404.91,	5.9500
405.55,	5.9400
406.19,	5.9300
406.83,	5.9200
407.48,	5.8900
408.12,	5.8600
408.76,	5.8600
409.40,	5.8500
410.04,	5.8300
410.68,	5.8000
411.32,	5.7800
411.96,	5.7700
412.60,	5.7600
413.24,	5.7400
413.88,	5.7100
414.52,	5.6800
415.17,	5.6600
415.81,	5.6600
416.45,	5.6400
417.09,	5.6200
417.73,	5.6100
418.37,	5.6000
419.01,	5.6000
419.65,	5.6000
420.29,	5.6000
420.93,	5.5800
421.57,	5.5600
422.21,	5.5400
422.85,	5.5300
423.49,	5.5200
424.13,	5.5200
424.77,	5.5100
425.41,	5.5100
426.05,	5.5100
426.69,	5.4900
427.33,	5.4800
427.97,	5.4700
428.61,	5.4700
429.25,	5.4600
429.89,	5.4600
430.53,	5.4500
431.17,	5.4400
431.80,	5.4400
432.44,	5.4200
433.08,	5.3900
433.72,	5.3700
434.36,	5.3600
435.00,	5.3500
435.64,	5.3400
436.28,	5.3300
436.92,	5.3300
437.56,	5.3300
438.20,	5.3200
438.84,	5.3100
439.47,	5.3100
440.11,	5.3100
440.75,	5.3000
441.39,	5.2900
442.03,	5.2800
442.67,	5.2700
443.31,	5.2700
443.95,	5.2600
444.58,	5.2600
445.22,	5.2500
445.86,	5.2500
446.50,	5.2500
447.14,	5.2500
447.78,	5.2500
448.41,	5.2500
449.05,	5.2500
449.69,	5.2400
450.33,	5.2300
450.97,	5.2200
451.60,	5.2200
452.24,	5.2100
452.88,	5.2100
453.52,	5.2100
454.16,	5.2100
454.79,	5.2100
455.43,	5.2000
456.07,	5.2000
456.71,	5.2000
457.35,	5.2000
457.98,	5.2000
458.62,	5.2000
459.26,	5.1900
459.90,	5.1800
460.53,	5.1900
461.17,	5.1800
461.81,	5.1800
462.44,	5.1700
463.08,	5.1600
463.72,	5.1600
464.36,	5.1600
464.99,	5.1600
465.63,	5.1600
466.27,	5.1500
466.90,	5.1500
467.54,	5.1500
468.18,	5.1500
468.81,	5.1500
469.45,	5.1500
470.09,	5.1600
470.72,	5.1600
471.36,	5.1600
472.00,	5.1500
472.63,	5.1400
473.27,	5.1300
473.91,	5.1300
474.54,	5.1300
475.18,	5.1100
475.82,	5.1000
476.45,	5.1000
477.09,	5.1000
477.73,	5.1300
478.36,	5.1500
479.00,	5.1800
479.63,	5.2000
480.27,	5.2200
480.91,	5.2300
481.54,	5.2400
482.18,	5.2400
482.81,	5.2400
483.45,	5.2400
484.08,	5.2500
484.72,	5.2600
485.36,	5.2700
485.99,	5.2700
486.63,	5.2800
487.26,	5.2800
487.90,	5.2900
488.53,	5.3000
489.17,	5.3100
489.80,	5.3100
490.44,	5.3000
491.07,	5.3000
491.71,	5.3000
492.34,	5.3000
492.98,	5.3000
493.62,	5.3000
494.25,	5.2900
494.89,	5.2900
495.52,	5.3000
496.15,	5.2900
496.79,	5.2900
497.42,	5.2900
498.06,	5.2900
498.69,	5.2800
499.33,	5.2800
499.96,	5.2700
500.60,	5.2600
501.23,	5.2400
501.87,	5.2300
502.50,	5.2200
503.14,	5.2100
503.77,	5.2100
504.40,	5.2200
505.04,	5.2100
505.67,	5.1900
506.31,	5.1800
506.94,	5.1900
507.57,	5.1900
508.21,	5.1800
508.84,	5.1800
509.48,	5.1600
510.11,	5.1500
510.74,	5.1400
511.38,	5.1300
512.01,	5.1200
512.65,	5.1100
513.28,	5.0900
513.91,	5.0900
514.55,	5.0800
515.18,	5.0700
515.81,	5.0600
516.45,	5.0500
517.08,	5.0400
517.71,	5.0400
518.35,	5.0300
518.98,	5.0300
519.61,	5.0300
520.25,	5.0300
520.88,	5.0300
521.51,	5.0300
522.15,	5.0300
522.78,	5.0300
523.41,	5.0300
524.04,	5.0300
524.68,	5.0300
525.31,	5.0100
525.94,	5.0100
526.58,	5.0000
527.21,	4.9900
527.84,	4.9800
528.47,	4.9800
529.11,	4.9700
529.74,	4.9700
530.37,	4.9700
531.00,	4.9600
531.64,	4.9600
532.27,	4.9500
532.90,	4.9400
533.53,	4.9400
534.17,	4.9400
534.80,	4.9400
535.43,	4.9300
536.06,	4.9200
536.69,	4.9200
537.33,	4.9200
537.96,	4.9200
538.59,	4.9100
539.22,	4.9100
539.85,	4.9000
540.48,	4.8900
541.12,	4.8900
541.75,	4.8800
542.38,	4.8600
543.01,	4.8500
543.64,	4.8500
544.27,	4.8400
544.91,	4.8400
545.54,	4.8400
546.17,	4.8300
546.80,	4.8300
547.43,	4.8300
548.06,	4.8300
548.69,	4.8400
549.32,	4.8300
549.95,	4.8300
550.59,	4.8300
551.22,	4.8300
551.85,	4.8300
552.48,	4.8300
553.11,	4.8400
553.74,	4.8600
554.37,	4.8700
555.00,	4.8600
555.63,	4.8400
556.26,	4.8100
556.89,	4.8000
557.52,	4.7900
558.15,	4.7600
558.78,	4.7500
559.42,	4.7400
560.05,	4.7400
560.68,	4.7400
561.31,	4.7400
561.94,	4.7400
562.57,	4.7300
563.20,	4.7300
563.83,	4.7300
564.46,	4.7300
565.09,	4.7300
565.72,	4.7300
566.35,	4.7300
566.98,	4.7300
567.61,	4.7200
568.24,	4.7100
568.87,	4.7000
569.50,	4.6800
570.12,	4.6700
570.75,	4.6600
571.38,	4.6600
572.01,	4.6500
572.64,	4.6600
573.27,	4.6500
573.90,	4.6500
574.53,	4.6500
575.16,	4.6500
575.79,	4.6500
576.42,	4.6500
577.05,	4.6500
577.68,	4.6500
578.31,	4.6400
578.93,	4.6400
579.56,	4.6400
580.19,	4.6400
580.82,	4.6400
581.45,	4.6400
582.08,	4.6300
582.71,	4.6200
583.34,	4.6200
583.97,	4.6200
584.59,	4.6200
585.22,	4.6100
585.85,	4.6000
586.48,	4.5900
587.11,	4.5800
587.74,	4.5700
588.36,	4.5700
588.99,	4.5700
589.62,	4.5700
590.25,	4.5700
590.88,	4.5700
591.50,	4.5600
592.13,	4.5700
592.76,	4.5800
593.39,	4.5900
594.02,	4.6000
594.64,	4.6000
595.27,	4.6000
595.90,	4.6000
596.53,	4.5800
597.16,	4.5800
597.78,	4.5800
598.41,	4.5700
599.04,	4.5600
599.67,	4.5500
600.29,	4.5400
600.92,	4.5400
601.55,	4.5300
602.18,	4.5300
602.80,	4.5300
603.43,	4.5300
604.06,	4.5200
604.68,	4.5200
605.31,	4.5000
605.94,	4.4800
606.57,	4.4700
607.19,	4.4600
607.82,	4.4600
608.45,	4.4600
609.07,	4.4600
609.70,	4.4800
610.33,	4.4900
610.95,	4.5000
611.58,	4.5000
612.21,	4.4900
612.83,	4.4900
613.46,	4.5000
614.09,	4.5000
614.71,	4.5000
615.34,	4.5000
615.97,	4.5000
616.59,	4.5000
617.22,	4.5000
617.84,	4.4900
618.47,	4.4900
619.10,	4.4900
619.72,	4.4900
620.35,	4.4800
620.97,	4.4700
621.60,	4.4700
622.23,	4.4600
622.85,	4.4600
623.48,	4.4600
624.10,	4.4500
624.73,	4.4400
625.35,	4.4400
625.98,	4.4400
626.61,	4.4400
627.23,	4.4400
627.86,	4.4500
628.48,	4.4500
629.11,	4.4600
629.73,	4.4600
630.36,	4.4600
630.98,	4.4500
631.61,	4.4500
632.23,	4.4500
632.86,	4.4300
633.48,	4.4200
634.11,	4.4200
634.73,	4.4200
635.36,	4.4300
635.98,	4.4200
636.61,	4.4200
637.23,	4.4200
637.86,	4.4200
638.48,	4.4200
639.11,	4.4100
639.73,	4.4000
640.36,	4.4000
640.98,	4.4000
641.61,	4.3900
642.23,	4.3900
642.85,	4.4000
643.48,	4.3900
644.10,	4.3900
644.73,	4.3800
645.35,	4.3700
645.98,	4.3600
646.60,	4.3500
647.22,	4.3400
647.85,	4.3400
648.47,	4.3300
649.10,	4.3200
649.72,	4.3100
650.34,	4.3000
650.97,	4.2800
651.59,	4.2700
652.22,	4.2600
652.84,	4.2600
653.46,	4.2900
654.09,	4.3000
654.71,	4.3000
655.33,	4.3000
655.96,	4.3000
656.58,	4.2900
657.20,	4.2800
657.83,	4.2700
658.45,	4.2700
659.07,	4.2600
659.70,	4.2600
660.32,	4.2500
660.94,	4.2400
661.57,	4.2400
662.19,	4.2300
662.81,	4.2400
663.43,	4.2400
664.06,	4.2400
664.68,	4.2300
665.30,	4.2200
665.93,	4.2100
666.55,	4.1900
667.17,	4.1700
667.79,	4.1700
668.42,	4.1700
669.04,	4.1700
669.66,	4.1600
670.28,	4.1600
670.91,	4.1500
671.53,	4.1400
672.15,	4.1400
672.77,	4.1400
673.39,	4.1300
674.02,	4.1300
674.64,	4.1300
675.26,	4.1300
675.88,	4.1200
676.50,	4.1200
677.13,	4.1200
677.75,	4.1200
678.37,	4.1100
678.99,	4.1100
679.61,	4.1100
680.24,	4.1100
680.86,	4.1100
681.48,	4.1100
682.10,	4.1100
682.72,	4.1100
683.34,	4.1100
683.96,	4.1100
684.59,	4.1100
685.21,	4.1000
685.83,	4.1000
686.45,	4.1000
687.07,	4.1000
687.69,	4.1000
688.31,	4.0900
688.93,	4.1000
689.56,	4.1000
690.18,	4.1000
690.80,	4.1000
691.42,	4.1000
692.04,	4.1000
692.66,	4.1000
693.28,	4.1000
693.90,	4.0900
694.52,	4.0900
695.14,	4.0900
695.76,	4.0900
696.38,	4.0900
697.00,	4.0900
697.62,	4.1000
698.25,	4.0900
698.87,	4.0900
699.49,	4.0900
700.11,	4.0900
700.73,	4.0900
701.35,	4.0900
701.97,	4.0900
702.59,	4.0900
703.21,	4.0900
703.83,	4.0900
704.45,	4.1000
705.07,	4.1000
705.69,	4.1100
706.31,	4.1100
706.93,	4.1000
707.55,	4.1000
708.17,	4.1000
708.79,	4.1000
709.40,	4.1100
710.02,	4.1300
710.64,	4.1400
711.26,	4.1400
711.88,	4.1500
712.50,	4.1500
713.12,	4.1500
713.74,	4.1500
714.36,	4.1500
714.98,	4.1500
715.60,	4.1500
716.22,	4.1500
716.84,	4.1500
717.45,	4.1500
718.07,	4.1500
718.69,	4.1500
719.31,	4.1500
719.93,	4.1500
720.55,	4.1500
721.17,	4.1400
721.79,	4.1500
722.41,	4.1500
723.02,	4.1500
723.64,	4.1500
724.26,	4.1500
724.88,	4.1400
725.50,	4.1400
726.12,	4.1400
726.73,	4.1300
727.35,	4.1100
727.97,	4.0900
728.59,	4.0600
729.21,	4.0400
729.83,	4.0300
730.44,	4.0400
731.06,	4.0400
731.68,	4.0400
732.30,	4.0300
732.92,	4.0300
733.53,	4.0300
734.15,	4.0300
734.77,	4.0300
735.39,	4.0200
736.00,	4.0300
736.62,	4.0200
737.24,	4.0200
737.86,	4.0200
738.47,	4.0200
739.09,	4.0200
739.71,	4.0200
740.33,	4.0200
740.94,	4.0100
741.56,	4.0000
742.18,	4.0000
742.79,	3.9900
743.41,	3.9900
744.03,	3.9900
744.65,	3.9900
745.26,	3.9800
745.88,	3.9700
746.50,	3.9700
747.11,	3.9700
747.73,	3.9700
748.35,	3.9600
748.96,	3.9500
749.58,	3.9400
750.20,	3.9300
750.81,	3.9200
751.43,	3.9100
752.05,	3.9100
752.66,	3.9100
753.28,	3.9000
753.90,	3.8900
754.51,	3.8900
755.13,	3.8900
755.74,	3.8900
756.36,	3.8800
756.98,	3.8700
757.59,	3.8700
758.21,	3.8700
758.82,	3.8700
759.44,	3.8600
760.06,	3.8400
760.67,	3.8300
761.29,	3.8200
761.90,	3.8100
762.52,	3.8000
763.14,	3.7900
763.75,	3.7900
764.37,	3.7900
764.98,	3.7900
765.60,	3.7900
766.21,	3.7900
766.83,	3.7800
767.44,	3.7700
768.06,	3.7800
768.67,	3.7900
769.29,	3.7900
769.90,	3.8000
770.52,	3.8000
771.14,	3.8000
771.75,	3.8000
772.37,	3.8000
772.98,	3.8000
773.59,	3.8100
774.21,	3.8200
774.82,	3.8400
775.44,	3.8500
776.05,	3.8500
776.67,	3.8600
777.28,	3.8800
777.90,	3.9100
778.51,	3.9300
779.13,	3.9400
779.74,	3.9400
780.36,	3.9400
780.97,	3.9500
781.58,	3.9600
782.20,	3.9600
782.81,	3.9600
783.43,	3.9400
784.04,	3.9200
784.66,	3.9100
785.27,	3.9100
785.88,	3.9100
786.50,	3.9100
787.11,	3.9200
787.73,	3.9300
788.34,	3.9300
788.95,	3.9300
789.57,	3.9300
790.18,	3.9300
790.79,	3.9300
791.41,	3.9300
792.02,	3.9300
792.63,	3.9300
793.25,	3.9400
793.86,	3.9400
794.47,	3.9300
795.09,	3.9300
795.70,	3.9300
796.31,	3.9200
796.93,	3.9100
797.54,	3.9000
798.15,	3.8900
798.77,	3.8900
799.38,	3.8800
799.99,	3.8700
800.61,	3.8700
801.22,	3.8700
801.83,	3.8800
802.44,	3.8900
803.06,	3.9000
803.67,	3.9000
804.28,	3.9000
804.90,	3.9000
805.51,	3.9100
806.12,	3.9100
806.73,	3.9200
807.34,	3.9300
807.96,	3.9300
808.57,	3.9400
809.18,	3.9500
809.79,	3.9600
810.41,	3.9600
811.02,	3.9600
811.63,	3.9600
812.24,	3.9600
812.85,	3.9600
813.47,	3.9600
814.08,	3.9600
814.69,	3.9500
815.30,	3.9600
815.91,	3.9600
816.53,	3.9600
817.14,	3.9500
817.75,	3.9500
818.36,	3.9500
818.97,	3.9300
819.58,	3.9000
820.20,	3.8800
820.81,	3.8700
821.42,	3.8600
822.03,	3.8600
822.64,	3.8600
823.25,	3.8600
823.86,	3.8600
824.47,	3.8700
825.09,	3.8700
825.70,	3.8600
826.31,	3.8700
826.92,	3.8600
827.53,	3.8500
828.14,	3.8500
828.75,	3.8400
829.36,	3.8400
829.97,	3.8300
830.58,	3.8200
831.19,	3.8200
831.80,	3.8200
832.42,	3.8100
833.03,	3.8000
833.64,	3.7900
834.25,	3.7900
834.86,	3.7700
835.47,	3.7300
836.08,	3.7000
836.69,	3.6800
837.30,	3.6800
837.91,	3.6900
838.52,	3.6800
839.13,	3.6600
839.74,	3.6500
840.35,	3.6600
840.96,	3.6800
841.57,	3.6900
842.18,	3.6800
842.79,	3.6700
843.40,	3.6600
844.01,	3.6600
844.62,	3.6500
845.23,	3.6400
845.84,	3.6400
846.45,	3.6400
847.06,	3.6400
847.67,	3.6200
848.27,	3.6000
848.88,	3.5800
849.49,	3.5700
850.10,	3.5500
850.71,	3.5400
851.32,	3.5300
851.93,	3.5300
852.54,	3.5100
853.15,	3.5000
853.76,	3.4800
854.37,	3.4800
854.98,	3.4800
855.58,	3.4700
856.19,	3.4700
856.80,	3.4600
857.41,	3.4600
858.02,	3.4600
858.63,	3.4600
859.24,	3.4600
859.85,	3.4600
860.45,	3.4600
861.06,	3.4500
861.67,	3.4400
862.28,	3.4400
862.89,	3.4400
863.50,	3.4400
864.10,	3.4400
864.71,	3.4300
865.32,	3.4300
865.93,	3.4300
866.54,	3.4300
867.14,	3.4400
867.75,	3.4400
868.36,	3.4400
868.97,	3.4400
869.58,	3.4500
870.18,	3.4700
870.79,	3.4800
871.40,	3.5000
872.01,	3.5200
872.61,	3.5300
873.22,	3.5300
873.83,	3.5400
874.44,	3.5400
875.04,	3.5500
875.65,	3.5500
876.26,	3.5500
876.87,	3.5500
877.47,	3.5500
878.08,	3.5500
878.69,	3.5400
879.29,	3.5400
879.90,	3.5300
880.51,	3.5200
881.12,	3.5200
881.72,	3.5200
882.33,	3.5200
882.94,	3.5200
883.54,	3.5200
884.15,	3.5200
884.76,	3.5100
885.36,	3.5100
885.97,	3.4900
886.58,	3.4700
887.18,	3.4600
887.79,	3.4500
888.40,	3.4500
889.00,	3.4500
889.61,	3.4500
890.22,	3.4500
890.82,	3.4400
891.43,	3.4300
892.03,	3.4300
892.64,	3.4400
893.25,	3.4500
893.85,	3.4600
894.46,	3.4600
895.06,	3.4600
895.67,	3.4600
896.28,	3.4600
896.88,	3.4700
897.49,	3.4700
898.09,	3.4800
898.70,	3.8700
899.30,	7.9900
899.91,	14.7400
900.52,	17.2700
901.12,	18.3500
901.73,	19.2200
902.33,	20.0000
902.94,	20.6900
903.54,	21.3200
904.15,	21.9000
904.75,	22.4200
905.36,	23.9500
905.96,	35.5000
906.57,	35.5000
907.17,	35.5000
907.78,	35.5000
908.38,	35.5000
908.99,	35.5000
909.59,	35.5000
910.20,	35.5000
910.80,	35.5000
911.41,	35.5000
912.01,	35.5000
912.62,	35.5000
913.22,	35.5000
913.83,	35.5000
914.43,	35.5000
915.03,	35.5000
915.64,	35.5000
916.24,	35.5000
916.85,	35.5000
917.45,	35.5000
918.06,	35.5000
918.66,	35.5000
919.26,	35.5000
919.87,	35.5000
920.47,	35.5000
921.08,	35.5000
921.68,	35.5000
922.28,	35.5000
922.89,	35.5000
923.49,	35.5000
924.10,	35.5000
924.70,	35.5000
925.30,	35.5000
925.91,	35.5000
926.51,	35.5000
927.11,	35.5000
927.72,	35.5000
928.32,	35.5000
928.92,	35.5000
929.53,	35.5000
930.13,	35.5000
930.74,	35.5000
931.34,	35.5000
931.94,	35.5000
932.54,	35.5000
933.15,	35.5000
933.75,	35.5000
934.35,	35.5000
934.96,	35.5000
935.56,	35.5000
936.16,	35.5000
936.77,	35.5000
937.37,	35.5000
937.97,	35.5000
938.57,	35.5000
939.18,	35.5000
939.78,	35.5000
940.38,	35.5000
940.98,	35.5000
941.59,	35.5000
942.19,	35.5000
942.79,	35.5000
943.39,	35.5000
944.00,	35.5000
944.60,	35.5000
945.20,	35.5000
945.80,	35.5000
946.40,	35.5000
947.01,	35.5000
947.61,	35.5000
948.21,	35.5000
948.81,	35.5000
949.41,	35.5000
950.02,	35.5000
950.62,	35.5000
951.22,	35.5000
951.82,	35.5000
952.42,	35.5000
953.02,	35.5000
953.63,	35.5000
954.23,	35.5000
954.83,	35.5000
955.43,	35.5000
956.03,	35.5000
956.63,	35.5000
957.24,	35.5000
957.84,	35.5000
958.44,	35.5000
959.04,	35.5000
959.64,	35.5000
960.24,	35.5000
960.84,	35.5000
961.44,	35.5000
962.04,	35.5000
962.64,	35.5000
963.25,	35.5000
963.85,	35.5000
964.45,	35.5000
965.05,	35.5000
965.65,	35.5000
966.25,	35.5000
966.85,	35.5000
967.45,	35.5000
968.05,	35.5000
968.65,	35.5000
969.25,	35.5000
969.85,	35.5000
970.45,	35.5000
971.05,	35.5000
971.65,	35.5000
972.25,	35.5000
972.85,	35.5000
973.45,	35.5000
974.05,	35.5000
974.65,	35.5000
975.25,	35.5000
975.85,	35.5000
976.45,	35.5000
977.05,	35.5000
977.65,	35.5000
978.25,	35.5000
978.85,	35.5000
979.45,	35.5000
980.05,	35.5000
980.65,	35.5000
981.25,	35.5000
981.85,	35.5000
982.45,	35.5000
983.05,	35.5000
983.65,	35.5000
984.25,	35.5000
984.85,	35.5000
985.45,	35.5000
986.04,	35.5000
986.64,	35.5000
987.24,	35.5000
987.84,	35.5000
988.44,	35.5000
989.04,	35.5000
989.64,	35.5000
990.24,	35.5000
990.84,	35.5000
991.44,	35.5000
992.03,	35.5000
992.63,	35.5000
993.23,	35.5000
993.83,	35.5000
994.43,	35.5000
995.03,	35.5000
995.63,	35.5000
996.22,	35.5000
996.82,	35.5000
997.42,	35.5000
998.02,	35.5000
998.62,	35.5000
999.21,	35.5000
999.81,	35.5000
1000.41,	35.5000
