Call Sign = ZSDA,	Ship Name = SA Agulhas,	Lloyds Num = 0
Date = 02/02/2017,	Time = 15:04,	
Latitude = 45 38.69  S,	Longitude = 005 57.31  E
Instr = Sippican Deep Blue,	Card Type = Sippican MK-21,	
Wind Instr = ,	Measur Method = 
Probe Serial Num = -1,	Ship Dir = -1,	Ship Speed = -1.00
Wind Dir = 252,	Wind Speed = 33.60
Dry Bulb Temp = 7.90,	Total Water Depth = -1.00

Full Resolution Values
Depth,	 Temp
0.67,	7.1400
1.34,	7.0000
2.01,	6.9900
2.68,	6.9900
3.34,	6.9900
4.01,	6.9900
4.68,	7.0000
5.35,	7.0000
6.02,	7.0000
6.69,	7.0000
7.36,	7.0000
8.03,	7.0000
8.69,	7.0000
9.36,	7.0100
10.03,	7.0100
10.70,	7.0100
11.37,	7.0100
12.04,	7.0000
12.70,	6.9900
13.37,	6.9800
14.04,	6.9800
14.71,	6.9800
15.38,	6.9800
16.05,	6.9800
16.71,	6.9900
17.38,	6.9900
18.05,	6.9900
18.72,	6.9800
19.38,	6.9700
20.05,	6.9600
20.72,	6.9600
21.39,	6.9500
22.06,	6.9400
22.72,	6.9500
23.39,	6.9500
24.06,	6.9500
24.73,	6.9500
25.39,	6.9400
26.06,	6.9400
26.73,	6.9300
27.40,	6.9300
28.06,	6.9300
28.73,	6.9400
29.40,	6.9400
30.06,	6.9300
30.73,	6.9300
31.40,	6.9300
32.06,	6.9300
32.73,	6.9400
33.40,	6.9400
34.07,	6.9400
34.73,	6.9400
35.40,	6.9300
36.07,	6.9300
36.73,	6.9300
37.40,	6.9200
38.07,	6.9200
38.73,	6.9200
39.40,	6.9200
40.06,	6.9200
40.73,	6.9200
41.40,	6.9200
42.06,	6.9300
42.73,	6.9300
43.40,	6.9300
44.06,	6.9300
44.73,	6.9300
45.39,	6.9300
46.06,	6.9300
46.73,	6.9300
47.39,	6.9300
48.06,	6.9300
48.72,	6.9200
49.39,	6.9200
50.06,	6.9300
50.72,	6.9300
51.39,	6.9300
52.05,	6.9300
52.72,	6.9300
53.38,	6.9300
54.05,	6.9300
54.71,	6.9300
55.38,	6.9200
56.05,	6.9200
56.71,	6.9300
57.38,	6.9300
58.04,	6.9300
58.71,	6.9300
59.37,	6.9200
60.04,	6.9200
60.70,	6.9300
61.37,	6.9300
62.03,	6.9300
62.70,	6.9300
63.36,	6.9300
64.03,	6.9300
64.69,	6.9300
65.36,	6.9400
66.02,	6.9400
66.69,	6.9400
67.35,	6.9400
68.01,	6.9400
68.68,	6.9500
69.34,	6.9400
70.01,	6.9400
70.67,	6.9500
71.34,	6.9500
72.00,	6.9500
72.66,	6.9400
73.33,	6.9400
73.99,	6.9500
74.66,	6.9500
75.32,	6.9500
75.98,	6.9400
76.65,	6.9400
77.31,	6.9400
77.98,	6.9300
78.64,	6.9300
79.30,	6.9100
79.97,	6.9100
80.63,	6.9100
81.30,	6.9000
81.96,	6.8800
82.62,	6.8900
83.29,	6.8900
83.95,	6.8800
84.61,	6.8700
85.28,	6.8600
85.94,	6.8300
86.60,	6.7900
87.27,	6.7600
87.93,	6.7100
88.59,	6.6400
89.26,	6.5700
89.92,	6.5200
90.58,	6.5000
91.24,	6.4900
91.91,	6.4800
92.57,	6.4700
93.23,	6.4700
93.90,	6.4700
94.56,	6.4700
95.22,	6.4600
95.88,	6.4600
96.55,	6.4500
97.21,	6.4500
97.87,	6.4500
98.53,	6.4500
99.20,	6.4400
99.86,	6.4300
100.52,	6.4200
101.18,	6.4100
101.85,	6.4100
102.51,	6.4100
103.17,	6.4000
103.83,	6.3800
104.49,	6.3500
105.16,	6.3200
105.82,	6.2900
106.48,	6.2600
107.14,	6.2100
107.80,	6.1800
108.47,	6.1600
109.13,	6.1400
109.79,	6.1300
110.45,	6.1000
111.11,	6.0300
111.77,	5.9200
112.44,	5.8600
113.10,	5.8400
113.76,	5.8200
114.42,	5.8100
115.08,	5.8000
115.74,	5.7700
116.40,	5.7300
117.06,	5.6900
117.73,	5.6700
118.39,	5.6500
119.05,	5.6400
119.71,	5.6100
120.37,	5.5900
121.03,	5.5700
121.69,	5.5600
122.35,	5.5500
123.01,	5.5500
123.67,	5.5400
124.33,	5.5400
125.00,	5.5300
125.66,	5.5300
126.32,	5.5200
126.98,	5.5000
127.64,	5.4700
128.30,	5.4400
128.96,	5.4100
129.62,	5.4000
130.28,	5.4000
130.94,	5.3900
131.60,	5.3800
132.26,	5.3700
132.92,	5.3700
133.58,	5.3700
134.24,	5.3700
134.90,	5.3700
135.56,	5.3600
136.22,	5.3600
136.88,	5.3600
137.54,	5.3500
138.20,	5.3500
138.86,	5.3400
139.52,	5.3500
140.18,	5.3400
140.84,	5.3400
141.50,	5.3400
142.16,	5.3400
142.82,	5.3300
143.48,	5.3300
144.14,	5.3300
144.79,	5.3300
145.45,	5.3300
146.11,	5.3300
146.77,	5.3200
147.43,	5.3200
148.09,	5.3200
148.75,	5.3200
149.41,	5.3000
150.07,	5.2900
150.73,	5.2800
151.39,	5.2800
152.04,	5.2700
152.70,	5.2600
153.36,	5.2500
154.02,	5.2300
154.68,	5.2300
155.34,	5.2300
156.00,	5.2200
156.65,	5.2100
157.31,	5.2100
157.97,	5.2000
158.63,	5.2000
159.29,	5.1900
159.95,	5.1900
160.60,	5.1900
161.26,	5.1900
161.92,	5.1800
162.58,	5.1700
163.24,	5.1600
163.90,	5.1500
164.55,	5.1600
165.21,	5.1500
165.87,	5.1600
166.53,	5.1500
167.18,	5.1500
167.84,	5.1600
168.50,	5.1500
169.16,	5.1600
169.82,	5.1500
170.47,	5.1500
171.13,	5.1500
171.79,	5.1400
172.44,	5.1300
173.10,	5.1200
173.76,	5.1200
174.42,	5.1300
175.07,	5.1300
175.73,	5.1200
176.39,	5.1300
177.05,	5.1300
177.70,	5.1300
178.36,	5.1200
179.02,	5.1300
179.67,	5.1300
180.33,	5.1300
180.99,	5.1200
181.64,	5.1200
182.30,	5.1200
182.96,	5.1100
183.61,	5.1000
184.27,	5.1000
184.93,	5.0900
185.58,	5.0900
186.24,	5.0900
186.90,	5.0900
187.55,	5.0800
188.21,	5.0700
188.87,	5.0500
189.52,	5.0300
190.18,	5.0300
190.83,	5.0300
191.49,	5.0200
192.15,	5.0200
192.80,	5.0200
193.46,	5.0100
194.11,	5.0100
194.77,	5.0100
195.43,	5.0100
196.08,	5.0100
196.74,	5.0100
197.39,	5.0100
198.05,	5.0000
198.70,	5.0000
199.36,	4.9900
200.02,	4.9900
200.67,	4.9900
201.33,	4.9900
201.98,	4.9800
202.64,	4.9700
203.29,	4.9800
203.95,	4.9800
204.60,	4.9800
205.26,	4.9700
205.91,	4.9800
206.57,	4.9700
207.22,	4.9700
207.88,	4.9600
208.53,	4.9600
209.19,	4.9500
209.84,	4.9500
210.50,	4.9400
211.15,	4.9300
211.81,	4.9300
212.46,	4.9300
213.12,	4.9100
213.77,	4.9000
214.43,	4.8900
215.08,	4.8800
215.74,	4.8800
216.39,	4.8600
217.04,	4.8600
217.70,	4.8600
218.35,	4.8600
219.01,	4.8500
219.66,	4.8500
220.32,	4.8400
220.97,	4.8300
221.62,	4.8200
222.28,	4.7900
222.93,	4.7700
223.59,	4.7500
224.24,	4.7400
224.89,	4.7300
225.55,	4.7300
226.20,	4.7200
226.85,	4.7100
227.51,	4.7100
228.16,	4.7100
228.81,	4.7000
229.47,	4.6900
230.12,	4.6800
230.78,	4.6800
231.43,	4.6700
232.08,	4.6700
232.74,	4.6600
233.39,	4.6600
234.04,	4.6500
234.69,	4.6500
235.35,	4.6400
236.00,	4.6400
236.65,	4.6400
237.31,	4.6300
237.96,	4.6300
238.61,	4.6300
239.27,	4.6300
239.92,	4.6200
240.57,	4.6100
241.22,	4.6100
241.88,	4.6100
242.53,	4.6000
243.18,	4.5900
243.83,	4.5700
244.49,	4.5700
245.14,	4.5600
245.79,	4.5500
246.44,	4.5400
247.10,	4.5400
247.75,	4.5400
248.40,	4.5400
249.05,	4.5300
249.70,	4.5200
250.36,	4.5200
251.01,	4.5100
251.66,	4.5100
252.31,	4.5100
252.96,	4.5000
253.62,	4.5000
254.27,	4.4900
254.92,	4.4900
255.57,	4.4900
256.22,	4.4900
256.88,	4.4900
257.53,	4.4800
258.18,	4.4800
258.83,	4.4800
259.48,	4.4700
260.13,	4.4700
260.78,	4.4600
261.44,	4.4500
262.09,	4.4400
262.74,	4.4400
263.39,	4.4400
264.04,	4.4300
264.69,	4.4300
265.34,	4.4300
265.99,	4.4300
266.64,	4.4300
267.29,	4.4200
267.95,	4.4200
268.60,	4.4200
269.25,	4.4100
269.90,	4.4100
270.55,	4.4100
271.20,	4.4000
271.85,	4.4000
272.50,	4.4000
273.15,	4.3900
273.80,	4.3800
274.45,	4.3700
275.10,	4.3600
275.75,	4.3500
276.40,	4.3400
277.05,	4.3400
277.70,	4.3300
278.35,	4.3200
279.00,	4.3100
279.65,	4.3100
280.30,	4.3100
280.95,	4.3000
281.60,	4.2900
282.25,	4.2900
282.90,	4.2900
283.55,	4.2800
284.20,	4.2800
284.85,	4.2700
285.50,	4.2600
286.15,	4.2500
286.80,	4.2500
287.45,	4.2500
288.10,	4.2400
288.75,	4.2400
289.40,	4.2300
290.05,	4.2200
290.70,	4.2200
291.35,	4.2200
292.00,	4.2100
292.64,	4.2100
293.29,	4.2100
293.94,	4.2100
294.59,	4.2000
295.24,	4.1900
295.89,	4.1900
296.54,	4.1900
297.19,	4.1900
297.84,	4.1900
298.49,	4.1800
299.13,	4.1800
299.78,	4.1700
300.43,	4.1700
301.08,	4.1600
301.73,	4.1600
302.38,	4.1600
303.02,	4.1600
303.67,	4.1500
304.32,	4.1500
304.97,	4.1400
305.62,	4.1400
306.27,	4.1300
306.91,	4.1200
307.56,	4.1200
308.21,	4.1200
308.86,	4.1200
309.51,	4.1200
310.15,	4.1100
310.80,	4.1000
311.45,	4.0900
312.10,	4.0900
312.75,	4.0800
313.39,	4.0800
314.04,	4.0700
314.69,	4.0600
315.34,	4.0600
315.98,	4.0500
316.63,	4.0500
317.28,	4.0500
317.93,	4.0500
318.57,	4.0500
319.22,	4.0400
319.87,	4.0400
320.52,	4.0400
321.16,	4.0400
321.81,	4.0400
322.46,	4.0400
323.10,	4.0400
323.75,	4.0300
324.40,	4.0300
325.04,	4.0300
325.69,	4.0300
326.34,	4.0300
326.99,	4.0300
327.63,	4.0300
328.28,	4.0300
328.93,	4.0300
329.57,	4.0200
330.22,	4.0300
330.86,	4.0200
331.51,	4.0200
332.16,	4.0200
332.80,	4.0200
333.45,	4.0200
334.10,	4.0200
334.74,	4.0100
335.39,	4.0100
336.03,	4.0000
336.68,	4.0000
337.33,	3.9900
337.97,	3.9800
338.62,	3.9700
339.26,	3.9700
339.91,	3.9700
340.56,	3.9700
341.20,	3.9700
341.85,	3.9600
342.49,	3.9600
343.14,	3.9600
343.78,	3.9600
344.43,	3.9600
345.08,	3.9600
345.72,	3.9600
346.37,	3.9600
347.01,	3.9600
347.66,	3.9600
348.30,	3.9600
348.95,	3.9600
349.59,	3.9600
350.24,	3.9600
350.88,	3.9500
351.53,	3.9400
352.17,	3.9400
352.82,	3.9300
353.46,	3.9300
354.11,	3.9200
354.75,	3.9100
355.40,	3.9000
356.04,	3.9000
356.69,	3.9000
357.33,	3.9000
357.98,	3.8900
358.62,	3.8900
359.27,	3.8900
359.91,	3.8900
360.55,	3.8900
361.20,	3.8900
361.84,	3.8900
362.49,	3.8900
363.13,	3.8800
363.78,	3.8800
364.42,	3.8800
365.06,	3.8700
365.71,	3.8700
366.35,	3.8700
367.00,	3.8600
367.64,	3.8600
368.28,	3.8500
368.93,	3.8500
369.57,	3.8500
370.22,	3.8500
370.86,	3.8500
371.50,	3.8500
372.15,	3.8500
372.79,	3.8500
373.43,	3.8400
374.08,	3.8500
374.72,	3.8500
375.36,	3.8400
376.01,	3.8400
376.65,	3.8400
377.29,	3.8400
377.94,	3.8300
378.58,	3.8300
379.22,	3.8300
379.87,	3.8200
380.51,	3.8200
381.15,	3.8200
381.79,	3.8100
382.44,	3.8100
383.08,	3.8100
383.72,	3.8100
384.37,	3.8100
385.01,	3.8000
385.65,	3.8000
386.29,	3.8000
386.94,	3.7900
387.58,	3.7800
388.22,	3.7800
388.86,	3.7800
389.51,	3.7700
390.15,	3.7700
390.79,	3.7700
391.43,	3.7700
392.08,	3.7700
392.72,	3.7700
393.36,	3.7700
394.00,	3.7700
394.64,	3.7700
395.29,	3.7600
395.93,	3.7600
396.57,	3.7600
397.21,	3.7600
397.85,	3.7600
398.50,	3.7600
399.14,	3.7600
399.78,	3.7500
400.42,	3.7500
401.06,	3.7500
401.70,	3.7500
402.34,	3.7500
402.99,	3.7500
403.63,	3.7500
404.27,	3.7500
404.91,	3.7400
405.55,	3.7300
406.19,	3.7300
406.83,	3.7300
407.48,	3.7300
408.12,	3.7300
408.76,	3.7200
409.40,	3.7200
410.04,	3.7200
410.68,	3.7200
411.32,	3.7100
411.96,	3.7100
412.60,	3.7000
413.24,	3.7000
413.88,	3.6900
414.52,	3.6800
415.17,	3.6800
415.81,	3.6700
416.45,	3.6700
417.09,	3.6600
417.73,	3.6600
418.37,	3.6600
419.01,	3.6600
419.65,	3.6600
420.29,	3.6500
420.93,	3.6500
421.57,	3.6500
422.21,	3.6500
422.85,	3.6500
423.49,	3.6500
424.13,	3.6500
424.77,	3.6500
425.41,	3.6500
426.05,	3.6400
426.69,	3.6400
427.33,	3.6400
427.97,	3.6400
428.61,	3.6400
429.25,	3.6400
429.89,	3.6400
430.53,	3.6400
431.17,	3.6400
431.80,	3.6400
432.44,	3.6300
433.08,	3.6300
433.72,	3.6300
434.36,	3.6300
435.00,	3.6300
435.64,	3.6300
436.28,	3.6200
436.92,	3.6200
437.56,	3.6000
438.20,	3.5900
438.84,	3.5900
439.47,	3.5800
440.11,	3.5800
440.75,	3.5800
441.39,	3.5800
442.03,	3.5800
442.67,	3.5800
443.31,	3.5800
443.95,	3.5800
444.58,	3.5800
445.22,	3.5700
445.86,	3.5700
446.50,	3.5600
447.14,	3.5600
447.78,	3.5600
448.41,	3.5600
449.05,	3.5600
449.69,	3.5600
450.33,	3.5600
450.97,	3.5600
451.60,	3.5600
452.24,	3.5500
452.88,	3.5400
453.52,	3.5400
454.16,	3.5400
454.79,	3.5400
455.43,	3.5400
456.07,	3.5400
456.71,	3.5400
457.35,	3.5300
457.98,	3.5300
458.62,	3.5200
459.26,	3.5200
459.90,	3.5100
460.53,	3.5100
461.17,	3.5100
461.81,	3.5000
462.44,	3.5000
463.08,	3.4900
463.72,	3.4900
464.36,	3.4800
464.99,	3.4700
465.63,	3.4700
466.27,	3.4600
466.90,	3.4600
467.54,	3.4600
468.18,	3.4600
468.81,	3.4500
469.45,	3.4500
470.09,	3.4500
470.72,	3.4500
471.36,	3.4400
472.00,	3.4400
472.63,	3.4400
473.27,	3.4500
473.91,	3.4400
474.54,	3.4300
475.18,	3.4300
475.82,	3.4200
476.45,	3.4200
477.09,	3.4200
477.73,	3.4200
478.36,	3.4100
479.00,	3.4100
479.63,	3.4000
480.27,	3.3900
480.91,	3.3900
481.54,	3.3800
482.18,	3.3700
482.81,	3.3700
483.45,	3.3700
484.08,	3.3600
484.72,	3.3600
485.36,	3.3600
485.99,	3.3600
486.63,	3.3600
487.26,	3.3600
487.90,	3.3500
488.53,	3.3600
489.17,	3.3500
489.80,	3.3500
490.44,	3.3500
491.07,	3.3500
491.71,	3.3500
492.34,	3.3400
492.98,	3.3400
493.62,	3.3400
494.25,	3.3400
494.89,	3.3300
495.52,	3.3300
496.15,	3.3300
496.79,	3.3300
497.42,	3.3300
498.06,	3.3200
498.69,	3.3100
499.33,	3.3100
499.96,	3.3000
500.60,	3.3000
501.23,	3.2900
501.87,	3.2900
502.50,	3.2800
503.14,	3.2900
503.77,	3.2800
504.40,	3.2800
505.04,	3.2800
505.67,	3.2800
506.31,	3.2800
506.94,	3.2800
507.57,	3.2800
508.21,	3.2800
508.84,	3.2700
509.48,	3.2700
510.11,	3.2800
510.74,	3.2700
511.38,	3.2700
512.01,	3.2700
512.65,	3.2700
513.28,	3.2800
513.91,	3.2800
514.55,	3.2700
515.18,	3.2700
515.81,	3.2700
516.45,	3.2600
517.08,	3.2500
517.71,	3.2400
518.35,	3.2300
518.98,	3.2300
519.61,	3.2300
520.25,	3.2300
520.88,	3.2300
521.51,	3.2300
522.15,	3.2200
522.78,	3.2200
523.41,	3.2300
524.04,	3.2300
524.68,	3.2200
525.31,	3.2200
525.94,	3.2100
526.58,	3.2100
527.21,	3.2100
527.84,	3.2100
528.47,	3.2100
529.11,	3.2000
529.74,	3.2000
530.37,	3.2000
531.00,	3.1900
531.64,	3.1900
532.27,	3.1900
532.90,	3.1900
533.53,	3.1900
534.17,	3.1800
534.80,	3.1800
535.43,	3.1800
536.06,	3.1800
536.69,	3.1800
537.33,	3.1700
537.96,	3.1700
538.59,	3.1700
539.22,	3.1600
539.85,	3.1600
540.48,	3.1600
541.12,	3.1600
541.75,	3.1500
542.38,	3.1500
543.01,	3.1600
543.64,	3.1500
544.27,	3.1500
544.91,	3.1500
545.54,	3.1500
546.17,	3.1400
546.80,	3.1400
547.43,	3.1400
548.06,	3.1400
548.69,	3.1400
549.32,	3.1400
549.95,	3.1400
550.59,	3.1400
551.22,	3.1400
551.85,	3.1400
552.48,	3.1300
553.11,	3.1400
553.74,	3.1300
554.37,	3.1300
555.00,	3.1300
555.63,	3.1300
556.26,	3.1300
556.89,	3.1300
557.52,	3.1400
558.15,	3.1400
558.78,	3.1400
559.42,	3.1400
560.05,	3.1400
560.68,	3.1400
561.31,	3.1400
561.94,	3.1300
562.57,	3.1300
563.20,	3.1300
563.83,	3.1300
564.46,	3.1300
565.09,	3.1200
565.72,	3.1200
566.35,	3.1200
566.98,	3.1200
567.61,	3.1200
568.24,	3.1200
568.87,	3.1200
569.50,	3.1100
570.12,	3.1200
570.75,	3.1200
571.38,	3.1200
572.01,	3.1100
572.64,	3.1100
573.27,	3.1100
573.90,	3.1100
574.53,	3.1000
575.16,	3.1000
575.79,	3.1000
576.42,	3.1000
577.05,	3.1000
577.68,	3.1000
578.31,	3.1000
578.93,	3.1000
579.56,	3.1000
580.19,	3.1000
580.82,	3.1000
581.45,	3.1000
582.08,	3.1000
582.71,	3.1000
583.34,	3.1000
583.97,	3.1000
584.59,	3.1000
585.22,	3.0900
585.85,	3.0900
586.48,	3.0800
587.11,	3.0800
587.74,	3.0700
588.36,	3.0600
588.99,	3.0500
589.62,	3.0500
590.25,	3.0500
590.88,	3.0500
591.50,	3.0500
592.13,	3.0500
592.76,	3.0500
593.39,	3.0600
594.02,	3.0500
594.64,	3.0500
595.27,	3.0500
595.90,	3.0500
596.53,	3.0500
597.16,	3.0500
597.78,	3.0400
598.41,	3.0400
599.04,	3.0400
599.67,	3.0300
600.29,	3.0300
600.92,	3.0300
601.55,	3.0300
602.18,	3.0200
602.80,	3.0300
603.43,	3.0300
604.06,	3.0300
604.68,	3.0300
605.31,	3.0200
605.94,	3.0200
606.57,	3.0200
607.19,	3.0100
607.82,	3.0200
608.45,	3.0200
609.07,	3.0100
609.70,	3.0100
610.33,	3.0100
610.95,	3.0100
611.58,	3.0100
612.21,	3.0100
612.83,	3.0100
613.46,	3.0100
614.09,	3.0100
614.71,	3.0100
615.34,	3.0100
615.97,	3.0100
616.59,	3.0100
617.22,	3.0100
617.84,	3.0100
618.47,	3.0100
619.10,	3.0100
619.72,	3.0100
620.35,	3.0100
620.97,	3.0100
621.60,	3.0100
622.23,	3.0100
622.85,	3.0100
623.48,	3.0000
624.10,	3.0000
624.73,	3.0000
625.35,	3.0100
625.98,	3.0000
626.61,	3.0000
627.23,	3.0000
627.86,	3.0000
628.48,	3.0000
629.11,	3.0000
629.73,	3.0000
630.36,	2.9900
630.98,	2.9900
631.61,	2.9900
632.23,	2.9900
632.86,	2.9900
633.48,	2.9900
634.11,	2.9900
634.73,	2.9900
635.36,	2.9900
635.98,	2.9900
636.61,	2.9900
637.23,	2.9900
637.86,	2.9900
638.48,	3.0000
639.11,	3.0000
639.73,	3.0000
640.36,	3.0000
640.98,	3.0000
641.61,	3.0100
642.23,	3.0100
642.85,	3.0100
643.48,	3.0100
644.10,	3.0100
644.73,	3.0100
645.35,	3.0000
645.98,	3.0000
646.60,	3.0000
647.22,	2.9900
647.85,	2.9900
648.47,	2.9900
649.10,	2.9900
649.72,	2.9900
650.34,	2.9900
650.97,	2.9900
651.59,	2.9900
652.22,	2.9900
652.84,	2.9900
653.46,	2.9900
654.09,	2.9900
654.71,	3.0000
655.33,	3.0000
655.96,	3.0000
656.58,	3.0000
657.20,	3.0000
657.83,	3.0000
658.45,	3.0000
659.07,	3.0000
659.70,	3.0000
660.32,	3.0000
660.94,	3.0000
661.57,	3.0000
662.19,	3.0000
662.81,	3.0100
663.43,	3.0100
664.06,	3.0100
664.68,	3.0100
665.30,	3.0100
665.93,	3.0100
666.55,	3.0100
667.17,	3.0100
667.79,	3.0100
668.42,	3.0000
669.04,	3.0000
669.66,	3.0000
670.28,	3.0000
670.91,	3.0000
671.53,	3.0000
672.15,	3.0000
672.77,	2.9900
673.39,	2.9900
674.02,	2.9900
674.64,	2.9900
675.26,	2.9900
675.88,	2.9900
676.50,	2.9900
677.13,	3.0000
677.75,	2.9900
678.37,	2.9900
678.99,	2.9900
679.61,	2.9900
680.24,	2.9900
680.86,	3.0000
681.48,	2.9900
682.10,	2.9900
682.72,	2.9900
683.34,	2.9900
683.96,	2.9900
684.59,	2.9900
685.21,	2.9900
685.83,	2.9900
686.45,	2.9900
687.07,	3.0000
687.69,	3.0000
688.31,	2.9900
688.93,	2.9900
689.56,	2.9900
690.18,	2.9900
690.80,	2.9900
691.42,	2.9900
692.04,	2.9900
692.66,	2.9900
693.28,	2.9900
693.90,	2.9900
694.52,	3.0000
695.14,	2.9900
695.76,	2.9900
696.38,	2.9900
697.00,	2.9900
697.62,	2.9900
698.25,	2.9900
698.87,	2.9900
699.49,	2.9900
700.11,	2.9900
700.73,	2.9900
701.35,	2.9900
701.97,	2.9900
702.59,	2.9900
703.21,	2.9900
703.83,	2.9800
704.45,	2.9800
705.07,	2.9900
705.69,	2.9900
706.31,	2.9900
706.93,	2.9900
707.55,	2.9900
708.17,	2.9900
708.79,	2.9800
709.40,	2.9800
710.02,	2.9700
710.64,	2.9700
711.26,	2.9700
711.88,	2.9700
712.50,	2.9600
713.12,	2.9600
713.74,	2.9600
714.36,	2.9600
714.98,	2.9600
715.60,	2.9600
716.22,	2.9600
716.84,	2.9600
717.45,	2.9600
718.07,	2.9600
718.69,	2.9600
719.31,	2.9600
719.93,	2.9600
720.55,	2.9600
721.17,	2.9500
721.79,	2.9500
722.41,	2.9500
723.02,	2.9600
723.64,	2.9600
724.26,	2.9600
724.88,	2.9500
725.50,	2.9600
726.12,	2.9500
726.73,	2.9600
727.35,	2.9500
727.97,	2.9500
728.59,	2.9500
729.21,	2.9500
729.83,	2.9500
730.44,	2.9500
731.06,	2.9500
731.68,	2.9500
732.30,	2.9500
732.92,	2.9500
733.53,	2.9500
734.15,	2.9500
734.77,	2.9500
735.39,	2.9500
736.00,	2.9500
736.62,	2.9500
737.24,	2.9500
737.86,	2.9500
738.47,	2.9400
739.09,	2.9500
739.71,	2.9500
740.33,	2.9500
740.94,	2.9500
741.56,	2.9500
742.18,	2.9400
742.79,	2.9400
743.41,	2.9400
744.03,	2.9500
744.65,	2.9500
745.26,	2.9400
745.88,	2.9400
746.50,	2.9500
747.11,	2.9500
747.73,	2.9500
748.35,	2.9500
748.96,	2.9500
749.58,	2.9500
750.20,	2.9500
750.81,	2.9500
751.43,	2.9500
752.05,	2.9500
752.66,	2.9500
753.28,	2.9500
753.90,	2.9400
754.51,	2.9400
755.13,	2.9400
755.74,	2.9400
756.36,	2.9400
756.98,	2.9400
757.59,	2.9400
758.21,	2.9400
758.82,	2.9400
759.44,	2.9300
760.06,	2.9300
760.67,	2.9300
761.29,	2.9400
761.90,	2.9400
762.52,	2.9400
763.14,	2.9400
763.75,	2.9300
764.37,	2.9300
764.98,	2.9300
765.60,	2.9300
766.21,	2.9300
766.83,	2.9300
767.44,	2.9300
768.06,	2.9300
768.67,	2.9300
769.29,	2.9300
769.90,	2.9300
770.52,	2.9300
771.14,	2.9300
771.75,	2.9200
772.37,	2.9200
772.98,	2.9200
773.59,	2.9200
774.21,	2.9200
774.82,	2.9100
775.44,	2.9100
776.05,	2.9100
776.67,	2.9000
777.28,	2.9100
777.90,	2.9100
778.51,	2.9100
779.13,	2.9100
779.74,	2.9100
780.36,	2.9100
780.97,	2.9100
781.58,	2.9000
782.20,	2.9000
782.81,	2.9100
783.43,	2.9100
784.04,	2.9000
784.66,	2.9000
785.27,	2.9100
785.88,	2.9000
786.50,	2.9000
787.11,	2.9000
787.73,	2.9000
788.34,	2.9000
788.95,	2.9100
789.57,	2.9000
790.18,	2.8900
790.79,	2.8800
791.41,	2.8800
792.02,	2.8800
792.63,	2.8900
793.25,	2.8800
793.86,	2.8800
794.47,	2.8800
795.09,	2.8800
795.70,	2.8800
796.31,	2.8800
796.93,	2.8800
797.54,	2.8800
798.15,	2.8800
798.77,	2.8800
799.38,	2.8800
799.99,	2.8800
800.61,	2.8800
801.22,	2.8800
801.83,	2.8800
802.44,	2.8800
803.06,	2.8800
803.67,	2.8800
804.28,	2.8800
804.90,	2.8800
805.51,	2.8800
806.12,	2.8800
806.73,	2.8800
807.34,	2.8800
807.96,	2.8800
808.57,	2.8800
809.18,	2.8800
809.79,	2.8900
810.41,	2.8900
811.02,	2.9000
811.63,	2.9000
812.24,	2.8900
812.85,	2.8900
813.47,	2.8900
814.08,	2.9000
814.69,	2.9000
815.30,	2.9000
815.91,	2.9000
816.53,	2.9000
817.14,	2.9000
817.75,	2.9000
818.36,	2.9000
818.97,	2.9000
819.58,	2.9000
820.20,	2.9100
820.81,	2.9100
821.42,	2.9100
822.03,	2.9100
822.64,	2.9100
823.25,	2.9100
823.86,	2.9100
824.47,	2.9100
825.09,	2.9100
825.70,	2.9000
826.31,	2.9100
826.92,	2.9000
827.53,	2.9000
828.14,	2.9000
828.75,	2.9000
829.36,	2.9000
829.97,	2.9000
830.58,	2.9000
831.19,	2.9000
831.80,	2.9000
832.42,	2.9000
833.03,	2.9000
833.64,	2.9000
834.25,	2.9000
834.86,	2.9000
835.47,	2.9100
836.08,	2.9100
836.69,	2.9100
837.30,	2.9100
837.91,	2.9100
838.52,	2.9100
839.13,	2.9100
839.74,	2.9100
840.35,	2.9100
840.96,	2.9100
841.57,	2.9100
842.18,	2.9100
842.79,	2.9100
843.40,	2.9100
844.01,	2.9100
844.62,	2.9200
845.23,	2.9100
845.84,	2.9100
846.45,	2.9100
847.06,	2.9100
847.67,	2.9100
848.27,	2.9100
848.88,	2.9100
849.49,	2.9100
850.10,	2.9100
850.71,	2.9100
851.32,	2.9100
851.93,	2.9100
852.54,	2.9100
853.15,	2.9100
853.76,	2.9100
854.37,	2.9100
854.98,	2.9200
855.58,	2.9200
856.19,	2.9100
856.80,	2.9100
857.41,	2.9100
858.02,	2.9100
858.63,	2.9200
859.24,	2.9200
859.85,	2.9200
860.45,	2.9100
861.06,	2.9100
861.67,	2.9100
862.28,	2.9100
862.89,	2.9100
863.50,	2.9100
864.10,	2.9100
864.71,	2.9100
865.32,	2.9100
865.93,	2.9100
866.54,	2.9100
867.14,	2.9100
867.75,	2.9100
868.36,	2.9100
868.97,	2.9100
869.58,	2.9100
870.18,	2.9100
870.79,	2.9100
871.40,	2.9100
872.01,	2.9100
872.61,	2.9100
873.22,	2.9100
873.83,	2.9100
874.44,	2.9100
875.04,	2.9100
875.65,	2.9100
876.26,	2.9100
876.87,	2.9100
877.47,	2.9100
878.08,	2.9100
878.69,	2.9100
879.29,	2.9100
879.90,	2.9100
880.51,	2.9000
881.12,	2.9000
881.72,	2.9000
882.33,	2.9000
882.94,	2.9000
883.54,	2.9000
884.15,	2.9000
884.76,	2.9000
885.36,	2.9000
885.97,	2.9000
886.58,	2.9000
887.18,	2.9000
887.79,	2.9000
888.40,	2.9000
889.00,	2.9000
889.61,	2.9000
890.22,	2.9000
890.82,	2.9000
891.43,	2.9000
892.03,	2.9000
892.64,	2.9000
893.25,	2.9000
893.85,	2.9000
894.46,	2.9000
895.06,	2.9000
895.67,	2.8900
896.28,	2.9000
896.88,	2.8900
897.49,	2.8900
898.09,	2.8900
898.70,	2.8900
899.30,	2.8900
899.91,	2.8900
900.52,	2.9000
901.12,	2.9000
901.73,	2.8900
902.33,	2.8900
902.94,	2.8900
903.54,	2.8900
904.15,	2.9000
904.75,	2.9000
905.36,	2.9000
905.96,	2.9000
906.57,	2.9000
907.17,	2.9000
907.78,	2.9000
908.38,	2.8900
908.99,	2.9000
909.59,	2.9000
910.20,	2.9000
910.80,	2.9000
911.41,	2.9000
912.01,	2.8900
912.62,	2.9000
913.22,	2.9000
913.83,	2.9000
914.43,	2.9000
915.03,	2.9000
915.64,	2.9000
916.24,	2.9000
916.85,	2.9000
917.45,	2.9100
918.06,	2.9000
918.66,	2.9000
919.26,	2.9000
919.87,	2.9000
920.47,	2.9000
921.08,	2.9100
921.68,	2.9100
922.28,	2.9100
922.89,	2.9100
923.49,	2.9100
924.10,	2.9100
924.70,	2.9100
925.30,	2.9100
925.91,	2.9100
926.51,	2.9100
927.11,	2.9100
927.72,	2.9100
928.32,	2.9100
928.92,	2.9100
929.53,	2.9100
930.13,	2.9100
930.74,	2.9100
931.34,	2.9100
931.94,	2.9100
932.54,	2.9100
933.15,	2.9100
933.75,	2.9000
934.35,	2.9100
934.96,	2.9100
935.56,	2.9100
936.16,	2.9000
936.77,	2.9000
937.37,	2.9100
937.97,	2.9100
938.57,	2.9000
939.18,	2.9000
939.78,	2.9000
940.38,	2.9300
940.98,	3.0000
941.59,	3.9700
942.19,	8.7900
942.79,	14.6400
943.39,	16.7500
944.00,	17.7500
944.60,	18.5800
945.20,	19.3300
945.80,	20.0300
946.40,	20.6700
947.01,	21.2700
947.61,	21.8300
948.21,	22.3600
948.81,	22.8700
949.41,	23.3500
950.02,	23.8100
950.62,	24.2500
951.22,	24.6800
951.82,	25.0900
952.42,	25.4900
953.02,	25.8900
953.63,	26.2600
954.23,	26.6400
954.83,	27.0000
955.43,	27.3500
956.03,	27.6800
956.63,	28.0200
957.24,	28.3400
957.84,	28.6500
958.44,	31.6100
959.04,	35.5000
959.64,	35.5000
960.24,	35.5000
960.84,	35.5000
961.44,	35.5000
962.04,	35.5000
962.64,	35.5000
963.25,	35.5000
963.85,	35.5000
964.45,	35.5000
965.05,	35.5000
965.65,	35.5000
966.25,	35.5000
966.85,	35.5000
967.45,	35.5000
968.05,	35.5000
968.65,	35.5000
969.25,	35.5000
969.85,	35.5000
970.45,	35.5000
971.05,	35.5000
971.65,	35.5000
972.25,	35.5000
972.85,	35.5000
973.45,	35.5000
974.05,	35.5000
974.65,	35.5000
975.25,	35.5000
975.85,	35.5000
976.45,	35.5000
977.05,	35.5000
977.65,	35.5000
978.25,	35.5000
978.85,	35.5000
979.45,	35.5000
980.05,	35.5000
980.65,	35.5000
981.25,	35.5000
981.85,	35.5000
982.45,	35.5000
983.05,	35.5000
983.65,	35.5000
984.25,	35.5000
984.85,	35.5000
985.45,	35.5000
986.04,	35.5000
986.64,	35.5000
987.24,	35.5000
987.84,	35.5000
988.44,	35.5000
989.04,	35.5000
989.64,	35.5000
990.24,	35.5000
990.84,	-2.5200
991.44,	-2.5200
992.03,	-2.5200
992.63,	-2.5200
993.23,	-2.5200
993.83,	-2.5200
994.43,	-2.5200
995.03,	-2.5200
995.63,	-2.5200
996.22,	-2.5200
996.82,	-2.5200
997.42,	-2.5200
998.02,	-2.5200
998.62,	-2.5200
999.21,	-2.5200
999.81,	-2.5200
1000.41,	-2.5200
