Call Sign = ZSDA,	Ship Name = SA Agulhas,	Lloyds Num = 0
Date = 02/01/2017,	Time = 11:03,	
Latitude = 49 18.30  S,	Longitude = 002 15.67  E
Instr = Sippican Deep Blue,	Card Type = Sippican MK-21,	
Wind Instr = ,	Measur Method = 
Probe Serial Num = -1,	Ship Dir = -1,	Ship Speed = -1.00
Wind Dir = 277,	Wind Speed = 30.70
Dry Bulb Temp = 3.10,	Total Water Depth = -1.00

Full Resolution Values
Depth,	 Temp
0.67,	4.6100
1.34,	4.5400
2.01,	4.5100
2.68,	4.5000
3.34,	4.4900
4.01,	4.5000
4.68,	4.5000
5.35,	4.5000
6.02,	4.5100
6.69,	4.5100
7.36,	4.5000
8.03,	4.5100
8.69,	4.5100
9.36,	4.5100
10.03,	4.5100
10.70,	4.5000
11.37,	4.5000
12.04,	4.5000
12.70,	4.5000
13.37,	4.5000
14.04,	4.5000
14.71,	4.5000
15.38,	4.5000
16.05,	4.5000
16.71,	4.5000
17.38,	4.5000
18.05,	4.5000
18.72,	4.5000
19.38,	4.5000
20.05,	4.5000
20.72,	4.5000
21.39,	4.5000
22.06,	4.5000
22.72,	4.5000
23.39,	4.5100
24.06,	4.5000
24.73,	4.5000
25.39,	4.5000
26.06,	4.5000
26.73,	4.5000
27.40,	4.5000
28.06,	4.5000
28.73,	4.5000
29.40,	4.5000
30.06,	4.5000
30.73,	4.5100
31.40,	4.5000
32.06,	4.5000
32.73,	4.5000
33.40,	4.5000
34.07,	4.5100
34.73,	4.5100
35.40,	4.5100
36.07,	4.5000
36.73,	4.5000
37.40,	4.5100
38.07,	4.5000
38.73,	4.5100
39.40,	4.5000
40.06,	4.5000
40.73,	4.5000
41.40,	4.5000
42.06,	4.5000
42.73,	4.5100
43.40,	4.5000
44.06,	4.5000
44.73,	4.5000
45.39,	4.5000
46.06,	4.5000
46.73,	4.5000
47.39,	4.5000
48.06,	4.5000
48.72,	4.5100
49.39,	4.5000
50.06,	4.5000
50.72,	4.5000
51.39,	4.5000
52.05,	4.5000
52.72,	4.5000
53.38,	4.5000
54.05,	4.5000
54.71,	4.5000
55.38,	4.5000
56.05,	4.5000
56.71,	4.5000
57.38,	4.5000
58.04,	4.5000
58.71,	4.5000
59.37,	4.5000
60.04,	4.5100
60.70,	4.5100
61.37,	4.5000
62.03,	4.5100
62.70,	4.5000
63.36,	4.5000
64.03,	4.4900
64.69,	4.4900
65.36,	4.4900
66.02,	4.4900
66.69,	4.4900
67.35,	4.4900
68.01,	4.4900
68.68,	4.4800
69.34,	4.4700
70.01,	4.4800
70.67,	4.4800
71.34,	4.4700
72.00,	4.4700
72.66,	4.4700
73.33,	4.4700
73.99,	4.4800
74.66,	4.4700
75.32,	4.4700
75.98,	4.4800
76.65,	4.4700
77.31,	4.4700
77.98,	4.4700
78.64,	4.4700
79.30,	4.4700
79.97,	4.4700
80.63,	4.4700
81.30,	4.4600
81.96,	4.4600
82.62,	4.4700
83.29,	4.4700
83.95,	4.4700
84.61,	4.4600
85.28,	4.4600
85.94,	4.4600
86.60,	4.4600
87.27,	4.4600
87.93,	4.4600
88.59,	4.4600
89.26,	4.4600
89.92,	4.4500
90.58,	4.4500
91.24,	4.4500
91.91,	4.4500
92.57,	4.4500
93.23,	4.4500
93.90,	4.4500
94.56,	4.4400
95.22,	4.4500
95.88,	4.4400
96.55,	4.4400
97.21,	4.4300
97.87,	4.4300
98.53,	4.4300
99.20,	4.4300
99.86,	4.4300
100.52,	4.4200
101.18,	4.4200
101.85,	4.4200
102.51,	4.4000
103.17,	4.3900
103.83,	4.3700
104.49,	4.3600
105.16,	4.3300
105.82,	4.3000
106.48,	4.2700
107.14,	4.2400
107.80,	4.2200
108.47,	4.2000
109.13,	4.1900
109.79,	4.1800
110.45,	4.1700
111.11,	4.1600
111.77,	4.1400
112.44,	4.1000
113.10,	4.0400
113.76,	4.0000
114.42,	3.9700
115.08,	3.9300
115.74,	3.8700
116.40,	3.7600
117.06,	3.6600
117.73,	3.6100
118.39,	3.5700
119.05,	3.5300
119.71,	3.5000
120.37,	3.4700
121.03,	3.4500
121.69,	3.4200
122.35,	3.4000
123.01,	3.3800
123.67,	3.3500
124.33,	3.3000
125.00,	3.2500
125.66,	3.1900
126.32,	3.1400
126.98,	3.1000
127.64,	3.0700
128.30,	3.0600
128.96,	3.0500
129.62,	3.0500
130.28,	3.0400
130.94,	3.0400
131.60,	3.0400
132.26,	3.0300
132.92,	3.0300
133.58,	3.0200
134.24,	3.0100
134.90,	2.9900
135.56,	2.9700
136.22,	2.9500
136.88,	2.9200
137.54,	2.9000
138.20,	2.8900
138.86,	2.8900
139.52,	2.8800
140.18,	2.8800
140.84,	2.8700
141.50,	2.8600
142.16,	2.8400
142.82,	2.8200
143.48,	2.7900
144.14,	2.7600
144.79,	2.7200
145.45,	2.6700
146.11,	2.6400
146.77,	2.6300
147.43,	2.6300
148.09,	2.6300
148.75,	2.6300
149.41,	2.6200
150.07,	2.6200
150.73,	2.6000
151.39,	2.5700
152.04,	2.5300
152.70,	2.5000
153.36,	2.4800
154.02,	2.4600
154.68,	2.4500
155.34,	2.4400
156.00,	2.4400
156.65,	2.4200
157.31,	2.4200
157.97,	2.4100
158.63,	2.3800
159.29,	2.3700
159.95,	2.3600
160.60,	2.3600
161.26,	2.3500
161.92,	2.3500
162.58,	2.3500
163.24,	2.3500
163.90,	2.3400
164.55,	2.3400
165.21,	2.3300
165.87,	2.3200
166.53,	2.3100
167.18,	2.3000
167.84,	2.2900
168.50,	2.2900
169.16,	2.2900
169.82,	2.2900
170.47,	2.2900
171.13,	2.2900
171.79,	2.2900
172.44,	2.2900
173.10,	2.2900
173.76,	2.2900
174.42,	2.2900
175.07,	2.2900
175.73,	2.2900
176.39,	2.2900
177.05,	2.2900
177.70,	2.2800
178.36,	2.2600
179.02,	2.2500
179.67,	2.2500
180.33,	2.2500
180.99,	2.2400
181.64,	2.2400
182.30,	2.2400
182.96,	2.2300
183.61,	2.2200
184.27,	2.2200
184.93,	2.2200
185.58,	2.2200
186.24,	2.2100
186.90,	2.2100
187.55,	2.2000
188.21,	2.2000
188.87,	2.2000
189.52,	2.1900
190.18,	2.1900
190.83,	2.1800
191.49,	2.1600
192.15,	2.1500
192.80,	2.1400
193.46,	2.1500
194.11,	2.1500
194.77,	2.1500
195.43,	2.1500
196.08,	2.1500
196.74,	2.1500
197.39,	2.1600
198.05,	2.1600
198.70,	2.1500
199.36,	2.1500
200.02,	2.1500
200.67,	2.1500
201.33,	2.1500
201.98,	2.1500
202.64,	2.1400
203.29,	2.1300
203.95,	2.1200
204.60,	2.1000
205.26,	2.0800
205.91,	2.0700
206.57,	2.0800
207.22,	2.0800
207.88,	2.0800
208.53,	2.0600
209.19,	2.0400
209.84,	2.0300
210.50,	2.0200
211.15,	2.0100
211.81,	2.0100
212.46,	2.0000
213.12,	2.0000
213.77,	2.0000
214.43,	1.9900
215.08,	1.9900
215.74,	1.9800
216.39,	1.9800
217.04,	1.9700
217.70,	1.9800
218.35,	1.9700
219.01,	1.9700
219.66,	1.9800
220.32,	1.9800
220.97,	1.9800
221.62,	1.9900
222.28,	1.9800
222.93,	1.9800
223.59,	1.9800
224.24,	1.9800
224.89,	1.9800
225.55,	1.9900
226.20,	2.0100
226.85,	2.0300
227.51,	2.0600
228.16,	2.0800
228.81,	2.1100
229.47,	2.1500
230.12,	2.1700
230.78,	2.1900
231.43,	2.2000
232.08,	2.2000
232.74,	2.2100
233.39,	2.2000
234.04,	2.2000
234.69,	2.1900
235.35,	2.1900
236.00,	2.1900
236.65,	2.1900
237.31,	2.1800
237.96,	2.1700
238.61,	2.1800
239.27,	2.1800
239.92,	2.1800
240.57,	2.1800
241.22,	2.1700
241.88,	2.1600
242.53,	2.1600
243.18,	2.1600
243.83,	2.1400
244.49,	2.1300
245.14,	2.1300
245.79,	2.1200
246.44,	2.1200
247.10,	2.1200
247.75,	2.1200
248.40,	2.1100
249.05,	2.1100
249.70,	2.1100
250.36,	2.1100
251.01,	2.1200
251.66,	2.1100
252.31,	2.1000
252.96,	2.1000
253.62,	2.0900
254.27,	2.0800
254.92,	2.0700
255.57,	2.0800
256.22,	2.0700
256.88,	2.0700
257.53,	2.0700
258.18,	2.0700
258.83,	2.0600
259.48,	2.0600
260.13,	2.0600
260.78,	2.0600
261.44,	2.0600
262.09,	2.0600
262.74,	2.0700
263.39,	2.0600
264.04,	2.0600
264.69,	2.0700
265.34,	2.0700
265.99,	2.0700
266.64,	2.0700
267.29,	2.0800
267.95,	2.0700
268.60,	2.0700
269.25,	2.0700
269.90,	2.0700
270.55,	2.0700
271.20,	2.0700
271.85,	2.0800
272.50,	2.0800
273.15,	2.0900
273.80,	2.1100
274.45,	2.1100
275.10,	2.1200
275.75,	2.1200
276.40,	2.1200
277.05,	2.1300
277.70,	2.1500
278.35,	2.1600
279.00,	2.1800
279.65,	2.1800
280.30,	2.2000
280.95,	2.2100
281.60,	2.2200
282.25,	2.2300
282.90,	2.2400
283.55,	2.2400
284.20,	2.2400
284.85,	2.2500
285.50,	2.2500
286.15,	2.2600
286.80,	2.2600
287.45,	2.2600
288.10,	2.2700
288.75,	2.2700
289.40,	2.2800
290.05,	2.2800
290.70,	2.2900
291.35,	2.3000
292.00,	2.3100
292.64,	2.3100
293.29,	2.3100
293.94,	2.3200
294.59,	2.3300
295.24,	2.3300
295.89,	2.3400
296.54,	2.3400
297.19,	2.3500
297.84,	2.3500
298.49,	2.3500
299.13,	2.3500
299.78,	2.3600
300.43,	2.3500
301.08,	2.3500
301.73,	2.3600
302.38,	2.3600
303.02,	2.3600
303.67,	2.3600
304.32,	2.3600
304.97,	2.3600
305.62,	2.3700
306.27,	2.3700
306.91,	2.3700
307.56,	2.3700
308.21,	2.3700
308.86,	2.3800
309.51,	2.3800
310.15,	2.3900
310.80,	2.4000
311.45,	2.4000
312.10,	2.4100
312.75,	2.4100
313.39,	2.4100
314.04,	2.4200
314.69,	2.4200
315.34,	2.4400
315.98,	2.4400
316.63,	2.4400
317.28,	2.4500
317.93,	2.4500
318.57,	2.4500
319.22,	2.4600
319.87,	2.4600
320.52,	2.4700
321.16,	2.4700
321.81,	2.4700
322.46,	2.4700
323.10,	2.4700
323.75,	2.4700
324.40,	2.4800
325.04,	2.4800
325.69,	2.4800
326.34,	2.4800
326.99,	2.4800
327.63,	2.4800
328.28,	2.4800
328.93,	2.4800
329.57,	2.4800
330.22,	2.4800
330.86,	2.4800
331.51,	2.4800
332.16,	2.4700
332.80,	2.4800
333.45,	2.4800
334.10,	2.4800
334.74,	2.4800
335.39,	2.4800
336.03,	2.4800
336.68,	2.4800
337.33,	2.4800
337.97,	2.4800
338.62,	2.4900
339.26,	2.4900
339.91,	2.4800
340.56,	2.4800
341.20,	2.4800
341.85,	2.4800
342.49,	2.4800
343.14,	2.4800
343.78,	2.4800
344.43,	2.4800
345.08,	2.4800
345.72,	2.4700
346.37,	2.4800
347.01,	2.4800
347.66,	2.4800
348.30,	2.4800
348.95,	2.4800
349.59,	2.4800
350.24,	2.4800
350.88,	2.4800
351.53,	2.4800
352.17,	2.4800
352.82,	2.4800
353.46,	2.4800
354.11,	2.4800
354.75,	2.4800
355.40,	2.4800
356.04,	2.4800
356.69,	2.4800
357.33,	2.4800
357.98,	2.4800
358.62,	2.4800
359.27,	2.4800
359.91,	2.4900
360.55,	2.4800
361.20,	2.4800
361.84,	2.4800
362.49,	2.4900
363.13,	2.4900
363.78,	2.4900
364.42,	2.5000
365.06,	2.5000
365.71,	2.4900
366.35,	2.5000
367.00,	2.5000
367.64,	2.5000
368.28,	2.5000
368.93,	2.5000
369.57,	2.5000
370.22,	2.5100
370.86,	2.5000
371.50,	2.5000
372.15,	2.5000
372.79,	2.5000
373.43,	2.5100
374.08,	2.5100
374.72,	2.5200
375.36,	2.5200
376.01,	2.5200
376.65,	2.5300
377.29,	2.5300
377.94,	2.5300
378.58,	2.5300
379.22,	2.5300
379.87,	2.5300
380.51,	2.5300
381.15,	2.5300
381.79,	2.5300
382.44,	2.5300
383.08,	2.5300
383.72,	2.5300
384.37,	2.5300
385.01,	2.5300
385.65,	2.5400
386.29,	2.5400
386.94,	2.5500
387.58,	2.5500
388.22,	2.5500
388.86,	2.5500
389.51,	2.5400
390.15,	2.5400
390.79,	2.5400
391.43,	2.5500
392.08,	2.5500
392.72,	2.5400
393.36,	2.5500
394.00,	2.5500
394.64,	2.5500
395.29,	2.5600
395.93,	2.5500
396.57,	2.5500
397.21,	2.5600
397.85,	2.5600
398.50,	2.5600
399.14,	2.5700
399.78,	2.5700
400.42,	2.5700
401.06,	2.5800
401.70,	2.5900
402.34,	2.5800
402.99,	2.5800
403.63,	2.5800
404.27,	2.5800
404.91,	2.5800
405.55,	2.5800
406.19,	2.5900
406.83,	2.5800
407.48,	2.5800
408.12,	2.5800
408.76,	2.5800
409.40,	2.5800
410.04,	2.5800
410.68,	2.5900
411.32,	2.5900
411.96,	2.5900
412.60,	2.5900
413.24,	2.5900
413.88,	2.5800
414.52,	2.5900
415.17,	2.5900
415.81,	2.5900
416.45,	2.5900
417.09,	2.5900
417.73,	2.5900
418.37,	2.5900
419.01,	2.5900
419.65,	2.5900
420.29,	2.6000
420.93,	2.6000
421.57,	2.6000
422.21,	2.6000
422.85,	2.6000
423.49,	2.6000
424.13,	2.6000
424.77,	2.6100
425.41,	2.6100
426.05,	2.6100
426.69,	2.6200
427.33,	2.6200
427.97,	2.6200
428.61,	2.6200
429.25,	2.6200
429.89,	2.6200
430.53,	2.6200
431.17,	2.6200
431.80,	2.6200
432.44,	2.6200
433.08,	2.6300
433.72,	2.6300
434.36,	2.6200
435.00,	2.6200
435.64,	2.6200
436.28,	2.6200
436.92,	2.6200
437.56,	2.6200
438.20,	2.6300
438.84,	2.6300
439.47,	2.6400
440.11,	2.6400
440.75,	2.6400
441.39,	2.6400
442.03,	2.6500
442.67,	2.6500
443.31,	2.6500
443.95,	2.6600
444.58,	2.6600
445.22,	2.6500
445.86,	2.6500
446.50,	2.6600
447.14,	2.6600
447.78,	2.6600
448.41,	2.6600
449.05,	2.6600
449.69,	2.6600
450.33,	2.6600
450.97,	2.6600
451.60,	2.6700
452.24,	2.6700
452.88,	2.6700
453.52,	2.6600
454.16,	2.6700
454.79,	2.6700
455.43,	2.6700
456.07,	2.6700
456.71,	2.6700
457.35,	2.6700
457.98,	2.6700
458.62,	2.6800
459.26,	2.6700
459.90,	2.6800
460.53,	2.6800
461.17,	2.6900
461.81,	2.7000
462.44,	2.7000
463.08,	2.7100
463.72,	2.7100
464.36,	2.7100
464.99,	2.7100
465.63,	2.7100
466.27,	2.7100
466.90,	2.7200
467.54,	2.7200
468.18,	2.7200
468.81,	2.7100
469.45,	2.7200
470.09,	2.7200
470.72,	2.7200
471.36,	2.7200
472.00,	2.7200
472.63,	2.7100
473.27,	2.7100
473.91,	2.7100
474.54,	2.7100
475.18,	2.7100
475.82,	2.7100
476.45,	2.7100
477.09,	2.7100
477.73,	2.7100
478.36,	2.7100
479.00,	2.7100
479.63,	2.7100
480.27,	2.7100
480.91,	2.7100
481.54,	2.7100
482.18,	2.7100
482.81,	2.7100
483.45,	2.7100
484.08,	2.7100
484.72,	2.7100
485.36,	2.7100
485.99,	2.7100
486.63,	2.7100
487.26,	2.7100
487.90,	2.7100
488.53,	2.7100
489.17,	2.7100
489.80,	2.7100
490.44,	2.7100
491.07,	2.7100
491.71,	2.7100
492.34,	2.7100
492.98,	2.7100
493.62,	2.7100
494.25,	2.7000
494.89,	2.7000
495.52,	2.7000
496.15,	2.7000
496.79,	2.7000
497.42,	2.7000
498.06,	2.7000
498.69,	2.7000
499.33,	2.7000
499.96,	2.6900
500.60,	2.7000
501.23,	2.7000
501.87,	2.6900
502.50,	2.6900
503.14,	2.6900
503.77,	2.6900
504.40,	2.7000
505.04,	2.7100
505.67,	2.7100
506.31,	2.7000
506.94,	2.7000
507.57,	2.7000
508.21,	2.7100
508.84,	2.7100
509.48,	2.7100
510.11,	2.7100
510.74,	2.7200
511.38,	2.7200
512.01,	2.7100
512.65,	2.7100
513.28,	2.7100
513.91,	2.7100
514.55,	2.7100
515.18,	2.7100
515.81,	2.7100
516.45,	2.7100
517.08,	2.7100
517.71,	2.7100
518.35,	2.7100
518.98,	2.7100
519.61,	2.7100
520.25,	2.7100
520.88,	2.7000
521.51,	2.7000
522.15,	2.7000
522.78,	2.7000
523.41,	2.7000
524.04,	2.7000
524.68,	2.6900
525.31,	2.6900
525.94,	2.6900
526.58,	2.6900
527.21,	2.6800
527.84,	2.6800
528.47,	2.6800
529.11,	2.6800
529.74,	2.6700
530.37,	2.6700
531.00,	2.6600
531.64,	2.6600
532.27,	2.6500
532.90,	2.6400
533.53,	2.6400
534.17,	2.6300
534.80,	2.6200
535.43,	2.6200
536.06,	2.6200
536.69,	2.6200
537.33,	2.6200
537.96,	2.6200
538.59,	2.6100
539.22,	2.6100
539.85,	2.6100
540.48,	2.6100
541.12,	2.6100
541.75,	2.6100
542.38,	2.6100
543.01,	2.6200
543.64,	2.6300
544.27,	2.6300
544.91,	2.6300
545.54,	2.6300
546.17,	2.6300
546.80,	2.6400
547.43,	2.6400
548.06,	2.6400
548.69,	2.6400
549.32,	2.6400
549.95,	2.6400
550.59,	2.6400
551.22,	2.6400
551.85,	2.6400
552.48,	2.6400
553.11,	2.6400
553.74,	2.6400
554.37,	2.6400
555.00,	2.6400
555.63,	2.6500
556.26,	2.6400
556.89,	2.6500
557.52,	2.6600
558.15,	2.6600
558.78,	2.6600
559.42,	2.6600
560.05,	2.6600
560.68,	2.6600
561.31,	2.6600
561.94,	2.6600
562.57,	2.6600
563.20,	2.6500
563.83,	2.6400
564.46,	2.6300
565.09,	2.6300
565.72,	2.6300
566.35,	2.6300
566.98,	2.6300
567.61,	2.6300
568.24,	2.6500
568.87,	2.6700
569.50,	2.6900
570.12,	2.6900
570.75,	2.6900
571.38,	2.7000
572.01,	2.6900
572.64,	2.6800
573.27,	2.6700
573.90,	2.6600
574.53,	2.6700
575.16,	2.6700
575.79,	2.6600
576.42,	2.6500
577.05,	2.6600
577.68,	2.6600
578.31,	2.6600
578.93,	2.6500
579.56,	2.6500
580.19,	2.6500
580.82,	2.6600
581.45,	2.6600
582.08,	2.6500
582.71,	2.6500
583.34,	2.6500
583.97,	2.6300
584.59,	2.6300
585.22,	2.6300
585.85,	2.6200
586.48,	2.6200
587.11,	2.6100
587.74,	2.6100
588.36,	2.6200
588.99,	2.6200
589.62,	2.6200
590.25,	2.6200
590.88,	2.6200
591.50,	2.6200
592.13,	2.6200
592.76,	2.6200
593.39,	2.6100
594.02,	2.6100
594.64,	2.6200
595.27,	2.6200
595.90,	2.6100
596.53,	2.6200
597.16,	2.6100
597.78,	2.6200
598.41,	2.6200
599.04,	2.6200
599.67,	2.6200
600.29,	2.6200
600.92,	2.6200
601.55,	2.6200
602.18,	2.6200
602.80,	2.6200
603.43,	2.6200
604.06,	2.6200
604.68,	2.6200
605.31,	2.6200
605.94,	2.6300
606.57,	2.6200
607.19,	2.6200
607.82,	2.6300
608.45,	2.6300
609.07,	2.6300
609.70,	2.6300
610.33,	2.6200
610.95,	2.6300
611.58,	2.6300
612.21,	2.6400
612.83,	2.6400
613.46,	2.6400
614.09,	2.6400
614.71,	2.6400
615.34,	2.6500
615.97,	2.6500
616.59,	2.6500
617.22,	2.6500
617.84,	2.6500
618.47,	2.6400
619.10,	2.6400
619.72,	2.6500
620.35,	2.6500
620.97,	2.6400
621.60,	2.6400
622.23,	2.6400
622.85,	2.6500
623.48,	2.6500
624.10,	2.6600
624.73,	2.6700
625.35,	2.6700
625.98,	2.6800
626.61,	2.6800
627.23,	2.6800
627.86,	2.6800
628.48,	2.6900
629.11,	2.6900
629.73,	2.6900
630.36,	2.6900
630.98,	2.6800
631.61,	2.6800
632.23,	2.6900
632.86,	2.6900
633.48,	2.6800
634.11,	2.6900
634.73,	2.6800
635.36,	2.6800
635.98,	2.6700
636.61,	2.6700
637.23,	2.6800
637.86,	2.6800
638.48,	2.6900
639.11,	2.6900
639.73,	2.6900
640.36,	2.6800
640.98,	2.6800
641.61,	2.6900
642.23,	2.6800
642.85,	2.6800
643.48,	2.6800
644.10,	2.6800
644.73,	2.6800
645.35,	2.6900
645.98,	2.6900
646.60,	2.6900
647.22,	2.6800
647.85,	2.6800
648.47,	2.6700
649.10,	2.6700
649.72,	2.6700
650.34,	2.6700
650.97,	2.6700
651.59,	2.6700
652.22,	2.6700
652.84,	2.6700
653.46,	2.6700
654.09,	2.6600
654.71,	2.6700
655.33,	2.6800
655.96,	2.6800
656.58,	2.6900
657.20,	2.7000
657.83,	2.7000
658.45,	2.7100
659.07,	2.7000
659.70,	2.6900
660.32,	2.6800
660.94,	2.6700
661.57,	2.6600
662.19,	2.6600
662.81,	2.6600
663.43,	2.6700
664.06,	2.6600
664.68,	2.6600
665.30,	2.6700
665.93,	2.6700
666.55,	2.6700
667.17,	2.6700
667.79,	2.6600
668.42,	2.6600
669.04,	2.6600
669.66,	2.6600
670.28,	2.6600
670.91,	2.6600
671.53,	2.6600
672.15,	2.6600
672.77,	2.6600
673.39,	2.6600
674.02,	2.6600
674.64,	2.6600
675.26,	2.6600
675.88,	2.6700
676.50,	2.6600
677.13,	2.6600
677.75,	2.6600
678.37,	2.6600
678.99,	2.6700
679.61,	2.6600
680.24,	2.6600
680.86,	2.6700
681.48,	2.6700
682.10,	2.6700
682.72,	2.6700
683.34,	2.6700
683.96,	2.6700
684.59,	2.6700
685.21,	2.6700
685.83,	2.6700
686.45,	2.6700
687.07,	2.6700
687.69,	2.6700
688.31,	2.6700
688.93,	2.6700
689.56,	2.6700
690.18,	2.6700
690.80,	2.6700
691.42,	2.6700
692.04,	2.6700
692.66,	2.6700
693.28,	2.6700
693.90,	2.6700
694.52,	2.6700
695.14,	2.6700
695.76,	2.6700
696.38,	2.6600
697.00,	2.6600
697.62,	2.6600
698.25,	2.6500
698.87,	2.6500
699.49,	2.6500
700.11,	2.6500
700.73,	2.6500
701.35,	2.6500
701.97,	2.6500
702.59,	2.6500
703.21,	2.6500
703.83,	2.6500
704.45,	2.6500
705.07,	2.6500
705.69,	2.6500
706.31,	2.6500
706.93,	2.6400
707.55,	2.6400
708.17,	2.6500
708.79,	2.6500
709.40,	2.6500
710.02,	2.6500
710.64,	2.6500
711.26,	2.6500
711.88,	2.6500
712.50,	2.6600
713.12,	2.6600
713.74,	2.6600
714.36,	2.6600
714.98,	2.6600
715.60,	2.6600
716.22,	2.6700
716.84,	2.6800
717.45,	2.6900
718.07,	2.6900
718.69,	2.6900
719.31,	2.6900
719.93,	2.6900
720.55,	2.6900
721.17,	2.6900
721.79,	2.6900
722.41,	2.6900
723.02,	2.6900
723.64,	2.6900
724.26,	2.6900
724.88,	2.6800
725.50,	2.6900
726.12,	2.6900
726.73,	2.6800
727.35,	2.6800
727.97,	2.6900
728.59,	2.6900
729.21,	2.6800
729.83,	2.6800
730.44,	2.6900
731.06,	2.6900
731.68,	2.6900
732.30,	2.6900
732.92,	2.7000
733.53,	2.6900
734.15,	2.6900
734.77,	2.6900
735.39,	2.6900
736.00,	2.7000
736.62,	2.7000
737.24,	2.7000
737.86,	2.7000
738.47,	2.6900
739.09,	2.6900
739.71,	2.6900
740.33,	2.6900
740.94,	2.6900
741.56,	2.6900
742.18,	2.6900
742.79,	2.6900
743.41,	2.6800
744.03,	2.6800
744.65,	2.6800
745.26,	2.6800
745.88,	2.6800
746.50,	2.6800
747.11,	2.6900
747.73,	2.6900
748.35,	2.6800
748.96,	2.6800
749.58,	2.6900
750.20,	2.6900
750.81,	2.6900
751.43,	2.6900
752.05,	2.6900
752.66,	2.6900
753.28,	2.6900
753.90,	2.6900
754.51,	2.6800
755.13,	2.6900
755.74,	2.6900
756.36,	2.6900
756.98,	2.7000
757.59,	2.7000
758.21,	2.7000
758.82,	2.7000
759.44,	2.7000
760.06,	2.7000
760.67,	2.7000
761.29,	2.7000
761.90,	2.7000
762.52,	2.7000
763.14,	2.7000
763.75,	2.7000
764.37,	2.7000
764.98,	2.7000
765.60,	2.6900
766.21,	2.7000
766.83,	2.6900
767.44,	2.6900
768.06,	2.7000
768.67,	2.7000
769.29,	2.7000
769.90,	2.6900
770.52,	2.7000
771.14,	2.7000
771.75,	2.7000
772.37,	2.6900
772.98,	2.6900
773.59,	2.6900
774.21,	2.6900
774.82,	2.6900
775.44,	2.6900
776.05,	2.6900
776.67,	2.6900
777.28,	2.6900
777.90,	2.6900
778.51,	2.6900
779.13,	2.6900
779.74,	2.6900
780.36,	2.6800
780.97,	2.6800
781.58,	2.6800
782.20,	2.6800
782.81,	2.6700
783.43,	2.6700
784.04,	2.6700
784.66,	2.6700
785.27,	2.6700
785.88,	2.6600
786.50,	2.6600
787.11,	2.6600
787.73,	2.6600
788.34,	2.6700
788.95,	2.6700
789.57,	2.6700
790.18,	2.6600
790.79,	2.6600
791.41,	2.6600
792.02,	2.6600
792.63,	2.6600
793.25,	2.6600
793.86,	2.6600
794.47,	2.6600
795.09,	2.6500
795.70,	2.6600
796.31,	2.6600
796.93,	2.6600
797.54,	2.6500
798.15,	2.6600
798.77,	2.6500
799.38,	2.6500
799.99,	2.6500
800.61,	2.6500
801.22,	2.6500
801.83,	2.6500
802.44,	2.6500
803.06,	2.6500
803.67,	2.6500
804.28,	2.6500
804.90,	2.6500
805.51,	2.6500
806.12,	2.6500
806.73,	2.6500
807.34,	2.6500
807.96,	2.6400
808.57,	2.6400
809.18,	2.6400
809.79,	2.6400
810.41,	2.6400
811.02,	2.6400
811.63,	2.6400
812.24,	2.6400
812.85,	2.6300
813.47,	2.6300
814.08,	2.6300
814.69,	2.6300
815.30,	2.6300
815.91,	2.6300
816.53,	2.6300
817.14,	2.6300
817.75,	2.6300
818.36,	2.6300
818.97,	2.6300
819.58,	2.6300
820.20,	2.6200
820.81,	2.6200
821.42,	2.6200
822.03,	2.6200
822.64,	2.6200
823.25,	2.6200
823.86,	2.6200
824.47,	2.6200
825.09,	2.6200
825.70,	2.6200
826.31,	2.6200
826.92,	2.6200
827.53,	2.6200
828.14,	2.6200
828.75,	2.6200
829.36,	2.6100
829.97,	2.6200
830.58,	2.6200
831.19,	2.6100
831.80,	2.6100
832.42,	2.6100
833.03,	2.6100
833.64,	2.6100
834.25,	2.6100
834.86,	2.6000
835.47,	2.6000
836.08,	2.6100
836.69,	2.6100
837.30,	2.6100
837.91,	2.6100
838.52,	2.6100
839.13,	2.6000
839.74,	2.6100
840.35,	2.6100
840.96,	2.6100
841.57,	2.6100
842.18,	2.6100
842.79,	2.6100
843.40,	2.6100
844.01,	2.6100
844.62,	2.6100
845.23,	2.6100
845.84,	2.6100
846.45,	2.6100
847.06,	2.6100
847.67,	2.6200
848.27,	2.6100
848.88,	2.6100
849.49,	2.6100
850.10,	2.6100
850.71,	2.6100
851.32,	2.6100
851.93,	2.6100
852.54,	2.6100
853.15,	2.6100
853.76,	2.6100
854.37,	2.6100
854.98,	2.6100
855.58,	2.6100
856.19,	2.6100
856.80,	2.6000
857.41,	2.6100
858.02,	2.6100
858.63,	2.6100
859.24,	2.6100
859.85,	2.6100
860.45,	2.6000
861.06,	2.6100
861.67,	2.6100
862.28,	2.6100
862.89,	2.6000
863.50,	2.6000
864.10,	2.6000
864.71,	2.6000
865.32,	2.6000
865.93,	2.6100
866.54,	2.6000
867.14,	2.6000
867.75,	2.6000
868.36,	2.6000
868.97,	2.6000
869.58,	2.6000
870.18,	2.6000
870.79,	2.6000
871.40,	2.6000
872.01,	2.6000
872.61,	2.6000
873.22,	2.5900
873.83,	2.5900
874.44,	2.5900
875.04,	2.5900
875.65,	2.5900
876.26,	2.5900
876.87,	2.5900
877.47,	2.5900
878.08,	2.5900
878.69,	2.5800
879.29,	2.5900
879.90,	2.5800
880.51,	2.5800
881.12,	2.5800
881.72,	2.5800
882.33,	2.5800
882.94,	2.5800
883.54,	2.5800
884.15,	2.5800
884.76,	2.5800
885.36,	2.5800
885.97,	2.5800
886.58,	2.5800
887.18,	2.5800
887.79,	2.5800
888.40,	2.5800
889.00,	2.5800
889.61,	2.5800
890.22,	2.5800
890.82,	2.5700
891.43,	2.5700
892.03,	2.5700
892.64,	2.5700
893.25,	2.5700
893.85,	2.5700
894.46,	2.5700
895.06,	2.5700
895.67,	2.5800
896.28,	2.5800
896.88,	2.5800
897.49,	2.5700
898.09,	2.5700
898.70,	2.5700
899.30,	2.5700
899.91,	2.5700
900.52,	2.5700
901.12,	2.5700
901.73,	2.5700
902.33,	2.5700
902.94,	2.5700
903.54,	2.5700
904.15,	2.5700
904.75,	2.5700
905.36,	2.5700
905.96,	2.5700
906.57,	2.5700
907.17,	2.5700
907.78,	2.5700
908.38,	2.5700
908.99,	2.5700
909.59,	2.5700
910.20,	2.5700
910.80,	2.5700
911.41,	2.5700
912.01,	2.5700
912.62,	2.5700
913.22,	2.5700
913.83,	2.5700
914.43,	2.5600
915.03,	2.5600
915.64,	2.5700
916.24,	2.5700
916.85,	2.5700
917.45,	2.5700
918.06,	2.5700
918.66,	2.5700
919.26,	2.5600
919.87,	2.5700
920.47,	2.5700
921.08,	2.5600
921.68,	2.5600
922.28,	2.5600
922.89,	2.5600
923.49,	2.5600
924.10,	2.5600
924.70,	2.5600
925.30,	2.5600
925.91,	2.5600
926.51,	2.5600
927.11,	2.5600
927.72,	2.5600
928.32,	2.5600
928.92,	2.5500
929.53,	2.5600
930.13,	2.6400
930.74,	4.2300
931.34,	10.2400
931.94,	15.9400
932.54,	17.9900
933.15,	19.3000
933.75,	20.4600
934.35,	21.4900
934.96,	22.4200
935.56,	23.2600
936.16,	24.0300
936.77,	24.7400
937.37,	25.3800
937.97,	25.9600
938.57,	26.5000
939.18,	27.0000
939.78,	27.4300
940.38,	27.7700
940.98,	28.0300
941.59,	28.2500
942.19,	28.4800
942.79,	28.7200
943.39,	28.9700
944.00,	29.2200
944.60,	29.4800
945.20,	29.7200
945.80,	29.9500
946.40,	31.5200
947.01,	35.5000
947.61,	35.5000
948.21,	35.5000
948.81,	35.5000
949.41,	35.5000
950.02,	35.5000
950.62,	35.5000
951.22,	35.5000
951.82,	35.5000
952.42,	35.5000
953.02,	35.5000
953.63,	35.5000
954.23,	35.5000
954.83,	35.5000
955.43,	35.5000
956.03,	35.5000
956.63,	35.5000
957.24,	35.5000
957.84,	35.5000
958.44,	35.5000
959.04,	35.5000
959.64,	35.5000
960.24,	35.5000
960.84,	35.5000
961.44,	35.5000
962.04,	35.5000
962.64,	35.5000
963.25,	35.5000
963.85,	35.5000
964.45,	35.5000
965.05,	35.5000
965.65,	35.5000
966.25,	35.5000
966.85,	35.5000
967.45,	35.5000
968.05,	35.5000
968.65,	35.5000
969.25,	35.5000
969.85,	35.5000
970.45,	35.5000
971.05,	35.5000
971.65,	35.5000
972.25,	35.5000
972.85,	35.5000
973.45,	35.5000
974.05,	35.5000
974.65,	35.5000
975.25,	35.5000
975.85,	35.5000
976.45,	35.5000
977.05,	35.5000
977.65,	35.5000
978.25,	35.5000
978.85,	35.5000
979.45,	35.5000
980.05,	35.5000
980.65,	35.5000
981.25,	35.5000
981.85,	35.5000
982.45,	35.5000
983.05,	35.5000
983.65,	-2.5200
984.25,	-2.5200
984.85,	-2.5200
985.45,	-2.5200
986.04,	-2.5200
986.64,	-2.5200
987.24,	-2.5200
987.84,	-2.5200
988.44,	-2.5200
989.04,	-2.5200
989.64,	-2.5200
990.24,	-2.5200
990.84,	-2.5200
991.44,	-2.5200
992.03,	-2.5200
992.63,	-2.5200
993.23,	-2.5200
993.83,	-2.5200
994.43,	-2.5200
995.03,	-2.5200
995.63,	-2.5200
996.22,	-2.5200
996.82,	-2.5200
997.42,	-2.5200
998.02,	-2.5200
998.62,	-2.5200
999.21,	-2.5200
999.81,	-2.5200
1000.41,	-2.5200
