Call Sign = ZSDA,	Ship Name = SA Agulhas,	Lloyds Num = 0
Date = 02/05/2017,	Time = 12:01,	
Latitude = 38 13.43  S,	Longitude = 012 01.08  E
Instr = Sippican Deep Blue,	Card Type = Sippican MK-21,	
Wind Instr = ,	Measur Method = 
Probe Serial Num = -1,	Ship Dir = -1,	Ship Speed = -1.00
Wind Dir = 239,	Wind Speed = 15.40
Dry Bulb Temp = 13.60,	Total Water Depth = -1.00

Full Resolution Values
Depth,	 Temp
0.67,	17.7200
1.34,	18.0900
2.01,	18.1800
2.68,	18.2000
3.34,	18.2100
4.01,	18.2100
4.68,	18.1900
5.35,	18.2000
6.02,	18.2000
6.69,	18.2100
7.36,	18.2000
8.03,	18.2100
8.69,	18.2100
9.36,	18.2000
10.03,	18.2100
10.70,	18.2100
11.37,	18.2000
12.04,	18.2100
12.70,	18.2100
13.37,	18.2000
14.04,	18.2000
14.71,	18.2100
15.38,	18.2000
16.05,	18.2100
16.71,	18.2000
17.38,	18.2100
18.05,	18.2000
18.72,	18.2000
19.38,	18.2100
20.05,	18.2100
20.72,	18.2100
21.39,	18.2100
22.06,	18.2000
22.72,	18.2000
23.39,	18.2000
24.06,	18.2000
24.73,	18.2000
25.39,	18.2000
26.06,	18.2100
26.73,	18.2000
27.40,	18.2000
28.06,	18.2000
28.73,	18.2100
29.40,	18.2000
30.06,	18.2000
30.73,	18.2100
31.40,	18.2000
32.06,	18.2100
32.73,	18.2100
33.40,	18.2000
34.07,	18.2000
34.73,	18.1900
35.40,	18.2000
36.07,	18.2000
36.73,	18.2100
37.40,	18.2100
38.07,	18.2100
38.73,	18.2000
39.40,	18.2000
40.06,	18.2000
40.73,	18.2000
41.40,	18.2000
42.06,	18.2100
42.73,	18.2100
43.40,	18.2100
44.06,	18.2000
44.73,	18.2000
45.39,	18.2000
46.06,	18.2100
46.73,	18.2000
47.39,	18.2100
48.06,	18.2100
48.72,	18.2000
49.39,	18.2000
50.06,	18.1900
50.72,	18.2000
51.39,	18.1900
52.05,	18.1900
52.72,	18.1900
53.38,	18.1800
54.05,	18.1900
54.71,	18.1600
55.38,	18.0400
56.05,	17.9300
56.71,	17.8600
57.38,	17.7600
58.04,	17.5200
58.71,	17.1700
59.37,	16.8300
60.04,	16.5900
60.70,	16.3200
61.37,	15.9000
62.03,	15.5300
62.70,	15.3500
63.36,	15.2800
64.03,	15.2500
64.69,	15.2300
65.36,	15.2100
66.02,	15.1800
66.69,	15.1200
67.35,	15.0800
68.01,	15.0700
68.68,	15.0000
69.34,	14.8300
70.01,	14.6600
70.67,	14.5400
71.34,	14.4400
72.00,	14.3900
72.66,	14.3600
73.33,	14.3200
73.99,	14.2800
74.66,	14.2400
75.32,	14.2000
75.98,	14.1700
76.65,	14.1100
77.31,	14.0200
77.98,	13.9400
78.64,	13.9000
79.30,	13.8700
79.97,	13.8300
80.63,	13.7700
81.30,	13.7000
81.96,	13.6500
82.62,	13.6300
83.29,	13.6200
83.95,	13.6300
84.61,	13.6300
85.28,	13.6100
85.94,	13.6000
86.60,	13.5700
87.27,	13.5400
87.93,	13.5100
88.59,	13.4600
89.26,	13.4500
89.92,	13.4500
90.58,	13.4200
91.24,	13.3500
91.91,	13.2900
92.57,	13.2700
93.23,	13.2800
93.90,	13.3000
94.56,	13.3000
95.22,	13.3100
95.88,	13.3100
96.55,	13.3200
97.21,	13.3400
97.87,	13.3700
98.53,	13.4100
99.20,	13.4400
99.86,	13.4300
100.52,	13.4100
101.18,	13.4000
101.85,	13.4000
102.51,	13.3800
103.17,	13.3800
103.83,	13.3800
104.49,	13.3700
105.16,	13.3400
105.82,	13.3000
106.48,	13.2800
107.14,	13.2600
107.80,	13.2500
108.47,	13.2500
109.13,	13.2300
109.79,	13.2000
110.45,	13.1700
111.11,	13.1400
111.77,	13.1000
112.44,	13.0800
113.10,	13.0600
113.76,	13.0500
114.42,	13.0500
115.08,	13.0300
115.74,	13.0100
116.40,	12.9900
117.06,	12.9800
117.73,	12.9800
118.39,	12.9700
119.05,	12.9500
119.71,	12.9200
120.37,	12.8700
121.03,	12.8300
121.69,	12.7900
122.35,	12.7500
123.01,	12.7200
123.67,	12.7200
124.33,	12.7200
125.00,	12.7100
125.66,	12.7100
126.32,	12.7100
126.98,	12.7200
127.64,	12.7300
128.30,	12.7100
128.96,	12.6900
129.62,	12.6800
130.28,	12.6700
130.94,	12.6600
131.60,	12.6500
132.26,	12.6500
132.92,	12.6300
133.58,	12.6100
134.24,	12.5900
134.90,	12.5900
135.56,	12.5900
136.22,	12.5900
136.88,	12.5800
137.54,	12.5800
138.20,	12.5700
138.86,	12.5400
139.52,	12.5200
140.18,	12.5000
140.84,	12.4800
141.50,	12.4800
142.16,	12.4800
142.82,	12.4800
143.48,	12.4800
144.14,	12.4800
144.79,	12.4700
145.45,	12.4700
146.11,	12.4700
146.77,	12.4600
147.43,	12.4600
148.09,	12.4500
148.75,	12.4500
149.41,	12.4400
150.07,	12.4300
150.73,	12.4100
151.39,	12.4000
152.04,	12.3800
152.70,	12.3600
153.36,	12.3600
154.02,	12.3400
154.68,	12.3300
155.34,	12.3200
156.00,	12.3100
156.65,	12.3100
157.31,	12.3000
157.97,	12.3000
158.63,	12.2900
159.29,	12.2700
159.95,	12.2600
160.60,	12.2600
161.26,	12.2600
161.92,	12.2600
162.58,	12.2600
163.24,	12.2500
163.90,	12.2600
164.55,	12.2600
165.21,	12.2500
165.87,	12.2300
166.53,	12.2100
167.18,	12.1900
167.84,	12.1800
168.50,	12.1800
169.16,	12.1700
169.82,	12.1700
170.47,	12.1600
171.13,	12.1600
171.79,	12.1700
172.44,	12.1900
173.10,	12.2200
173.76,	12.2300
174.42,	12.2300
175.07,	12.2200
175.73,	12.2100
176.39,	12.2100
177.05,	12.2100
177.70,	12.2000
178.36,	12.2000
179.02,	12.2000
179.67,	12.1900
180.33,	12.1900
180.99,	12.1800
181.64,	12.1800
182.30,	12.1800
182.96,	12.1800
183.61,	12.1700
184.27,	12.1700
184.93,	12.1800
185.58,	12.1800
186.24,	12.1700
186.90,	12.1900
187.55,	12.2100
188.21,	12.2200
188.87,	12.2300
189.52,	12.2300
190.18,	12.2300
190.83,	12.2200
191.49,	12.2200
192.15,	12.2200
192.80,	12.2300
193.46,	12.2400
194.11,	12.2500
194.77,	12.2500
195.43,	12.2600
196.08,	12.2500
196.74,	12.2300
197.39,	12.2300
198.05,	12.2300
198.70,	12.2300
199.36,	12.2300
200.02,	12.2300
200.67,	12.2300
201.33,	12.2300
201.98,	12.2300
202.64,	12.2300
203.29,	12.2300
203.95,	12.2300
204.60,	12.2300
205.26,	12.2300
205.91,	12.2400
206.57,	12.2400
207.22,	12.2400
207.88,	12.2400
208.53,	12.2400
209.19,	12.2400
209.84,	12.2300
210.50,	12.2300
211.15,	12.2300
211.81,	12.2300
212.46,	12.2400
213.12,	12.2400
213.77,	12.2300
214.43,	12.2300
215.08,	12.2300
215.74,	12.2300
216.39,	12.2400
217.04,	12.2500
217.70,	12.2800
218.35,	12.3100
219.01,	12.3300
219.66,	12.3600
220.32,	12.3900
220.97,	12.4200
221.62,	12.4600
222.28,	12.5100
222.93,	12.5300
223.59,	12.5300
224.24,	12.5300
224.89,	12.5000
225.55,	12.4800
226.20,	12.4800
226.85,	12.5000
227.51,	12.5200
228.16,	12.5300
228.81,	12.5400
229.47,	12.5600
230.12,	12.5800
230.78,	12.5900
231.43,	12.5800
232.08,	12.5600
232.74,	12.5300
233.39,	12.5100
234.04,	12.4800
234.69,	12.4600
235.35,	12.4400
236.00,	12.4000
236.65,	12.3700
237.31,	12.3500
237.96,	12.3200
238.61,	12.3100
239.27,	12.3100
239.92,	12.3100
240.57,	12.3200
241.22,	12.3600
241.88,	12.3800
242.53,	12.4000
243.18,	12.4200
243.83,	12.4400
244.49,	12.4500
245.14,	12.4600
245.79,	12.4600
246.44,	12.4500
247.10,	12.4400
247.75,	12.4300
248.40,	12.4400
249.05,	12.4300
249.70,	12.4300
250.36,	12.4300
251.01,	12.4300
251.66,	12.4300
252.31,	12.4200
252.96,	12.4200
253.62,	12.4100
254.27,	12.4100
254.92,	12.4000
255.57,	12.3900
256.22,	12.3800
256.88,	12.3700
257.53,	12.3800
258.18,	12.3800
258.83,	12.3800
259.48,	12.3800
260.13,	12.3800
260.78,	12.3800
261.44,	12.3700
262.09,	12.3500
262.74,	12.3400
263.39,	12.3400
264.04,	12.3400
264.69,	12.3500
265.34,	12.3600
265.99,	12.3500
266.64,	12.3400
267.29,	12.3400
267.95,	12.3400
268.60,	12.3300
269.25,	12.3300
269.90,	12.3200
270.55,	12.3100
271.20,	12.2900
271.85,	12.2900
272.50,	12.2900
273.15,	12.3000
273.80,	12.3000
274.45,	12.3000
275.10,	12.2900
275.75,	12.2900
276.40,	12.2800
277.05,	12.2800
277.70,	12.2800
278.35,	12.2700
279.00,	12.2700
279.65,	12.2700
280.30,	12.2700
280.95,	12.2700
281.60,	12.2600
282.25,	12.2600
282.90,	12.2600
283.55,	12.2500
284.20,	12.2300
284.85,	12.2100
285.50,	12.1900
286.15,	12.1900
286.80,	12.1800
287.45,	12.1800
288.10,	12.1700
288.75,	12.1700
289.40,	12.1700
290.05,	12.1600
290.70,	12.1500
291.35,	12.1400
292.00,	12.1300
292.64,	12.1300
293.29,	12.1200
293.94,	12.1100
294.59,	12.1000
295.24,	12.0900
295.89,	12.0900
296.54,	12.0800
297.19,	12.0800
297.84,	12.0700
298.49,	12.0600
299.13,	12.0600
299.78,	12.0500
300.43,	12.0400
301.08,	12.0400
301.73,	12.0200
302.38,	11.9900
303.02,	11.9700
303.67,	11.9500
304.32,	11.9300
304.97,	11.9100
305.62,	11.9000
306.27,	11.8900
306.91,	11.8700
307.56,	11.8700
308.21,	11.8600
308.86,	11.8400
309.51,	11.8200
310.15,	11.7900
310.80,	11.7700
311.45,	11.7600
312.10,	11.7600
312.75,	11.7500
313.39,	11.7300
314.04,	11.7300
314.69,	11.7300
315.34,	11.7100
315.98,	11.7000
316.63,	11.7000
317.28,	11.7100
317.93,	11.7200
318.57,	11.7200
319.22,	11.7000
319.87,	11.6900
320.52,	11.6800
321.16,	11.6600
321.81,	11.6400
322.46,	11.6300
323.10,	11.6200
323.75,	11.6000
324.40,	11.5800
325.04,	11.5600
325.69,	11.5500
326.34,	11.5300
326.99,	11.5200
327.63,	11.5200
328.28,	11.5200
328.93,	11.5200
329.57,	11.5200
330.22,	11.5200
330.86,	11.5100
331.51,	11.5100
332.16,	11.5000
332.80,	11.4900
333.45,	11.4800
334.10,	11.4600
334.74,	11.4500
335.39,	11.4400
336.03,	11.4300
336.68,	11.4100
337.33,	11.4100
337.97,	11.3800
338.62,	11.3700
339.26,	11.3500
339.91,	11.3400
340.56,	11.3300
341.20,	11.3100
341.85,	11.2900
342.49,	11.2800
343.14,	11.2700
343.78,	11.2700
344.43,	11.2600
345.08,	11.2500
345.72,	11.2300
346.37,	11.2100
347.01,	11.2000
347.66,	11.1900
348.30,	11.1900
348.95,	11.1900
349.59,	11.1800
350.24,	11.1900
350.88,	11.1800
351.53,	11.1800
352.17,	11.1700
352.82,	11.1700
353.46,	11.1700
354.11,	11.1500
354.75,	11.1400
355.40,	11.1400
356.04,	11.1400
356.69,	11.1100
357.33,	11.1000
357.98,	11.0900
358.62,	11.0900
359.27,	11.0700
359.91,	11.0600
360.55,	11.0500
361.20,	11.0300
361.84,	11.0100
362.49,	11.0000
363.13,	10.9900
363.78,	10.9900
364.42,	10.9800
365.06,	10.9800
365.71,	10.9600
366.35,	10.9600
367.00,	10.9500
367.64,	10.9400
368.28,	10.9300
368.93,	10.9200
369.57,	10.9000
370.22,	10.8900
370.86,	10.8900
371.50,	10.8800
372.15,	10.8700
372.79,	10.8700
373.43,	10.8700
374.08,	10.8700
374.72,	10.8600
375.36,	10.8500
376.01,	10.8400
376.65,	10.8200
377.29,	10.8000
377.94,	10.7900
378.58,	10.7800
379.22,	10.7700
379.87,	10.7600
380.51,	10.7400
381.15,	10.7400
381.79,	10.7200
382.44,	10.7100
383.08,	10.7000
383.72,	10.6900
384.37,	10.6800
385.01,	10.6700
385.65,	10.6600
386.29,	10.6500
386.94,	10.6400
387.58,	10.6300
388.22,	10.6200
388.86,	10.6100
389.51,	10.6000
390.15,	10.6000
390.79,	10.5900
391.43,	10.5800
392.08,	10.5700
392.72,	10.5600
393.36,	10.5400
394.00,	10.5200
394.64,	10.5000
395.29,	10.4900
395.93,	10.4600
396.57,	10.4400
397.21,	10.4300
397.85,	10.4200
398.50,	10.4200
399.14,	10.4200
399.78,	10.4000
400.42,	10.3900
401.06,	10.3900
401.70,	10.3800
402.34,	10.3700
402.99,	10.3600
403.63,	10.3500
404.27,	10.3400
404.91,	10.3300
405.55,	10.3100
406.19,	10.2900
406.83,	10.2800
407.48,	10.2600
408.12,	10.2400
408.76,	10.2300
409.40,	10.2200
410.04,	10.2100
410.68,	10.2000
411.32,	10.1800
411.96,	10.1600
412.60,	10.1400
413.24,	10.1300
413.88,	10.1300
414.52,	10.1100
415.17,	10.0800
415.81,	10.0700
416.45,	10.0600
417.09,	10.0500
417.73,	10.0500
418.37,	10.0300
419.01,	10.0000
419.65,	9.9800
420.29,	9.9600
420.93,	9.9500
421.57,	9.9400
422.21,	9.9300
422.85,	9.9200
423.49,	9.9000
424.13,	9.8900
424.77,	9.8800
425.41,	9.8700
426.05,	9.8700
426.69,	9.8500
427.33,	9.8500
427.97,	9.8400
428.61,	9.8300
429.25,	9.8100
429.89,	9.7800
430.53,	9.7600
431.17,	9.7500
431.80,	9.7400
432.44,	9.7300
433.08,	9.7100
433.72,	9.7000
434.36,	9.6900
435.00,	9.6800
435.64,	9.6700
436.28,	9.6700
436.92,	9.6700
437.56,	9.6600
438.20,	9.6400
438.84,	9.6300
439.47,	9.6100
440.11,	9.5900
440.75,	9.5700
441.39,	9.5600
442.03,	9.5500
442.67,	9.5400
443.31,	9.5400
443.95,	9.5300
444.58,	9.5300
445.22,	9.5200
445.86,	9.5100
446.50,	9.5000
447.14,	9.4900
447.78,	9.4800
448.41,	9.4600
449.05,	9.4400
449.69,	9.4300
450.33,	9.3900
450.97,	9.3900
451.60,	9.3800
452.24,	9.3800
452.88,	9.3600
453.52,	9.3400
454.16,	9.3300
454.79,	9.3200
455.43,	9.3100
456.07,	9.3000
456.71,	9.2800
457.35,	9.2700
457.98,	9.2700
458.62,	9.2600
459.26,	9.2600
459.90,	9.2500
460.53,	9.2500
461.17,	9.2400
461.81,	9.2200
462.44,	9.2000
463.08,	9.1800
463.72,	9.1600
464.36,	9.1500
464.99,	9.1300
465.63,	9.1300
466.27,	9.1200
466.90,	9.1100
467.54,	9.0900
468.18,	9.0700
468.81,	9.0700
469.45,	9.0500
470.09,	9.0300
470.72,	9.0200
471.36,	9.0000
472.00,	9.0000
472.63,	9.0000
473.27,	9.0000
473.91,	8.9800
474.54,	8.9700
475.18,	8.9600
475.82,	8.9600
476.45,	8.9600
477.09,	8.9500
477.73,	8.9500
478.36,	8.9400
479.00,	8.9400
479.63,	8.9200
480.27,	8.9200
480.91,	8.9200
481.54,	8.9100
482.18,	8.9100
482.81,	8.9100
483.45,	8.9100
484.08,	8.9100
484.72,	8.9100
485.36,	8.9000
485.99,	8.9000
486.63,	8.8900
487.26,	8.8800
487.90,	8.8700
488.53,	8.8500
489.17,	8.8400
489.80,	8.8300
490.44,	8.8300
491.07,	8.8200
491.71,	8.8200
492.34,	8.8200
492.98,	8.8200
493.62,	8.8200
494.25,	8.8100
494.89,	8.8000
495.52,	8.7900
496.15,	8.7800
496.79,	8.7700
497.42,	8.7700
498.06,	8.7600
498.69,	8.7600
499.33,	8.7500
499.96,	8.7500
500.60,	8.7500
501.23,	8.7500
501.87,	8.7600
502.50,	8.7600
503.14,	8.7600
503.77,	8.7600
504.40,	8.7600
505.04,	8.7600
505.67,	8.7600
506.31,	8.7500
506.94,	8.7500
507.57,	8.7400
508.21,	8.7300
508.84,	8.7300
509.48,	8.7200
510.11,	8.7100
510.74,	8.7100
511.38,	8.7000
512.01,	8.7000
512.65,	8.6900
513.28,	8.6800
513.91,	8.6800
514.55,	8.6800
515.18,	8.6700
515.81,	8.6600
516.45,	8.6600
517.08,	8.6500
517.71,	8.6500
518.35,	8.6400
518.98,	8.6300
519.61,	8.6200
520.25,	8.6000
520.88,	8.5900
521.51,	8.5800
522.15,	8.5700
522.78,	8.5600
523.41,	8.5500
524.04,	8.5400
524.68,	8.5300
525.31,	8.5100
525.94,	8.5000
526.58,	8.4900
527.21,	8.4600
527.84,	8.4300
528.47,	8.4100
529.11,	8.4000
529.74,	8.3900
530.37,	8.3700
531.00,	8.3500
531.64,	8.3300
532.27,	8.3100
532.90,	8.2900
533.53,	8.2700
534.17,	8.2500
534.80,	8.2400
535.43,	8.2200
536.06,	8.2000
536.69,	8.1800
537.33,	8.1600
537.96,	8.1400
538.59,	8.1200
539.22,	8.1000
539.85,	8.0900
540.48,	8.0700
541.12,	8.0500
541.75,	8.0400
542.38,	8.0200
543.01,	8.0200
543.64,	8.0000
544.27,	7.9900
544.91,	7.9800
545.54,	7.9600
546.17,	7.9500
546.80,	7.9300
547.43,	7.9300
548.06,	7.9200
548.69,	7.9200
549.32,	7.9200
549.95,	7.9100
550.59,	7.9100
551.22,	7.9000
551.85,	7.8900
552.48,	7.8800
553.11,	7.8700
553.74,	7.8500
554.37,	7.8400
555.00,	7.8300
555.63,	7.8200
556.26,	7.8100
556.89,	7.8000
557.52,	7.7900
558.15,	7.7900
558.78,	7.7800
559.42,	7.7800
560.05,	7.7700
560.68,	7.7700
561.31,	7.7700
561.94,	7.7600
562.57,	7.7600
563.20,	7.7300
563.83,	7.7200
564.46,	7.7200
565.09,	7.7100
565.72,	7.7000
566.35,	7.6900
566.98,	7.6700
567.61,	7.6600
568.24,	7.6500
568.87,	7.6500
569.50,	7.6500
570.12,	7.6400
570.75,	7.6500
571.38,	7.6500
572.01,	7.6400
572.64,	7.6500
573.27,	7.6400
573.90,	7.6300
574.53,	7.6200
575.16,	7.6100
575.79,	7.6200
576.42,	7.6300
577.05,	7.6400
577.68,	7.6600
578.31,	7.6800
578.93,	7.6800
579.56,	7.6800
580.19,	7.6800
580.82,	7.6700
581.45,	7.6700
582.08,	7.6500
582.71,	7.6400
583.34,	7.6400
583.97,	7.6400
584.59,	7.6200
585.22,	7.6200
585.85,	7.6100
586.48,	7.6000
587.11,	7.5900
587.74,	7.5900
588.36,	7.5800
588.99,	7.5800
589.62,	7.5900
590.25,	7.5800
590.88,	7.5700
591.50,	7.5700
592.13,	7.5600
592.76,	7.5500
593.39,	7.5500
594.02,	7.5500
594.64,	7.5400
595.27,	7.5300
595.90,	7.5300
596.53,	7.5200
597.16,	7.5100
597.78,	7.5000
598.41,	7.5000
599.04,	7.4900
599.67,	7.4700
600.29,	7.4500
600.92,	7.4500
601.55,	7.4400
602.18,	7.4400
602.80,	7.4400
603.43,	7.4300
604.06,	7.4300
604.68,	7.4100
605.31,	7.4000
605.94,	7.3900
606.57,	7.3700
607.19,	7.3600
607.82,	7.3500
608.45,	7.3400
609.07,	7.3400
609.70,	7.3300
610.33,	7.3200
610.95,	7.3100
611.58,	7.2900
612.21,	7.2800
612.83,	7.2800
613.46,	7.2600
614.09,	7.2300
614.71,	7.2100
615.34,	7.2100
615.97,	7.2000
616.59,	7.1900
617.22,	7.1800
617.84,	7.1600
618.47,	7.1400
619.10,	7.1300
619.72,	7.1200
620.35,	7.1100
620.97,	7.1100
621.60,	7.1000
622.23,	7.1000
622.85,	7.1000
623.48,	7.0900
624.10,	7.0900
624.73,	7.0800
625.35,	7.0700
625.98,	7.0600
626.61,	7.0500
627.23,	7.0400
627.86,	7.0400
628.48,	7.0200
629.11,	7.0100
629.73,	7.0000
630.36,	6.9900
630.98,	6.9800
631.61,	6.9800
632.23,	6.9700
632.86,	6.9600
633.48,	6.9500
634.11,	6.9300
634.73,	6.9200
635.36,	6.9100
635.98,	6.8900
636.61,	6.8900
637.23,	6.8800
637.86,	6.8600
638.48,	6.8600
639.11,	6.8500
639.73,	6.8400
640.36,	6.8400
640.98,	6.8300
641.61,	6.8200
642.23,	6.8200
642.85,	6.8100
643.48,	6.8000
644.10,	6.8000
644.73,	6.8000
645.35,	6.7900
645.98,	6.7900
646.60,	6.7800
647.22,	6.7800
647.85,	6.7800
648.47,	6.7700
649.10,	6.7500
649.72,	6.7400
650.34,	6.7300
650.97,	6.7200
651.59,	6.7200
652.22,	6.7100
652.84,	6.6900
653.46,	6.6900
654.09,	6.6900
654.71,	6.6900
655.33,	6.6900
655.96,	6.6800
656.58,	6.6800
657.20,	6.6800
657.83,	6.6800
658.45,	6.6700
659.07,	6.6700
659.70,	6.6600
660.32,	6.6400
660.94,	6.6400
661.57,	6.6300
662.19,	6.6300
662.81,	6.6100
663.43,	6.6000
664.06,	6.5800
664.68,	6.5600
665.30,	6.5600
665.93,	6.5500
666.55,	6.5400
667.17,	6.5300
667.79,	6.5300
668.42,	6.5200
669.04,	6.5100
669.66,	6.5100
670.28,	6.5000
670.91,	6.4900
671.53,	6.4800
672.15,	6.4600
672.77,	6.4600
673.39,	6.4500
674.02,	6.4400
674.64,	6.4300
675.26,	6.4200
675.88,	6.3900
676.50,	6.3700
677.13,	6.3400
677.75,	6.3300
678.37,	6.3200
678.99,	6.3200
679.61,	6.3200
680.24,	6.3100
680.86,	6.3100
681.48,	6.3200
682.10,	6.3100
682.72,	6.3000
683.34,	6.2800
683.96,	6.2600
684.59,	6.2500
685.21,	6.2300
685.83,	6.2100
686.45,	6.1800
687.07,	6.1600
687.69,	6.1500
688.31,	6.1500
688.93,	6.1300
689.56,	6.1300
690.18,	6.1300
690.80,	6.1300
691.42,	6.1300
692.04,	6.1200
692.66,	6.1100
693.28,	6.1100
693.90,	6.1100
694.52,	6.1100
695.14,	6.1100
695.76,	6.1100
696.38,	6.1000
697.00,	6.1000
697.62,	6.1000
698.25,	6.1000
698.87,	6.0900
699.49,	6.0900
700.11,	6.0700
700.73,	6.0500
701.35,	6.0400
701.97,	6.0300
702.59,	6.0200
703.21,	6.0200
703.83,	6.0100
704.45,	6.0100
705.07,	6.0100
705.69,	6.0000
706.31,	6.0000
706.93,	6.0000
707.55,	6.0000
708.17,	6.0000
708.79,	6.0000
709.40,	6.0000
710.02,	6.0000
710.64,	6.0000
711.26,	6.0000
711.88,	6.0000
712.50,	6.0000
713.12,	6.0000
713.74,	5.9900
714.36,	5.9900
714.98,	5.9800
715.60,	5.9700
716.22,	5.9600
716.84,	5.9500
717.45,	5.9400
718.07,	5.9300
718.69,	5.9300
719.31,	5.9100
719.93,	5.9100
720.55,	5.9000
721.17,	5.8900
721.79,	5.8900
722.41,	5.8900
723.02,	5.8800
723.64,	5.8700
724.26,	5.8600
724.88,	5.8500
725.50,	5.8300
726.12,	5.8100
726.73,	5.7800
727.35,	5.7300
727.97,	5.7000
728.59,	5.6800
729.21,	5.6700
729.83,	5.6600
730.44,	5.6500
731.06,	5.6400
731.68,	5.6300
732.30,	5.6300
732.92,	5.6300
733.53,	5.6300
734.15,	5.6200
734.77,	5.6200
735.39,	5.6100
736.00,	5.6100
736.62,	5.6000
737.24,	5.6000
737.86,	5.5900
738.47,	5.5900
739.09,	5.5800
739.71,	5.5800
740.33,	5.5700
740.94,	5.5700
741.56,	5.5600
742.18,	5.5500
742.79,	5.5500
743.41,	5.5500
744.03,	5.5400
744.65,	5.5400
745.26,	5.5400
745.88,	5.5300
746.50,	5.5300
747.11,	5.5300
747.73,	5.5200
748.35,	5.5000
748.96,	5.5000
749.58,	5.4800
750.20,	5.4800
750.81,	5.4700
751.43,	5.4700
752.05,	5.4700
752.66,	5.4700
753.28,	5.4700
753.90,	5.4600
754.51,	5.4700
755.13,	5.4600
755.74,	5.4600
756.36,	5.4600
756.98,	5.4600
757.59,	5.4600
758.21,	5.4600
758.82,	5.4600
759.44,	5.4500
760.06,	5.4500
760.67,	5.4400
761.29,	5.4200
761.90,	5.4100
762.52,	5.4000
763.14,	5.3900
763.75,	5.3800
764.37,	5.3700
764.98,	5.3600
765.60,	5.3400
766.21,	5.3200
766.83,	5.2900
767.44,	5.2700
768.06,	5.2500
768.67,	5.2400
769.29,	5.2100
769.90,	5.1500
770.52,	5.1000
771.14,	5.0700
771.75,	5.0600
772.37,	5.0600
772.98,	5.0600
773.59,	5.0600
774.21,	5.0500
774.82,	5.0500
775.44,	5.0500
776.05,	5.0500
776.67,	5.0500
777.28,	5.0500
777.90,	5.0300
778.51,	5.0100
779.13,	5.0000
779.74,	5.0000
780.36,	4.9900
780.97,	4.9800
781.58,	4.9800
782.20,	4.9800
782.81,	4.9800
783.43,	4.9700
784.04,	4.9700
784.66,	4.9700
785.27,	4.9700
785.88,	4.9700
786.50,	4.9800
787.11,	4.9800
787.73,	4.9700
788.34,	4.9600
788.95,	4.9700
789.57,	4.9700
790.18,	4.9700
790.79,	4.9700
791.41,	4.9700
792.02,	4.9600
792.63,	4.9500
793.25,	4.9500
793.86,	4.9400
794.47,	4.9400
795.09,	4.9300
795.70,	4.9200
796.31,	4.9200
796.93,	4.9100
797.54,	4.9100
798.15,	4.9200
798.77,	4.9300
799.38,	4.9300
799.99,	4.9400
800.61,	4.9400
801.22,	4.9400
801.83,	4.9300
802.44,	4.9300
803.06,	4.9300
803.67,	4.9300
804.28,	4.9100
804.90,	4.8900
805.51,	4.8700
806.12,	4.8700
806.73,	4.8700
807.34,	4.8700
807.96,	4.8600
808.57,	4.8600
809.18,	4.8600
809.79,	4.8500
810.41,	4.8400
811.02,	4.8300
811.63,	4.8300
812.24,	4.8200
812.85,	4.8200
813.47,	4.8100
814.08,	4.8100
814.69,	4.8100
815.30,	4.8100
815.91,	4.8100
816.53,	4.8100
817.14,	4.8200
817.75,	4.8300
818.36,	4.8200
818.97,	4.8200
819.58,	4.8200
820.20,	4.8200
820.81,	4.8200
821.42,	4.8200
822.03,	4.8200
822.64,	4.8200
823.25,	4.8200
823.86,	4.8100
824.47,	4.8100
825.09,	4.8100
825.70,	4.8100
826.31,	4.8100
826.92,	4.8100
827.53,	4.8000
828.14,	4.7900
828.75,	4.7600
829.36,	4.7200
829.97,	4.6800
830.58,	4.6600
831.19,	4.6500
831.80,	4.6400
832.42,	4.6400
833.03,	4.6300
833.64,	4.6300
834.25,	4.6200
834.86,	4.6100
835.47,	4.6100
836.08,	4.6000
836.69,	4.5900
837.30,	4.5900
837.91,	4.5800
838.52,	4.5700
839.13,	4.5700
839.74,	4.5600
840.35,	4.5500
840.96,	4.5400
841.57,	4.5400
842.18,	4.5300
842.79,	4.5200
843.40,	4.5200
844.01,	4.5100
844.62,	4.5100
845.23,	4.5100
845.84,	4.5000
846.45,	4.5000
847.06,	4.4900
847.67,	4.4900
848.27,	4.4800
848.88,	4.4700
849.49,	4.4700
850.10,	4.4600
850.71,	4.4600
851.32,	4.4600
851.93,	4.4600
852.54,	4.4500
853.15,	4.4500
853.76,	4.4500
854.37,	4.4500
854.98,	4.4500
855.58,	4.4500
856.19,	4.4400
856.80,	4.4400
857.41,	4.4300
858.02,	4.4200
858.63,	4.4200
859.24,	4.4300
859.85,	4.4400
860.45,	4.4300
861.06,	4.4300
861.67,	4.4300
862.28,	4.4400
862.89,	4.4400
863.50,	4.4500
864.10,	4.4700
864.71,	4.4900
865.32,	4.5000
865.93,	4.5100
866.54,	4.5200
867.14,	4.5200
867.75,	4.5200
868.36,	4.5200
868.97,	4.5200
869.58,	4.5100
870.18,	4.5100
870.79,	4.5100
871.40,	4.5100
872.01,	4.5100
872.61,	4.5100
873.22,	4.5000
873.83,	4.4900
874.44,	4.4900
875.04,	4.4800
875.65,	4.4700
876.26,	4.4600
876.87,	4.4500
877.47,	4.4500
878.08,	4.4500
878.69,	4.4500
879.29,	4.4500
879.90,	4.4700
880.51,	4.4800
881.12,	4.5000
881.72,	4.5100
882.33,	4.5200
882.94,	4.5300
883.54,	4.5400
884.15,	4.5500
884.76,	4.5500
885.36,	4.5600
885.97,	4.5600
886.58,	4.5500
887.18,	4.5500
887.79,	4.5500
888.40,	4.5500
889.00,	4.5500
889.61,	4.5500
890.22,	4.5500
890.82,	4.5500
891.43,	4.5500
892.03,	4.5400
892.64,	4.5400
893.25,	4.5300
893.85,	4.5300
894.46,	4.5200
895.06,	4.5200
895.67,	4.5100
896.28,	4.5100
896.88,	4.5100
897.49,	4.5100
898.09,	4.5000
898.70,	4.5000
899.30,	4.4900
899.91,	4.4900
900.52,	4.4900
901.12,	4.4800
901.73,	4.4800
902.33,	4.4700
902.94,	4.4700
903.54,	4.4700
904.15,	4.4700
904.75,	4.4700
905.36,	4.4600
905.96,	4.4600
906.57,	4.4500
907.17,	4.4500
907.78,	4.4500
908.38,	4.4400
908.99,	4.4400
909.59,	4.4300
910.20,	4.4300
910.80,	4.4300
911.41,	4.4300
912.01,	4.4200
912.62,	4.4200
913.22,	4.4200
913.83,	4.4100
914.43,	4.4000
915.03,	4.3900
915.64,	4.3900
916.24,	4.3900
916.85,	4.3900
917.45,	4.3900
918.06,	4.3900
918.66,	4.3900
919.26,	4.3900
919.87,	4.3800
920.47,	4.3800
921.08,	4.3800
921.68,	4.3700
922.28,	4.3700
922.89,	4.3600
923.49,	4.3500
924.10,	4.3500
924.70,	4.3500
925.30,	4.3400
925.91,	4.3300
926.51,	4.3300
927.11,	4.3200
927.72,	4.3100
928.32,	4.3100
928.92,	4.3000
929.53,	4.2900
930.13,	4.2900
930.74,	4.2800
931.34,	4.2800
931.94,	4.2800
932.54,	4.2800
933.15,	4.2800
933.75,	4.2800
934.35,	4.2900
934.96,	4.2900
935.56,	4.2800
936.16,	4.2800
936.77,	4.2800
937.37,	4.2800
937.97,	4.2800
938.57,	4.2800
939.18,	4.2800
939.78,	4.3800
940.38,	4.8900
940.98,	8.4800
941.59,	35.5000
942.19,	35.5000
942.79,	35.5000
943.39,	35.5000
944.00,	35.5000
944.60,	35.5000
945.20,	35.5000
945.80,	35.5000
946.40,	35.5000
947.01,	35.5000
947.61,	35.5000
948.21,	35.5000
948.81,	35.5000
949.41,	35.5000
950.02,	35.5000
950.62,	35.5000
951.22,	35.5000
951.82,	35.5000
952.42,	35.5000
953.02,	35.5000
953.63,	35.5000
954.23,	35.5000
954.83,	35.5000
955.43,	35.5000
956.03,	35.5000
956.63,	35.5000
957.24,	35.5000
957.84,	35.5000
958.44,	35.5000
959.04,	35.5000
959.64,	35.5000
960.24,	35.5000
960.84,	35.5000
961.44,	35.5000
962.04,	35.5000
962.64,	35.5000
963.25,	35.5000
963.85,	35.5000
964.45,	35.5000
965.05,	35.5000
965.65,	35.5000
966.25,	35.5000
966.85,	35.5000
967.45,	35.5000
968.05,	35.5000
968.65,	35.5000
969.25,	35.5000
969.85,	-2.5200
970.45,	-2.5200
971.05,	-2.5200
971.65,	-2.5200
972.25,	-2.5200
972.85,	-2.5200
973.45,	-2.5200
974.05,	-2.5200
974.65,	-2.5200
975.25,	-2.5200
975.85,	-2.5200
976.45,	-2.5200
977.05,	-2.5200
977.65,	-2.5200
978.25,	-2.5200
978.85,	-2.5200
979.45,	-2.5200
980.05,	-2.5200
980.65,	-2.5200
981.25,	-2.5200
981.85,	-2.5200
982.45,	-2.5200
983.05,	-2.5200
983.65,	-2.5200
984.25,	-2.5200
984.85,	-2.5200
985.45,	-2.5200
986.04,	-2.5200
986.64,	-2.5200
987.24,	-2.5200
987.84,	-2.5200
988.44,	-2.5200
989.04,	-2.5200
989.64,	-2.5200
990.24,	-2.5200
990.84,	-2.5200
991.44,	-2.5200
992.03,	-2.5200
992.63,	-2.5200
993.23,	-2.5200
993.83,	-2.5200
994.43,	-2.5200
995.03,	-2.5200
995.63,	-2.5200
996.22,	-2.5200
996.82,	-2.5200
997.42,	-2.5200
998.02,	-2.5200
998.62,	-2.5200
999.21,	-2.5200
999.81,	-2.5200
1000.41,	-2.5200
