Call Sign = ZSDA,	Ship Name = SA Agulhas,	Lloyds Num = 0
Date = 02/01/2017,	Time = 00:34,	
Latitude = 51 16.61  S,	Longitude = 000 10.11  E
Instr = Sippican Deep Blue,	Card Type = Sippican MK-21,	
Wind Instr = ,	Measur Method = 
Probe Serial Num = -1,	Ship Dir = -1,	Ship Speed = -1.00
Wind Dir = 321,	Wind Speed = 15.60
Dry Bulb Temp = -1.00,	Total Water Depth = -1.00

Full Resolution Values
Depth,	 Temp
0.67,	2.9300
1.34,	2.8800
2.01,	2.8700
2.68,	2.8600
3.34,	2.8600
4.01,	2.8600
4.68,	2.8500
5.35,	2.8600
6.02,	2.8600
6.69,	2.8500
7.36,	2.8400
8.03,	2.8400
8.69,	2.8700
9.36,	2.8800
10.03,	2.8800
10.70,	2.8800
11.37,	2.8800
12.04,	2.8800
12.70,	2.8800
13.37,	2.8800
14.04,	2.8800
14.71,	2.8800
15.38,	2.8800
16.05,	2.8700
16.71,	2.8700
17.38,	2.8700
18.05,	2.8700
18.72,	2.8700
19.38,	2.8700
20.05,	2.8700
20.72,	2.8800
21.39,	2.8700
22.06,	2.8600
22.72,	2.8400
23.39,	2.8300
24.06,	2.8300
24.73,	2.8200
25.39,	2.8100
26.06,	2.8100
26.73,	2.8100
27.40,	2.8000
28.06,	2.7900
28.73,	2.7900
29.40,	2.7900
30.06,	2.7900
30.73,	2.7800
31.40,	2.7800
32.06,	2.7800
32.73,	2.7900
33.40,	2.7900
34.07,	2.7900
34.73,	2.7900
35.40,	2.7800
36.07,	2.7800
36.73,	2.7800
37.40,	2.7800
38.07,	2.7800
38.73,	2.7800
39.40,	2.7800
40.06,	2.7800
40.73,	2.7800
41.40,	2.7800
42.06,	2.7800
42.73,	2.7800
43.40,	2.7700
44.06,	2.7700
44.73,	2.7700
45.39,	2.7700
46.06,	2.7700
46.73,	2.7700
47.39,	2.7800
48.06,	2.7800
48.72,	2.7700
49.39,	2.7700
50.06,	2.7800
50.72,	2.7700
51.39,	2.7600
52.05,	2.7700
52.72,	2.7700
53.38,	2.7700
54.05,	2.7700
54.71,	2.7700
55.38,	2.7700
56.05,	2.7700
56.71,	2.7700
57.38,	2.7700
58.04,	2.7700
58.71,	2.7700
59.37,	2.7700
60.04,	2.7700
60.70,	2.7700
61.37,	2.7700
62.03,	2.7700
62.70,	2.7700
63.36,	2.7700
64.03,	2.7700
64.69,	2.7700
65.36,	2.7700
66.02,	2.7800
66.69,	2.7800
67.35,	2.7800
68.01,	2.7800
68.68,	2.7800
69.34,	2.7700
70.01,	2.7800
70.67,	2.7900
71.34,	2.7900
72.00,	2.7800
72.66,	2.7900
73.33,	2.7900
73.99,	2.7800
74.66,	2.7800
75.32,	2.7800
75.98,	2.7800
76.65,	2.7800
77.31,	2.7900
77.98,	2.7800
78.64,	2.7800
79.30,	2.7800
79.97,	2.7800
80.63,	2.7800
81.30,	2.7700
81.96,	2.7600
82.62,	2.7500
83.29,	2.7300
83.95,	2.7100
84.61,	2.6900
85.28,	2.6700
85.94,	2.6600
86.60,	2.6300
87.27,	2.6000
87.93,	2.5900
88.59,	2.5600
89.26,	2.5400
89.92,	2.5100
90.58,	2.4800
91.24,	2.4600
91.91,	2.4400
92.57,	2.4200
93.23,	2.3800
93.90,	2.2300
94.56,	2.0700
95.22,	1.9700
95.88,	1.8900
96.55,	1.8500
97.21,	1.8200
97.87,	1.8000
98.53,	1.7900
99.20,	1.7900
99.86,	1.7700
100.52,	1.7500
101.18,	1.7500
101.85,	1.7400
102.51,	1.7400
103.17,	1.7400
103.83,	1.7200
104.49,	1.7100
105.16,	1.6900
105.82,	1.6500
106.48,	1.6200
107.14,	1.5800
107.80,	1.5400
108.47,	1.5200
109.13,	1.4900
109.79,	1.4600
110.45,	1.4300
111.11,	1.4200
111.77,	1.4200
112.44,	1.4300
113.10,	1.4300
113.76,	1.4200
114.42,	1.4100
115.08,	1.4000
115.74,	1.3800
116.40,	1.3700
117.06,	1.3500
117.73,	1.3300
118.39,	1.3100
119.05,	1.2900
119.71,	1.2700
120.37,	1.2600
121.03,	1.2500
121.69,	1.2400
122.35,	1.2400
123.01,	1.2300
123.67,	1.2300
124.33,	1.2300
125.00,	1.2200
125.66,	1.2100
126.32,	1.2100
126.98,	1.2100
127.64,	1.2100
128.30,	1.2000
128.96,	1.1800
129.62,	1.1700
130.28,	1.1600
130.94,	1.1500
131.60,	1.1500
132.26,	1.1500
132.92,	1.1300
133.58,	1.1100
134.24,	1.1000
134.90,	1.0800
135.56,	1.0500
136.22,	1.0400
136.88,	1.0300
137.54,	1.0200
138.20,	1.0200
138.86,	1.0100
139.52,	1.0100
140.18,	1.0100
140.84,	0.9900
141.50,	0.9700
142.16,	0.9800
142.82,	0.9800
143.48,	0.9700
144.14,	0.9600
144.79,	0.9500
145.45,	0.9600
146.11,	0.9600
146.77,	0.9700
147.43,	1.0000
148.09,	1.0200
148.75,	1.0300
149.41,	1.0500
150.07,	1.0600
150.73,	1.0700
151.39,	1.0800
152.04,	1.0800
152.70,	1.0900
153.36,	1.0900
154.02,	1.1000
154.68,	1.1100
155.34,	1.1100
156.00,	1.1100
156.65,	1.1100
157.31,	1.1200
157.97,	1.1300
158.63,	1.1400
159.29,	1.1400
159.95,	1.1400
160.60,	1.1500
161.26,	1.1500
161.92,	1.1500
162.58,	1.1600
163.24,	1.1600
163.90,	1.1600
164.55,	1.1700
165.21,	1.1700
165.87,	1.1700
166.53,	1.1600
167.18,	1.1600
167.84,	1.1800
168.50,	1.1700
169.16,	1.1600
169.82,	1.1400
170.47,	1.1300
171.13,	1.1400
171.79,	1.1400
172.44,	1.1500
173.10,	1.1600
173.76,	1.1600
174.42,	1.1800
175.07,	1.1900
175.73,	1.2100
176.39,	1.2200
177.05,	1.2400
177.70,	1.2600
178.36,	1.2700
179.02,	1.2800
179.67,	1.2900
180.33,	1.2900
180.99,	1.3000
181.64,	1.3100
182.30,	1.3200
182.96,	1.3400
183.61,	1.3500
184.27,	1.3600
184.93,	1.3700
185.58,	1.3800
186.24,	1.3900
186.90,	1.4000
187.55,	1.4100
188.21,	1.4200
188.87,	1.4200
189.52,	1.4300
190.18,	1.4300
190.83,	1.4300
191.49,	1.4300
192.15,	1.4400
192.80,	1.4500
193.46,	1.4700
194.11,	1.4800
194.77,	1.4900
195.43,	1.5000
196.08,	1.5100
196.74,	1.5200
197.39,	1.5400
198.05,	1.5500
198.70,	1.5600
199.36,	1.5700
200.02,	1.5800
200.67,	1.6000
201.33,	1.6100
201.98,	1.6100
202.64,	1.6100
203.29,	1.6100
203.95,	1.6000
204.60,	1.5900
205.26,	1.5900
205.91,	1.5900
206.57,	1.5900
207.22,	1.5400
207.88,	1.5300
208.53,	1.5300
209.19,	1.5400
209.84,	1.5500
210.50,	1.5600
211.15,	1.5700
211.81,	1.5700
212.46,	1.5900
213.12,	1.6100
213.77,	1.6400
214.43,	1.6600
215.08,	1.6600
215.74,	1.6700
216.39,	1.6700
217.04,	1.6700
217.70,	1.6700
218.35,	1.6700
219.01,	1.6700
219.66,	1.6600
220.32,	1.6400
220.97,	1.6400
221.62,	1.6400
222.28,	1.6400
222.93,	1.6400
223.59,	1.6400
224.24,	1.6300
224.89,	1.6300
225.55,	1.6300
226.20,	1.6300
226.85,	1.6300
227.51,	1.6300
228.16,	1.6300
228.81,	1.6300
229.47,	1.6300
230.12,	1.6400
230.78,	1.6400
231.43,	1.6400
232.08,	1.6400
232.74,	1.6400
233.39,	1.6400
234.04,	1.6400
234.69,	1.6400
235.35,	1.6500
236.00,	1.6500
236.65,	1.6500
237.31,	1.6500
237.96,	1.6500
238.61,	1.6600
239.27,	1.6800
239.92,	1.6800
240.57,	1.6900
241.22,	1.6900
241.88,	1.6900
242.53,	1.6900
243.18,	1.6900
243.83,	1.6900
244.49,	1.7000
245.14,	1.7000
245.79,	1.7000
246.44,	1.7000
247.10,	1.7000
247.75,	1.7100
248.40,	1.7100
249.05,	1.7200
249.70,	1.7300
250.36,	1.7400
251.01,	1.7500
251.66,	1.7600
252.31,	1.7700
252.96,	1.7700
253.62,	1.7700
254.27,	1.7800
254.92,	1.7800
255.57,	1.7900
256.22,	1.8000
256.88,	1.8000
257.53,	1.8000
258.18,	1.8100
258.83,	1.8100
259.48,	1.8200
260.13,	1.8200
260.78,	1.8300
261.44,	1.8300
262.09,	1.8300
262.74,	1.8500
263.39,	1.8600
264.04,	1.8700
264.69,	1.8700
265.34,	1.8800
265.99,	1.9000
266.64,	1.9100
267.29,	1.9100
267.95,	1.9200
268.60,	1.9400
269.25,	1.9600
269.90,	1.9700
270.55,	1.9700
271.20,	1.9700
271.85,	1.9700
272.50,	1.9700
273.15,	1.9600
273.80,	1.9600
274.45,	1.9700
275.10,	1.9700
275.75,	1.9700
276.40,	1.9800
277.05,	1.9800
277.70,	1.9800
278.35,	1.9900
279.00,	1.9900
279.65,	2.0000
280.30,	2.0100
280.95,	2.0200
281.60,	2.0400
282.25,	2.0400
282.90,	2.0400
283.55,	2.0400
284.20,	2.0500
284.85,	2.0700
285.50,	2.0800
286.15,	2.0800
286.80,	2.0800
287.45,	2.0800
288.10,	2.0800
288.75,	2.0900
289.40,	2.0900
290.05,	2.1000
290.70,	2.1000
291.35,	2.1100
292.00,	2.1200
292.64,	2.1400
293.29,	2.1400
293.94,	2.1500
294.59,	2.1600
295.24,	2.1700
295.89,	2.1900
296.54,	2.2000
297.19,	2.2100
297.84,	2.2300
298.49,	2.2300
299.13,	2.2300
299.78,	2.2200
300.43,	2.2200
301.08,	2.2200
301.73,	2.2200
302.38,	2.2200
303.02,	2.2100
303.67,	2.2200
304.32,	2.2200
304.97,	2.2100
305.62,	2.2100
306.27,	2.2100
306.91,	2.2100
307.56,	2.2100
308.21,	2.2100
308.86,	2.2000
309.51,	2.2100
310.15,	2.2100
310.80,	2.2100
311.45,	2.2200
312.10,	2.2200
312.75,	2.2200
313.39,	2.2200
314.04,	2.2200
314.69,	2.2200
315.34,	2.2200
315.98,	2.2200
316.63,	2.2300
317.28,	2.2500
317.93,	2.2700
318.57,	2.2800
319.22,	2.2800
319.87,	2.2800
320.52,	2.2600
321.16,	2.2600
321.81,	2.2600
322.46,	2.2600
323.10,	2.2600
323.75,	2.2500
324.40,	2.2500
325.04,	2.2500
325.69,	2.2600
326.34,	2.2500
326.99,	2.2400
327.63,	2.2300
328.28,	2.2300
328.93,	2.2300
329.57,	2.2300
330.22,	2.2400
330.86,	2.2400
331.51,	2.2400
332.16,	2.2400
332.80,	2.2400
333.45,	2.2400
334.10,	2.2500
334.74,	2.2400
335.39,	2.2500
336.03,	2.2500
336.68,	2.2500
337.33,	2.2600
337.97,	2.2600
338.62,	2.2600
339.26,	2.2600
339.91,	2.2700
340.56,	2.2700
341.20,	2.2800
341.85,	2.2900
342.49,	2.3100
343.14,	2.3200
343.78,	2.3300
344.43,	2.3400
345.08,	2.3500
345.72,	2.3500
346.37,	2.3500
347.01,	2.3500
347.66,	2.3500
348.30,	2.3600
348.95,	2.3600
349.59,	2.3700
350.24,	2.3700
350.88,	2.3800
351.53,	2.3900
352.17,	2.3800
352.82,	2.3900
353.46,	2.3900
354.11,	2.3900
354.75,	2.3900
355.40,	2.3900
356.04,	2.4000
356.69,	2.4000
357.33,	2.4100
357.98,	2.4100
358.62,	2.4200
359.27,	2.4100
359.91,	2.4100
360.55,	2.4200
361.20,	2.4400
361.84,	2.4500
362.49,	2.4800
363.13,	2.5200
363.78,	2.5100
364.42,	2.4800
365.06,	2.4700
365.71,	2.4500
366.35,	2.4300
367.00,	2.4100
367.64,	2.4100
368.28,	2.4000
368.93,	2.3900
369.57,	2.3900
370.22,	2.3900
370.86,	2.3800
371.50,	2.3800
372.15,	2.3800
372.79,	2.3700
373.43,	2.3700
374.08,	2.3800
374.72,	2.3800
375.36,	2.3800
376.01,	2.3800
376.65,	2.3800
377.29,	2.3800
377.94,	2.3800
378.58,	2.3900
379.22,	2.4000
379.87,	2.4000
380.51,	2.4000
381.15,	2.4000
381.79,	2.4000
382.44,	2.4100
383.08,	2.4200
383.72,	2.4300
384.37,	2.4400
385.01,	2.4500
385.65,	2.4700
386.29,	2.5000
386.94,	2.5400
387.58,	2.5500
388.22,	2.5300
388.86,	2.5300
389.51,	2.5200
390.15,	2.5000
390.79,	2.4900
391.43,	2.4800
392.08,	2.4700
392.72,	2.4700
393.36,	2.4600
394.00,	2.4600
394.64,	2.4600
395.29,	2.4600
395.93,	2.4600
396.57,	2.4600
397.21,	2.4600
397.85,	2.4600
398.50,	2.4600
399.14,	2.4600
399.78,	2.4600
400.42,	2.4700
401.06,	2.4700
401.70,	2.4700
402.34,	2.4800
402.99,	2.4800
403.63,	2.4900
404.27,	2.5000
404.91,	2.5200
405.55,	2.5500
406.19,	2.5700
406.83,	2.5600
407.48,	2.5400
408.12,	2.5300
408.76,	2.5200
409.40,	2.5100
410.04,	2.5000
410.68,	2.5000
411.32,	2.5000
411.96,	2.5000
412.60,	2.5000
413.24,	2.4900
413.88,	2.5000
414.52,	2.5000
415.17,	2.5000
415.81,	2.5000
416.45,	2.5000
417.09,	2.5000
417.73,	2.5000
418.37,	2.5100
419.01,	2.5100
419.65,	2.5100
420.29,	2.5200
420.93,	2.5300
421.57,	2.5300
422.21,	2.5400
422.85,	2.5500
423.49,	2.5500
424.13,	2.5500
424.77,	2.5500
425.41,	2.5500
426.05,	2.5500
426.69,	2.5500
427.33,	2.5500
427.97,	2.5500
428.61,	2.5500
429.25,	2.5500
429.89,	2.5400
430.53,	2.5500
431.17,	2.5500
431.80,	2.5400
432.44,	2.5400
433.08,	2.5400
433.72,	2.5400
434.36,	2.5400
435.00,	2.5400
435.64,	2.5500
436.28,	2.5500
436.92,	2.5500
437.56,	2.5500
438.20,	2.5500
438.84,	2.5600
439.47,	2.5600
440.11,	2.5600
440.75,	2.5700
441.39,	2.5700
442.03,	2.5700
442.67,	2.5800
443.31,	2.5800
443.95,	2.5800
444.58,	2.5800
445.22,	2.5900
445.86,	2.5800
446.50,	2.5800
447.14,	2.5800
447.78,	2.5800
448.41,	2.5800
449.05,	2.5800
449.69,	2.5800
450.33,	2.5800
450.97,	2.5700
451.60,	2.5600
452.24,	2.5700
452.88,	2.5700
453.52,	2.5600
454.16,	2.5600
454.79,	2.5700
455.43,	2.5600
456.07,	2.5600
456.71,	2.5600
457.35,	2.5600
457.98,	2.5500
458.62,	2.5500
459.26,	2.5500
459.90,	2.5500
460.53,	2.5600
461.17,	2.5500
461.81,	2.5600
462.44,	2.5600
463.08,	2.5600
463.72,	2.5600
464.36,	2.5600
464.99,	2.5700
465.63,	2.5700
466.27,	2.5700
466.90,	2.5700
467.54,	2.5800
468.18,	2.5800
468.81,	2.5800
469.45,	2.5800
470.09,	2.5800
470.72,	2.5900
471.36,	2.5900
472.00,	2.5800
472.63,	2.5800
473.27,	2.5800
473.91,	2.5800
474.54,	2.5800
475.18,	2.5800
475.82,	2.5800
476.45,	2.5700
477.09,	2.5700
477.73,	2.5700
478.36,	2.5700
479.00,	2.5700
479.63,	2.5700
480.27,	2.5700
480.91,	2.5800
481.54,	2.5800
482.18,	2.5800
482.81,	2.5800
483.45,	2.5800
484.08,	2.5800
484.72,	2.5800
485.36,	2.5800
485.99,	2.5800
486.63,	2.5800
487.26,	2.5800
487.90,	2.5800
488.53,	2.5800
489.17,	2.5800
489.80,	2.5800
490.44,	2.5900
491.07,	2.5900
491.71,	2.5900
492.34,	2.5900
492.98,	2.5800
493.62,	2.5800
494.25,	2.5800
494.89,	2.5800
495.52,	2.5800
496.15,	2.5800
496.79,	2.5800
497.42,	2.5800
498.06,	2.5800
498.69,	2.5800
499.33,	2.5800
499.96,	2.5800
500.60,	2.5800
501.23,	2.5800
501.87,	2.5700
502.50,	2.5600
503.14,	2.5600
503.77,	2.5600
504.40,	2.5600
505.04,	2.5600
505.67,	2.5500
506.31,	2.5400
506.94,	2.5400
507.57,	2.5400
508.21,	2.5400
508.84,	2.5400
509.48,	2.5300
510.11,	2.5300
510.74,	2.5400
511.38,	2.5300
512.01,	2.5300
512.65,	2.5300
513.28,	2.5300
513.91,	2.5300
514.55,	2.5200
515.18,	2.5200
515.81,	2.5200
516.45,	2.5200
517.08,	2.5200
517.71,	2.5200
518.35,	2.5200
518.98,	2.5200
519.61,	2.5200
520.25,	2.5200
520.88,	2.5200
521.51,	2.5100
522.15,	2.5100
522.78,	2.5100
523.41,	2.5100
524.04,	2.5100
524.68,	2.5000
525.31,	2.5000
525.94,	2.5000
526.58,	2.5000
527.21,	2.4900
527.84,	2.4900
528.47,	2.4900
529.11,	2.4900
529.74,	2.4900
530.37,	2.4900
531.00,	2.4900
531.64,	2.4800
532.27,	2.4800
532.90,	2.4800
533.53,	2.4800
534.17,	2.4800
534.80,	2.4800
535.43,	2.4800
536.06,	2.4800
536.69,	2.4800
537.33,	2.4800
537.96,	2.4800
538.59,	2.4900
539.22,	2.4900
539.85,	2.4800
540.48,	2.4800
541.12,	2.4800
541.75,	2.4800
542.38,	2.4800
543.01,	2.4800
543.64,	2.4800
544.27,	2.4800
544.91,	2.4800
545.54,	2.4800
546.17,	2.4800
546.80,	2.4800
547.43,	2.4800
548.06,	2.4800
548.69,	2.4800
549.32,	2.4700
549.95,	2.4700
550.59,	2.4700
551.22,	2.4700
551.85,	2.4700
552.48,	2.4700
553.11,	2.4700
553.74,	2.4700
554.37,	2.4700
555.00,	2.4700
555.63,	2.4700
556.26,	2.4700
556.89,	2.4700
557.52,	2.4700
558.15,	2.4700
558.78,	2.4700
559.42,	2.4700
560.05,	2.4700
560.68,	2.4700
561.31,	2.4700
561.94,	2.4700
562.57,	2.4700
563.20,	2.4700
563.83,	2.4700
564.46,	2.4600
565.09,	2.4600
565.72,	2.4700
566.35,	2.4700
566.98,	2.4800
567.61,	2.4800
568.24,	2.4800
568.87,	2.4800
569.50,	2.4800
570.12,	2.4700
570.75,	2.4700
571.38,	2.4700
572.01,	2.4700
572.64,	2.4700
573.27,	2.4600
573.90,	2.4700
574.53,	2.4600
575.16,	2.4600
575.79,	2.4600
576.42,	2.4600
577.05,	2.4600
577.68,	2.4600
578.31,	2.4600
578.93,	2.4600
579.56,	2.4600
580.19,	2.4600
580.82,	2.4600
581.45,	2.4600
582.08,	2.4600
582.71,	2.4500
583.34,	2.4500
583.97,	2.4600
584.59,	2.4500
585.22,	2.4600
585.85,	2.4500
586.48,	2.4500
587.11,	2.4600
587.74,	2.4600
588.36,	2.4600
588.99,	2.4500
589.62,	2.4600
590.25,	2.4600
590.88,	2.4600
591.50,	2.4600
592.13,	2.4600
592.76,	2.4500
593.39,	2.4600
594.02,	2.4600
594.64,	2.4600
595.27,	2.4600
595.90,	2.4500
596.53,	2.4500
597.16,	2.4500
597.78,	2.4500
598.41,	2.4500
599.04,	2.4500
599.67,	2.4600
600.29,	2.4500
600.92,	2.4600
601.55,	2.4500
602.18,	2.4600
602.80,	2.4600
603.43,	2.4500
604.06,	2.4600
604.68,	2.4600
605.31,	2.4600
605.94,	2.4500
606.57,	2.4500
607.19,	2.4500
607.82,	2.4600
608.45,	2.4500
609.07,	2.4500
609.70,	2.4500
610.33,	2.4500
610.95,	2.4500
611.58,	2.4500
612.21,	2.4500
612.83,	2.4500
613.46,	2.4500
614.09,	2.4500
614.71,	2.4500
615.34,	2.4500
615.97,	2.4500
616.59,	2.4500
617.22,	2.4500
617.84,	2.4500
618.47,	2.4500
619.10,	2.4500
619.72,	2.4500
620.35,	2.4500
620.97,	2.4500
621.60,	2.4400
622.23,	2.4500
622.85,	2.4400
623.48,	2.4400
624.10,	2.4400
624.73,	2.4400
625.35,	2.4400
625.98,	2.4400
626.61,	2.4400
627.23,	2.4500
627.86,	2.4500
628.48,	2.4500
629.11,	2.4500
629.73,	2.4500
630.36,	2.4500
630.98,	2.4500
631.61,	2.4400
632.23,	2.4400
632.86,	2.4400
633.48,	2.4400
634.11,	2.4400
634.73,	2.4400
635.36,	2.4400
635.98,	2.4400
636.61,	2.4400
637.23,	2.4400
637.86,	2.4400
638.48,	2.4400
639.11,	2.4400
639.73,	2.4400
640.36,	2.4400
640.98,	2.4400
641.61,	2.4400
642.23,	2.4400
642.85,	2.4400
643.48,	2.4400
644.10,	2.4400
644.73,	2.4300
645.35,	2.4300
645.98,	2.4300
646.60,	2.4300
647.22,	2.4300
647.85,	2.4300
648.47,	2.4300
649.10,	2.4300
649.72,	2.4300
650.34,	2.4300
650.97,	2.4300
651.59,	2.4300
652.22,	2.4300
652.84,	2.4300
653.46,	2.4300
654.09,	2.4300
654.71,	2.4300
655.33,	2.4300
655.96,	2.4300
656.58,	2.4300
657.20,	2.4300
657.83,	2.4300
658.45,	2.4300
659.07,	2.4300
659.70,	2.4300
660.32,	2.4300
660.94,	2.4300
661.57,	2.4300
662.19,	2.4300
662.81,	2.4300
663.43,	2.4300
664.06,	2.4300
664.68,	2.4300
665.30,	2.4300
665.93,	2.4300
666.55,	2.4300
667.17,	2.4300
667.79,	2.4300
668.42,	2.4300
669.04,	2.4300
669.66,	2.4300
670.28,	2.4300
670.91,	2.4300
671.53,	2.4300
672.15,	2.4300
672.77,	2.4300
673.39,	2.4300
674.02,	2.4300
674.64,	2.4200
675.26,	2.4200
675.88,	2.4200
676.50,	2.4200
677.13,	2.4200
677.75,	2.4200
678.37,	2.4200
678.99,	2.4200
679.61,	2.4200
680.24,	2.4200
680.86,	2.4200
681.48,	2.4200
682.10,	2.4200
682.72,	2.4200
683.34,	2.4200
683.96,	2.4200
684.59,	2.4200
685.21,	2.4200
685.83,	2.4200
686.45,	2.4200
687.07,	2.4200
687.69,	2.4300
688.31,	2.4300
688.93,	2.4200
689.56,	2.4300
690.18,	2.4300
690.80,	2.4300
691.42,	2.4200
692.04,	2.4300
692.66,	2.4300
693.28,	2.4300
693.90,	2.4200
694.52,	2.4200
695.14,	2.4300
695.76,	2.4300
696.38,	2.4300
697.00,	2.4300
697.62,	2.4300
698.25,	2.4300
698.87,	2.4300
699.49,	2.4300
700.11,	2.4300
700.73,	2.4300
701.35,	2.4300
701.97,	2.4300
702.59,	2.4300
703.21,	2.4300
703.83,	2.4300
704.45,	2.4300
705.07,	2.4300
705.69,	2.4300
706.31,	2.4400
706.93,	2.4400
707.55,	2.4400
708.17,	2.4400
708.79,	2.4400
709.40,	2.4400
710.02,	2.4400
710.64,	2.4400
711.26,	2.4400
711.88,	2.4400
712.50,	2.4500
713.12,	2.4400
713.74,	2.4500
714.36,	2.4500
714.98,	2.4500
715.60,	2.4500
716.22,	2.4500
716.84,	2.4500
717.45,	2.4500
718.07,	2.4500
718.69,	2.4600
719.31,	2.4600
719.93,	2.4600
720.55,	2.4500
721.17,	2.4500
721.79,	2.4500
722.41,	2.4500
723.02,	2.4500
723.64,	2.4500
724.26,	2.4600
724.88,	2.4500
725.50,	2.4600
726.12,	2.4600
726.73,	2.4500
727.35,	2.4500
727.97,	2.4500
728.59,	2.4500
729.21,	2.4500
729.83,	2.4500
730.44,	2.4600
731.06,	2.4500
731.68,	2.4600
732.30,	2.4600
732.92,	2.4500
733.53,	2.4500
734.15,	2.4500
734.77,	2.4500
735.39,	2.4500
736.00,	2.4500
736.62,	2.4500
737.24,	2.4600
737.86,	2.4600
738.47,	2.4600
739.09,	2.4600
739.71,	2.4600
740.33,	2.4600
740.94,	2.4600
741.56,	2.4600
742.18,	2.4600
742.79,	2.4600
743.41,	2.4600
744.03,	2.4600
744.65,	2.4600
745.26,	2.4600
745.88,	2.4600
746.50,	2.4600
747.11,	2.4600
747.73,	2.4600
748.35,	2.4600
748.96,	2.4700
749.58,	2.4700
750.20,	2.4700
750.81,	2.4800
751.43,	2.4800
752.05,	2.4800
752.66,	2.4800
753.28,	2.4900
753.90,	2.4900
754.51,	2.4900
755.13,	2.4900
755.74,	2.4900
756.36,	2.4900
756.98,	2.4900
757.59,	2.4900
758.21,	2.4800
758.82,	2.4900
759.44,	2.4900
760.06,	2.4800
760.67,	2.4800
761.29,	2.4800
761.90,	2.4800
762.52,	2.4800
763.14,	2.4800
763.75,	2.4800
764.37,	2.4800
764.98,	2.4800
765.60,	2.4800
766.21,	2.4900
766.83,	2.4800
767.44,	2.4800
768.06,	2.4800
768.67,	2.4800
769.29,	2.4800
769.90,	2.4800
770.52,	2.4800
771.14,	2.4800
771.75,	2.4800
772.37,	2.4800
772.98,	2.4800
773.59,	2.4800
774.21,	2.4800
774.82,	2.4800
775.44,	2.4800
776.05,	2.4800
776.67,	2.4800
777.28,	2.4800
777.90,	2.4800
778.51,	2.4800
779.13,	2.4900
779.74,	2.4900
780.36,	2.4900
780.97,	2.4900
781.58,	2.4900
782.20,	2.4900
782.81,	2.4900
783.43,	2.4900
784.04,	2.4900
784.66,	2.4900
785.27,	2.4900
785.88,	2.4900
786.50,	2.4900
787.11,	2.4900
787.73,	2.4900
788.34,	2.5000
788.95,	2.5000
789.57,	2.5000
790.18,	2.5000
790.79,	2.4900
791.41,	2.4900
792.02,	2.5000
792.63,	2.5000
793.25,	2.5000
793.86,	2.5000
794.47,	2.5000
795.09,	2.5000
795.70,	2.5000
796.31,	2.5000
796.93,	2.5000
797.54,	2.5000
798.15,	2.5000
798.77,	2.5000
799.38,	2.5000
799.99,	2.5000
800.61,	2.5000
801.22,	2.5000
801.83,	2.5000
802.44,	2.5000
803.06,	2.5100
803.67,	2.5100
804.28,	2.5100
804.90,	2.5100
805.51,	2.5100
806.12,	2.5100
806.73,	2.5100
807.34,	2.5200
807.96,	2.5100
808.57,	2.5200
809.18,	2.5200
809.79,	2.5200
810.41,	2.5200
811.02,	2.5200
811.63,	2.5200
812.24,	2.5200
812.85,	2.5200
813.47,	2.5200
814.08,	2.5200
814.69,	2.5200
815.30,	2.5200
815.91,	2.5200
816.53,	2.5200
817.14,	2.5200
817.75,	2.5200
818.36,	2.5200
818.97,	2.5200
819.58,	2.5200
820.20,	2.5200
820.81,	2.5200
821.42,	2.5300
822.03,	2.5300
822.64,	2.5300
823.25,	2.5300
823.86,	2.5300
824.47,	2.5300
825.09,	2.5300
825.70,	2.5300
826.31,	2.5300
826.92,	2.5300
827.53,	2.5400
828.14,	2.5400
828.75,	2.5400
829.36,	2.5400
829.97,	2.5400
830.58,	2.5400
831.19,	2.5400
831.80,	2.5400
832.42,	2.5400
833.03,	2.5500
833.64,	2.5500
834.25,	2.5500
834.86,	2.5500
835.47,	2.5500
836.08,	2.5500
836.69,	2.5400
837.30,	2.5500
837.91,	2.5500
838.52,	2.5500
839.13,	2.5400
839.74,	2.5500
840.35,	2.5500
840.96,	2.5400
841.57,	2.5500
842.18,	2.5500
842.79,	2.5400
843.40,	2.5400
844.01,	2.5400
844.62,	2.5400
845.23,	2.5400
845.84,	2.5400
846.45,	2.5400
847.06,	2.5400
847.67,	2.5400
848.27,	2.5300
848.88,	2.5400
849.49,	2.5400
850.10,	2.5400
850.71,	2.5400
851.32,	2.5400
851.93,	2.5400
852.54,	2.5400
853.15,	2.5400
853.76,	2.5300
854.37,	2.5300
854.98,	2.5300
855.58,	2.5300
856.19,	2.5300
856.80,	2.5300
857.41,	2.5300
858.02,	2.5400
858.63,	2.5400
859.24,	2.5300
859.85,	2.5400
860.45,	2.5400
861.06,	2.5400
861.67,	2.5400
862.28,	2.5400
862.89,	2.5400
863.50,	2.5400
864.10,	2.5400
864.71,	2.5400
865.32,	2.5400
865.93,	2.5400
866.54,	2.5500
867.14,	2.5500
867.75,	2.5500
868.36,	2.5500
868.97,	2.5500
869.58,	2.5500
870.18,	2.5500
870.79,	2.5400
871.40,	2.5400
872.01,	2.5300
872.61,	2.5300
873.22,	2.5300
873.83,	2.5300
874.44,	2.5200
875.04,	2.5200
875.65,	2.5200
876.26,	2.5200
876.87,	2.5200
877.47,	2.5300
878.08,	2.5200
878.69,	2.5200
879.29,	2.5300
879.90,	2.5300
880.51,	2.5300
881.12,	2.5300
881.72,	2.5300
882.33,	2.5300
882.94,	2.5300
883.54,	2.5300
884.15,	2.5300
884.76,	2.5300
885.36,	2.5200
885.97,	2.5200
886.58,	2.5200
887.18,	2.5200
887.79,	2.5200
888.40,	2.5200
889.00,	2.5200
889.61,	2.5200
890.22,	2.5200
890.82,	2.5200
891.43,	2.5200
892.03,	2.5300
892.64,	2.5300
893.25,	2.5300
893.85,	2.5300
894.46,	2.5300
895.06,	2.5300
895.67,	2.5300
896.28,	2.5200
896.88,	2.5300
897.49,	2.5300
898.09,	2.5200
898.70,	2.5200
899.30,	2.5200
899.91,	2.5200
900.52,	2.5200
901.12,	2.5100
901.73,	2.5100
902.33,	2.5100
902.94,	2.5100
903.54,	2.5100
904.15,	2.5000
904.75,	2.5000
905.36,	2.5100
905.96,	2.5100
906.57,	2.5000
907.17,	2.5000
907.78,	2.5000
908.38,	2.5000
908.99,	2.5000
909.59,	2.5000
910.20,	2.5000
910.80,	2.5000
911.41,	2.5000
912.01,	2.5000
912.62,	2.5000
913.22,	2.5100
913.83,	2.5100
914.43,	2.5100
915.03,	2.5100
915.64,	2.5100
916.24,	2.5100
916.85,	2.5100
917.45,	2.5100
918.06,	2.5100
918.66,	2.5100
919.26,	2.5000
919.87,	2.5000
920.47,	2.5000
921.08,	2.5000
921.68,	2.5000
922.28,	2.5000
922.89,	2.5100
923.49,	2.5100
924.10,	2.5100
924.70,	2.5100
925.30,	2.5100
925.91,	2.5000
926.51,	2.5000
927.11,	2.5000
927.72,	2.5000
928.32,	2.5100
928.92,	2.5100
929.53,	2.5100
930.13,	2.5100
930.74,	2.5300
931.34,	2.5800
931.94,	2.6500
932.54,	2.7300
933.15,	2.9700
933.75,	10.4900
934.35,	35.5000
934.96,	35.5000
935.56,	35.5000
936.16,	35.5000
936.77,	35.5000
937.37,	35.5000
937.97,	35.5000
938.57,	35.5000
939.18,	35.5000
939.78,	35.5000
940.38,	35.5000
940.98,	35.5000
941.59,	35.5000
942.19,	35.5000
942.79,	35.5000
943.39,	35.5000
944.00,	35.5000
944.60,	35.5000
945.20,	35.5000
945.80,	35.5000
946.40,	35.5000
947.01,	35.5000
947.61,	35.5000
948.21,	35.5000
948.81,	35.5000
949.41,	35.5000
950.02,	35.5000
950.62,	35.5000
951.22,	35.5000
951.82,	35.5000
952.42,	35.5000
953.02,	35.5000
953.63,	35.5000
954.23,	35.5000
954.83,	35.5000
955.43,	35.5000
956.03,	35.5000
956.63,	35.5000
957.24,	35.5000
957.84,	35.5000
958.44,	35.5000
959.04,	35.5000
959.64,	35.5000
960.24,	35.5000
960.84,	35.5000
961.44,	35.5000
962.04,	35.5000
962.64,	35.5000
963.25,	35.5000
963.85,	35.5000
964.45,	35.5000
965.05,	35.5000
965.65,	35.5000
966.25,	35.5000
966.85,	35.5000
967.45,	35.5000
968.05,	35.5000
968.65,	35.5000
969.25,	35.5000
969.85,	35.5000
970.45,	35.5000
971.05,	35.5000
971.65,	35.5000
972.25,	35.5000
972.85,	35.5000
973.45,	35.5000
974.05,	35.5000
974.65,	35.5000
975.25,	35.5000
975.85,	35.5000
976.45,	35.5000
977.05,	35.5000
977.65,	35.5000
978.25,	35.5000
978.85,	35.5000
979.45,	35.5000
980.05,	35.5000
980.65,	35.5000
981.25,	35.5000
981.85,	35.5000
982.45,	35.5000
983.05,	35.5000
983.65,	35.5000
984.25,	35.5000
984.85,	35.5000
985.45,	35.5000
986.04,	35.5000
986.64,	35.5000
987.24,	35.5000
987.84,	35.5000
988.44,	35.5000
989.04,	35.5000
989.64,	35.5000
990.24,	35.5000
990.84,	35.5000
991.44,	35.5000
992.03,	35.5000
992.63,	35.5000
993.23,	35.5000
993.83,	35.5000
994.43,	35.5000
995.03,	35.5000
995.63,	35.5000
996.22,	35.5000
996.82,	35.5000
997.42,	35.5000
998.02,	35.5000
998.62,	35.5000
999.21,	35.5000
999.81,	35.5000
1000.41,	35.5000
