Call Sign = ZSDA,	Ship Name = SA Agulhas,	Lloyds Num = 0
Date = 02/02/2017,	Time = 19:32,	
Latitude = 44 49.84  S,	Longitude = 006 43.45  E
Instr = Sippican Deep Blue,	Card Type = Sippican MK-21,	
Wind Instr = ,	Measur Method = 
Probe Serial Num = -1,	Ship Dir = -1,	Ship Speed = -1.00
Wind Dir = 273,	Wind Speed = 31.50
Dry Bulb Temp = 8.40,	Total Water Depth = -1.00

Full Resolution Values
Depth,	 Temp
0.67,	7.9000
1.34,	7.7600
2.01,	7.7500
2.68,	7.7700
3.34,	7.7600
4.01,	7.7600
4.68,	7.7600
5.35,	7.7600
6.02,	7.7600
6.69,	7.7600
7.36,	7.7600
8.03,	7.7600
8.69,	7.7600
9.36,	7.7600
10.03,	7.7500
10.70,	7.7500
11.37,	7.7600
12.04,	7.7600
12.70,	7.7600
13.37,	7.7500
14.04,	7.7500
14.71,	7.7600
15.38,	7.7600
16.05,	7.7600
16.71,	7.7600
17.38,	7.7600
18.05,	7.7600
18.72,	7.7600
19.38,	7.7500
20.05,	7.7500
20.72,	7.7600
21.39,	7.7600
22.06,	7.7600
22.72,	7.7600
23.39,	7.7700
24.06,	7.7700
24.73,	7.7700
25.39,	7.7600
26.06,	7.7500
26.73,	7.7500
27.40,	7.7500
28.06,	7.7400
28.73,	7.7200
29.40,	7.7100
30.06,	7.7100
30.73,	7.7100
31.40,	7.7100
32.06,	7.7000
32.73,	7.7000
33.40,	7.6900
34.07,	7.6900
34.73,	7.6900
35.40,	7.6900
36.07,	7.6900
36.73,	7.6900
37.40,	7.6900
38.07,	7.6900
38.73,	7.6900
39.40,	7.7000
40.06,	7.6900
40.73,	7.6900
41.40,	7.6900
42.06,	7.6900
42.73,	7.6900
43.40,	7.6900
44.06,	7.6900
44.73,	7.6900
45.39,	7.6900
46.06,	7.7000
46.73,	7.7000
47.39,	7.6900
48.06,	7.6900
48.72,	7.6900
49.39,	7.6900
50.06,	7.6900
50.72,	7.7000
51.39,	7.7000
52.05,	7.6900
52.72,	7.6900
53.38,	7.6900
54.05,	7.6900
54.71,	7.6900
55.38,	7.7000
56.05,	7.7000
56.71,	7.7000
57.38,	7.6900
58.04,	7.7000
58.71,	7.7000
59.37,	7.7000
60.04,	7.7000
60.70,	7.7000
61.37,	7.7000
62.03,	7.7100
62.70,	7.7100
63.36,	7.7100
64.03,	7.7100
64.69,	7.7100
65.36,	7.7100
66.02,	7.7100
66.69,	7.7100
67.35,	7.7100
68.01,	7.7100
68.68,	7.7200
69.34,	7.7100
70.01,	7.7100
70.67,	7.7100
71.34,	7.7200
72.00,	7.7100
72.66,	7.7100
73.33,	7.7100
73.99,	7.7100
74.66,	7.7100
75.32,	7.7100
75.98,	7.7100
76.65,	7.7200
77.31,	7.7100
77.98,	7.7100
78.64,	7.7100
79.30,	7.7000
79.97,	7.6600
80.63,	7.6200
81.30,	7.5600
81.96,	7.4900
82.62,	7.4300
83.29,	7.3800
83.95,	7.3500
84.61,	7.3200
85.28,	7.3100
85.94,	7.2900
86.60,	7.3000
87.27,	7.3000
87.93,	7.3000
88.59,	7.2900
89.26,	7.2900
89.92,	7.2900
90.58,	7.2900
91.24,	7.2800
91.91,	7.2600
92.57,	7.2500
93.23,	7.2400
93.90,	7.2300
94.56,	7.2000
95.22,	7.1600
95.88,	7.1300
96.55,	7.1000
97.21,	7.0600
97.87,	7.0400
98.53,	7.0300
99.20,	7.0500
99.86,	7.0600
100.52,	7.0600
101.18,	7.0600
101.85,	7.0600
102.51,	7.0400
103.17,	7.0000
103.83,	6.9900
104.49,	6.9900
105.16,	7.0000
105.82,	7.0100
106.48,	7.0000
107.14,	7.0000
107.80,	6.9900
108.47,	6.9800
109.13,	6.9800
109.79,	6.9900
110.45,	6.9800
111.11,	6.9700
111.77,	6.9600
112.44,	6.9500
113.10,	6.9400
113.76,	6.9300
114.42,	6.9300
115.08,	6.9300
115.74,	6.9200
116.40,	6.9200
117.06,	6.9100
117.73,	6.9100
118.39,	6.9100
119.05,	6.9000
119.71,	6.8900
120.37,	6.8900
121.03,	6.8800
121.69,	6.8700
122.35,	6.8600
123.01,	6.8400
123.67,	6.8100
124.33,	6.7900
125.00,	6.7800
125.66,	6.7700
126.32,	6.7700
126.98,	6.7600
127.64,	6.7500
128.30,	6.7400
128.96,	6.7400
129.62,	6.7400
130.28,	6.7300
130.94,	6.7200
131.60,	6.7100
132.26,	6.7000
132.92,	6.7000
133.58,	6.7100
134.24,	6.7100
134.90,	6.7100
135.56,	6.7100
136.22,	6.7000
136.88,	6.7000
137.54,	6.7000
138.20,	6.6900
138.86,	6.6900
139.52,	6.6900
140.18,	6.6900
140.84,	6.6900
141.50,	6.6800
142.16,	6.6700
142.82,	6.6600
143.48,	6.6600
144.14,	6.6600
144.79,	6.6400
145.45,	6.6400
146.11,	6.6300
146.77,	6.6300
147.43,	6.6200
148.09,	6.6100
148.75,	6.6100
149.41,	6.6100
150.07,	6.6000
150.73,	6.6000
151.39,	6.6000
152.04,	6.5900
152.70,	6.5800
153.36,	6.5800
154.02,	6.5800
154.68,	6.5700
155.34,	6.5700
156.00,	6.5600
156.65,	6.5500
157.31,	6.5500
157.97,	6.5500
158.63,	6.5400
159.29,	6.5300
159.95,	6.5100
160.60,	6.4900
161.26,	6.4800
161.92,	6.4700
162.58,	6.4700
163.24,	6.4600
163.90,	6.4600
164.55,	6.4600
165.21,	6.4600
165.87,	6.4500
166.53,	6.4300
167.18,	6.4100
167.84,	6.3900
168.50,	6.3900
169.16,	6.3800
169.82,	6.3700
170.47,	6.3600
171.13,	6.3500
171.79,	6.3400
172.44,	6.3300
173.10,	6.3200
173.76,	6.3100
174.42,	6.3000
175.07,	6.3000
175.73,	6.3000
176.39,	6.2900
177.05,	6.2800
177.70,	6.2800
178.36,	6.2600
179.02,	6.2500
179.67,	6.2400
180.33,	6.2400
180.99,	6.2200
181.64,	6.2100
182.30,	6.2000
182.96,	6.1600
183.61,	6.1200
184.27,	6.1100
184.93,	6.0900
185.58,	6.0900
186.24,	6.0800
186.90,	6.0600
187.55,	6.0400
188.21,	6.0200
188.87,	6.0100
189.52,	6.0000
190.18,	6.0000
190.83,	5.9900
191.49,	5.9800
192.15,	5.9700
192.80,	5.9600
193.46,	5.9400
194.11,	5.9300
194.77,	5.9200
195.43,	5.9000
196.08,	5.8900
196.74,	5.8900
197.39,	5.8800
198.05,	5.8700
198.70,	5.8700
199.36,	5.8600
200.02,	5.8500
200.67,	5.8400
201.33,	5.8200
201.98,	5.8100
202.64,	5.8000
203.29,	5.7900
203.95,	5.7800
204.60,	5.7800
205.26,	5.7700
205.91,	5.7700
206.57,	5.7500
207.22,	5.7300
207.88,	5.7100
208.53,	5.6900
209.19,	5.6700
209.84,	5.6500
210.50,	5.6400
211.15,	5.6200
211.81,	5.6100
212.46,	5.6100
213.12,	5.6100
213.77,	5.6000
214.43,	5.6000
215.08,	5.6000
215.74,	5.5900
216.39,	5.5900
217.04,	5.5800
217.70,	5.5800
218.35,	5.5800
219.01,	5.5700
219.66,	5.5700
220.32,	5.5600
220.97,	5.5400
221.62,	5.5200
222.28,	5.5000
222.93,	5.4800
223.59,	5.4700
224.24,	5.4500
224.89,	5.4400
225.55,	5.4400
226.20,	5.4400
226.85,	5.4300
227.51,	5.4300
228.16,	5.4300
228.81,	5.4200
229.47,	5.4100
230.12,	5.4100
230.78,	5.4100
231.43,	5.4100
232.08,	5.4100
232.74,	5.4100
233.39,	5.4100
234.04,	5.4000
234.69,	5.4000
235.35,	5.4000
236.00,	5.4000
236.65,	5.4000
237.31,	5.4000
237.96,	5.4000
238.61,	5.4000
239.27,	5.4000
239.92,	5.3900
240.57,	5.3800
241.22,	5.3800
241.88,	5.3700
242.53,	5.3500
243.18,	5.3400
243.83,	5.3400
244.49,	5.3400
245.14,	5.3400
245.79,	5.3400
246.44,	5.3300
247.10,	5.3200
247.75,	5.3100
248.40,	5.3000
249.05,	5.2900
249.70,	5.2900
250.36,	5.2800
251.01,	5.2700
251.66,	5.2800
252.31,	5.2800
252.96,	5.2700
253.62,	5.2700
254.27,	5.2600
254.92,	5.2500
255.57,	5.2400
256.22,	5.2400
256.88,	5.2400
257.53,	5.2400
258.18,	5.2400
258.83,	5.2300
259.48,	5.2200
260.13,	5.2100
260.78,	5.2100
261.44,	5.2000
262.09,	5.2000
262.74,	5.1900
263.39,	5.1800
264.04,	5.1700
264.69,	5.1600
265.34,	5.1600
265.99,	5.1400
266.64,	5.1300
267.29,	5.1200
267.95,	5.1100
268.60,	5.1000
269.25,	5.1000
269.90,	5.1000
270.55,	5.0900
271.20,	5.0900
271.85,	5.0900
272.50,	5.0900
273.15,	5.0900
273.80,	5.0900
274.45,	5.0900
275.10,	5.0800
275.75,	5.0600
276.40,	5.0400
277.05,	5.0200
277.70,	5.0200
278.35,	5.0100
279.00,	5.0100
279.65,	5.0100
280.30,	5.0100
280.95,	5.0100
281.60,	5.0200
282.25,	5.0200
282.90,	5.0200
283.55,	5.0100
284.20,	5.0000
284.85,	4.9900
285.50,	4.9800
286.15,	4.9600
286.80,	4.9500
287.45,	4.9400
288.10,	4.9400
288.75,	4.9300
289.40,	4.9200
290.05,	4.9100
290.70,	4.9100
291.35,	4.9100
292.00,	4.9100
292.64,	4.9100
293.29,	4.9100
293.94,	4.9100
294.59,	4.9000
295.24,	4.8900
295.89,	4.8900
296.54,	4.8900
297.19,	4.8800
297.84,	4.8800
298.49,	4.8700
299.13,	4.8700
299.78,	4.8700
300.43,	4.8600
301.08,	4.8600
301.73,	4.8500
302.38,	4.8400
303.02,	4.8400
303.67,	4.8300
304.32,	4.8200
304.97,	4.8100
305.62,	4.8100
306.27,	4.8000
306.91,	4.8000
307.56,	4.7900
308.21,	4.7900
308.86,	4.7900
309.51,	4.7900
310.15,	4.7900
310.80,	4.7700
311.45,	4.7500
312.10,	4.7100
312.75,	4.6700
313.39,	4.6400
314.04,	4.6300
314.69,	4.6200
315.34,	4.6100
315.98,	4.6000
316.63,	4.5900
317.28,	4.5900
317.93,	4.5900
318.57,	4.5800
319.22,	4.5800
319.87,	4.5700
320.52,	4.5600
321.16,	4.5600
321.81,	4.5500
322.46,	4.5500
323.10,	4.5500
323.75,	4.5400
324.40,	4.5300
325.04,	4.5300
325.69,	4.5200
326.34,	4.5200
326.99,	4.5100
327.63,	4.4900
328.28,	4.4800
328.93,	4.4700
329.57,	4.4500
330.22,	4.4500
330.86,	4.4500
331.51,	4.4400
332.16,	4.4400
332.80,	4.4400
333.45,	4.4400
334.10,	4.4400
334.74,	4.4300
335.39,	4.4300
336.03,	4.4300
336.68,	4.4300
337.33,	4.4300
337.97,	4.4200
338.62,	4.4100
339.26,	4.4100
339.91,	4.4000
340.56,	4.3900
341.20,	4.3800
341.85,	4.3700
342.49,	4.3700
343.14,	4.3800
343.78,	4.3800
344.43,	4.3800
345.08,	4.3800
345.72,	4.3800
346.37,	4.3800
347.01,	4.3700
347.66,	4.3700
348.30,	4.3800
348.95,	4.3800
349.59,	4.3700
350.24,	4.3700
350.88,	4.3800
351.53,	4.3700
352.17,	4.3700
352.82,	4.3700
353.46,	4.3600
354.11,	4.3600
354.75,	4.3600
355.40,	4.3600
356.04,	4.3600
356.69,	4.3600
357.33,	4.3500
357.98,	4.3500
358.62,	4.3500
359.27,	4.3400
359.91,	4.3400
360.55,	4.3400
361.20,	4.3300
361.84,	4.3300
362.49,	4.3300
363.13,	4.3300
363.78,	4.3300
364.42,	4.3400
365.06,	4.3400
365.71,	4.3400
366.35,	4.3400
367.00,	4.3400
367.64,	4.3500
368.28,	4.3500
368.93,	4.3500
369.57,	4.3500
370.22,	4.3500
370.86,	4.3600
371.50,	4.3600
372.15,	4.3500
372.79,	4.3600
373.43,	4.3600
374.08,	4.3500
374.72,	4.3600
375.36,	4.3700
376.01,	4.3800
376.65,	4.3900
377.29,	4.3900
377.94,	4.4000
378.58,	4.4000
379.22,	4.4000
379.87,	4.4000
380.51,	4.3900
381.15,	4.3900
381.79,	4.3900
382.44,	4.4000
383.08,	4.4000
383.72,	4.4000
384.37,	4.4000
385.01,	4.4100
385.65,	4.4000
386.29,	4.4000
386.94,	4.4000
387.58,	4.4000
388.22,	4.4000
388.86,	4.4000
389.51,	4.4100
390.15,	4.4100
390.79,	4.4200
391.43,	4.4300
392.08,	4.4400
392.72,	4.4400
393.36,	4.4500
394.00,	4.4500
394.64,	4.4600
395.29,	4.4600
395.93,	4.4700
396.57,	4.4600
397.21,	4.4700
397.85,	4.4700
398.50,	4.4600
399.14,	4.4600
399.78,	4.4600
400.42,	4.4600
401.06,	4.4500
401.70,	4.4500
402.34,	4.4400
402.99,	4.4500
403.63,	4.4400
404.27,	4.4400
404.91,	4.4400
405.55,	4.4300
406.19,	4.4200
406.83,	4.4100
407.48,	4.4000
408.12,	4.3900
408.76,	4.3800
409.40,	4.3700
410.04,	4.3700
410.68,	4.3600
411.32,	4.3600
411.96,	4.3600
412.60,	4.3700
413.24,	4.3600
413.88,	4.3600
414.52,	4.3700
415.17,	4.3600
415.81,	4.3600
416.45,	4.3600
417.09,	4.3600
417.73,	4.3600
418.37,	4.3600
419.01,	4.3600
419.65,	4.3600
420.29,	4.3500
420.93,	4.3500
421.57,	4.3400
422.21,	4.3300
422.85,	4.3300
423.49,	4.3200
424.13,	4.3200
424.77,	4.3200
425.41,	4.3100
426.05,	4.3100
426.69,	4.3100
427.33,	4.3100
427.97,	4.3100
428.61,	4.3000
429.25,	4.3000
429.89,	4.3000
430.53,	4.3000
431.17,	4.3000
431.80,	4.3000
432.44,	4.2900
433.08,	4.2900
433.72,	4.2900
434.36,	4.2900
435.00,	4.2900
435.64,	4.2900
436.28,	4.2900
436.92,	4.2800
437.56,	4.2800
438.20,	4.2800
438.84,	4.2700
439.47,	4.2700
440.11,	4.2700
440.75,	4.2700
441.39,	4.2600
442.03,	4.2700
442.67,	4.2600
443.31,	4.2600
443.95,	4.2600
444.58,	4.2600
445.22,	4.2600
445.86,	4.2500
446.50,	4.2500
447.14,	4.2500
447.78,	4.2400
448.41,	4.2400
449.05,	4.2400
449.69,	4.2400
450.33,	4.2400
450.97,	4.2400
451.60,	4.2400
452.24,	4.2400
452.88,	4.2300
453.52,	4.2300
454.16,	4.2300
454.79,	4.2200
455.43,	4.2200
456.07,	4.2100
456.71,	4.2100
457.35,	4.2200
457.98,	4.2100
458.62,	4.2100
459.26,	4.2100
459.90,	4.2100
460.53,	4.2100
461.17,	4.2100
461.81,	4.2000
462.44,	4.2000
463.08,	4.1900
463.72,	4.1900
464.36,	4.1800
464.99,	4.1600
465.63,	4.1600
466.27,	4.1600
466.90,	4.1500
467.54,	4.1400
468.18,	4.1400
468.81,	4.1300
469.45,	4.1300
470.09,	4.1300
470.72,	4.1300
471.36,	4.1200
472.00,	4.1200
472.63,	4.1300
473.27,	4.1200
473.91,	4.1200
474.54,	4.1200
475.18,	4.1300
475.82,	4.1300
476.45,	4.1200
477.09,	4.1200
477.73,	4.1200
478.36,	4.1300
479.00,	4.1200
479.63,	4.1200
480.27,	4.1200
480.91,	4.1100
481.54,	4.1100
482.18,	4.1100
482.81,	4.1100
483.45,	4.1000
484.08,	4.0900
484.72,	4.0800
485.36,	4.0800
485.99,	4.0700
486.63,	4.0600
487.26,	4.0600
487.90,	4.0600
488.53,	4.0600
489.17,	4.0600
489.80,	4.0600
490.44,	4.0600
491.07,	4.0500
491.71,	4.0500
492.34,	4.0500
492.98,	4.0500
493.62,	4.0500
494.25,	4.0400
494.89,	4.0400
495.52,	4.0300
496.15,	4.0300
496.79,	4.0300
497.42,	4.0300
498.06,	4.0200
498.69,	4.0200
499.33,	4.0200
499.96,	4.0200
500.60,	4.0200
501.23,	4.0200
501.87,	4.0200
502.50,	4.0200
503.14,	4.0100
503.77,	4.0000
504.40,	3.9900
505.04,	3.9800
505.67,	3.9700
506.31,	3.9700
506.94,	3.9700
507.57,	3.9700
508.21,	3.9700
508.84,	3.9700
509.48,	3.9700
510.11,	3.9700
510.74,	3.9700
511.38,	3.9700
512.01,	3.9600
512.65,	3.9700
513.28,	3.9700
513.91,	3.9600
514.55,	3.9600
515.18,	3.9600
515.81,	3.9600
516.45,	3.9500
517.08,	3.9500
517.71,	3.9400
518.35,	3.9400
518.98,	3.9400
519.61,	3.9300
520.25,	3.9300
520.88,	3.9300
521.51,	3.9300
522.15,	3.9300
522.78,	3.9300
523.41,	3.9200
524.04,	3.9200
524.68,	3.9200
525.31,	3.9200
525.94,	3.9200
526.58,	3.9100
527.21,	3.9100
527.84,	3.9000
528.47,	3.8900
529.11,	3.8900
529.74,	3.8800
530.37,	3.8900
531.00,	3.8800
531.64,	3.8800
532.27,	3.8700
532.90,	3.8700
533.53,	3.8700
534.17,	3.8700
534.80,	3.8700
535.43,	3.8700
536.06,	3.8700
536.69,	3.8600
537.33,	3.8600
537.96,	3.8600
538.59,	3.8600
539.22,	3.8600
539.85,	3.8600
540.48,	3.8500
541.12,	3.8500
541.75,	3.8400
542.38,	3.8400
543.01,	3.8400
543.64,	3.8400
544.27,	3.8400
544.91,	3.8400
545.54,	3.8400
546.17,	3.8300
546.80,	3.8200
547.43,	3.8200
548.06,	3.8100
548.69,	3.8000
549.32,	3.8000
549.95,	3.8000
550.59,	3.7900
551.22,	3.7900
551.85,	3.7800
552.48,	3.7800
553.11,	3.7800
553.74,	3.7800
554.37,	3.7800
555.00,	3.7700
555.63,	3.7800
556.26,	3.7700
556.89,	3.7700
557.52,	3.7700
558.15,	3.7700
558.78,	3.7700
559.42,	3.7700
560.05,	3.7700
560.68,	3.7700
561.31,	3.7700
561.94,	3.7700
562.57,	3.7700
563.20,	3.7700
563.83,	3.7600
564.46,	3.7600
565.09,	3.7500
565.72,	3.7500
566.35,	3.7500
566.98,	3.7600
567.61,	3.7600
568.24,	3.7600
568.87,	3.7500
569.50,	3.7500
570.12,	3.7500
570.75,	3.7500
571.38,	3.7500
572.01,	3.7500
572.64,	3.7500
573.27,	3.7500
573.90,	3.7500
574.53,	3.7400
575.16,	3.7400
575.79,	3.7400
576.42,	3.7300
577.05,	3.7300
577.68,	3.7300
578.31,	3.7300
578.93,	3.7300
579.56,	3.7200
580.19,	3.7200
580.82,	3.7100
581.45,	3.7100
582.08,	3.7100
582.71,	3.7100
583.34,	3.7100
583.97,	3.7000
584.59,	3.7000
585.22,	3.7000
585.85,	3.7000
586.48,	3.6900
587.11,	3.6900
587.74,	3.6800
588.36,	3.6800
588.99,	3.6800
589.62,	3.6700
590.25,	3.6700
590.88,	3.6600
591.50,	3.6700
592.13,	3.6600
592.76,	3.6600
593.39,	3.6600
594.02,	3.6600
594.64,	3.6500
595.27,	3.6500
595.90,	3.6400
596.53,	3.6500
597.16,	3.6400
597.78,	3.6400
598.41,	3.6400
599.04,	3.6400
599.67,	3.6400
600.29,	3.6300
600.92,	3.6300
601.55,	3.6300
602.18,	3.6400
602.80,	3.6400
603.43,	3.6300
604.06,	3.6300
604.68,	3.6300
605.31,	3.6200
605.94,	3.6300
606.57,	3.6200
607.19,	3.6200
607.82,	3.6200
608.45,	3.6100
609.07,	3.6100
609.70,	3.6100
610.33,	3.6000
610.95,	3.6100
611.58,	3.6000
612.21,	3.6000
612.83,	3.6000
613.46,	3.5900
614.09,	3.5900
614.71,	3.6000
615.34,	3.5900
615.97,	3.5900
616.59,	3.5800
617.22,	3.5800
617.84,	3.5800
618.47,	3.5800
619.10,	3.5700
619.72,	3.5800
620.35,	3.5700
620.97,	3.5700
621.60,	3.5700
622.23,	3.5700
622.85,	3.5700
623.48,	3.5600
624.10,	3.5600
624.73,	3.5600
625.35,	3.5700
625.98,	3.5600
626.61,	3.5600
627.23,	3.5600
627.86,	3.5500
628.48,	3.5500
629.11,	3.5500
629.73,	3.5400
630.36,	3.5300
630.98,	3.5300
631.61,	3.5200
632.23,	3.5200
632.86,	3.5200
633.48,	3.5200
634.11,	3.5200
634.73,	3.5100
635.36,	3.5100
635.98,	3.5100
636.61,	3.5000
637.23,	3.5000
637.86,	3.5000
638.48,	3.4900
639.11,	3.4900
639.73,	3.4900
640.36,	3.4900
640.98,	3.4900
641.61,	3.4800
642.23,	3.4800
642.85,	3.4800
643.48,	3.4800
644.10,	3.4700
644.73,	3.4700
645.35,	3.4800
645.98,	3.4800
646.60,	3.4700
647.22,	3.4700
647.85,	3.4700
648.47,	3.4700
649.10,	3.4600
649.72,	3.4500
650.34,	3.4400
650.97,	3.4300
651.59,	3.4300
652.22,	3.4200
652.84,	3.4200
653.46,	3.4200
654.09,	3.4000
654.71,	3.3800
655.33,	3.3700
655.96,	3.3600
656.58,	3.3500
657.20,	3.3500
657.83,	3.3500
658.45,	3.3600
659.07,	3.3600
659.70,	3.3800
660.32,	3.4100
660.94,	3.4200
661.57,	3.4300
662.19,	3.4200
662.81,	3.4200
663.43,	3.4100
664.06,	3.4100
664.68,	3.4100
665.30,	3.4100
665.93,	3.4000
666.55,	3.4000
667.17,	3.3900
667.79,	3.3900
668.42,	3.3900
669.04,	3.4000
669.66,	3.4000
670.28,	3.4000
670.91,	3.4000
671.53,	3.3900
672.15,	3.3800
672.77,	3.3800
673.39,	3.3700
674.02,	3.3500
674.64,	3.3300
675.26,	3.3100
675.88,	3.3000
676.50,	3.2900
677.13,	3.2800
677.75,	3.2700
678.37,	3.2700
678.99,	3.2700
679.61,	3.2600
680.24,	3.2400
680.86,	3.2200
681.48,	3.2000
682.10,	3.1800
682.72,	3.1700
683.34,	3.1700
683.96,	3.1600
684.59,	3.1600
685.21,	3.1700
685.83,	3.1800
686.45,	3.2100
687.07,	3.2500
687.69,	3.2800
688.31,	3.2900
688.93,	3.2900
689.56,	3.2900
690.18,	3.2900
690.80,	3.2900
691.42,	3.2800
692.04,	3.2800
692.66,	3.2800
693.28,	3.2800
693.90,	3.2700
694.52,	3.2600
695.14,	3.2600
695.76,	3.2600
696.38,	3.2600
697.00,	3.2600
697.62,	3.2600
698.25,	3.2600
698.87,	3.2600
699.49,	3.2600
700.11,	3.2500
700.73,	3.2500
701.35,	3.2500
701.97,	3.2500
702.59,	3.2400
703.21,	3.2400
703.83,	3.2400
704.45,	3.2400
705.07,	3.2300
705.69,	3.2300
706.31,	3.2200
706.93,	3.2200
707.55,	3.2200
708.17,	3.2200
708.79,	3.2100
709.40,	3.2100
710.02,	3.2200
710.64,	3.2200
711.26,	3.2200
711.88,	3.2200
712.50,	3.2200
713.12,	3.2200
713.74,	3.2200
714.36,	3.2200
714.98,	3.2200
715.60,	3.2200
716.22,	3.2200
716.84,	3.2200
717.45,	3.2200
718.07,	3.2200
718.69,	3.2200
719.31,	3.2200
719.93,	3.2200
720.55,	3.2200
721.17,	3.2200
721.79,	3.2200
722.41,	3.2100
723.02,	3.2100
723.64,	3.2100
724.26,	3.2100
724.88,	3.2100
725.50,	3.2100
726.12,	3.2100
726.73,	3.2100
727.35,	3.2100
727.97,	3.2100
728.59,	3.2000
729.21,	3.1900
729.83,	3.1900
730.44,	3.1900
731.06,	3.1900
731.68,	3.1900
732.30,	3.1900
732.92,	3.1900
733.53,	3.1900
734.15,	3.1900
734.77,	3.1900
735.39,	3.1900
736.00,	3.1800
736.62,	3.1800
737.24,	3.1700
737.86,	3.1700
738.47,	3.1700
739.09,	3.1600
739.71,	3.1600
740.33,	3.1600
740.94,	3.1600
741.56,	3.1500
742.18,	3.1400
742.79,	3.1400
743.41,	3.1400
744.03,	3.1400
744.65,	3.1400
745.26,	3.1400
745.88,	3.1400
746.50,	3.1400
747.11,	3.1400
747.73,	3.1400
748.35,	3.1400
748.96,	3.1400
749.58,	3.1400
750.20,	3.1400
750.81,	3.1400
751.43,	3.1400
752.05,	3.1400
752.66,	3.1400
753.28,	3.1400
753.90,	3.1400
754.51,	3.1400
755.13,	3.1400
755.74,	3.1400
756.36,	3.1400
756.98,	3.1400
757.59,	3.1300
758.21,	3.1300
758.82,	3.1300
759.44,	3.1300
760.06,	3.1300
760.67,	3.1300
761.29,	3.1300
761.90,	3.1300
762.52,	3.1300
763.14,	3.1300
763.75,	3.1300
764.37,	3.1300
764.98,	3.1300
765.60,	3.1300
766.21,	3.1300
766.83,	3.1300
767.44,	3.1300
768.06,	3.1300
768.67,	3.1300
769.29,	3.1300
769.90,	3.1300
770.52,	3.1300
771.14,	3.1300
771.75,	3.1300
772.37,	3.1300
772.98,	3.1300
773.59,	3.1300
774.21,	3.1300
774.82,	3.1300
775.44,	3.1300
776.05,	3.1200
776.67,	3.1200
777.28,	3.1200
777.90,	3.1200
778.51,	3.1200
779.13,	3.1200
779.74,	3.1200
780.36,	3.1200
780.97,	3.1200
781.58,	3.1200
782.20,	3.1200
782.81,	3.1200
783.43,	3.1200
784.04,	3.1100
784.66,	3.1100
785.27,	3.1100
785.88,	3.1100
786.50,	3.1100
787.11,	3.1100
787.73,	3.1100
788.34,	3.1100
788.95,	3.1100
789.57,	3.1100
790.18,	3.1100
790.79,	3.1100
791.41,	3.1100
792.02,	3.1100
792.63,	3.1100
793.25,	3.1100
793.86,	3.1100
794.47,	3.1200
795.09,	3.1200
795.70,	3.1200
796.31,	3.1200
796.93,	3.1200
797.54,	3.1200
798.15,	3.1200
798.77,	3.1200
799.38,	3.1200
799.99,	3.1200
800.61,	3.1200
801.22,	3.1200
801.83,	3.1200
802.44,	3.1200
803.06,	3.1200
803.67,	3.1200
804.28,	3.1400
804.90,	3.1400
805.51,	3.1500
806.12,	3.1600
806.73,	3.1600
807.34,	3.1600
807.96,	3.1600
808.57,	3.1600
809.18,	3.1600
809.79,	3.1600
810.41,	3.1600
811.02,	3.1600
811.63,	3.1600
812.24,	3.1600
812.85,	3.1600
813.47,	3.1600
814.08,	3.1600
814.69,	3.1600
815.30,	3.1700
815.91,	3.1600
816.53,	3.1600
817.14,	3.1600
817.75,	3.1600
818.36,	3.1600
818.97,	3.1600
819.58,	3.1700
820.20,	3.1700
820.81,	3.1700
821.42,	3.1700
822.03,	3.1700
822.64,	3.1700
823.25,	3.1700
823.86,	3.1600
824.47,	3.1600
825.09,	3.1600
825.70,	3.1700
826.31,	3.1700
826.92,	3.1700
827.53,	3.1700
828.14,	3.1700
828.75,	3.1600
829.36,	3.1600
829.97,	3.1600
830.58,	3.1500
831.19,	3.1400
831.80,	3.1500
832.42,	3.1500
833.03,	3.1500
833.64,	3.1400
834.25,	3.1400
834.86,	3.1400
835.47,	3.1500
836.08,	3.1500
836.69,	3.1400
837.30,	3.1400
837.91,	3.1400
838.52,	3.1300
839.13,	3.1400
839.74,	3.1300
840.35,	3.1400
840.96,	3.1300
841.57,	3.1200
842.18,	3.1300
842.79,	3.1200
843.40,	3.1100
844.01,	3.1100
844.62,	3.1100
845.23,	3.1000
845.84,	3.1000
846.45,	3.1000
847.06,	3.1000
847.67,	3.1000
848.27,	3.1100
848.88,	3.1100
849.49,	3.1100
850.10,	3.1100
850.71,	3.1100
851.32,	3.1200
851.93,	3.1300
852.54,	3.1300
853.15,	3.1300
853.76,	3.1400
854.37,	3.1600
854.98,	3.1600
855.58,	3.1600
856.19,	3.1600
856.80,	3.1600
857.41,	3.1600
858.02,	3.1500
858.63,	3.1500
859.24,	3.1400
859.85,	3.1400
860.45,	3.1400
861.06,	3.1500
861.67,	3.1400
862.28,	3.1400
862.89,	3.1400
863.50,	3.1400
864.10,	3.1400
864.71,	3.1400
865.32,	3.1400
865.93,	3.1400
866.54,	3.1300
867.14,	3.1300
867.75,	3.1300
868.36,	3.1300
868.97,	3.1300
869.58,	3.1300
870.18,	3.1300
870.79,	3.1300
871.40,	3.1300
872.01,	3.1200
872.61,	3.1200
873.22,	3.1300
873.83,	3.1300
874.44,	3.1300
875.04,	3.1200
875.65,	3.1200
876.26,	3.1200
876.87,	3.1200
877.47,	3.1200
878.08,	3.1200
878.69,	3.1200
879.29,	3.1200
879.90,	3.1200
880.51,	3.1200
881.12,	3.1200
881.72,	3.1200
882.33,	3.1100
882.94,	3.1100
883.54,	3.1100
884.15,	3.1100
884.76,	3.1100
885.36,	3.1100
885.97,	3.1200
886.58,	3.1100
887.18,	3.1100
887.79,	3.1100
888.40,	3.1100
889.00,	3.1100
889.61,	3.1100
890.22,	3.1100
890.82,	3.1100
891.43,	3.1100
892.03,	3.1100
892.64,	3.1100
893.25,	3.1200
893.85,	3.1100
894.46,	3.1100
895.06,	3.1100
895.67,	3.1100
896.28,	3.1100
896.88,	3.1200
897.49,	3.1200
898.09,	3.1100
898.70,	3.1100
899.30,	3.1100
899.91,	3.1100
900.52,	3.1100
901.12,	3.1100
901.73,	3.1100
902.33,	3.1100
902.94,	3.1100
903.54,	3.1100
904.15,	3.1100
904.75,	3.1100
905.36,	3.1100
905.96,	3.1100
906.57,	3.1100
907.17,	3.1100
907.78,	3.1100
908.38,	3.1100
908.99,	3.1000
909.59,	3.1000
910.20,	3.1000
910.80,	3.1100
911.41,	3.1100
912.01,	3.1100
912.62,	3.1100
913.22,	3.1100
913.83,	3.1100
914.43,	3.1100
915.03,	3.1100
915.64,	3.1100
916.24,	3.1100
916.85,	3.1100
917.45,	3.1100
918.06,	3.1100
918.66,	3.1100
919.26,	3.1100
919.87,	3.1100
920.47,	3.1100
921.08,	3.1100
921.68,	3.1100
922.28,	3.1100
922.89,	3.1100
923.49,	3.1100
924.10,	3.1100
924.70,	3.1100
925.30,	3.1100
925.91,	3.1100
926.51,	3.1100
927.11,	3.1100
927.72,	3.1100
928.32,	3.1000
928.92,	3.1000
929.53,	3.1000
930.13,	3.1000
930.74,	3.1000
931.34,	3.1000
931.94,	3.1000
932.54,	3.1000
933.15,	3.1000
933.75,	3.1000
934.35,	3.1000
934.96,	3.1000
935.56,	3.1000
936.16,	3.1000
936.77,	3.1000
937.37,	3.1000
937.97,	3.1000
938.57,	3.1000
939.18,	3.1000
939.78,	3.1000
940.38,	3.1000
940.98,	3.1000
941.59,	3.1000
942.19,	3.1000
942.79,	3.1100
943.39,	3.1000
944.00,	3.1100
944.60,	3.1000
945.20,	3.1000
945.80,	3.1100
946.40,	3.1100
947.01,	3.1100
947.61,	3.1100
948.21,	3.1100
948.81,	3.1100
949.41,	3.1500
950.02,	3.2500
950.62,	4.9300
951.22,	11.2800
951.82,	16.5200
952.42,	18.1800
953.02,	19.1700
953.63,	19.9900
954.23,	20.9900
954.83,	35.1800
955.43,	35.5000
956.03,	35.5000
956.63,	35.5000
957.24,	35.5000
957.84,	35.5000
958.44,	35.5000
959.04,	35.5000
959.64,	35.5000
960.24,	35.5000
960.84,	35.5000
961.44,	35.5000
962.04,	35.5000
962.64,	35.5000
963.25,	35.5000
963.85,	35.5000
964.45,	35.5000
965.05,	35.5000
965.65,	35.5000
966.25,	35.5000
966.85,	35.5000
967.45,	35.5000
968.05,	35.5000
968.65,	35.5000
969.25,	35.5000
969.85,	35.5000
970.45,	35.5000
971.05,	35.5000
971.65,	35.5000
972.25,	35.5000
972.85,	35.5000
973.45,	35.5000
974.05,	35.5000
974.65,	35.5000
975.25,	35.5000
975.85,	35.5000
976.45,	35.5000
977.05,	35.5000
977.65,	35.5000
978.25,	35.5000
978.85,	35.5000
979.45,	35.5000
980.05,	35.5000
980.65,	35.5000
981.25,	35.5000
981.85,	35.5000
982.45,	35.5000
983.05,	35.5000
983.65,	35.5000
984.25,	35.5000
984.85,	35.5000
985.45,	35.5000
986.04,	35.5000
986.64,	35.5000
987.24,	35.5000
987.84,	8.0900
988.44,	-2.5200
989.04,	-2.5200
989.64,	-2.5200
990.24,	-2.5200
990.84,	-2.5200
991.44,	-2.5200
992.03,	-2.5200
992.63,	-2.5200
993.23,	-2.5200
993.83,	-2.5200
994.43,	-2.5200
995.03,	-2.5200
995.63,	-2.5200
996.22,	-2.5200
996.82,	-2.5200
997.42,	-2.5200
998.02,	-2.5200
998.62,	-2.5200
999.21,	-2.5200
999.81,	-2.5200
1000.41,	-2.5200
