Call Sign = ZSDA,	Ship Name = SA Agulhas,	Lloyds Num = 0
Date = 02/01/2017,	Time = 02:10,	
Latitude = 50 59.95  S,	Longitude = 000 28.07  E
Instr = Sippican Deep Blue,	Card Type = Sippican MK-21,	
Wind Instr = ,	Measur Method = 
Probe Serial Num = -1,	Ship Dir = -1,	Ship Speed = -1.00
Wind Dir = 293,	Wind Speed = 17.30
Dry Bulb Temp = -1.00,	Total Water Depth = -1.00

Full Resolution Values
Depth,	 Temp
0.67,	3.1800
1.34,	3.0900
2.01,	3.0500
2.68,	3.0500
3.34,	3.0500
4.01,	3.0500
4.68,	3.0200
5.35,	3.0000
6.02,	3.0400
6.69,	3.0600
7.36,	3.0600
8.03,	3.0600
8.69,	3.0700
9.36,	3.0700
10.03,	3.0600
10.70,	3.0600
11.37,	3.0700
12.04,	3.0700
12.70,	3.0700
13.37,	3.0600
14.04,	3.0600
14.71,	3.0600
15.38,	3.0600
16.05,	3.0600
16.71,	3.0600
17.38,	3.0600
18.05,	3.0600
18.72,	3.0600
19.38,	3.0600
20.05,	3.0600
20.72,	3.0600
21.39,	3.0600
22.06,	3.0600
22.72,	3.0600
23.39,	3.0600
24.06,	3.0600
24.73,	3.0600
25.39,	3.0600
26.06,	3.0600
26.73,	3.0600
27.40,	3.0600
28.06,	3.0600
28.73,	3.0600
29.40,	3.0600
30.06,	3.0600
30.73,	3.0600
31.40,	3.0500
32.06,	3.0500
32.73,	3.0400
33.40,	3.0300
34.07,	3.0300
34.73,	3.0300
35.40,	3.0200
36.07,	3.0000
36.73,	3.0000
37.40,	2.9900
38.07,	2.9700
38.73,	2.9600
39.40,	2.9500
40.06,	2.9500
40.73,	2.9500
41.40,	2.9500
42.06,	2.9500
42.73,	2.9500
43.40,	2.9500
44.06,	2.9500
44.73,	2.9500
45.39,	2.9500
46.06,	2.9500
46.73,	2.9500
47.39,	2.9500
48.06,	2.9500
48.72,	2.9400
49.39,	2.9400
50.06,	2.9500
50.72,	2.9500
51.39,	2.9500
52.05,	2.9400
52.72,	2.9500
53.38,	2.9400
54.05,	2.9400
54.71,	2.9400
55.38,	2.9400
56.05,	2.9400
56.71,	2.9400
57.38,	2.9400
58.04,	2.9400
58.71,	2.9400
59.37,	2.9500
60.04,	2.9500
60.70,	2.9400
61.37,	2.9400
62.03,	2.9400
62.70,	2.9400
63.36,	2.9400
64.03,	2.9400
64.69,	2.9400
65.36,	2.9400
66.02,	2.9400
66.69,	2.9400
67.35,	2.9300
68.01,	2.9300
68.68,	2.9300
69.34,	2.9400
70.01,	2.9400
70.67,	2.9300
71.34,	2.9400
72.00,	2.9400
72.66,	2.9400
73.33,	2.9400
73.99,	2.9300
74.66,	2.9300
75.32,	2.9400
75.98,	2.9400
76.65,	2.9400
77.31,	2.9400
77.98,	2.9300
78.64,	2.9400
79.30,	2.9400
79.97,	2.9400
80.63,	2.9400
81.30,	2.9400
81.96,	2.9300
82.62,	2.9300
83.29,	2.9400
83.95,	2.9300
84.61,	2.9300
85.28,	2.9300
85.94,	2.9300
86.60,	2.9400
87.27,	2.9400
87.93,	2.9300
88.59,	2.9300
89.26,	2.9400
89.92,	2.9400
90.58,	2.9300
91.24,	2.9300
91.91,	2.9300
92.57,	2.9300
93.23,	2.9300
93.90,	2.9300
94.56,	2.9300
95.22,	2.9200
95.88,	2.9200
96.55,	2.9200
97.21,	2.9100
97.87,	2.9100
98.53,	2.9100
99.20,	2.9000
99.86,	2.8800
100.52,	2.8400
101.18,	2.8000
101.85,	2.7400
102.51,	2.6900
103.17,	2.6400
103.83,	2.5900
104.49,	2.5200
105.16,	2.4700
105.82,	2.4300
106.48,	2.4100
107.14,	2.4000
107.80,	2.3900
108.47,	2.3600
109.13,	2.3400
109.79,	2.3100
110.45,	2.2800
111.11,	2.2600
111.77,	2.2300
112.44,	2.2100
113.10,	2.1800
113.76,	2.1600
114.42,	2.1300
115.08,	2.1100
115.74,	2.0600
116.40,	1.9700
117.06,	1.8500
117.73,	1.7700
118.39,	1.7000
119.05,	1.6100
119.71,	1.5600
120.37,	1.5200
121.03,	1.5100
121.69,	1.5000
122.35,	1.5000
123.01,	1.4900
123.67,	1.4900
124.33,	1.4900
125.00,	1.4800
125.66,	1.4800
126.32,	1.4700
126.98,	1.4600
127.64,	1.4400
128.30,	1.4300
128.96,	1.4300
129.62,	1.4300
130.28,	1.4300
130.94,	1.4200
131.60,	1.4200
132.26,	1.4000
132.92,	1.3500
133.58,	1.2900
134.24,	1.2400
134.90,	1.2200
135.56,	1.2100
136.22,	1.1900
136.88,	1.1800
137.54,	1.1700
138.20,	1.1600
138.86,	1.1600
139.52,	1.1500
140.18,	1.1400
140.84,	1.1300
141.50,	1.1100
142.16,	1.1000
142.82,	1.0900
143.48,	1.0700
144.14,	1.0400
144.79,	1.0100
145.45,	0.9700
146.11,	0.9400
146.77,	0.9100
147.43,	0.8800
148.09,	0.8600
148.75,	0.8400
149.41,	0.8400
150.07,	0.8300
150.73,	0.8200
151.39,	0.8100
152.04,	0.8100
152.70,	0.8100
153.36,	0.8100
154.02,	0.8000
154.68,	0.8000
155.34,	0.8000
156.00,	0.7900
156.65,	0.7900
157.31,	0.7800
157.97,	0.7800
158.63,	0.7800
159.29,	0.7700
159.95,	0.7800
160.60,	0.7800
161.26,	0.7800
161.92,	0.7800
162.58,	0.7800
163.24,	0.7800
163.90,	0.7700
164.55,	0.7800
165.21,	0.7800
165.87,	0.7800
166.53,	0.7800
167.18,	0.7800
167.84,	0.7800
168.50,	0.7800
169.16,	0.7800
169.82,	0.7800
170.47,	0.7800
171.13,	0.7900
171.79,	0.7900
172.44,	0.7900
173.10,	0.7900
173.76,	0.7900
174.42,	0.7900
175.07,	0.7900
175.73,	0.7900
176.39,	0.7900
177.05,	0.7900
177.70,	0.7900
178.36,	0.7900
179.02,	0.7900
179.67,	0.7900
180.33,	0.7900
180.99,	0.8000
181.64,	0.8000
182.30,	0.7900
182.96,	0.8000
183.61,	0.8000
184.27,	0.8000
184.93,	0.8000
185.58,	0.8000
186.24,	0.8000
186.90,	0.8100
187.55,	0.8100
188.21,	0.8200
188.87,	0.8200
189.52,	0.8200
190.18,	0.8400
190.83,	0.8600
191.49,	0.8700
192.15,	0.8900
192.80,	0.9100
193.46,	0.9200
194.11,	0.9400
194.77,	0.9400
195.43,	0.9500
196.08,	0.9600
196.74,	0.9900
197.39,	1.0200
198.05,	1.0300
198.70,	1.0400
199.36,	1.0600
200.02,	1.0800
200.67,	1.0900
201.33,	1.1000
201.98,	1.1000
202.64,	1.1100
203.29,	1.1100
203.95,	1.1200
204.60,	1.1200
205.26,	1.1300
205.91,	1.1300
206.57,	1.1400
207.22,	1.1500
207.88,	1.1500
208.53,	1.1500
209.19,	1.1600
209.84,	1.1700
210.50,	1.1700
211.15,	1.1800
211.81,	1.1800
212.46,	1.1800
213.12,	1.1800
213.77,	1.1900
214.43,	1.1900
215.08,	1.1900
215.74,	1.1900
216.39,	1.1900
217.04,	1.2000
217.70,	1.2000
218.35,	1.2000
219.01,	1.2000
219.66,	1.2100
220.32,	1.2100
220.97,	1.2100
221.62,	1.2100
222.28,	1.2200
222.93,	1.2200
223.59,	1.2300
224.24,	1.2400
224.89,	1.2500
225.55,	1.2600
226.20,	1.2700
226.85,	1.2900
227.51,	1.3000
228.16,	1.3100
228.81,	1.3200
229.47,	1.3200
230.12,	1.3300
230.78,	1.3300
231.43,	1.3400
232.08,	1.3500
232.74,	1.3700
233.39,	1.4000
234.04,	1.4300
234.69,	1.4500
235.35,	1.4900
236.00,	1.5200
236.65,	1.5400
237.31,	1.5500
237.96,	1.5600
238.61,	1.5600
239.27,	1.5700
239.92,	1.5800
240.57,	1.5800
241.22,	1.5900
241.88,	1.5900
242.53,	1.6000
243.18,	1.6000
243.83,	1.6000
244.49,	1.6000
245.14,	1.6000
245.79,	1.6000
246.44,	1.6000
247.10,	1.6000
247.75,	1.6100
248.40,	1.6100
249.05,	1.6100
249.70,	1.6100
250.36,	1.6200
251.01,	1.6200
251.66,	1.6300
252.31,	1.6400
252.96,	1.6500
253.62,	1.6600
254.27,	1.6700
254.92,	1.6700
255.57,	1.6700
256.22,	1.6800
256.88,	1.6800
257.53,	1.6800
258.18,	1.6800
258.83,	1.6800
259.48,	1.6800
260.13,	1.6900
260.78,	1.6900
261.44,	1.6900
262.09,	1.6900
262.74,	1.6900
263.39,	1.7000
264.04,	1.7100
264.69,	1.7300
265.34,	1.7300
265.99,	1.7400
266.64,	1.7500
267.29,	1.7600
267.95,	1.7700
268.60,	1.7800
269.25,	1.8000
269.90,	1.8100
270.55,	1.8200
271.20,	1.8300
271.85,	1.8500
272.50,	1.8600
273.15,	1.8700
273.80,	1.8800
274.45,	1.8800
275.10,	1.8900
275.75,	1.8900
276.40,	1.9000
277.05,	1.9000
277.70,	1.9100
278.35,	1.9200
279.00,	1.9300
279.65,	1.9400
280.30,	1.9400
280.95,	1.9500
281.60,	1.9500
282.25,	1.9600
282.90,	1.9600
283.55,	1.9700
284.20,	1.9700
284.85,	1.9800
285.50,	1.9800
286.15,	1.9900
286.80,	1.9900
287.45,	1.9900
288.10,	2.0000
288.75,	2.0100
289.40,	2.0100
290.05,	2.0100
290.70,	2.0100
291.35,	2.0100
292.00,	2.0100
292.64,	2.0200
293.29,	2.0200
293.94,	2.0200
294.59,	2.0300
295.24,	2.0400
295.89,	2.0400
296.54,	2.0500
297.19,	2.0500
297.84,	2.0500
298.49,	2.0500
299.13,	2.0500
299.78,	2.0500
300.43,	2.0500
301.08,	2.0500
301.73,	2.0500
302.38,	2.0500
303.02,	2.0500
303.67,	2.0600
304.32,	2.0600
304.97,	2.0600
305.62,	2.0600
306.27,	2.0600
306.91,	2.0600
307.56,	2.0600
308.21,	2.0700
308.86,	2.0700
309.51,	2.0800
310.15,	2.0900
310.80,	2.0900
311.45,	2.0900
312.10,	2.0900
312.75,	2.0900
313.39,	2.0900
314.04,	2.0900
314.69,	2.0900
315.34,	2.1000
315.98,	2.1000
316.63,	2.1000
317.28,	2.1000
317.93,	2.1000
318.57,	2.1100
319.22,	2.1100
319.87,	2.1100
320.52,	2.1200
321.16,	2.1200
321.81,	2.1200
322.46,	2.1200
323.10,	2.1200
323.75,	2.1200
324.40,	2.1200
325.04,	2.1200
325.69,	2.1200
326.34,	2.1200
326.99,	2.1300
327.63,	2.1300
328.28,	2.1300
328.93,	2.1300
329.57,	2.1300
330.22,	2.1300
330.86,	2.1400
331.51,	2.1400
332.16,	2.1400
332.80,	2.1400
333.45,	2.1400
334.10,	2.1400
334.74,	2.1400
335.39,	2.1400
336.03,	2.1400
336.68,	2.1400
337.33,	2.1400
337.97,	2.1500
338.62,	2.1500
339.26,	2.1500
339.91,	2.1500
340.56,	2.1500
341.20,	2.1500
341.85,	2.1500
342.49,	2.1500
343.14,	2.1500
343.78,	2.1500
344.43,	2.1500
345.08,	2.1600
345.72,	2.1600
346.37,	2.1600
347.01,	2.1700
347.66,	2.1800
348.30,	2.1800
348.95,	2.1900
349.59,	2.1900
350.24,	2.1900
350.88,	2.2000
351.53,	2.2000
352.17,	2.2000
352.82,	2.1900
353.46,	2.1900
354.11,	2.2000
354.75,	2.2000
355.40,	2.2100
356.04,	2.2200
356.69,	2.2200
357.33,	2.2300
357.98,	2.2400
358.62,	2.2400
359.27,	2.2500
359.91,	2.2600
360.55,	2.2600
361.20,	2.2600
361.84,	2.2700
362.49,	2.2700
363.13,	2.2700
363.78,	2.2700
364.42,	2.2800
365.06,	2.2800
365.71,	2.2800
366.35,	2.2800
367.00,	2.2700
367.64,	2.2700
368.28,	2.2700
368.93,	2.2700
369.57,	2.2700
370.22,	2.2700
370.86,	2.2700
371.50,	2.2700
372.15,	2.2700
372.79,	2.2700
373.43,	2.2700
374.08,	2.2700
374.72,	2.2700
375.36,	2.2800
376.01,	2.2700
376.65,	2.2700
377.29,	2.2700
377.94,	2.2700
378.58,	2.2700
379.22,	2.2700
379.87,	2.2700
380.51,	2.2700
381.15,	2.2800
381.79,	2.2700
382.44,	2.2700
383.08,	2.2700
383.72,	2.2700
384.37,	2.2700
385.01,	2.2800
385.65,	2.2800
386.29,	2.2800
386.94,	2.2800
387.58,	2.2800
388.22,	2.2800
388.86,	2.2800
389.51,	2.2800
390.15,	2.2800
390.79,	2.2800
391.43,	2.2800
392.08,	2.2800
392.72,	2.2800
393.36,	2.2900
394.00,	2.2900
394.64,	2.2900
395.29,	2.2900
395.93,	2.2900
396.57,	2.2900
397.21,	2.2900
397.85,	2.2900
398.50,	2.2800
399.14,	2.2800
399.78,	2.2900
400.42,	2.2800
401.06,	2.2800
401.70,	2.2900
402.34,	2.2900
402.99,	2.2900
403.63,	2.2900
404.27,	2.2900
404.91,	2.2900
405.55,	2.2900
406.19,	2.2900
406.83,	2.2900
407.48,	2.2900
408.12,	2.3000
408.76,	2.3000
409.40,	2.3000
410.04,	2.3000
410.68,	2.3000
411.32,	2.3100
411.96,	2.3100
412.60,	2.3100
413.24,	2.3100
413.88,	2.3100
414.52,	2.3100
415.17,	2.3100
415.81,	2.3100
416.45,	2.3100
417.09,	2.3100
417.73,	2.3100
418.37,	2.3100
419.01,	2.3100
419.65,	2.3100
420.29,	2.3100
420.93,	2.3100
421.57,	2.3100
422.21,	2.3100
422.85,	2.3100
423.49,	2.3100
424.13,	2.3100
424.77,	2.3100
425.41,	2.3100
426.05,	2.3100
426.69,	2.3200
427.33,	2.3300
427.97,	2.3300
428.61,	2.3200
429.25,	2.3200
429.89,	2.3300
430.53,	2.3300
431.17,	2.3300
431.80,	2.3300
432.44,	2.3300
433.08,	2.3300
433.72,	2.3300
434.36,	2.3300
435.00,	2.3400
435.64,	2.3300
436.28,	2.3300
436.92,	2.3400
437.56,	2.3300
438.20,	2.3300
438.84,	2.3400
439.47,	2.3400
440.11,	2.3400
440.75,	2.3400
441.39,	2.3400
442.03,	2.3300
442.67,	2.3400
443.31,	2.3400
443.95,	2.3400
444.58,	2.3400
445.22,	2.3400
445.86,	2.3300
446.50,	2.3400
447.14,	2.3400
447.78,	2.3400
448.41,	2.3400
449.05,	2.3400
449.69,	2.3300
450.33,	2.3400
450.97,	2.3400
451.60,	2.3400
452.24,	2.3400
452.88,	2.3400
453.52,	2.3400
454.16,	2.3400
454.79,	2.3300
455.43,	2.3300
456.07,	2.3400
456.71,	2.3300
457.35,	2.3400
457.98,	2.3400
458.62,	2.3400
459.26,	2.3400
459.90,	2.3400
460.53,	2.3400
461.17,	2.3400
461.81,	2.3400
462.44,	2.3400
463.08,	2.3400
463.72,	2.3400
464.36,	2.3300
464.99,	2.3400
465.63,	2.3400
466.27,	2.3300
466.90,	2.3400
467.54,	2.3400
468.18,	2.3300
468.81,	2.3300
469.45,	2.3400
470.09,	2.3300
470.72,	2.3300
471.36,	2.3300
472.00,	2.3300
472.63,	2.3300
473.27,	2.3300
473.91,	2.3400
474.54,	2.3300
475.18,	2.3300
475.82,	2.3300
476.45,	2.3300
477.09,	2.3300
477.73,	2.3300
478.36,	2.3300
479.00,	2.3300
479.63,	2.3300
480.27,	2.3300
480.91,	2.3400
481.54,	2.3400
482.18,	2.3300
482.81,	2.3300
483.45,	2.3300
484.08,	2.3300
484.72,	2.3400
485.36,	2.3400
485.99,	2.3300
486.63,	2.3300
487.26,	2.3300
487.90,	2.3300
488.53,	2.3400
489.17,	2.3400
489.80,	2.3400
490.44,	2.3300
491.07,	2.3300
491.71,	2.3400
492.34,	2.3400
492.98,	2.3400
493.62,	2.3400
494.25,	2.3400
494.89,	2.3400
495.52,	2.3400
496.15,	2.3400
496.79,	2.3400
497.42,	2.3400
498.06,	2.3400
498.69,	2.3400
499.33,	2.3400
499.96,	2.3400
500.60,	2.3400
501.23,	2.3400
501.87,	2.3400
502.50,	2.3400
503.14,	2.3400
503.77,	2.3400
504.40,	2.3400
505.04,	2.3400
505.67,	2.3400
506.31,	2.3400
506.94,	2.3400
507.57,	2.3400
508.21,	2.3400
508.84,	2.3500
509.48,	2.3400
510.11,	2.3400
510.74,	2.3400
511.38,	2.3400
512.01,	2.3400
512.65,	2.3400
513.28,	2.3500
513.91,	2.3500
514.55,	2.3400
515.18,	2.3400
515.81,	2.3400
516.45,	2.3400
517.08,	2.3400
517.71,	2.3400
518.35,	2.3300
518.98,	2.3300
519.61,	2.3300
520.25,	2.3200
520.88,	2.3200
521.51,	2.3200
522.15,	2.3200
522.78,	2.3200
523.41,	2.3200
524.04,	2.3200
524.68,	2.3200
525.31,	2.3200
525.94,	2.3200
526.58,	2.3200
527.21,	2.3200
527.84,	2.3200
528.47,	2.3200
529.11,	2.3200
529.74,	2.3200
530.37,	2.3100
531.00,	2.3100
531.64,	2.3100
532.27,	2.3100
532.90,	2.3100
533.53,	2.3100
534.17,	2.3100
534.80,	2.3100
535.43,	2.3100
536.06,	2.3100
536.69,	2.3100
537.33,	2.3100
537.96,	2.3100
538.59,	2.3100
539.22,	2.3000
539.85,	2.3000
540.48,	2.3000
541.12,	2.3000
541.75,	2.3000
542.38,	2.3000
543.01,	2.3000
543.64,	2.3000
544.27,	2.3000
544.91,	2.3000
545.54,	2.3000
546.17,	2.3000
546.80,	2.3000
547.43,	2.3000
548.06,	2.3000
548.69,	2.3000
549.32,	2.3000
549.95,	2.3000
550.59,	2.2900
551.22,	2.3000
551.85,	2.2900
552.48,	2.2900
553.11,	2.3000
553.74,	2.3000
554.37,	2.2900
555.00,	2.2900
555.63,	2.2900
556.26,	2.2900
556.89,	2.3000
557.52,	2.3000
558.15,	2.2900
558.78,	2.2900
559.42,	2.2900
560.05,	2.2900
560.68,	2.3000
561.31,	2.3000
561.94,	2.3000
562.57,	2.3000
563.20,	2.3000
563.83,	2.2900
564.46,	2.3000
565.09,	2.3000
565.72,	2.3000
566.35,	2.3000
566.98,	2.3000
567.61,	2.3000
568.24,	2.3000
568.87,	2.2900
569.50,	2.3000
570.12,	2.3000
570.75,	2.3000
571.38,	2.3000
572.01,	2.3000
572.64,	2.3000
573.27,	2.3000
573.90,	2.3000
574.53,	2.3000
575.16,	2.3000
575.79,	2.3000
576.42,	2.3000
577.05,	2.3000
577.68,	2.3000
578.31,	2.2900
578.93,	2.3000
579.56,	2.2900
580.19,	2.2900
580.82,	2.3000
581.45,	2.3000
582.08,	2.3000
582.71,	2.3000
583.34,	2.2900
583.97,	2.3000
584.59,	2.2900
585.22,	2.2900
585.85,	2.2900
586.48,	2.2900
587.11,	2.2900
587.74,	2.2900
588.36,	2.2900
588.99,	2.2900
589.62,	2.2900
590.25,	2.2900
590.88,	2.2900
591.50,	2.2900
592.13,	2.2800
592.76,	2.2800
593.39,	2.2800
594.02,	2.2900
594.64,	2.2900
595.27,	2.2800
595.90,	2.2800
596.53,	2.2800
597.16,	2.2800
597.78,	2.2900
598.41,	2.2900
599.04,	2.2800
599.67,	2.2900
600.29,	2.2900
600.92,	2.2900
601.55,	2.2900
602.18,	2.2900
602.80,	2.2900
603.43,	2.2900
604.06,	2.2900
604.68,	2.2900
605.31,	2.2900
605.94,	2.2900
606.57,	2.2900
607.19,	2.2900
607.82,	2.2900
608.45,	2.2800
609.07,	2.2900
609.70,	2.2900
610.33,	2.2800
610.95,	2.2800
611.58,	2.2800
612.21,	2.2900
612.83,	2.2900
613.46,	2.2900
614.09,	2.2900
614.71,	2.2900
615.34,	2.2900
615.97,	2.2800
616.59,	2.2900
617.22,	2.2900
617.84,	2.2900
618.47,	2.2800
619.10,	2.2800
619.72,	2.2800
620.35,	2.2800
620.97,	2.2800
621.60,	2.2900
622.23,	2.2800
622.85,	2.2900
623.48,	2.2900
624.10,	2.2800
624.73,	2.2800
625.35,	2.2800
625.98,	2.2800
626.61,	2.2900
627.23,	2.2900
627.86,	2.2900
628.48,	2.2900
629.11,	2.2900
629.73,	2.2900
630.36,	2.2800
630.98,	2.2800
631.61,	2.2800
632.23,	2.2800
632.86,	2.2800
633.48,	2.2800
634.11,	2.2800
634.73,	2.2800
635.36,	2.2800
635.98,	2.2800
636.61,	2.2900
637.23,	2.2800
637.86,	2.2800
638.48,	2.2800
639.11,	2.2800
639.73,	2.2800
640.36,	2.2800
640.98,	2.2800
641.61,	2.2800
642.23,	2.2800
642.85,	2.2800
643.48,	2.2800
644.10,	2.2700
644.73,	2.2700
645.35,	2.2800
645.98,	2.2700
646.60,	2.2700
647.22,	2.2700
647.85,	2.2700
648.47,	2.2700
649.10,	2.2700
649.72,	2.2700
650.34,	2.2700
650.97,	2.2700
651.59,	2.2700
652.22,	2.2700
652.84,	2.2700
653.46,	2.2700
654.09,	2.2700
654.71,	2.2700
655.33,	2.2700
655.96,	2.2700
656.58,	2.2700
657.20,	2.2700
657.83,	2.2700
658.45,	2.2700
659.07,	2.2700
659.70,	2.2700
660.32,	2.2700
660.94,	2.2600
661.57,	2.2700
662.19,	2.2700
662.81,	2.2700
663.43,	2.2700
664.06,	2.2700
664.68,	2.2600
665.30,	2.2700
665.93,	2.2700
666.55,	2.2700
667.17,	2.2700
667.79,	2.2700
668.42,	2.2600
669.04,	2.2600
669.66,	2.2600
670.28,	2.2700
670.91,	2.2700
671.53,	2.2700
672.15,	2.2700
672.77,	2.2700
673.39,	2.2700
674.02,	2.2700
674.64,	2.2700
675.26,	2.2700
675.88,	2.2600
676.50,	2.2700
677.13,	2.2700
677.75,	2.2700
678.37,	2.2700
678.99,	2.2700
679.61,	2.2600
680.24,	2.2600
680.86,	2.2600
681.48,	2.2600
682.10,	2.2600
682.72,	2.2600
683.34,	2.2600
683.96,	2.2600
684.59,	2.2600
685.21,	2.2600
685.83,	2.2700
686.45,	2.2700
687.07,	2.2700
687.69,	2.2600
688.31,	2.2700
688.93,	2.2700
689.56,	2.2600
690.18,	2.2700
690.80,	2.2700
691.42,	2.2700
692.04,	2.2700
692.66,	2.2700
693.28,	2.2700
693.90,	2.2700
694.52,	2.2700
695.14,	2.2700
695.76,	2.2700
696.38,	2.2700
697.00,	2.2700
697.62,	2.2700
698.25,	2.2700
698.87,	2.2700
699.49,	2.2700
700.11,	2.2700
700.73,	2.2700
701.35,	2.2600
701.97,	2.2700
702.59,	2.2700
703.21,	2.2700
703.83,	2.2700
704.45,	2.2600
705.07,	2.2700
705.69,	2.2700
706.31,	2.2700
706.93,	2.2600
707.55,	2.2600
708.17,	2.2700
708.79,	2.2600
709.40,	2.2700
710.02,	2.2700
710.64,	2.2700
711.26,	2.2700
711.88,	2.2700
712.50,	2.2700
713.12,	2.2700
713.74,	2.2700
714.36,	2.2700
714.98,	2.2700
715.60,	2.2700
716.22,	2.2700
716.84,	2.2700
717.45,	2.2700
718.07,	2.2700
718.69,	2.2700
719.31,	2.2700
719.93,	2.2700
720.55,	2.2700
721.17,	2.2700
721.79,	2.2700
722.41,	2.2700
723.02,	2.2700
723.64,	2.2700
724.26,	2.2700
724.88,	2.2700
725.50,	2.2700
726.12,	2.2700
726.73,	2.2700
727.35,	2.2700
727.97,	2.2700
728.59,	2.2700
729.21,	2.2700
729.83,	2.2700
730.44,	2.2700
731.06,	2.2700
731.68,	2.2700
732.30,	2.2700
732.92,	2.2700
733.53,	2.2700
734.15,	2.2700
734.77,	2.2700
735.39,	2.2700
736.00,	2.2700
736.62,	2.2700
737.24,	2.2800
737.86,	2.2800
738.47,	2.2700
739.09,	2.2700
739.71,	2.2700
740.33,	2.2700
740.94,	2.2700
741.56,	2.2700
742.18,	2.2700
742.79,	2.2700
743.41,	2.2700
744.03,	2.2700
744.65,	2.2700
745.26,	2.2700
745.88,	2.2700
746.50,	2.2700
747.11,	2.2700
747.73,	2.2700
748.35,	2.2700
748.96,	2.2700
749.58,	2.2700
750.20,	2.2700
750.81,	2.2700
751.43,	2.2700
752.05,	2.2700
752.66,	2.2700
753.28,	2.2700
753.90,	2.2700
754.51,	2.2700
755.13,	2.2700
755.74,	2.2700
756.36,	2.2700
756.98,	2.2700
757.59,	2.2700
758.21,	2.2800
758.82,	2.2800
759.44,	2.2800
760.06,	2.2800
760.67,	2.2700
761.29,	2.2800
761.90,	2.2800
762.52,	2.2800
763.14,	2.2800
763.75,	2.2800
764.37,	2.2800
764.98,	2.2800
765.60,	2.2700
766.21,	2.2700
766.83,	2.2800
767.44,	2.2800
768.06,	2.2700
768.67,	2.2800
769.29,	2.2800
769.90,	2.2800
770.52,	2.2800
771.14,	2.2700
771.75,	2.2800
772.37,	2.2800
772.98,	2.2800
773.59,	2.2800
774.21,	2.2800
774.82,	2.2800
775.44,	2.2800
776.05,	2.2700
776.67,	2.2800
777.28,	2.2800
777.90,	2.2800
778.51,	2.2800
779.13,	2.2800
779.74,	2.2800
780.36,	2.2800
780.97,	2.2800
781.58,	2.2800
782.20,	2.2800
782.81,	2.2800
783.43,	2.2800
784.04,	2.2800
784.66,	2.2700
785.27,	2.2700
785.88,	2.2800
786.50,	2.2800
787.11,	2.2800
787.73,	2.2800
788.34,	2.2800
788.95,	2.2700
789.57,	2.2700
790.18,	2.2700
790.79,	2.2700
791.41,	2.2700
792.02,	2.2700
792.63,	2.2700
793.25,	2.2700
793.86,	2.2700
794.47,	2.2700
795.09,	2.2700
795.70,	2.2700
796.31,	2.2700
796.93,	2.2700
797.54,	2.2700
798.15,	2.2700
798.77,	2.2700
799.38,	2.2700
799.99,	2.2700
800.61,	2.2700
801.22,	2.2700
801.83,	2.2700
802.44,	2.2700
803.06,	2.2700
803.67,	2.2700
804.28,	2.2700
804.90,	2.2700
805.51,	2.2700
806.12,	2.2700
806.73,	2.2700
807.34,	2.2600
807.96,	2.2600
808.57,	2.2600
809.18,	2.2600
809.79,	2.2500
810.41,	2.2500
811.02,	2.2500
811.63,	2.2500
812.24,	2.2500
812.85,	2.2500
813.47,	2.2500
814.08,	2.2500
814.69,	2.2500
815.30,	2.2500
815.91,	2.2500
816.53,	2.2500
817.14,	2.2500
817.75,	2.2500
818.36,	2.2500
818.97,	2.2500
819.58,	2.2500
820.20,	2.2500
820.81,	2.2500
821.42,	2.2500
822.03,	2.2500
822.64,	2.2400
823.25,	2.2400
823.86,	2.2400
824.47,	2.2400
825.09,	2.2400
825.70,	2.2400
826.31,	2.2400
826.92,	2.2400
827.53,	2.2400
828.14,	2.2400
828.75,	2.2400
829.36,	2.2400
829.97,	2.2300
830.58,	2.2300
831.19,	2.2300
831.80,	2.2400
832.42,	2.2300
833.03,	2.2300
833.64,	2.2300
834.25,	2.2300
834.86,	2.2300
835.47,	2.2400
836.08,	2.2300
836.69,	2.2300
837.30,	2.2400
837.91,	2.2400
838.52,	2.2400
839.13,	2.2300
839.74,	2.2300
840.35,	2.2300
840.96,	2.2300
841.57,	2.2300
842.18,	2.2300
842.79,	2.2300
843.40,	2.2400
844.01,	2.2400
844.62,	2.2300
845.23,	2.2300
845.84,	2.2300
846.45,	2.2300
847.06,	2.2300
847.67,	2.2300
848.27,	2.2300
848.88,	2.2300
849.49,	2.2300
850.10,	2.2300
850.71,	2.2300
851.32,	2.2300
851.93,	2.2300
852.54,	2.2300
853.15,	2.2300
853.76,	2.2300
854.37,	2.2300
854.98,	2.2300
855.58,	2.2300
856.19,	2.2300
856.80,	2.2300
857.41,	2.2300
858.02,	2.2300
858.63,	2.2300
859.24,	2.2300
859.85,	2.2400
860.45,	2.2400
861.06,	2.2400
861.67,	2.2400
862.28,	2.2400
862.89,	2.2400
863.50,	2.2300
864.10,	2.2300
864.71,	2.2400
865.32,	2.2400
865.93,	2.2400
866.54,	2.2400
867.14,	2.2400
867.75,	2.2400
868.36,	2.2300
868.97,	2.2400
869.58,	2.2300
870.18,	2.2400
870.79,	2.2400
871.40,	2.2400
872.01,	2.2400
872.61,	2.2400
873.22,	2.2400
873.83,	2.2400
874.44,	2.2400
875.04,	2.2400
875.65,	2.2400
876.26,	2.2400
876.87,	2.2400
877.47,	2.2400
878.08,	2.2400
878.69,	2.2400
879.29,	2.2400
879.90,	2.2400
880.51,	2.2300
881.12,	2.2300
881.72,	2.2400
882.33,	2.2400
882.94,	2.2400
883.54,	2.2400
884.15,	2.2300
884.76,	2.2400
885.36,	2.2300
885.97,	2.2300
886.58,	2.2300
887.18,	2.2300
887.79,	2.2400
888.40,	2.2300
889.00,	2.2300
889.61,	2.2300
890.22,	2.2300
890.82,	2.2300
891.43,	2.2300
892.03,	2.2400
892.64,	2.2400
893.25,	2.2300
893.85,	2.2300
894.46,	2.2300
895.06,	2.2300
895.67,	2.2300
896.28,	2.2300
896.88,	2.2400
897.49,	2.2400
898.09,	2.2400
898.70,	2.2400
899.30,	2.2400
899.91,	2.2400
900.52,	2.2400
901.12,	2.2400
901.73,	2.2400
902.33,	2.2400
902.94,	2.2300
903.54,	2.2300
904.15,	2.2400
904.75,	2.2400
905.36,	2.2400
905.96,	2.2300
906.57,	2.2400
907.17,	2.2400
907.78,	2.2300
908.38,	2.2400
908.99,	2.2300
909.59,	2.2300
910.20,	2.2300
910.80,	2.2400
911.41,	2.2400
912.01,	2.2400
912.62,	2.2400
913.22,	2.2400
913.83,	2.2400
914.43,	2.2400
915.03,	2.2400
915.64,	2.2400
916.24,	2.2400
916.85,	2.2400
917.45,	2.2400
918.06,	2.2400
918.66,	2.2400
919.26,	2.2400
919.87,	2.2400
920.47,	2.2400
921.08,	2.2400
921.68,	2.2400
922.28,	2.2400
922.89,	2.2400
923.49,	2.2400
924.10,	2.2400
924.70,	2.2400
925.30,	2.2400
925.91,	2.2400
926.51,	2.2400
927.11,	2.2400
927.72,	2.2500
928.32,	2.2500
928.92,	2.2400
929.53,	2.2500
930.13,	2.2400
930.74,	2.2400
931.34,	2.2400
931.94,	2.2400
932.54,	2.2400
933.15,	2.2400
933.75,	2.2400
934.35,	2.2400
934.96,	2.2500
935.56,	2.2400
936.16,	2.2400
936.77,	2.2800
937.37,	2.5700
937.97,	3.7400
938.57,	6.1500
939.18,	9.4300
939.78,	12.3900
940.38,	13.9800
940.98,	14.8600
941.59,	15.4800
942.19,	15.9800
942.79,	16.4100
943.39,	19.1200
944.00,	35.5000
944.60,	35.5000
945.20,	35.5000
945.80,	35.5000
946.40,	35.5000
947.01,	35.5000
947.61,	35.5000
948.21,	35.5000
948.81,	35.5000
949.41,	35.5000
950.02,	35.5000
950.62,	35.5000
951.22,	35.5000
951.82,	35.5000
952.42,	35.5000
953.02,	35.5000
953.63,	35.5000
954.23,	35.5000
954.83,	35.5000
955.43,	35.5000
956.03,	35.5000
956.63,	35.5000
957.24,	35.5000
957.84,	35.5000
958.44,	35.5000
959.04,	35.5000
959.64,	35.5000
960.24,	35.5000
960.84,	35.5000
961.44,	35.5000
962.04,	35.5000
962.64,	35.5000
963.25,	35.5000
963.85,	35.5000
964.45,	35.5000
965.05,	35.5000
965.65,	35.5000
966.25,	35.5000
966.85,	35.5000
967.45,	35.5000
968.05,	35.5000
968.65,	35.5000
969.25,	35.5000
969.85,	35.5000
970.45,	35.5000
971.05,	35.5000
971.65,	35.5000
972.25,	35.5000
972.85,	35.5000
973.45,	26.8300
974.05,	-2.5200
974.65,	-2.5200
975.25,	-2.5200
975.85,	-2.5200
976.45,	-2.5200
977.05,	-2.5200
977.65,	-2.5200
978.25,	-2.5200
978.85,	-2.5200
979.45,	-2.5200
980.05,	-2.5200
980.65,	-2.5200
981.25,	-2.5200
981.85,	-2.5200
982.45,	-2.5200
983.05,	-2.5200
983.65,	-2.5200
984.25,	-2.5200
984.85,	-2.5200
985.45,	-2.5200
986.04,	-2.5200
986.64,	-2.5200
987.24,	-2.5200
987.84,	-2.5200
988.44,	-2.5200
989.04,	-2.5200
989.64,	-2.5200
990.24,	-2.5200
990.84,	-2.5200
991.44,	-2.5200
992.03,	-2.5200
992.63,	-2.5200
993.23,	-2.5200
993.83,	-2.5200
994.43,	-2.5200
995.03,	-2.5200
995.63,	-2.5200
996.22,	-2.5200
996.82,	-2.5200
997.42,	-2.5200
998.02,	-2.5200
998.62,	-2.5200
999.21,	-2.5200
999.81,	-2.5200
1000.41,	-2.5200
