Call Sign = ZSDA,	Ship Name = SA Agulhas,	Lloyds Num = 0
Date = 02/01/2017,	Time = 13:59,	
Latitude = 48 47.04  S,	Longitude = 002 47.88  E
Instr = Sippican Deep Blue,	Card Type = Sippican MK-21,	
Wind Instr = ,	Measur Method = 
Probe Serial Num = -1,	Ship Dir = -1,	Ship Speed = -1.00
Wind Dir = 281,	Wind Speed = 39.70
Dry Bulb Temp = 4.20,	Total Water Depth = -1.00

Full Resolution Values
Depth,	 Temp
0.67,	5.0500
1.34,	4.8200
2.01,	4.7900
2.68,	4.7900
3.34,	4.8100
4.01,	4.8100
4.68,	4.8100
5.35,	4.8100
6.02,	4.8200
6.69,	4.8100
7.36,	4.8200
8.03,	4.8200
8.69,	4.8200
9.36,	4.8200
10.03,	4.8200
10.70,	4.8200
11.37,	4.8200
12.04,	4.8200
12.70,	4.8200
13.37,	4.8100
14.04,	4.8100
14.71,	4.8100
15.38,	4.8200
16.05,	4.8100
16.71,	4.8100
17.38,	4.8100
18.05,	4.8100
18.72,	4.8100
19.38,	4.8200
20.05,	4.8200
20.72,	4.8200
21.39,	4.8200
22.06,	4.8200
22.72,	4.8200
23.39,	4.8200
24.06,	4.8200
24.73,	4.8200
25.39,	4.8200
26.06,	4.8200
26.73,	4.8200
27.40,	4.8200
28.06,	4.8200
28.73,	4.8100
29.40,	4.8100
30.06,	4.8100
30.73,	4.8200
31.40,	4.8200
32.06,	4.8100
32.73,	4.8100
33.40,	4.8100
34.07,	4.8100
34.73,	4.8100
35.40,	4.8100
36.07,	4.8100
36.73,	4.8100
37.40,	4.8000
38.07,	4.8000
38.73,	4.8000
39.40,	4.8000
40.06,	4.7900
40.73,	4.7900
41.40,	4.7900
42.06,	4.7900
42.73,	4.7900
43.40,	4.7900
44.06,	4.7900
44.73,	4.7900
45.39,	4.7900
46.06,	4.7900
46.73,	4.7900
47.39,	4.7900
48.06,	4.7900
48.72,	4.7900
49.39,	4.7900
50.06,	4.7900
50.72,	4.7900
51.39,	4.7900
52.05,	4.7900
52.72,	4.7900
53.38,	4.7900
54.05,	4.7900
54.71,	4.7900
55.38,	4.7900
56.05,	4.7800
56.71,	4.7700
57.38,	4.7500
58.04,	4.7500
58.71,	4.7400
59.37,	4.7400
60.04,	4.7300
60.70,	4.7300
61.37,	4.7300
62.03,	4.7300
62.70,	4.7300
63.36,	4.7300
64.03,	4.7300
64.69,	4.7200
65.36,	4.7200
66.02,	4.7200
66.69,	4.7200
67.35,	4.7200
68.01,	4.7200
68.68,	4.7200
69.34,	4.7200
70.01,	4.7200
70.67,	4.7200
71.34,	4.7200
72.00,	4.7200
72.66,	4.7200
73.33,	4.7200
73.99,	4.7200
74.66,	4.7200
75.32,	4.7200
75.98,	4.7200
76.65,	4.7100
77.31,	4.7100
77.98,	4.7100
78.64,	4.7200
79.30,	4.7200
79.97,	4.7200
80.63,	4.7100
81.30,	4.7100
81.96,	4.7200
82.62,	4.7200
83.29,	4.7200
83.95,	4.7200
84.61,	4.7200
85.28,	4.7200
85.94,	4.7200
86.60,	4.7200
87.27,	4.7200
87.93,	4.7200
88.59,	4.7100
89.26,	4.7100
89.92,	4.7100
90.58,	4.7200
91.24,	4.7200
91.91,	4.7200
92.57,	4.7200
93.23,	4.7200
93.90,	4.7200
94.56,	4.7200
95.22,	4.7200
95.88,	4.7200
96.55,	4.7200
97.21,	4.7200
97.87,	4.7200
98.53,	4.7200
99.20,	4.7200
99.86,	4.7200
100.52,	4.7200
101.18,	4.7200
101.85,	4.7200
102.51,	4.7200
103.17,	4.7200
103.83,	4.7200
104.49,	4.7200
105.16,	4.7200
105.82,	4.7200
106.48,	4.7200
107.14,	4.7200
107.80,	4.7100
108.47,	4.7100
109.13,	4.7100
109.79,	4.7100
110.45,	4.7100
111.11,	4.7100
111.77,	4.7100
112.44,	4.7100
113.10,	4.7100
113.76,	4.7100
114.42,	4.7100
115.08,	4.7000
115.74,	4.6800
116.40,	4.6500
117.06,	4.6000
117.73,	4.5200
118.39,	4.4600
119.05,	4.4100
119.71,	4.3300
120.37,	4.2500
121.03,	4.2100
121.69,	4.1800
122.35,	4.1500
123.01,	4.1100
123.67,	4.0600
124.33,	4.0200
125.00,	4.0000
125.66,	3.9800
126.32,	3.9500
126.98,	3.9400
127.64,	3.9200
128.30,	3.9000
128.96,	3.8900
129.62,	3.8800
130.28,	3.8700
130.94,	3.8600
131.60,	3.8500
132.26,	3.8400
132.92,	3.8300
133.58,	3.8200
134.24,	3.8100
134.90,	3.7900
135.56,	3.7700
136.22,	3.7500
136.88,	3.7400
137.54,	3.7200
138.20,	3.7100
138.86,	3.6900
139.52,	3.6700
140.18,	3.6600
140.84,	3.6300
141.50,	3.6000
142.16,	3.5800
142.82,	3.5600
143.48,	3.5400
144.14,	3.5300
144.79,	3.5200
145.45,	3.4900
146.11,	3.4500
146.77,	3.3900
147.43,	3.3100
148.09,	3.2400
148.75,	3.2000
149.41,	3.1800
150.07,	3.1800
150.73,	3.1800
151.39,	3.1700
152.04,	3.1700
152.70,	3.1600
153.36,	3.1600
154.02,	3.1500
154.68,	3.1500
155.34,	3.1400
156.00,	3.1400
156.65,	3.1300
157.31,	3.1300
157.97,	3.1300
158.63,	3.1200
159.29,	3.1200
159.95,	3.1100
160.60,	3.1000
161.26,	3.1000
161.92,	3.0900
162.58,	3.0800
163.24,	3.0700
163.90,	3.0700
164.55,	3.0500
165.21,	3.0400
165.87,	3.0100
166.53,	3.0000
167.18,	2.9900
167.84,	2.9700
168.50,	2.9600
169.16,	2.9600
169.82,	2.9400
170.47,	2.9300
171.13,	2.9200
171.79,	2.9200
172.44,	2.9100
173.10,	2.9100
173.76,	2.9100
174.42,	2.9000
175.07,	2.9000
175.73,	2.9000
176.39,	2.9000
177.05,	2.8900
177.70,	2.8800
178.36,	2.8700
179.02,	2.8700
179.67,	2.8600
180.33,	2.8600
180.99,	2.8600
181.64,	2.8600
182.30,	2.8600
182.96,	2.8600
183.61,	2.8500
184.27,	2.8500
184.93,	2.8400
185.58,	2.8400
186.24,	2.8400
186.90,	2.8400
187.55,	2.8300
188.21,	2.8300
188.87,	2.8200
189.52,	2.8100
190.18,	2.8000
190.83,	2.7900
191.49,	2.7800
192.15,	2.7800
192.80,	2.7700
193.46,	2.7600
194.11,	2.7500
194.77,	2.7500
195.43,	2.7500
196.08,	2.7400
196.74,	2.7400
197.39,	2.7400
198.05,	2.7400
198.70,	2.7400
199.36,	2.7400
200.02,	2.7300
200.67,	2.7300
201.33,	2.7200
201.98,	2.7000
202.64,	2.6800
203.29,	2.6400
203.95,	2.6100
204.60,	2.6100
205.26,	2.6000
205.91,	2.6000
206.57,	2.5900
207.22,	2.5700
207.88,	2.5500
208.53,	2.5400
209.19,	2.5300
209.84,	2.5200
210.50,	2.5100
211.15,	2.5100
211.81,	2.5100
212.46,	2.5100
213.12,	2.5000
213.77,	2.4900
214.43,	2.4900
215.08,	2.4900
215.74,	2.4800
216.39,	2.4700
217.04,	2.4700
217.70,	2.4600
218.35,	2.4500
219.01,	2.4400
219.66,	2.4400
220.32,	2.4400
220.97,	2.4400
221.62,	2.4300
222.28,	2.4300
222.93,	2.4200
223.59,	2.4200
224.24,	2.4100
224.89,	2.4100
225.55,	2.4100
226.20,	2.4000
226.85,	2.3900
227.51,	2.3900
228.16,	2.3900
228.81,	2.3900
229.47,	2.3800
230.12,	2.3900
230.78,	2.3900
231.43,	2.3900
232.08,	2.3900
232.74,	2.4100
233.39,	2.4300
234.04,	2.4500
234.69,	2.4600
235.35,	2.4600
236.00,	2.4600
236.65,	2.4700
237.31,	2.4800
237.96,	2.5000
238.61,	2.5100
239.27,	2.5100
239.92,	2.5200
240.57,	2.5200
241.22,	2.5300
241.88,	2.5300
242.53,	2.5400
243.18,	2.5600
243.83,	2.5900
244.49,	2.6200
245.14,	2.6500
245.79,	2.6700
246.44,	2.6800
247.10,	2.6900
247.75,	2.7000
248.40,	2.7100
249.05,	2.7200
249.70,	2.7200
250.36,	2.7300
251.01,	2.7300
251.66,	2.7300
252.31,	2.7400
252.96,	2.7400
253.62,	2.7400
254.27,	2.7400
254.92,	2.7400
255.57,	2.7400
256.22,	2.7500
256.88,	2.7500
257.53,	2.7500
258.18,	2.7600
258.83,	2.7600
259.48,	2.7500
260.13,	2.7500
260.78,	2.7500
261.44,	2.7500
262.09,	2.7500
262.74,	2.7500
263.39,	2.7400
264.04,	2.7400
264.69,	2.7400
265.34,	2.7400
265.99,	2.7400
266.64,	2.7400
267.29,	2.7400
267.95,	2.7300
268.60,	2.7300
269.25,	2.7400
269.90,	2.7300
270.55,	2.7300
271.20,	2.7300
271.85,	2.7300
272.50,	2.7300
273.15,	2.7300
273.80,	2.7300
274.45,	2.7300
275.10,	2.7300
275.75,	2.7300
276.40,	2.7300
277.05,	2.7200
277.70,	2.7200
278.35,	2.7100
279.00,	2.7100
279.65,	2.7100
280.30,	2.7100
280.95,	2.7100
281.60,	2.7000
282.25,	2.7100
282.90,	2.7000
283.55,	2.7000
284.20,	2.7100
284.85,	2.7000
285.50,	2.7000
286.15,	2.7000
286.80,	2.6900
287.45,	2.6900
288.10,	2.6800
288.75,	2.6700
289.40,	2.6600
290.05,	2.6500
290.70,	2.6500
291.35,	2.6500
292.00,	2.6500
292.64,	2.6500
293.29,	2.6500
293.94,	2.6500
294.59,	2.6500
295.24,	2.6500
295.89,	2.6500
296.54,	2.6500
297.19,	2.6500
297.84,	2.6500
298.49,	2.6500
299.13,	2.6500
299.78,	2.6400
300.43,	2.6400
301.08,	2.6400
301.73,	2.6200
302.38,	2.6000
303.02,	2.5900
303.67,	2.5800
304.32,	2.5700
304.97,	2.5700
305.62,	2.5800
306.27,	2.5900
306.91,	2.6000
307.56,	2.6000
308.21,	2.5900
308.86,	2.5700
309.51,	2.5600
310.15,	2.5600
310.80,	2.5500
311.45,	2.5500
312.10,	2.5500
312.75,	2.5400
313.39,	2.5300
314.04,	2.5100
314.69,	2.4900
315.34,	2.4900
315.98,	2.4900
316.63,	2.4900
317.28,	2.4800
317.93,	2.4800
318.57,	2.4800
319.22,	2.4700
319.87,	2.4700
320.52,	2.4600
321.16,	2.4500
321.81,	2.4400
322.46,	2.4400
323.10,	2.4400
323.75,	2.4400
324.40,	2.4600
325.04,	2.4600
325.69,	2.4700
326.34,	2.4800
326.99,	2.4900
327.63,	2.4900
328.28,	2.4800
328.93,	2.4800
329.57,	2.4800
330.22,	2.4800
330.86,	2.4800
331.51,	2.4900
332.16,	2.4900
332.80,	2.4800
333.45,	2.4800
334.10,	2.4800
334.74,	2.4700
335.39,	2.4600
336.03,	2.4500
336.68,	2.4500
337.33,	2.4500
337.97,	2.4500
338.62,	2.4400
339.26,	2.4400
339.91,	2.4300
340.56,	2.4300
341.20,	2.4300
341.85,	2.4200
342.49,	2.4100
343.14,	2.4000
343.78,	2.3900
344.43,	2.3900
345.08,	2.3900
345.72,	2.3800
346.37,	2.3800
347.01,	2.3700
347.66,	2.3700
348.30,	2.3600
348.95,	2.3500
349.59,	2.3400
350.24,	2.3400
350.88,	2.3300
351.53,	2.3300
352.17,	2.3200
352.82,	2.3200
353.46,	2.3200
354.11,	2.3300
354.75,	2.3200
355.40,	2.3200
356.04,	2.3200
356.69,	2.3100
357.33,	2.3100
357.98,	2.3100
358.62,	2.3100
359.27,	2.3100
359.91,	2.3000
360.55,	2.3000
361.20,	2.3000
361.84,	2.3000
362.49,	2.2900
363.13,	2.2900
363.78,	2.2900
364.42,	2.2900
365.06,	2.3000
365.71,	2.3000
366.35,	2.3000
367.00,	2.3100
367.64,	2.3100
368.28,	2.3200
368.93,	2.3500
369.57,	2.3700
370.22,	2.3800
370.86,	2.3800
371.50,	2.3800
372.15,	2.3800
372.79,	2.3700
373.43,	2.3700
374.08,	2.3700
374.72,	2.3700
375.36,	2.3700
376.01,	2.3600
376.65,	2.3600
377.29,	2.3500
377.94,	2.3500
378.58,	2.3400
379.22,	2.3300
379.87,	2.3200
380.51,	2.3100
381.15,	2.3100
381.79,	2.3000
382.44,	2.2900
383.08,	2.2700
383.72,	2.2600
384.37,	2.2600
385.01,	2.2600
385.65,	2.2700
386.29,	2.2700
386.94,	2.2700
387.58,	2.2700
388.22,	2.2700
388.86,	2.2700
389.51,	2.2700
390.15,	2.2700
390.79,	2.2800
391.43,	2.2800
392.08,	2.2800
392.72,	2.2800
393.36,	2.2800
394.00,	2.2800
394.64,	2.2800
395.29,	2.2800
395.93,	2.2900
396.57,	2.2900
397.21,	2.2900
397.85,	2.2900
398.50,	2.3000
399.14,	2.3000
399.78,	2.3000
400.42,	2.3000
401.06,	2.3100
401.70,	2.3100
402.34,	2.3100
402.99,	2.3200
403.63,	2.3200
404.27,	2.3200
404.91,	2.3300
405.55,	2.3300
406.19,	2.3300
406.83,	2.3300
407.48,	2.3300
408.12,	2.3300
408.76,	2.3300
409.40,	2.3400
410.04,	2.3400
410.68,	2.3400
411.32,	2.3400
411.96,	2.3400
412.60,	2.3400
413.24,	2.3600
413.88,	2.3700
414.52,	2.3800
415.17,	2.3900
415.81,	2.4000
416.45,	2.4100
417.09,	2.4100
417.73,	2.4100
418.37,	2.4100
419.01,	2.4100
419.65,	2.4100
420.29,	2.4100
420.93,	2.4100
421.57,	2.4200
422.21,	2.4200
422.85,	2.4200
423.49,	2.4300
424.13,	2.4200
424.77,	2.4200
425.41,	2.4300
426.05,	2.4300
426.69,	2.4300
427.33,	2.4400
427.97,	2.4400
428.61,	2.4400
429.25,	2.4400
429.89,	2.4400
430.53,	2.4400
431.17,	2.4400
431.80,	2.4400
432.44,	2.4400
433.08,	2.4400
433.72,	2.4500
434.36,	2.4400
435.00,	2.4400
435.64,	2.4400
436.28,	2.4400
436.92,	2.4500
437.56,	2.4500
438.20,	2.4500
438.84,	2.4500
439.47,	2.4500
440.11,	2.4500
440.75,	2.4600
441.39,	2.4600
442.03,	2.4600
442.67,	2.4600
443.31,	2.4600
443.95,	2.4600
444.58,	2.4600
445.22,	2.4500
445.86,	2.4400
446.50,	2.4400
447.14,	2.4500
447.78,	2.4500
448.41,	2.4500
449.05,	2.4500
449.69,	2.4500
450.33,	2.4500
450.97,	2.4400
451.60,	2.4400
452.24,	2.4400
452.88,	2.4400
453.52,	2.4300
454.16,	2.4300
454.79,	2.4300
455.43,	2.4300
456.07,	2.4300
456.71,	2.4300
457.35,	2.4400
457.98,	2.4300
458.62,	2.4300
459.26,	2.4300
459.90,	2.4300
460.53,	2.4300
461.17,	2.4300
461.81,	2.4300
462.44,	2.4300
463.08,	2.4300
463.72,	2.4300
464.36,	2.4300
464.99,	2.4300
465.63,	2.4200
466.27,	2.4200
466.90,	2.4200
467.54,	2.4200
468.18,	2.4200
468.81,	2.4100
469.45,	2.4200
470.09,	2.4200
470.72,	2.4200
471.36,	2.4200
472.00,	2.4200
472.63,	2.4200
473.27,	2.4200
473.91,	2.4300
474.54,	2.4300
475.18,	2.4300
475.82,	2.4300
476.45,	2.4400
477.09,	2.4400
477.73,	2.4400
478.36,	2.4400
479.00,	2.4400
479.63,	2.4400
480.27,	2.4400
480.91,	2.4400
481.54,	2.4400
482.18,	2.4400
482.81,	2.4400
483.45,	2.4400
484.08,	2.4400
484.72,	2.4400
485.36,	2.4400
485.99,	2.4400
486.63,	2.4400
487.26,	2.4400
487.90,	2.4400
488.53,	2.4400
489.17,	2.4400
489.80,	2.4400
490.44,	2.4400
491.07,	2.4400
491.71,	2.4400
492.34,	2.4400
492.98,	2.4400
493.62,	2.4400
494.25,	2.4400
494.89,	2.4400
495.52,	2.4400
496.15,	2.4400
496.79,	2.4400
497.42,	2.4400
498.06,	2.4400
498.69,	2.4500
499.33,	2.4500
499.96,	2.4500
500.60,	2.4500
501.23,	2.4500
501.87,	2.4500
502.50,	2.4500
503.14,	2.4500
503.77,	2.4500
504.40,	2.4500
505.04,	2.4500
505.67,	2.4500
506.31,	2.4500
506.94,	2.4600
507.57,	2.4600
508.21,	2.4600
508.84,	2.4700
509.48,	2.4700
510.11,	2.4700
510.74,	2.4700
511.38,	2.4700
512.01,	2.4700
512.65,	2.4800
513.28,	2.4800
513.91,	2.4800
514.55,	2.4800
515.18,	2.4800
515.81,	2.4800
516.45,	2.4800
517.08,	2.4800
517.71,	2.4800
518.35,	2.4800
518.98,	2.4900
519.61,	2.4900
520.25,	2.4900
520.88,	2.4900
521.51,	2.5000
522.15,	2.5000
522.78,	2.5000
523.41,	2.5000
524.04,	2.5000
524.68,	2.5000
525.31,	2.5000
525.94,	2.5100
526.58,	2.5100
527.21,	2.5100
527.84,	2.5100
528.47,	2.5200
529.11,	2.5200
529.74,	2.5200
530.37,	2.5200
531.00,	2.5200
531.64,	2.5200
532.27,	2.5200
532.90,	2.5200
533.53,	2.5200
534.17,	2.5200
534.80,	2.5200
535.43,	2.5200
536.06,	2.5200
536.69,	2.5200
537.33,	2.5200
537.96,	2.5200
538.59,	2.5200
539.22,	2.5300
539.85,	2.5300
540.48,	2.5300
541.12,	2.5300
541.75,	2.5300
542.38,	2.5300
543.01,	2.5400
543.64,	2.5400
544.27,	2.5400
544.91,	2.5400
545.54,	2.5400
546.17,	2.5400
546.80,	2.5400
547.43,	2.5400
548.06,	2.5400
548.69,	2.5400
549.32,	2.5400
549.95,	2.5400
550.59,	2.5400
551.22,	2.5400
551.85,	2.5400
552.48,	2.5500
553.11,	2.5500
553.74,	2.5500
554.37,	2.5500
555.00,	2.5500
555.63,	2.5500
556.26,	2.5500
556.89,	2.5600
557.52,	2.5600
558.15,	2.5700
558.78,	2.5700
559.42,	2.5700
560.05,	2.5700
560.68,	2.5700
561.31,	2.5800
561.94,	2.5900
562.57,	2.5900
563.20,	2.5900
563.83,	2.5900
564.46,	2.6000
565.09,	2.6000
565.72,	2.5900
566.35,	2.5800
566.98,	2.5700
567.61,	2.5600
568.24,	2.5600
568.87,	2.5600
569.50,	2.5600
570.12,	2.5600
570.75,	2.5600
571.38,	2.5600
572.01,	2.5600
572.64,	2.5600
573.27,	2.5600
573.90,	2.5700
574.53,	2.5700
575.16,	2.5700
575.79,	2.5700
576.42,	2.5700
577.05,	2.5700
577.68,	2.5700
578.31,	2.5700
578.93,	2.5700
579.56,	2.5700
580.19,	2.5700
580.82,	2.5800
581.45,	2.5800
582.08,	2.5800
582.71,	2.5800
583.34,	2.5800
583.97,	2.5800
584.59,	2.5800
585.22,	2.5800
585.85,	2.5800
586.48,	2.5800
587.11,	2.5800
587.74,	2.5800
588.36,	2.5800
588.99,	2.5800
589.62,	2.5800
590.25,	2.5800
590.88,	2.5800
591.50,	2.5800
592.13,	2.5800
592.76,	2.5800
593.39,	2.5800
594.02,	2.5800
594.64,	2.5800
595.27,	2.5800
595.90,	2.5900
596.53,	2.5900
597.16,	2.5900
597.78,	2.5900
598.41,	2.5800
599.04,	2.5800
599.67,	2.5900
600.29,	2.5800
600.92,	2.5800
601.55,	2.5900
602.18,	2.5900
602.80,	2.5900
603.43,	2.5900
604.06,	2.5800
604.68,	2.5800
605.31,	2.5900
605.94,	2.5900
606.57,	2.5900
607.19,	2.5900
607.82,	2.5900
608.45,	2.5900
609.07,	2.5800
609.70,	2.5800
610.33,	2.5800
610.95,	2.5900
611.58,	2.5900
612.21,	2.5900
612.83,	2.5900
613.46,	2.5900
614.09,	2.6000
614.71,	2.6000
615.34,	2.6100
615.97,	2.6100
616.59,	2.6200
617.22,	2.6300
617.84,	2.6300
618.47,	2.6300
619.10,	2.6400
619.72,	2.6400
620.35,	2.6400
620.97,	2.6400
621.60,	2.6400
622.23,	2.6400
622.85,	2.6400
623.48,	2.6400
624.10,	2.6400
624.73,	2.6400
625.35,	2.6400
625.98,	2.6400
626.61,	2.6400
627.23,	2.6400
627.86,	2.6400
628.48,	2.6400
629.11,	2.6400
629.73,	2.6400
630.36,	2.6400
630.98,	2.6400
631.61,	2.6400
632.23,	2.6400
632.86,	2.6400
633.48,	2.6400
634.11,	2.6400
634.73,	2.6400
635.36,	2.6400
635.98,	2.6400
636.61,	2.6400
637.23,	2.6400
637.86,	2.6400
638.48,	2.6400
639.11,	2.6500
639.73,	2.6500
640.36,	2.6400
640.98,	2.6500
641.61,	2.6500
642.23,	2.6500
642.85,	2.6500
643.48,	2.6500
644.10,	2.6500
644.73,	2.6500
645.35,	2.6500
645.98,	2.6500
646.60,	2.6500
647.22,	2.6500
647.85,	2.6500
648.47,	2.6600
649.10,	2.6500
649.72,	2.6500
650.34,	2.6600
650.97,	2.6600
651.59,	2.6600
652.22,	2.6600
652.84,	2.6600
653.46,	2.6600
654.09,	2.6600
654.71,	2.6600
655.33,	2.6600
655.96,	2.6600
656.58,	2.6600
657.20,	2.6600
657.83,	2.6600
658.45,	2.6600
659.07,	2.6600
659.70,	2.6600
660.32,	2.6600
660.94,	2.6600
661.57,	2.6600
662.19,	2.6600
662.81,	2.6600
663.43,	2.6600
664.06,	2.6600
664.68,	2.6600
665.30,	2.6600
665.93,	2.6600
666.55,	2.6600
667.17,	2.6600
667.79,	2.6600
668.42,	2.6600
669.04,	2.6600
669.66,	2.6600
670.28,	2.6600
670.91,	2.6600
671.53,	2.6600
672.15,	2.6600
672.77,	2.6600
673.39,	2.6600
674.02,	2.6600
674.64,	2.6600
675.26,	2.6600
675.88,	2.6500
676.50,	2.6500
677.13,	2.6500
677.75,	2.6500
678.37,	2.6500
678.99,	2.6500
679.61,	2.6500
680.24,	2.6500
680.86,	2.6500
681.48,	2.6500
682.10,	2.6500
682.72,	2.6400
683.34,	2.6400
683.96,	2.6400
684.59,	2.6400
685.21,	2.6300
685.83,	2.6300
686.45,	2.6300
687.07,	2.6300
687.69,	2.6300
688.31,	2.6300
688.93,	2.6400
689.56,	2.6300
690.18,	2.6300
690.80,	2.6300
691.42,	2.6400
692.04,	2.6400
692.66,	2.6300
693.28,	2.6300
693.90,	2.6300
694.52,	2.6300
695.14,	2.6300
695.76,	2.6300
696.38,	2.6300
697.00,	2.6300
697.62,	2.6300
698.25,	2.6300
698.87,	2.6300
699.49,	2.6300
700.11,	2.6300
700.73,	2.6300
701.35,	2.6200
701.97,	2.6200
702.59,	2.6200
703.21,	2.6200
703.83,	2.6200
704.45,	2.6200
705.07,	2.6200
705.69,	2.6300
706.31,	2.6200
706.93,	2.6200
707.55,	2.6200
708.17,	2.6200
708.79,	2.6200
709.40,	2.6200
710.02,	2.6200
710.64,	2.6200
711.26,	2.6200
711.88,	2.6200
712.50,	2.6200
713.12,	2.6200
713.74,	2.6200
714.36,	2.6200
714.98,	2.6200
715.60,	2.6200
716.22,	2.6200
716.84,	2.6200
717.45,	2.6200
718.07,	2.6200
718.69,	2.6200
719.31,	2.6200
719.93,	2.6300
720.55,	2.6300
721.17,	2.6200
721.79,	2.6300
722.41,	2.6200
723.02,	2.6200
723.64,	2.6200
724.26,	2.6200
724.88,	2.6200
725.50,	2.6200
726.12,	2.6200
726.73,	2.6200
727.35,	2.6200
727.97,	2.6200
728.59,	2.6200
729.21,	2.6200
729.83,	2.6200
730.44,	2.6200
731.06,	2.6200
731.68,	2.6200
732.30,	2.6300
732.92,	2.6200
733.53,	2.6200
734.15,	2.6200
734.77,	2.6200
735.39,	2.6200
736.00,	2.6200
736.62,	2.6200
737.24,	2.6200
737.86,	2.6200
738.47,	2.6200
739.09,	2.6200
739.71,	2.6200
740.33,	2.6200
740.94,	2.6200
741.56,	2.6200
742.18,	2.6200
742.79,	2.6200
743.41,	2.6200
744.03,	2.6200
744.65,	2.6200
745.26,	2.6200
745.88,	2.6200
746.50,	2.6200
747.11,	2.6200
747.73,	2.6200
748.35,	2.6200
748.96,	2.6200
749.58,	2.6200
750.20,	2.6200
750.81,	2.6200
751.43,	2.6200
752.05,	2.6200
752.66,	2.6200
753.28,	2.6200
753.90,	2.6200
754.51,	2.6300
755.13,	2.6300
755.74,	2.6200
756.36,	2.6200
756.98,	2.6200
757.59,	2.6200
758.21,	2.6200
758.82,	2.6200
759.44,	2.6200
760.06,	2.6200
760.67,	2.6200
761.29,	2.6200
761.90,	2.6200
762.52,	2.6200
763.14,	2.6200
763.75,	2.6200
764.37,	2.6200
764.98,	2.6200
765.60,	2.6200
766.21,	2.6200
766.83,	2.6200
767.44,	2.6200
768.06,	2.6200
768.67,	2.6200
769.29,	2.6200
769.90,	2.6200
770.52,	2.6200
771.14,	2.6200
771.75,	2.6200
772.37,	2.6200
772.98,	2.6200
773.59,	2.6200
774.21,	2.6200
774.82,	2.6200
775.44,	2.6200
776.05,	2.6200
776.67,	2.6200
777.28,	2.6200
777.90,	2.6200
778.51,	2.6200
779.13,	2.6200
779.74,	2.6200
780.36,	2.6200
780.97,	2.6200
781.58,	2.6200
782.20,	2.6100
782.81,	2.6100
783.43,	2.6100
784.04,	2.6100
784.66,	2.6100
785.27,	2.6100
785.88,	2.6100
786.50,	2.6100
787.11,	2.6100
787.73,	2.6100
788.34,	2.6100
788.95,	2.6100
789.57,	2.6200
790.18,	2.6100
790.79,	2.6100
791.41,	2.6100
792.02,	2.6100
792.63,	2.6100
793.25,	2.6100
793.86,	2.6100
794.47,	2.6200
795.09,	2.6100
795.70,	2.6100
796.31,	2.6100
796.93,	2.6100
797.54,	2.6200
798.15,	2.6200
798.77,	2.6200
799.38,	2.6200
799.99,	2.6100
800.61,	2.6100
801.22,	2.6100
801.83,	2.6100
802.44,	2.6100
803.06,	2.6100
803.67,	2.6100
804.28,	2.6100
804.90,	2.6100
805.51,	2.6100
806.12,	2.6100
806.73,	2.6100
807.34,	2.6100
807.96,	2.6100
808.57,	2.6100
809.18,	2.6100
809.79,	2.6100
810.41,	2.6000
811.02,	2.6000
811.63,	2.6000
812.24,	2.6000
812.85,	2.6000
813.47,	2.6000
814.08,	2.6000
814.69,	2.6000
815.30,	2.6000
815.91,	2.6000
816.53,	2.6000
817.14,	2.6000
817.75,	2.6000
818.36,	2.6000
818.97,	2.6000
819.58,	2.6000
820.20,	2.6000
820.81,	2.6000
821.42,	2.6000
822.03,	2.6000
822.64,	2.6000
823.25,	2.6000
823.86,	2.6000
824.47,	2.6000
825.09,	2.6000
825.70,	2.6000
826.31,	2.6000
826.92,	2.6000
827.53,	2.6000
828.14,	2.5900
828.75,	2.5900
829.36,	2.6000
829.97,	2.5900
830.58,	2.5900
831.19,	2.5900
831.80,	2.6000
832.42,	2.6000
833.03,	2.6000
833.64,	2.6000
834.25,	2.5900
834.86,	2.5900
835.47,	2.5900
836.08,	2.5900
836.69,	2.6000
837.30,	2.5900
837.91,	2.5900
838.52,	2.5900
839.13,	2.5900
839.74,	2.5900
840.35,	2.5900
840.96,	2.5900
841.57,	2.5900
842.18,	2.5900
842.79,	2.5900
843.40,	2.5900
844.01,	2.6000
844.62,	2.5900
845.23,	2.5900
845.84,	2.6000
846.45,	2.5900
847.06,	2.5900
847.67,	2.5900
848.27,	2.5900
848.88,	2.5900
849.49,	2.5800
850.10,	2.5800
850.71,	2.5800
851.32,	2.5800
851.93,	2.5800
852.54,	2.5800
853.15,	2.5800
853.76,	2.5800
854.37,	2.5800
854.98,	2.5800
855.58,	2.5800
856.19,	2.5800
856.80,	2.5800
857.41,	2.5800
858.02,	2.5800
858.63,	2.5800
859.24,	2.5800
859.85,	2.5800
860.45,	2.5800
861.06,	2.5800
861.67,	2.5700
862.28,	2.5700
862.89,	2.5700
863.50,	2.5700
864.10,	2.5800
864.71,	2.5800
865.32,	2.5700
865.93,	2.5800
866.54,	2.5800
867.14,	2.5800
867.75,	2.5800
868.36,	2.5800
868.97,	2.5800
869.58,	2.5700
870.18,	2.5700
870.79,	2.5800
871.40,	2.5800
872.01,	2.5800
872.61,	2.5800
873.22,	2.5800
873.83,	2.5700
874.44,	2.5700
875.04,	2.5700
875.65,	2.5700
876.26,	2.5700
876.87,	2.5700
877.47,	2.5700
878.08,	2.5700
878.69,	2.5700
879.29,	2.5700
879.90,	2.5700
880.51,	2.5700
881.12,	2.5700
881.72,	2.5700
882.33,	2.5700
882.94,	2.5700
883.54,	2.5700
884.15,	2.5700
884.76,	2.5700
885.36,	2.5700
885.97,	2.5700
886.58,	2.5700
887.18,	2.5700
887.79,	2.5700
888.40,	2.5700
889.00,	2.5700
889.61,	2.5700
890.22,	2.5700
890.82,	2.5700
891.43,	2.5800
892.03,	2.5800
892.64,	2.5700
893.25,	2.5700
893.85,	2.5700
894.46,	2.5700
895.06,	2.5700
895.67,	2.5700
896.28,	2.5700
896.88,	2.5700
897.49,	2.5700
898.09,	2.5700
898.70,	2.5700
899.30,	2.5700
899.91,	2.5700
900.52,	2.5700
901.12,	2.5700
901.73,	2.5700
902.33,	2.5700
902.94,	2.5600
903.54,	2.5700
904.15,	2.5700
904.75,	2.5600
905.36,	2.5600
905.96,	2.5600
906.57,	2.5700
907.17,	2.5700
907.78,	2.5600
908.38,	2.5600
908.99,	2.5600
909.59,	2.5600
910.20,	2.5600
910.80,	2.5600
911.41,	2.5600
912.01,	2.5700
912.62,	2.5700
913.22,	2.5700
913.83,	2.5700
914.43,	2.5700
915.03,	2.5700
915.64,	2.5700
916.24,	2.5600
916.85,	2.5600
917.45,	2.5600
918.06,	2.5600
918.66,	2.5600
919.26,	2.5600
919.87,	2.5600
920.47,	2.5600
921.08,	2.5600
921.68,	2.5600
922.28,	2.5600
922.89,	2.5600
923.49,	2.5600
924.10,	2.5600
924.70,	2.5600
925.30,	2.5700
925.91,	2.7300
926.51,	4.0900
927.11,	7.5800
927.72,	12.5400
928.32,	16.2500
928.92,	17.9300
929.53,	19.0400
930.13,	19.9600
930.74,	20.7800
931.34,	21.5400
931.94,	22.2500
932.54,	22.8900
933.15,	23.4900
933.75,	24.0600
934.35,	24.5800
934.96,	25.0600
935.56,	25.5200
936.16,	25.9600
936.77,	26.3700
937.37,	26.7600
937.97,	27.1300
938.57,	27.4600
939.18,	27.7700
939.78,	28.0300
940.38,	28.2600
940.98,	28.4700
941.59,	28.6600
942.19,	29.3100
942.79,	35.5000
943.39,	35.5000
944.00,	35.5000
944.60,	35.5000
945.20,	35.5000
945.80,	35.5000
946.40,	35.5000
947.01,	35.5000
947.61,	35.5000
948.21,	35.5000
948.81,	35.5000
949.41,	35.5000
950.02,	35.5000
950.62,	35.5000
951.22,	35.5000
951.82,	35.5000
952.42,	35.5000
953.02,	35.5000
953.63,	35.5000
954.23,	35.5000
954.83,	-2.5200
955.43,	-2.5200
956.03,	-2.5200
956.63,	-2.5200
957.24,	-2.5200
957.84,	-2.5200
958.44,	-2.5200
959.04,	-2.5200
959.64,	-2.5200
960.24,	-2.5200
960.84,	-2.5200
961.44,	-2.5200
962.04,	-2.5200
962.64,	-2.5200
963.25,	-2.5200
963.85,	-2.5200
964.45,	-2.5200
965.05,	-2.5200
965.65,	-2.5200
966.25,	-2.5200
966.85,	-2.5200
967.45,	-2.5200
968.05,	-2.5200
968.65,	-2.5200
969.25,	-2.5200
969.85,	-2.5200
970.45,	-2.5200
971.05,	-2.5200
971.65,	-2.5200
972.25,	-2.5200
972.85,	-2.5200
973.45,	-2.5200
974.05,	-2.5200
974.65,	-2.5200
975.25,	-2.5200
975.85,	-2.5200
976.45,	-2.5200
977.05,	-2.5200
977.65,	-2.5200
978.25,	-2.5200
978.85,	-2.5200
979.45,	-2.5200
980.05,	-2.5200
980.65,	-2.5200
981.25,	-2.5200
981.85,	-2.5200
982.45,	-2.5200
983.05,	-2.5200
983.65,	-2.5200
984.25,	-2.5200
984.85,	-2.5200
985.45,	-2.5200
986.04,	-2.5200
986.64,	-2.5200
987.24,	-2.5200
987.84,	-2.5200
988.44,	-2.5200
989.04,	-2.5200
989.64,	-2.5200
990.24,	-2.5200
990.84,	-2.5200
991.44,	-2.5200
992.03,	-2.5200
992.63,	-2.5200
993.23,	-2.5200
993.83,	-2.5200
994.43,	-2.5200
995.03,	-2.5200
995.63,	-2.5200
996.22,	-2.5200
996.82,	-2.5200
997.42,	-2.5200
998.02,	-2.5200
998.62,	-2.5200
999.21,	-2.5200
999.81,	-2.5200
1000.41,	-2.5200
