Call Sign = ZSDA,	Ship Name = SA Agulhas,	Lloyds Num = 0
Date = 02/04/2017,	Time = 13:33,	
Latitude = 39 53.09  S,	Longitude = 124 03.55  E
Instr = Sippican Deep Blue,	Card Type = Sippican MK-21,	
Wind Instr = ,	Measur Method = 
Probe Serial Num = -1,	Ship Dir = -1,	Ship Speed = -1.00
Wind Dir = 248,	Wind Speed = 44.70
Dry Bulb Temp = 11.90,	Total Water Depth = -1.00

Full Resolution Values
Depth,	 Temp
0.67,	15.9000
1.34,	16.4700
2.01,	16.5900
2.68,	16.6100
3.34,	16.6200
4.01,	16.6300
4.68,	16.6200
5.35,	16.6300
6.02,	16.6200
6.69,	16.5500
7.36,	16.5700
8.03,	16.6100
8.69,	16.6000
9.36,	16.6200
10.03,	16.6200
10.70,	16.6200
11.37,	16.6100
12.04,	16.6100
12.70,	16.6200
13.37,	16.6100
14.04,	16.6200
14.71,	16.6200
15.38,	16.6200
16.05,	16.6200
16.71,	16.6100
17.38,	16.6100
18.05,	16.6100
18.72,	16.6100
19.38,	16.6100
20.05,	16.6100
20.72,	16.6100
21.39,	16.6200
22.06,	16.6100
22.72,	16.6200
23.39,	16.6100
24.06,	16.6100
24.73,	16.6100
25.39,	16.6000
26.06,	16.6000
26.73,	16.6100
27.40,	16.6100
28.06,	16.6200
28.73,	16.6100
29.40,	16.6000
30.06,	16.5900
30.73,	16.5900
31.40,	16.5900
32.06,	16.6000
32.73,	16.6000
33.40,	16.5900
34.07,	16.5900
34.73,	16.6000
35.40,	16.5800
36.07,	16.5700
36.73,	16.5600
37.40,	16.5600
38.07,	16.5500
38.73,	16.5600
39.40,	16.5500
40.06,	16.5400
40.73,	16.4600
41.40,	16.3800
42.06,	16.3200
42.73,	16.2400
43.40,	16.1900
44.06,	16.1000
44.73,	15.9100
45.39,	15.7000
46.06,	15.5500
46.73,	15.4000
47.39,	15.2000
48.06,	15.0800
48.72,	15.0300
49.39,	14.9900
50.06,	14.9700
50.72,	15.0000
51.39,	15.0600
52.05,	15.2300
52.72,	15.4400
53.38,	15.6300
54.05,	15.7500
54.71,	15.7900
55.38,	15.7800
56.05,	15.7600
56.71,	15.7300
57.38,	15.7100
58.04,	15.6800
58.71,	15.6600
59.37,	15.6500
60.04,	15.6400
60.70,	15.6200
61.37,	15.6000
62.03,	15.5700
62.70,	15.5000
63.36,	15.4300
64.03,	15.3800
64.69,	15.3400
65.36,	15.3100
66.02,	15.2700
66.69,	15.2300
67.35,	15.2000
68.01,	15.1700
68.68,	15.1300
69.34,	15.0900
70.01,	15.0500
70.67,	15.0300
71.34,	15.0100
72.00,	15.0000
72.66,	14.9700
73.33,	14.9300
73.99,	14.8800
74.66,	14.8500
75.32,	14.8300
75.98,	14.8200
76.65,	14.8000
77.31,	14.7600
77.98,	14.7000
78.64,	14.6300
79.30,	14.5400
79.97,	14.4700
80.63,	14.4200
81.30,	14.3800
81.96,	14.3700
82.62,	14.3700
83.29,	14.3700
83.95,	14.3700
84.61,	14.3700
85.28,	14.3700
85.94,	14.3700
86.60,	14.3500
87.27,	14.2700
87.93,	14.1700
88.59,	14.1000
89.26,	14.0600
89.92,	13.9800
90.58,	13.8800
91.24,	13.8300
91.91,	13.8000
92.57,	13.7800
93.23,	13.7700
93.90,	13.7200
94.56,	13.6700
95.22,	13.6400
95.88,	13.6300
96.55,	13.5900
97.21,	13.5400
97.87,	13.4900
98.53,	13.4900
99.20,	13.5000
99.86,	13.5000
100.52,	13.5000
101.18,	13.4800
101.85,	13.4700
102.51,	13.4300
103.17,	13.3900
103.83,	13.3300
104.49,	13.2600
105.16,	13.1900
105.82,	13.1500
106.48,	13.1100
107.14,	13.0700
107.80,	13.0400
108.47,	13.0000
109.13,	12.9700
109.79,	12.9500
110.45,	12.9500
111.11,	12.9400
111.77,	12.9200
112.44,	12.9100
113.10,	12.8600
113.76,	12.7800
114.42,	12.7400
115.08,	12.7100
115.74,	12.6900
116.40,	12.6800
117.06,	12.7000
117.73,	12.7500
118.39,	12.7700
119.05,	12.7800
119.71,	12.8100
120.37,	12.8200
121.03,	12.8100
121.69,	12.7400
122.35,	12.6700
123.01,	12.6200
123.67,	12.5600
124.33,	12.5200
125.00,	12.4900
125.66,	12.4700
126.32,	12.4600
126.98,	12.4600
127.64,	12.4600
128.30,	12.4400
128.96,	12.4400
129.62,	12.4400
130.28,	12.4400
130.94,	12.4400
131.60,	12.4400
132.26,	12.4400
132.92,	12.4400
133.58,	12.4500
134.24,	12.4400
134.90,	12.4300
135.56,	12.4200
136.22,	12.4200
136.88,	12.4100
137.54,	12.4100
138.20,	12.4200
138.86,	12.4300
139.52,	12.4300
140.18,	12.4200
140.84,	12.4200
141.50,	12.4200
142.16,	12.4000
142.82,	12.3900
143.48,	12.3700
144.14,	12.3600
144.79,	12.3600
145.45,	12.3500
146.11,	12.3300
146.77,	12.3100
147.43,	12.2700
148.09,	12.2400
148.75,	12.2300
149.41,	12.2100
150.07,	12.1900
150.73,	12.1800
151.39,	12.1800
152.04,	12.1700
152.70,	12.1400
153.36,	12.0900
154.02,	12.0700
154.68,	12.0600
155.34,	12.0200
156.00,	11.9800
156.65,	11.9400
157.31,	11.9300
157.97,	11.9100
158.63,	11.8900
159.29,	11.8800
159.95,	11.8700
160.60,	11.8500
161.26,	11.8400
161.92,	11.8100
162.58,	11.8000
163.24,	11.7900
163.90,	11.7700
164.55,	11.7600
165.21,	11.7500
165.87,	11.7400
166.53,	11.7300
167.18,	11.7200
167.84,	11.7100
168.50,	11.6800
169.16,	11.6400
169.82,	11.6000
170.47,	11.5700
171.13,	11.5400
171.79,	11.5200
172.44,	11.4900
173.10,	11.4600
173.76,	11.4500
174.42,	11.4400
175.07,	11.4400
175.73,	11.4500
176.39,	11.4600
177.05,	11.4600
177.70,	11.4600
178.36,	11.4700
179.02,	11.4700
179.67,	11.4900
180.33,	11.4900
180.99,	11.5000
181.64,	11.5100
182.30,	11.5300
182.96,	11.6000
183.61,	11.7100
184.27,	11.8100
184.93,	11.8700
185.58,	11.9000
186.24,	11.9100
186.90,	11.9200
187.55,	11.9300
188.21,	11.9200
188.87,	11.9200
189.52,	11.9200
190.18,	11.9000
190.83,	11.9000
191.49,	11.9000
192.15,	11.9100
192.80,	11.9200
193.46,	11.9200
194.11,	11.9000
194.77,	11.8900
195.43,	11.8700
196.08,	11.8600
196.74,	11.8500
197.39,	11.8500
198.05,	11.8400
198.70,	11.8300
199.36,	11.8200
200.02,	11.7900
200.67,	11.7100
201.33,	11.5800
201.98,	11.5100
202.64,	11.4500
203.29,	11.4000
203.95,	11.3700
204.60,	11.3600
205.26,	11.3500
205.91,	11.3400
206.57,	11.3300
207.22,	11.3000
207.88,	11.3000
208.53,	11.2900
209.19,	11.2900
209.84,	11.2800
210.50,	11.2700
211.15,	11.2700
211.81,	11.2700
212.46,	11.2700
213.12,	11.2700
213.77,	11.2800
214.43,	11.3100
215.08,	11.3300
215.74,	11.3400
216.39,	11.3000
217.04,	11.2400
217.70,	11.2200
218.35,	11.2100
219.01,	11.2100
219.66,	11.2200
220.32,	11.2200
220.97,	11.2300
221.62,	11.2400
222.28,	11.2400
222.93,	11.2000
223.59,	11.1500
224.24,	11.1200
224.89,	11.1000
225.55,	11.0900
226.20,	11.0700
226.85,	11.0600
227.51,	11.0400
228.16,	11.0300
228.81,	11.0200
229.47,	11.0100
230.12,	11.0000
230.78,	10.9900
231.43,	10.9800
232.08,	10.9600
232.74,	10.9500
233.39,	10.9400
234.04,	10.9400
234.69,	10.9300
235.35,	10.9300
236.00,	10.9300
236.65,	10.9200
237.31,	10.9100
237.96,	10.9000
238.61,	10.8800
239.27,	10.8700
239.92,	10.8700
240.57,	10.8600
241.22,	10.8500
241.88,	10.8400
242.53,	10.8400
243.18,	10.8200
243.83,	10.8100
244.49,	10.8100
245.14,	10.8000
245.79,	10.7900
246.44,	10.8000
247.10,	10.8000
247.75,	10.7900
248.40,	10.7900
249.05,	10.7800
249.70,	10.7600
250.36,	10.7500
251.01,	10.7500
251.66,	10.7500
252.31,	10.7400
252.96,	10.7400
253.62,	10.7300
254.27,	10.7200
254.92,	10.7100
255.57,	10.7100
256.22,	10.7000
256.88,	10.6800
257.53,	10.6600
258.18,	10.6500
258.83,	10.6400
259.48,	10.6300
260.13,	10.6100
260.78,	10.6000
261.44,	10.6000
262.09,	10.5900
262.74,	10.5800
263.39,	10.5600
264.04,	10.5400
264.69,	10.5300
265.34,	10.5200
265.99,	10.5200
266.64,	10.5100
267.29,	10.4900
267.95,	10.4800
268.60,	10.4700
269.25,	10.4600
269.90,	10.4400
270.55,	10.4200
271.20,	10.4100
271.85,	10.4000
272.50,	10.4000
273.15,	10.3900
273.80,	10.3800
274.45,	10.3800
275.10,	10.3700
275.75,	10.3700
276.40,	10.3700
277.05,	10.3600
277.70,	10.3500
278.35,	10.3400
279.00,	10.3500
279.65,	10.3400
280.30,	10.3300
280.95,	10.3300
281.60,	10.3200
282.25,	10.3000
282.90,	10.3000
283.55,	10.3000
284.20,	10.3100
284.85,	10.3100
285.50,	10.2900
286.15,	10.2700
286.80,	10.2600
287.45,	10.2300
288.10,	10.2200
288.75,	10.2100
289.40,	10.2100
290.05,	10.1900
290.70,	10.1900
291.35,	10.1700
292.00,	10.1700
292.64,	10.1700
293.29,	10.1700
293.94,	10.1700
294.59,	10.1800
295.24,	10.1800
295.89,	10.1800
296.54,	10.1800
297.19,	10.1700
297.84,	10.1700
298.49,	10.1600
299.13,	10.1600
299.78,	10.1400
300.43,	10.1300
301.08,	10.1200
301.73,	10.1000
302.38,	10.0900
303.02,	10.0800
303.67,	10.0800
304.32,	10.0600
304.97,	10.0500
305.62,	10.0300
306.27,	10.0200
306.91,	10.0100
307.56,	10.0000
308.21,	9.9900
308.86,	10.0000
309.51,	9.9800
310.15,	9.9800
310.80,	9.9800
311.45,	9.9700
312.10,	9.9500
312.75,	9.9300
313.39,	9.9200
314.04,	9.9100
314.69,	9.9000
315.34,	9.8900
315.98,	9.8800
316.63,	9.8700
317.28,	9.8700
317.93,	9.8600
318.57,	9.8500
319.22,	9.8400
319.87,	9.8300
320.52,	9.8200
321.16,	9.8200
321.81,	9.8100
322.46,	9.8100
323.10,	9.8000
323.75,	9.8000
324.40,	9.7900
325.04,	9.7900
325.69,	9.7900
326.34,	9.7900
326.99,	9.7800
327.63,	9.7700
328.28,	9.7700
328.93,	9.7800
329.57,	9.7700
330.22,	9.7600
330.86,	9.7500
331.51,	9.7400
332.16,	9.7400
332.80,	9.7200
333.45,	9.7100
334.10,	9.7100
334.74,	9.7100
335.39,	9.6900
336.03,	9.6600
336.68,	9.6300
337.33,	9.6000
337.97,	9.5900
338.62,	9.5800
339.26,	9.5600
339.91,	9.5600
340.56,	9.5500
341.20,	9.5500
341.85,	9.5500
342.49,	9.5700
343.14,	9.5800
343.78,	9.5800
344.43,	9.5700
345.08,	9.5800
345.72,	9.6000
346.37,	9.6000
347.01,	9.5900
347.66,	9.5900
348.30,	9.5700
348.95,	9.5500
349.59,	9.5300
350.24,	9.5100
350.88,	9.5100
351.53,	9.5000
352.17,	9.4900
352.82,	9.4800
353.46,	9.4700
354.11,	9.4700
354.75,	9.4800
355.40,	9.4800
356.04,	9.4800
356.69,	9.4600
357.33,	9.4400
357.98,	9.4400
358.62,	9.4300
359.27,	9.4200
359.91,	9.4000
360.55,	9.3700
361.20,	9.3400
361.84,	9.3400
362.49,	9.3500
363.13,	9.3600
363.78,	9.3500
364.42,	9.3500
365.06,	9.3500
365.71,	9.3400
366.35,	9.3400
367.00,	9.3500
367.64,	9.3400
368.28,	9.3300
368.93,	9.3200
369.57,	9.3200
370.22,	9.3200
370.86,	9.3100
371.50,	9.3000
372.15,	9.2900
372.79,	9.2800
373.43,	9.2700
374.08,	9.2600
374.72,	9.2600
375.36,	9.2500
376.01,	9.2500
376.65,	9.2400
377.29,	9.2400
377.94,	9.2300
378.58,	9.2300
379.22,	9.2300
379.87,	9.2100
380.51,	9.2100
381.15,	9.2100
381.79,	9.2100
382.44,	9.2200
383.08,	9.2100
383.72,	9.2000
384.37,	9.2000
385.01,	9.1900
385.65,	9.1900
386.29,	9.1900
386.94,	9.1700
387.58,	9.1700
388.22,	9.1700
388.86,	9.1600
389.51,	9.1500
390.15,	9.1400
390.79,	9.1300
391.43,	9.1200
392.08,	9.1200
392.72,	9.1000
393.36,	9.0900
394.00,	9.0900
394.64,	9.0800
395.29,	9.0600
395.93,	9.0400
396.57,	9.0300
397.21,	9.0200
397.85,	9.0200
398.50,	9.0200
399.14,	9.0100
399.78,	9.0000
400.42,	8.9900
401.06,	8.9800
401.70,	8.9700
402.34,	8.9600
402.99,	8.9500
403.63,	8.9400
404.27,	8.9200
404.91,	8.9000
405.55,	8.8800
406.19,	8.8600
406.83,	8.8300
407.48,	8.8200
408.12,	8.8200
408.76,	8.8000
409.40,	8.7700
410.04,	8.7600
410.68,	8.7400
411.32,	8.7300
411.96,	8.7200
412.60,	8.7200
413.24,	8.7100
413.88,	8.7000
414.52,	8.6800
415.17,	8.6700
415.81,	8.6700
416.45,	8.6700
417.09,	8.6600
417.73,	8.6500
418.37,	8.6400
419.01,	8.6300
419.65,	8.6000
420.29,	8.5900
420.93,	8.5800
421.57,	8.5700
422.21,	8.5600
422.85,	8.5600
423.49,	8.5700
424.13,	8.5700
424.77,	8.5700
425.41,	8.5600
426.05,	8.5500
426.69,	8.5500
427.33,	8.5500
427.97,	8.5400
428.61,	8.5300
429.25,	8.5100
429.89,	8.4900
430.53,	8.4800
431.17,	8.4600
431.80,	8.4500
432.44,	8.4500
433.08,	8.4400
433.72,	8.4200
434.36,	8.4000
435.00,	8.3900
435.64,	8.3800
436.28,	8.3700
436.92,	8.3600
437.56,	8.3400
438.20,	8.3200
438.84,	8.3200
439.47,	8.2900
440.11,	8.2500
440.75,	8.2300
441.39,	8.2100
442.03,	8.2000
442.67,	8.1900
443.31,	8.1900
443.95,	8.1900
444.58,	8.1800
445.22,	8.1800
445.86,	8.1800
446.50,	8.1800
447.14,	8.1700
447.78,	8.1700
448.41,	8.1700
449.05,	8.1600
449.69,	8.1400
450.33,	8.1300
450.97,	8.1100
451.60,	8.1000
452.24,	8.0700
452.88,	8.0500
453.52,	8.0400
454.16,	8.0300
454.79,	8.0300
455.43,	8.0200
456.07,	8.0100
456.71,	8.0100
457.35,	8.0200
457.98,	8.0300
458.62,	8.0500
459.26,	8.0500
459.90,	8.0300
460.53,	8.0100
461.17,	8.0100
461.81,	8.0300
462.44,	8.0300
463.08,	7.9500
463.72,	7.8900
464.36,	7.8800
464.99,	7.8700
465.63,	7.8800
466.27,	7.8900
466.90,	7.9000
467.54,	7.9100
468.18,	7.9200
468.81,	7.9200
469.45,	7.9100
470.09,	7.8600
470.72,	7.8100
471.36,	7.7800
472.00,	7.7600
472.63,	7.7400
473.27,	7.7200
473.91,	7.6900
474.54,	7.6700
475.18,	7.6600
475.82,	7.6600
476.45,	7.6600
477.09,	7.6600
477.73,	7.6600
478.36,	7.6700
479.00,	7.6700
479.63,	7.6600
480.27,	7.6400
480.91,	7.6200
481.54,	7.6100
482.18,	7.6100
482.81,	7.6000
483.45,	7.5800
484.08,	7.5700
484.72,	7.5500
485.36,	7.5200
485.99,	7.5100
486.63,	7.4900
487.26,	7.4700
487.90,	7.4400
488.53,	7.4300
489.17,	7.4200
489.80,	7.4100
490.44,	7.4000
491.07,	7.4000
491.71,	7.3800
492.34,	7.3700
492.98,	7.3600
493.62,	7.3500
494.25,	7.3400
494.89,	7.3400
495.52,	7.3400
496.15,	7.3400
496.79,	7.3400
497.42,	7.3300
498.06,	7.3100
498.69,	7.3100
499.33,	7.3000
499.96,	7.2900
500.60,	7.2800
501.23,	7.2700
501.87,	7.2600
502.50,	7.2600
503.14,	7.2600
503.77,	7.2500
504.40,	7.2500
505.04,	7.2400
505.67,	7.2300
506.31,	7.2300
506.94,	7.2400
507.57,	7.2400
508.21,	7.2400
508.84,	7.2500
509.48,	7.2500
510.11,	7.2500
510.74,	7.2500
511.38,	7.2500
512.01,	7.2300
512.65,	7.2000
513.28,	7.1700
513.91,	7.1200
514.55,	7.0900
515.18,	7.0700
515.81,	7.0600
516.45,	7.0600
517.08,	7.0600
517.71,	7.0700
518.35,	7.0900
518.98,	7.1100
519.61,	7.1200
520.25,	7.1500
520.88,	7.1700
521.51,	7.1800
522.15,	7.1700
522.78,	7.1700
523.41,	7.1600
524.04,	7.1600
524.68,	7.1600
525.31,	7.1500
525.94,	7.1500
526.58,	7.1400
527.21,	7.1400
527.84,	7.1300
528.47,	7.1300
529.11,	7.1400
529.74,	7.1400
530.37,	7.1400
531.00,	7.1300
531.64,	7.1400
532.27,	7.1400
532.90,	7.1200
533.53,	7.1200
534.17,	7.1100
534.80,	7.1000
535.43,	7.0800
536.06,	7.0600
536.69,	7.0400
537.33,	7.0300
537.96,	7.0300
538.59,	7.0200
539.22,	7.0000
539.85,	6.9900
540.48,	6.9800
541.12,	6.9700
541.75,	6.9600
542.38,	6.9400
543.01,	6.9200
543.64,	6.9100
544.27,	6.9000
544.91,	6.8800
545.54,	6.8600
546.17,	6.8400
546.80,	6.8200
547.43,	6.8100
548.06,	6.8000
548.69,	6.7800
549.32,	6.7800
549.95,	6.7600
550.59,	6.7400
551.22,	6.7300
551.85,	6.7200
552.48,	6.7100
553.11,	6.7000
553.74,	6.6900
554.37,	6.6800
555.00,	6.6600
555.63,	6.6400
556.26,	6.6200
556.89,	6.6100
557.52,	6.6000
558.15,	6.5900
558.78,	6.5800
559.42,	6.5700
560.05,	6.5600
560.68,	6.5500
561.31,	6.5400
561.94,	6.5300
562.57,	6.5200
563.20,	6.5100
563.83,	6.5000
564.46,	6.4900
565.09,	6.4700
565.72,	6.4500
566.35,	6.4100
566.98,	6.3700
567.61,	6.3400
568.24,	6.3100
568.87,	6.2900
569.50,	6.2600
570.12,	6.2200
570.75,	6.2100
571.38,	6.2100
572.01,	6.2100
572.64,	6.1900
573.27,	6.1900
573.90,	6.1600
574.53,	6.1300
575.16,	6.1100
575.79,	6.1100
576.42,	6.1000
577.05,	6.1000
577.68,	6.0900
578.31,	6.0800
578.93,	6.0600
579.56,	6.0400
580.19,	6.0400
580.82,	6.0400
581.45,	6.0300
582.08,	6.0300
582.71,	6.0300
583.34,	6.0200
583.97,	6.0100
584.59,	6.0200
585.22,	6.0300
585.85,	6.0300
586.48,	6.0300
587.11,	6.0300
587.74,	6.0300
588.36,	6.0200
588.99,	6.0100
589.62,	5.9900
590.25,	5.9800
590.88,	5.9600
591.50,	5.9600
592.13,	5.9600
592.76,	5.9600
593.39,	5.9600
594.02,	5.9600
594.64,	5.9500
595.27,	5.9500
595.90,	5.9400
596.53,	5.9300
597.16,	5.9300
597.78,	5.9300
598.41,	5.9200
599.04,	5.9000
599.67,	5.8900
600.29,	5.8900
600.92,	5.8900
601.55,	5.8900
602.18,	5.8900
602.80,	5.8900
603.43,	5.8800
604.06,	5.8700
604.68,	5.8600
605.31,	5.8400
605.94,	5.8300
606.57,	5.8100
607.19,	5.8000
607.82,	5.7900
608.45,	5.7800
609.07,	5.7900
609.70,	5.8000
610.33,	5.7900
610.95,	5.7700
611.58,	5.7400
612.21,	5.7400
612.83,	5.7200
613.46,	5.7200
614.09,	5.7200
614.71,	5.7100
615.34,	5.7100
615.97,	5.7000
616.59,	5.7000
617.22,	5.6900
617.84,	5.7000
618.47,	5.7000
619.10,	5.7100
619.72,	5.7100
620.35,	5.7100
620.97,	5.7100
621.60,	5.7100
622.23,	5.7100
622.85,	5.6900
623.48,	5.6900
624.10,	5.6800
624.73,	5.6800
625.35,	5.6700
625.98,	5.6700
626.61,	5.6600
627.23,	5.6600
627.86,	5.6500
628.48,	5.6400
629.11,	5.6400
629.73,	5.6300
630.36,	5.6200
630.98,	5.6200
631.61,	5.6200
632.23,	5.6200
632.86,	5.6200
633.48,	5.6200
634.11,	5.6100
634.73,	5.6000
635.36,	5.6000
635.98,	5.5900
636.61,	5.5900
637.23,	5.5800
637.86,	5.5800
638.48,	5.5700
639.11,	5.5600
639.73,	5.5600
640.36,	5.5500
640.98,	5.5300
641.61,	5.5200
642.23,	5.5000
642.85,	5.4900
643.48,	5.4700
644.10,	5.4400
644.73,	5.4100
645.35,	5.3900
645.98,	5.3800
646.60,	5.3700
647.22,	5.3600
647.85,	5.3600
648.47,	5.3500
649.10,	5.3500
649.72,	5.3500
650.34,	5.3400
650.97,	5.3300
651.59,	5.3200
652.22,	5.3100
652.84,	5.2900
653.46,	5.2800
654.09,	5.2700
654.71,	5.2600
655.33,	5.2500
655.96,	5.2400
656.58,	5.2400
657.20,	5.2300
657.83,	5.2200
658.45,	5.2100
659.07,	5.2100
659.70,	5.1900
660.32,	5.1700
660.94,	5.1600
661.57,	5.1600
662.19,	5.1500
662.81,	5.1400
663.43,	5.1400
664.06,	5.1400
664.68,	5.1400
665.30,	5.1200
665.93,	5.1000
666.55,	5.0900
667.17,	5.0800
667.79,	5.0700
668.42,	5.0700
669.04,	5.0700
669.66,	5.0700
670.28,	5.0600
670.91,	5.0500
671.53,	5.0300
672.15,	5.0300
672.77,	5.0300
673.39,	5.0400
674.02,	5.0500
674.64,	5.0700
675.26,	5.1000
675.88,	5.1500
676.50,	5.1800
677.13,	5.1800
677.75,	5.1800
678.37,	5.1600
678.99,	5.1300
679.61,	5.0900
680.24,	5.0600
680.86,	5.0300
681.48,	5.0100
682.10,	5.0000
682.72,	4.9900
683.34,	4.9900
683.96,	4.9800
684.59,	4.9700
685.21,	4.9600
685.83,	4.9500
686.45,	4.9500
687.07,	4.9500
687.69,	4.9500
688.31,	4.9400
688.93,	4.9400
689.56,	4.9300
690.18,	4.9100
690.80,	4.8900
691.42,	4.8800
692.04,	4.8700
692.66,	4.8700
693.28,	4.8600
693.90,	4.8600
694.52,	4.8600
695.14,	4.8700
695.76,	4.8700
696.38,	4.8500
697.00,	4.8300
697.62,	4.8100
698.25,	4.8000
698.87,	4.7800
699.49,	4.7600
700.11,	4.7400
700.73,	4.7300
701.35,	4.7200
701.97,	4.7100
702.59,	4.7100
703.21,	4.7000
703.83,	4.7000
704.45,	4.7000
705.07,	4.7000
705.69,	4.7000
706.31,	4.6800
706.93,	4.6800
707.55,	4.6700
708.17,	4.6700
708.79,	4.6600
709.40,	4.6600
710.02,	4.6500
710.64,	4.6500
711.26,	4.6500
711.88,	4.6400
712.50,	4.6400
713.12,	4.6400
713.74,	4.6300
714.36,	4.6200
714.98,	4.6200
715.60,	4.6100
716.22,	4.6100
716.84,	4.6100
717.45,	4.6100
718.07,	4.6000
718.69,	4.6000
719.31,	4.6000
719.93,	4.5900
720.55,	4.5800
721.17,	4.5800
721.79,	4.5800
722.41,	4.5800
723.02,	4.5800
723.64,	4.5800
724.26,	4.5800
724.88,	4.5900
725.50,	4.6000
726.12,	4.6000
726.73,	4.6000
727.35,	4.6100
727.97,	4.6100
728.59,	4.6100
729.21,	4.6100
729.83,	4.6200
730.44,	4.6200
731.06,	4.6200
731.68,	4.6200
732.30,	4.6300
732.92,	4.6300
733.53,	4.6300
734.15,	4.6400
734.77,	4.6400
735.39,	4.6300
736.00,	4.6200
736.62,	4.6100
737.24,	4.6000
737.86,	4.5900
738.47,	4.5900
739.09,	4.6000
739.71,	4.6100
740.33,	4.6200
740.94,	4.6300
741.56,	4.6300
742.18,	4.6200
742.79,	4.6200
743.41,	4.6100
744.03,	4.6000
744.65,	4.6000
745.26,	4.6100
745.88,	4.6300
746.50,	4.6400
747.11,	4.6500
747.73,	4.6500
748.35,	4.6700
748.96,	4.6700
749.58,	4.6800
750.20,	4.6800
750.81,	4.6700
751.43,	4.6700
752.05,	4.6700
752.66,	4.6700
753.28,	4.6800
753.90,	4.6900
754.51,	4.6800
755.13,	4.6800
755.74,	4.6800
756.36,	4.6900
756.98,	4.7100
757.59,	4.7100
758.21,	4.7200
758.82,	4.7400
759.44,	4.7400
760.06,	4.7500
760.67,	4.7700
761.29,	4.7900
761.90,	4.8200
762.52,	4.8300
763.14,	4.8500
763.75,	4.8500
764.37,	4.8600
764.98,	4.8600
765.60,	4.8700
766.21,	4.8700
766.83,	4.8600
767.44,	4.8600
768.06,	4.8700
768.67,	4.8800
769.29,	4.8900
769.90,	4.9000
770.52,	4.9100
771.14,	4.9100
771.75,	4.9200
772.37,	4.9300
772.98,	4.9400
773.59,	4.9300
774.21,	4.9300
774.82,	4.9200
775.44,	4.9200
776.05,	4.9200
776.67,	4.9100
777.28,	4.9200
777.90,	4.9200
778.51,	4.9200
779.13,	4.9200
779.74,	4.9100
780.36,	4.9100
780.97,	4.9000
781.58,	4.9100
782.20,	4.9100
782.81,	4.9000
783.43,	4.9000
784.04,	4.9000
784.66,	4.9000
785.27,	4.9000
785.88,	4.8900
786.50,	4.8800
787.11,	4.8500
787.73,	4.8400
788.34,	4.8200
788.95,	4.8200
789.57,	4.8100
790.18,	4.8100
790.79,	4.8100
791.41,	4.8200
792.02,	4.8300
792.63,	4.8500
793.25,	4.8700
793.86,	4.8700
794.47,	4.8500
795.09,	4.8300
795.70,	4.8200
796.31,	4.8200
796.93,	4.8200
797.54,	4.8100
798.15,	4.8000
798.77,	4.7900
799.38,	4.7700
799.99,	4.7700
800.61,	4.7600
801.22,	4.7400
801.83,	4.7200
802.44,	4.7100
803.06,	4.7000
803.67,	4.7000
804.28,	4.6900
804.90,	4.6900
805.51,	4.6900
806.12,	4.6800
806.73,	4.6800
807.34,	4.6800
807.96,	4.6800
808.57,	4.6700
809.18,	4.6700
809.79,	4.6600
810.41,	4.6600
811.02,	4.6600
811.63,	4.6600
812.24,	4.6600
812.85,	4.6500
813.47,	4.6500
814.08,	4.6400
814.69,	4.6600
815.30,	4.6700
815.91,	4.6700
816.53,	4.6700
817.14,	4.6700
817.75,	4.6700
818.36,	4.6700
818.97,	4.6700
819.58,	4.6800
820.20,	4.6800
820.81,	4.6800
821.42,	4.6700
822.03,	4.6600
822.64,	4.6500
823.25,	4.6400
823.86,	4.6200
824.47,	4.6100
825.09,	4.5200
825.70,	4.4300
826.31,	4.3900
826.92,	4.3800
827.53,	4.3800
828.14,	4.3900
828.75,	4.3900
829.36,	4.3900
829.97,	4.3800
830.58,	4.3800
831.19,	4.3700
831.80,	4.3500
832.42,	4.3200
833.03,	4.3100
833.64,	4.3300
834.25,	4.3600
834.86,	4.3700
835.47,	4.3700
836.08,	4.3700
836.69,	4.3700
837.30,	4.3700
837.91,	4.3700
838.52,	4.3600
839.13,	4.3500
839.74,	4.3500
840.35,	4.3400
840.96,	4.3500
841.57,	4.3600
842.18,	4.3600
842.79,	4.3500
843.40,	4.3500
844.01,	4.3400
844.62,	4.3200
845.23,	4.2900
845.84,	4.2600
846.45,	4.2400
847.06,	4.2200
847.67,	4.2100
848.27,	4.2100
848.88,	4.2100
849.49,	4.2100
850.10,	4.2100
850.71,	4.2100
851.32,	4.2100
851.93,	4.2100
852.54,	4.2100
853.15,	4.2100
853.76,	4.2100
854.37,	4.2000
854.98,	4.1900
855.58,	4.1600
856.19,	4.1400
856.80,	4.1300
857.41,	4.1200
858.02,	4.1100
858.63,	4.1000
859.24,	4.1000
859.85,	4.0900
860.45,	4.1000
861.06,	4.1000
861.67,	4.1000
862.28,	4.1000
862.89,	4.1000
863.50,	4.0900
864.10,	4.0900
864.71,	4.0800
865.32,	4.0600
865.93,	4.0500
866.54,	4.0400
867.14,	4.0400
867.75,	4.0300
868.36,	4.0300
868.97,	4.0300
869.58,	4.0400
870.18,	4.0400
870.79,	4.0400
871.40,	4.0500
872.01,	4.0500
872.61,	4.0500
873.22,	4.0500
873.83,	4.0500
874.44,	4.0400
875.04,	4.0300
875.65,	4.0300
876.26,	4.0300
876.87,	4.0400
877.47,	4.0500
878.08,	4.0500
878.69,	4.0500
879.29,	4.0500
879.90,	4.0500
880.51,	4.0400
881.12,	4.0500
881.72,	4.0500
882.33,	4.0500
882.94,	4.0500
883.54,	4.0500
884.15,	4.0400
884.76,	4.0300
885.36,	4.0200
885.97,	4.0100
886.58,	3.9900
887.18,	3.9700
887.79,	3.9600
888.40,	3.9500
889.00,	3.9400
889.61,	3.9300
890.22,	3.9200
890.82,	3.9000
891.43,	3.9000
892.03,	3.9000
892.64,	3.9000
893.25,	3.9000
893.85,	3.9000
894.46,	3.8900
895.06,	3.8900
895.67,	3.8800
896.28,	3.8700
896.88,	3.8700
897.49,	3.8700
898.09,	3.8600
898.70,	3.8700
899.30,	3.8700
899.91,	3.8700
900.52,	3.8700
901.12,	3.8700
901.73,	3.8800
902.33,	3.9000
902.94,	3.9600
903.54,	4.2900
904.15,	5.3600
904.75,	7.7100
905.36,	10.6500
905.96,	13.3000
906.57,	15.0300
907.17,	16.0200
907.78,	16.7000
908.38,	17.2200
908.99,	21.9000
909.59,	35.5000
910.20,	35.5000
910.80,	35.5000
911.41,	35.5000
912.01,	35.5000
912.62,	35.5000
913.22,	35.5000
913.83,	35.5000
914.43,	35.5000
915.03,	35.5000
915.64,	35.5000
916.24,	35.5000
916.85,	35.5000
917.45,	35.5000
918.06,	35.5000
918.66,	35.5000
919.26,	35.5000
919.87,	35.5000
920.47,	35.5000
921.08,	35.5000
921.68,	35.5000
922.28,	35.5000
922.89,	35.5000
923.49,	35.5000
924.10,	35.5000
924.70,	35.5000
925.30,	35.5000
925.91,	35.5000
926.51,	35.5000
927.11,	35.5000
927.72,	35.5000
928.32,	35.5000
928.92,	35.5000
929.53,	35.5000
930.13,	35.5000
930.74,	35.5000
931.34,	35.5000
931.94,	35.5000
932.54,	35.5000
933.15,	35.5000
933.75,	35.5000
934.35,	35.5000
934.96,	35.5000
935.56,	35.5000
936.16,	35.5000
936.77,	35.5000
937.37,	35.5000
937.97,	35.5000
938.57,	35.5000
939.18,	35.5000
939.78,	35.5000
940.38,	35.5000
940.98,	35.5000
941.59,	35.5000
942.19,	35.5000
942.79,	35.5000
943.39,	35.5000
944.00,	35.5000
944.60,	35.5000
945.20,	35.5000
945.80,	35.5000
946.40,	35.5000
947.01,	35.5000
947.61,	35.5000
948.21,	35.5000
948.81,	35.5000
949.41,	35.5000
950.02,	35.5000
950.62,	35.5000
951.22,	35.5000
951.82,	35.5000
952.42,	35.5000
953.02,	35.5000
953.63,	35.5000
954.23,	35.5000
954.83,	35.5000
955.43,	35.5000
956.03,	35.5000
956.63,	35.5000
957.24,	35.5000
957.84,	35.5000
958.44,	35.5000
959.04,	35.5000
959.64,	35.5000
960.24,	35.5000
960.84,	35.5000
961.44,	35.5000
962.04,	35.5000
962.64,	35.5000
963.25,	35.5000
963.85,	35.5000
964.45,	35.5000
965.05,	35.5000
965.65,	35.5000
966.25,	35.5000
966.85,	35.5000
967.45,	35.5000
968.05,	35.5000
968.65,	35.5000
969.25,	35.5000
969.85,	35.5000
970.45,	35.5000
971.05,	35.5000
971.65,	35.5000
972.25,	35.5000
972.85,	35.5000
973.45,	35.5000
974.05,	35.5000
974.65,	35.5000
975.25,	35.5000
975.85,	35.5000
976.45,	35.5000
977.05,	35.5000
977.65,	35.5000
978.25,	35.5000
978.85,	35.5000
979.45,	35.5000
980.05,	35.5000
980.65,	35.5000
981.25,	35.5000
981.85,	35.5000
982.45,	35.5000
983.05,	35.5000
983.65,	35.5000
984.25,	35.5000
984.85,	35.5000
985.45,	35.5000
986.04,	35.5000
986.64,	35.5000
987.24,	35.5000
987.84,	35.5000
988.44,	35.5000
989.04,	35.5000
989.64,	35.5000
990.24,	35.5000
990.84,	35.5000
991.44,	35.5000
992.03,	35.5000
992.63,	35.5000
993.23,	35.5000
993.83,	35.5000
994.43,	35.5000
995.03,	35.5000
995.63,	35.5000
996.22,	35.5000
996.82,	35.5000
997.42,	35.5000
998.02,	35.5000
998.62,	35.5000
999.21,	35.5000
999.81,	35.5000
1000.41,	35.5000
