Call Sign = ZSDA,	Ship Name = SA Agulhas,	Lloyds Num = 0
Date = 01/31/2017,	Time = 17:10,	
Latitude = 52 55.02  S,	Longitude = 000 00.12  W
Instr = Sippican Deep Blue,	Card Type = Sippican MK-21,	
Wind Instr = ,	Measur Method = 
Probe Serial Num = -1,	Ship Dir = -1,	Ship Speed = -1.00
Wind Dir = 243,	Wind Speed = 21.00
Dry Bulb Temp = 2.30,	Total Water Depth = -1.00

Full Resolution Values
Depth,	 Temp
0.67,	2.1800
1.34,	1.9700
2.01,	1.9000
2.68,	1.8700
3.34,	1.8700
4.01,	1.8600
4.68,	1.8500
5.35,	1.8400
6.02,	1.8400
6.69,	1.8500
7.36,	1.8600
8.03,	1.8700
8.69,	1.8700
9.36,	1.8700
10.03,	1.8600
10.70,	1.8600
11.37,	1.8600
12.04,	1.8500
12.70,	1.8400
13.37,	1.8400
14.04,	1.8400
14.71,	1.8500
15.38,	1.8500
16.05,	1.8500
16.71,	1.8400
17.38,	1.8400
18.05,	1.8400
18.72,	1.8400
19.38,	1.8400
20.05,	1.8400
20.72,	1.8400
21.39,	1.8400
22.06,	1.8300
22.72,	1.8400
23.39,	1.8400
24.06,	1.8400
24.73,	1.8300
25.39,	1.8300
26.06,	1.8300
26.73,	1.8200
27.40,	1.8100
28.06,	1.8100
28.73,	1.8200
29.40,	1.8100
30.06,	1.8100
30.73,	1.8100
31.40,	1.8100
32.06,	1.8000
32.73,	1.8000
33.40,	1.7900
34.07,	1.7900
34.73,	1.7800
35.40,	1.7800
36.07,	1.7800
36.73,	1.7800
37.40,	1.7900
38.07,	1.7900
38.73,	1.7800
39.40,	1.7800
40.06,	1.7800
40.73,	1.7800
41.40,	1.7800
42.06,	1.7800
42.73,	1.7700
43.40,	1.7700
44.06,	1.7600
44.73,	1.7500
45.39,	1.7500
46.06,	1.7500
46.73,	1.7500
47.39,	1.7500
48.06,	1.7500
48.72,	1.7400
49.39,	1.7400
50.06,	1.7400
50.72,	1.7400
51.39,	1.7300
52.05,	1.7400
52.72,	1.7300
53.38,	1.7300
54.05,	1.7300
54.71,	1.7300
55.38,	1.7300
56.05,	1.7300
56.71,	1.7300
57.38,	1.7300
58.04,	1.7300
58.71,	1.7300
59.37,	1.7300
60.04,	1.7300
60.70,	1.7300
61.37,	1.7300
62.03,	1.7300
62.70,	1.7300
63.36,	1.7200
64.03,	1.7200
64.69,	1.7200
65.36,	1.7200
66.02,	1.7100
66.69,	1.7100
67.35,	1.7100
68.01,	1.7200
68.68,	1.7200
69.34,	1.7200
70.01,	1.7100
70.67,	1.7100
71.34,	1.7200
72.00,	1.7200
72.66,	1.7100
73.33,	1.7100
73.99,	1.7100
74.66,	1.7000
75.32,	1.6800
75.98,	1.6700
76.65,	1.6600
77.31,	1.6600
77.98,	1.6500
78.64,	1.6600
79.30,	1.6500
79.97,	1.6500
80.63,	1.6500
81.30,	1.6500
81.96,	1.6500
82.62,	1.6500
83.29,	1.6400
83.95,	1.6400
84.61,	1.6400
85.28,	1.6400
85.94,	1.6300
86.60,	1.6200
87.27,	1.6200
87.93,	1.6100
88.59,	1.6000
89.26,	1.5900
89.92,	1.5800
90.58,	1.5800
91.24,	1.5600
91.91,	1.5400
92.57,	1.5200
93.23,	1.5100
93.90,	1.4900
94.56,	1.4600
95.22,	1.4300
95.88,	1.3900
96.55,	1.3100
97.21,	1.1600
97.87,	1.0200
98.53,	0.9600
99.20,	0.9200
99.86,	0.8100
100.52,	0.7200
101.18,	0.6900
101.85,	0.6500
102.51,	0.5500
103.17,	0.4400
103.83,	0.3900
104.49,	0.3600
105.16,	0.3300
105.82,	0.3100
106.48,	0.2800
107.14,	0.2800
107.80,	0.2700
108.47,	0.2600
109.13,	0.2400
109.79,	0.2300
110.45,	0.2200
111.11,	0.2000
111.77,	0.1800
112.44,	0.1700
113.10,	0.1600
113.76,	0.1500
114.42,	0.1500
115.08,	0.1400
115.74,	0.1300
116.40,	0.1300
117.06,	0.1300
117.73,	0.1300
118.39,	0.1300
119.05,	0.1300
119.71,	0.1300
120.37,	0.1300
121.03,	0.1200
121.69,	0.1200
122.35,	0.1200
123.01,	0.1200
123.67,	0.1200
124.33,	0.1200
125.00,	0.1200
125.66,	0.1200
126.32,	0.1200
126.98,	0.1200
127.64,	0.1200
128.30,	0.1300
128.96,	0.1200
129.62,	0.1200
130.28,	0.1300
130.94,	0.1300
131.60,	0.1300
132.26,	0.1400
132.92,	0.1400
133.58,	0.1500
134.24,	0.1600
134.90,	0.1600
135.56,	0.1700
136.22,	0.1700
136.88,	0.1800
137.54,	0.1800
138.20,	0.1800
138.86,	0.1900
139.52,	0.1900
140.18,	0.1900
140.84,	0.1900
141.50,	0.1900
142.16,	0.2000
142.82,	0.2000
143.48,	0.2100
144.14,	0.2100
144.79,	0.2200
145.45,	0.2300
146.11,	0.2400
146.77,	0.2400
147.43,	0.2500
148.09,	0.2600
148.75,	0.2600
149.41,	0.2800
150.07,	0.3000
150.73,	0.3100
151.39,	0.3300
152.04,	0.3500
152.70,	0.3800
153.36,	0.3900
154.02,	0.3900
154.68,	0.4000
155.34,	0.4100
156.00,	0.4300
156.65,	0.4500
157.31,	0.4700
157.97,	0.4800
158.63,	0.4900
159.29,	0.5000
159.95,	0.5100
160.60,	0.5300
161.26,	0.5500
161.92,	0.5600
162.58,	0.5700
163.24,	0.5900
163.90,	0.6100
164.55,	0.6400
165.21,	0.6700
165.87,	0.7000
166.53,	0.7200
167.18,	0.7500
167.84,	0.7700
168.50,	0.7900
169.16,	0.8400
169.82,	0.8800
170.47,	0.9100
171.13,	0.9200
171.79,	0.9300
172.44,	0.9400
173.10,	0.9500
173.76,	0.9800
174.42,	1.0200
175.07,	1.0700
175.73,	1.1000
176.39,	1.1200
177.05,	1.1400
177.70,	1.1500
178.36,	1.1800
179.02,	1.2500
179.67,	1.3000
180.33,	1.3400
180.99,	1.3700
181.64,	1.4000
182.30,	1.4400
182.96,	1.4700
183.61,	1.4800
184.27,	1.4900
184.93,	1.4900
185.58,	1.4900
186.24,	1.4900
186.90,	1.5000
187.55,	1.5000
188.21,	1.5000
188.87,	1.5000
189.52,	1.5100
190.18,	1.5300
190.83,	1.5300
191.49,	1.5300
192.15,	1.5400
192.80,	1.5500
193.46,	1.5700
194.11,	1.5800
194.77,	1.5900
195.43,	1.6200
196.08,	1.6500
196.74,	1.6700
197.39,	1.6800
198.05,	1.6900
198.70,	1.7100
199.36,	1.7200
200.02,	1.7300
200.67,	1.7400
201.33,	1.7400
201.98,	1.7500
202.64,	1.7600
203.29,	1.7700
203.95,	1.7800
204.60,	1.7800
205.26,	1.7900
205.91,	1.7900
206.57,	1.8000
207.22,	1.8000
207.88,	1.8100
208.53,	1.8100
209.19,	1.8200
209.84,	1.8200
210.50,	1.8200
211.15,	1.8200
211.81,	1.8200
212.46,	1.8300
213.12,	1.8200
213.77,	1.8300
214.43,	1.8300
215.08,	1.8300
215.74,	1.8300
216.39,	1.8300
217.04,	1.8300
217.70,	1.8400
218.35,	1.8400
219.01,	1.8400
219.66,	1.8500
220.32,	1.8600
220.97,	1.8600
221.62,	1.8600
222.28,	1.8700
222.93,	1.8800
223.59,	1.8900
224.24,	1.8900
224.89,	1.8900
225.55,	1.8900
226.20,	1.9000
226.85,	1.9000
227.51,	1.9000
228.16,	1.9000
228.81,	1.9000
229.47,	1.9000
230.12,	1.9000
230.78,	1.9100
231.43,	1.9100
232.08,	1.9200
232.74,	1.9200
233.39,	1.9200
234.04,	1.9200
234.69,	1.9200
235.35,	1.9200
236.00,	1.9200
236.65,	1.9300
237.31,	1.9300
237.96,	1.9300
238.61,	1.9300
239.27,	1.9400
239.92,	1.9400
240.57,	1.9500
241.22,	1.9400
241.88,	1.9500
242.53,	1.9500
243.18,	1.9500
243.83,	1.9600
244.49,	1.9600
245.14,	1.9700
245.79,	1.9700
246.44,	1.9800
247.10,	1.9800
247.75,	1.9800
248.40,	1.9800
249.05,	1.9900
249.70,	1.9900
250.36,	2.0000
251.01,	2.0100
251.66,	2.0200
252.31,	2.0200
252.96,	2.0200
253.62,	2.0200
254.27,	2.0200
254.92,	2.0200
255.57,	2.0300
256.22,	2.0300
256.88,	2.0300
257.53,	2.0300
258.18,	2.0300
258.83,	2.0300
259.48,	2.0400
260.13,	2.0400
260.78,	2.0400
261.44,	2.0400
262.09,	2.0400
262.74,	2.0400
263.39,	2.0500
264.04,	2.0500
264.69,	2.0500
265.34,	2.0500
265.99,	2.0500
266.64,	2.0500
267.29,	2.0500
267.95,	2.0500
268.60,	2.0500
269.25,	2.0500
269.90,	2.0500
270.55,	2.0500
271.20,	2.0500
271.85,	2.0600
272.50,	2.0600
273.15,	2.0600
273.80,	2.0600
274.45,	2.0600
275.10,	2.0500
275.75,	2.0600
276.40,	2.0600
277.05,	2.0600
277.70,	2.0600
278.35,	2.0500
279.00,	2.0500
279.65,	2.0500
280.30,	2.0600
280.95,	2.0600
281.60,	2.0600
282.25,	2.0600
282.90,	2.0600
283.55,	2.0600
284.20,	2.0600
284.85,	2.0600
285.50,	2.0600
286.15,	2.0600
286.80,	2.0600
287.45,	2.0600
288.10,	2.0600
288.75,	2.0600
289.40,	2.0600
290.05,	2.0600
290.70,	2.0700
291.35,	2.0600
292.00,	2.0600
292.64,	2.0700
293.29,	2.0700
293.94,	2.0600
294.59,	2.0600
295.24,	2.0600
295.89,	2.0700
296.54,	2.0700
297.19,	2.0700
297.84,	2.0700
298.49,	2.0700
299.13,	2.0700
299.78,	2.0700
300.43,	2.0700
301.08,	2.0700
301.73,	2.0700
302.38,	2.0700
303.02,	2.0700
303.67,	2.0700
304.32,	2.0700
304.97,	2.0700
305.62,	2.0700
306.27,	2.0700
306.91,	2.0700
307.56,	2.0700
308.21,	2.0700
308.86,	2.0700
309.51,	2.0700
310.15,	2.0700
310.80,	2.0700
311.45,	2.0700
312.10,	2.0700
312.75,	2.0700
313.39,	2.0700
314.04,	2.0700
314.69,	2.0700
315.34,	2.0700
315.98,	2.0700
316.63,	2.0700
317.28,	2.0700
317.93,	2.0700
318.57,	2.0700
319.22,	2.0800
319.87,	2.0700
320.52,	2.0700
321.16,	2.0800
321.81,	2.0700
322.46,	2.0800
323.10,	2.0800
323.75,	2.0800
324.40,	2.0800
325.04,	2.0800
325.69,	2.0800
326.34,	2.0800
326.99,	2.0700
327.63,	2.0800
328.28,	2.0800
328.93,	2.0800
329.57,	2.0800
330.22,	2.0800
330.86,	2.0800
331.51,	2.0800
332.16,	2.0800
332.80,	2.0800
333.45,	2.0800
334.10,	2.0800
334.74,	2.0800
335.39,	2.0700
336.03,	2.0800
336.68,	2.0700
337.33,	2.0700
337.97,	2.0700
338.62,	2.0700
339.26,	2.0700
339.91,	2.0700
340.56,	2.0700
341.20,	2.0700
341.85,	2.0700
342.49,	2.0700
343.14,	2.0700
343.78,	2.0700
344.43,	2.0700
345.08,	2.0700
345.72,	2.0800
346.37,	2.0800
347.01,	2.0700
347.66,	2.0700
348.30,	2.0700
348.95,	2.0700
349.59,	2.0700
350.24,	2.0700
350.88,	2.0700
351.53,	2.0700
352.17,	2.0700
352.82,	2.0700
353.46,	2.0700
354.11,	2.0700
354.75,	2.0700
355.40,	2.0700
356.04,	2.0700
356.69,	2.0700
357.33,	2.0700
357.98,	2.0700
358.62,	2.0700
359.27,	2.0700
359.91,	2.0700
360.55,	2.0700
361.20,	2.0700
361.84,	2.0700
362.49,	2.0700
363.13,	2.0700
363.78,	2.0700
364.42,	2.0700
365.06,	2.0700
365.71,	2.0700
366.35,	2.0700
367.00,	2.0700
367.64,	2.0700
368.28,	2.0700
368.93,	2.0700
369.57,	2.0700
370.22,	2.0700
370.86,	2.0600
371.50,	2.0700
372.15,	2.0700
372.79,	2.0700
373.43,	2.0700
374.08,	2.0700
374.72,	2.0700
375.36,	2.0600
376.01,	2.0600
376.65,	2.0600
377.29,	2.0600
377.94,	2.0600
378.58,	2.0700
379.22,	2.0700
379.87,	2.0700
380.51,	2.0700
381.15,	2.0700
381.79,	2.0700
382.44,	2.0600
383.08,	2.0600
383.72,	2.0700
384.37,	2.0700
385.01,	2.0700
385.65,	2.0700
386.29,	2.0600
386.94,	2.0600
387.58,	2.0600
388.22,	2.0600
388.86,	2.0600
389.51,	2.0600
390.15,	2.0600
390.79,	2.0600
391.43,	2.0600
392.08,	2.0600
392.72,	2.0600
393.36,	2.0600
394.00,	2.0600
394.64,	2.0600
395.29,	2.0600
395.93,	2.0600
396.57,	2.0600
397.21,	2.0600
397.85,	2.0600
398.50,	2.0600
399.14,	2.0600
399.78,	2.0600
400.42,	2.0600
401.06,	2.0600
401.70,	2.0600
402.34,	2.0600
402.99,	2.0600
403.63,	2.0600
404.27,	2.0600
404.91,	2.0600
405.55,	2.0600
406.19,	2.0600
406.83,	2.0600
407.48,	2.0600
408.12,	2.0600
408.76,	2.0600
409.40,	2.0600
410.04,	2.0600
410.68,	2.0600
411.32,	2.0600
411.96,	2.0600
412.60,	2.0600
413.24,	2.0600
413.88,	2.0600
414.52,	2.0600
415.17,	2.0500
415.81,	2.0500
416.45,	2.0500
417.09,	2.0500
417.73,	2.0500
418.37,	2.0500
419.01,	2.0500
419.65,	2.0500
420.29,	2.0500
420.93,	2.0500
421.57,	2.0500
422.21,	2.0500
422.85,	2.0500
423.49,	2.0500
424.13,	2.0500
424.77,	2.0500
425.41,	2.0500
426.05,	2.0500
426.69,	2.0500
427.33,	2.0500
427.97,	2.0500
428.61,	2.0500
429.25,	2.0500
429.89,	2.0500
430.53,	2.0500
431.17,	2.0500
431.80,	2.0500
432.44,	2.0500
433.08,	2.0500
433.72,	2.0500
434.36,	2.0500
435.00,	2.0500
435.64,	2.0500
436.28,	2.0500
436.92,	2.0500
437.56,	2.0500
438.20,	2.0500
438.84,	2.0500
439.47,	2.0500
440.11,	2.0500
440.75,	2.0500
441.39,	2.0500
442.03,	2.0400
442.67,	2.0400
443.31,	2.0500
443.95,	2.0500
444.58,	2.0500
445.22,	2.0500
445.86,	2.0500
446.50,	2.0500
447.14,	2.0500
447.78,	2.0500
448.41,	2.0500
449.05,	2.0500
449.69,	2.0500
450.33,	2.0500
450.97,	2.0600
451.60,	2.0500
452.24,	2.0600
452.88,	2.0500
453.52,	2.0600
454.16,	2.0600
454.79,	2.0600
455.43,	2.0500
456.07,	2.0500
456.71,	2.0500
457.35,	2.0600
457.98,	2.0500
458.62,	2.0500
459.26,	2.0500
459.90,	2.0600
460.53,	2.0500
461.17,	2.0500
461.81,	2.0500
462.44,	2.0500
463.08,	2.0500
463.72,	2.0500
464.36,	2.0600
464.99,	2.0600
465.63,	2.0500
466.27,	2.0500
466.90,	2.0500
467.54,	2.0500
468.18,	2.0500
468.81,	2.0500
469.45,	2.0500
470.09,	2.0500
470.72,	2.0500
471.36,	2.0500
472.00,	2.0500
472.63,	2.0500
473.27,	2.0500
473.91,	2.0500
474.54,	2.0500
475.18,	2.0500
475.82,	2.0500
476.45,	2.0500
477.09,	2.0400
477.73,	2.0400
478.36,	2.0400
479.00,	2.0400
479.63,	2.0400
480.27,	2.0400
480.91,	2.0400
481.54,	2.0400
482.18,	2.0400
482.81,	2.0400
483.45,	2.0400
484.08,	2.0400
484.72,	2.0400
485.36,	2.0400
485.99,	2.0400
486.63,	2.0400
487.26,	2.0400
487.90,	2.0400
488.53,	2.0400
489.17,	2.0400
489.80,	2.0300
490.44,	2.0300
491.07,	2.0300
491.71,	2.0300
492.34,	2.0300
492.98,	2.0200
493.62,	2.0200
494.25,	2.0300
494.89,	2.0300
495.52,	2.0300
496.15,	2.0200
496.79,	2.0200
497.42,	2.0200
498.06,	2.0200
498.69,	2.0200
499.33,	2.0200
499.96,	2.0200
500.60,	2.0200
501.23,	2.0200
501.87,	2.0200
502.50,	2.0200
503.14,	2.0200
503.77,	2.0200
504.40,	2.0200
505.04,	2.0100
505.67,	2.0100
506.31,	2.0200
506.94,	2.0100
507.57,	2.0100
508.21,	2.0100
508.84,	2.0100
509.48,	2.0100
510.11,	2.0100
510.74,	2.0100
511.38,	2.0100
512.01,	2.0100
512.65,	2.0100
513.28,	2.0100
513.91,	2.0100
514.55,	2.0100
515.18,	2.0100
515.81,	2.0100
516.45,	2.0100
517.08,	2.0100
517.71,	2.0100
518.35,	2.0100
518.98,	2.0100
519.61,	2.0100
520.25,	2.0100
520.88,	2.0000
521.51,	2.0000
522.15,	2.0000
522.78,	2.0000
523.41,	2.0000
524.04,	2.0000
524.68,	2.0000
525.31,	2.0000
525.94,	2.0000
526.58,	2.0000
527.21,	2.0000
527.84,	2.0000
528.47,	2.0000
529.11,	2.0000
529.74,	2.0000
530.37,	2.0000
531.00,	2.0000
531.64,	2.0000
532.27,	2.0000
532.90,	2.0000
533.53,	2.0000
534.17,	2.0000
534.80,	2.0000
535.43,	2.0000
536.06,	2.0000
536.69,	2.0000
537.33,	2.0000
537.96,	2.0000
538.59,	2.0000
539.22,	2.0000
539.85,	2.0000
540.48,	2.0000
541.12,	2.0000
541.75,	2.0000
542.38,	2.0000
543.01,	2.0000
543.64,	2.0000
544.27,	2.0000
544.91,	2.0100
545.54,	2.0100
546.17,	2.0100
546.80,	2.0100
547.43,	2.0100
548.06,	2.0100
548.69,	2.0000
549.32,	2.0000
549.95,	2.0100
550.59,	2.0100
551.22,	2.0100
551.85,	2.0100
552.48,	2.0100
553.11,	2.0100
553.74,	2.0100
554.37,	2.0100
555.00,	2.0100
555.63,	2.0100
556.26,	2.0100
556.89,	2.0100
557.52,	2.0100
558.15,	2.0000
558.78,	2.0000
559.42,	2.0000
560.05,	2.0000
560.68,	2.0000
561.31,	2.0000
561.94,	2.0000
562.57,	2.0000
563.20,	2.0000
563.83,	1.9900
564.46,	1.9900
565.09,	1.9900
565.72,	1.9900
566.35,	1.9900
566.98,	1.9900
567.61,	1.9900
568.24,	1.9900
568.87,	1.9900
569.50,	1.9900
570.12,	1.9800
570.75,	1.9800
571.38,	1.9800
572.01,	1.9800
572.64,	1.9800
573.27,	1.9800
573.90,	1.9800
574.53,	1.9900
575.16,	1.9900
575.79,	1.9900
576.42,	2.0000
577.05,	1.9900
577.68,	1.9800
578.31,	1.9800
578.93,	1.9800
579.56,	1.9800
580.19,	1.9800
580.82,	1.9800
581.45,	1.9800
582.08,	1.9800
582.71,	1.9800
583.34,	1.9800
583.97,	1.9900
584.59,	1.9900
585.22,	2.0000
585.85,	2.0000
586.48,	2.0100
587.11,	2.0200
587.74,	2.0300
588.36,	2.0300
588.99,	2.0400
589.62,	2.0400
590.25,	2.0400
590.88,	2.0500
591.50,	2.0500
592.13,	2.0500
592.76,	2.0500
593.39,	2.0500
594.02,	2.0500
594.64,	2.0500
595.27,	2.0500
595.90,	2.0500
596.53,	2.0500
597.16,	2.0500
597.78,	2.0500
598.41,	2.0600
599.04,	2.0600
599.67,	2.0500
600.29,	2.0500
600.92,	2.0500
601.55,	2.0500
602.18,	2.0500
602.80,	2.0500
603.43,	2.0400
604.06,	2.0400
604.68,	2.0400
605.31,	2.0400
605.94,	2.0400
606.57,	2.0400
607.19,	2.0400
607.82,	2.0500
608.45,	2.0500
609.07,	2.0500
609.70,	2.0500
610.33,	2.0400
610.95,	2.0400
611.58,	2.0400
612.21,	2.0400
612.83,	2.0400
613.46,	2.0400
614.09,	2.0300
614.71,	2.0300
615.34,	2.0300
615.97,	2.0200
616.59,	2.0200
617.22,	2.0200
617.84,	2.0200
618.47,	2.0100
619.10,	2.0100
619.72,	2.0000
620.35,	2.0000
620.97,	2.0000
621.60,	2.0000
622.23,	1.9900
622.85,	1.9900
623.48,	1.9900
624.10,	1.9900
624.73,	1.9900
625.35,	1.9900
625.98,	1.9800
626.61,	1.9800
627.23,	1.9800
627.86,	1.9800
628.48,	1.9800
629.11,	1.9800
629.73,	1.9700
630.36,	1.9700
630.98,	1.9700
631.61,	1.9700
632.23,	1.9700
632.86,	1.9700
633.48,	1.9600
634.11,	1.9600
634.73,	1.9700
635.36,	1.9700
635.98,	1.9700
636.61,	1.9600
637.23,	1.9500
637.86,	1.9500
638.48,	1.9500
639.11,	1.9500
639.73,	1.9500
640.36,	1.9400
640.98,	1.9400
641.61,	1.9400
642.23,	1.9400
642.85,	1.9400
643.48,	1.9400
644.10,	1.9400
644.73,	1.9400
645.35,	1.9400
645.98,	1.9400
646.60,	1.9400
647.22,	1.9400
647.85,	1.9400
648.47,	1.9400
649.10,	1.9400
649.72,	1.9400
650.34,	1.9500
650.97,	1.9400
651.59,	1.9400
652.22,	1.9400
652.84,	1.9400
653.46,	1.9400
654.09,	1.9400
654.71,	1.9400
655.33,	1.9300
655.96,	1.9400
656.58,	1.9300
657.20,	1.9300
657.83,	1.9300
658.45,	1.9300
659.07,	1.9300
659.70,	1.9400
660.32,	1.9400
660.94,	1.9400
661.57,	1.9400
662.19,	1.9300
662.81,	1.9300
663.43,	1.9300
664.06,	1.9300
664.68,	1.9300
665.30,	1.9200
665.93,	1.9200
666.55,	1.9300
667.17,	1.9200
667.79,	1.9200
668.42,	1.9200
669.04,	1.9200
669.66,	1.9200
670.28,	1.9200
670.91,	1.9200
671.53,	1.9200
672.15,	1.9200
672.77,	1.9200
673.39,	1.9100
674.02,	1.9100
674.64,	1.9100
675.26,	1.9100
675.88,	1.9200
676.50,	1.9200
677.13,	1.9100
677.75,	1.9100
678.37,	1.9200
678.99,	1.9100
679.61,	1.9200
680.24,	1.9200
680.86,	1.9200
681.48,	1.9100
682.10,	1.9100
682.72,	1.9100
683.34,	1.9100
683.96,	1.9100
684.59,	1.9100
685.21,	1.9100
685.83,	1.9100
686.45,	1.9100
687.07,	1.9200
687.69,	1.9200
688.31,	1.9200
688.93,	1.9200
689.56,	1.9200
690.18,	1.9200
690.80,	1.9200
691.42,	1.9200
692.04,	1.9200
692.66,	1.9200
693.28,	1.9200
693.90,	1.9200
694.52,	1.9200
695.14,	1.9200
695.76,	1.9200
696.38,	1.9200
697.00,	1.9200
697.62,	1.9200
698.25,	1.9200
698.87,	1.9200
699.49,	1.9200
700.11,	1.9200
700.73,	1.9100
701.35,	1.9100
701.97,	1.9100
702.59,	1.9200
703.21,	1.9200
703.83,	1.9200
704.45,	1.9100
705.07,	1.9200
705.69,	1.9100
706.31,	1.9100
706.93,	1.9200
707.55,	1.9200
708.17,	1.9100
708.79,	1.9100
709.40,	1.9100
710.02,	1.9100
710.64,	1.9100
711.26,	1.9100
711.88,	1.9100
712.50,	1.9100
713.12,	1.9100
713.74,	1.9100
714.36,	1.9000
714.98,	1.9000
715.60,	1.9000
716.22,	1.9000
716.84,	1.9000
717.45,	1.8900
718.07,	1.8900
718.69,	1.8900
719.31,	1.8900
719.93,	1.8900
720.55,	1.8900
721.17,	1.8900
721.79,	1.8900
722.41,	1.8900
723.02,	1.8900
723.64,	1.8900
724.26,	1.8900
724.88,	1.8900
725.50,	1.8900
726.12,	1.8900
726.73,	1.8900
727.35,	1.8900
727.97,	1.8900
728.59,	1.8800
729.21,	1.8800
729.83,	1.8800
730.44,	1.8800
731.06,	1.8900
731.68,	1.8800
732.30,	1.8800
732.92,	1.8900
733.53,	1.8900
734.15,	1.8800
734.77,	1.8800
735.39,	1.8900
736.00,	1.8800
736.62,	1.8800
737.24,	1.8900
737.86,	1.8900
738.47,	1.8800
739.09,	1.8800
739.71,	1.8800
740.33,	1.8800
740.94,	1.8800
741.56,	1.8800
742.18,	1.8700
742.79,	1.8700
743.41,	1.8700
744.03,	1.8700
744.65,	1.8700
745.26,	1.8700
745.88,	1.8700
746.50,	1.8700
747.11,	1.8700
747.73,	1.8700
748.35,	1.8700
748.96,	1.8700
749.58,	1.8700
750.20,	1.8700
750.81,	1.8700
751.43,	1.8700
752.05,	1.8700
752.66,	1.8700
753.28,	1.8700
753.90,	1.8700
754.51,	1.8700
755.13,	1.8600
755.74,	1.8600
756.36,	1.8600
756.98,	1.8500
757.59,	1.8500
758.21,	1.8500
758.82,	1.8500
759.44,	1.8500
760.06,	1.8500
760.67,	1.8500
761.29,	1.8500
761.90,	1.8500
762.52,	1.8500
763.14,	1.8500
763.75,	1.8500
764.37,	1.8500
764.98,	1.8500
765.60,	1.8500
766.21,	1.8500
766.83,	1.8500
767.44,	1.8500
768.06,	1.8500
768.67,	1.8500
769.29,	1.8500
769.90,	1.8500
770.52,	1.8500
771.14,	1.8500
771.75,	1.8500
772.37,	1.8500
772.98,	1.8500
773.59,	1.8500
774.21,	1.8500
774.82,	1.8400
775.44,	1.8400
776.05,	1.8400
776.67,	1.8400
777.28,	1.8400
777.90,	1.8400
778.51,	1.8400
779.13,	1.8400
779.74,	1.8400
780.36,	1.8400
780.97,	1.8500
781.58,	1.8500
782.20,	1.8400
782.81,	1.8500
783.43,	1.8500
784.04,	1.8500
784.66,	1.8500
785.27,	1.8500
785.88,	1.8500
786.50,	1.8400
787.11,	1.8400
787.73,	1.8400
788.34,	1.8500
788.95,	1.8500
789.57,	1.8500
790.18,	1.8400
790.79,	1.8400
791.41,	1.8400
792.02,	1.8400
792.63,	1.8400
793.25,	1.8400
793.86,	1.8400
794.47,	1.8400
795.09,	1.8400
795.70,	1.8400
796.31,	1.8400
796.93,	1.8400
797.54,	1.8400
798.15,	1.8400
798.77,	1.8400
799.38,	1.8400
799.99,	1.8400
800.61,	1.8400
801.22,	1.8400
801.83,	1.8400
802.44,	1.8400
803.06,	1.8400
803.67,	1.8400
804.28,	1.8400
804.90,	1.8400
805.51,	1.8400
806.12,	1.8400
806.73,	1.8400
807.34,	1.8400
807.96,	1.8400
808.57,	1.8400
809.18,	1.8300
809.79,	1.8300
810.41,	1.8300
811.02,	1.8300
811.63,	1.8300
812.24,	1.8300
812.85,	1.8300
813.47,	1.8200
814.08,	1.8200
814.69,	1.8200
815.30,	1.8200
815.91,	1.8200
816.53,	1.8200
817.14,	1.8200
817.75,	1.8200
818.36,	1.8200
818.97,	1.8200
819.58,	1.8100
820.20,	1.8100
820.81,	1.8000
821.42,	1.8000
822.03,	1.8000
822.64,	1.8000
823.25,	1.8000
823.86,	1.8000
824.47,	1.8000
825.09,	1.8000
825.70,	1.8000
826.31,	1.8000
826.92,	1.8000
827.53,	1.8000
828.14,	1.8000
828.75,	1.8100
829.36,	1.8000
829.97,	1.8000
830.58,	1.8000
831.19,	1.8000
831.80,	1.8000
832.42,	1.8000
833.03,	1.8000
833.64,	1.8000
834.25,	1.8000
834.86,	1.8000
835.47,	1.7900
836.08,	1.7900
836.69,	1.7900
837.30,	1.7900
837.91,	1.7900
838.52,	1.7900
839.13,	1.7900
839.74,	1.7900
840.35,	1.7900
840.96,	1.7900
841.57,	1.7900
842.18,	1.7900
842.79,	1.7900
843.40,	1.7900
844.01,	1.7900
844.62,	1.8000
845.23,	1.8000
845.84,	1.7900
846.45,	1.7900
847.06,	1.8000
847.67,	1.8000
848.27,	1.8000
848.88,	1.8000
849.49,	1.8000
850.10,	1.7900
850.71,	1.7900
851.32,	1.7900
851.93,	1.7900
852.54,	1.7900
853.15,	1.7900
853.76,	1.7900
854.37,	1.7800
854.98,	1.7800
855.58,	1.7800
856.19,	1.7800
856.80,	1.7800
857.41,	1.7800
858.02,	1.7800
858.63,	1.7800
859.24,	1.7800
859.85,	1.7800
860.45,	1.7800
861.06,	1.7800
861.67,	1.7900
862.28,	1.7900
862.89,	1.7900
863.50,	1.7800
864.10,	1.7800
864.71,	1.7800
865.32,	1.7800
865.93,	1.7800
866.54,	1.7800
867.14,	1.7800
867.75,	1.7800
868.36,	1.7800
868.97,	1.7800
869.58,	1.7800
870.18,	1.7800
870.79,	1.7800
871.40,	1.7800
872.01,	1.7800
872.61,	1.7800
873.22,	1.7700
873.83,	1.7700
874.44,	1.7700
875.04,	1.7700
875.65,	1.7700
876.26,	1.7700
876.87,	1.7700
877.47,	1.7700
878.08,	1.7700
878.69,	1.7700
879.29,	1.7700
879.90,	1.7700
880.51,	1.7700
881.12,	1.7700
881.72,	1.7700
882.33,	1.7700
882.94,	1.7600
883.54,	1.7600
884.15,	1.7500
884.76,	1.7500
885.36,	1.7500
885.97,	1.7500
886.58,	1.7400
887.18,	1.7400
887.79,	1.7400
888.40,	1.7400
889.00,	1.7300
889.61,	1.7300
890.22,	1.7300
890.82,	1.7300
891.43,	1.7300
892.03,	1.7300
892.64,	1.7300
893.25,	1.7300
893.85,	1.7200
894.46,	1.7200
895.06,	1.7200
895.67,	1.7300
896.28,	1.7200
896.88,	1.7200
897.49,	1.7200
898.09,	1.7200
898.70,	1.7200
899.30,	1.7200
899.91,	1.7200
900.52,	1.7200
901.12,	1.7200
901.73,	1.7200
902.33,	1.7200
902.94,	1.7300
903.54,	1.7300
904.15,	1.7300
904.75,	1.7300
905.36,	1.7300
905.96,	1.7300
906.57,	1.7200
907.17,	1.7200
907.78,	1.7200
908.38,	1.7200
908.99,	1.7200
909.59,	1.7200
910.20,	1.7200
910.80,	1.7200
911.41,	1.7200
912.01,	1.7200
912.62,	1.7200
913.22,	1.7200
913.83,	1.7200
914.43,	1.7200
915.03,	1.7300
915.64,	1.7300
916.24,	1.7300
916.85,	1.7300
917.45,	1.7300
918.06,	1.7300
918.66,	1.7200
919.26,	1.7200
919.87,	1.7300
920.47,	1.7300
921.08,	1.7300
921.68,	1.7300
922.28,	1.7300
922.89,	1.7200
923.49,	1.7200
924.10,	1.7200
924.70,	1.7200
925.30,	1.7200
925.91,	1.7200
926.51,	1.7200
927.11,	1.7200
927.72,	1.7200
928.32,	1.7200
928.92,	1.7200
929.53,	1.7200
930.13,	1.7200
930.74,	1.7200
931.34,	1.7200
931.94,	1.7200
932.54,	1.7200
933.15,	1.7200
933.75,	1.7200
934.35,	1.7200
934.96,	1.7200
935.56,	1.7200
936.16,	1.7200
936.77,	1.7200
937.37,	1.7200
937.97,	1.7200
938.57,	1.7200
939.18,	1.7200
939.78,	1.7500
940.38,	1.8200
940.98,	1.8800
941.59,	2.4400
942.19,	5.2200
942.79,	10.6000
943.39,	14.6100
944.00,	16.0900
944.60,	16.9600
945.20,	17.6500
945.80,	18.2500
946.40,	18.7800
947.01,	19.2500
947.61,	19.6700
948.21,	20.0500
948.81,	20.4000
949.41,	20.7200
950.02,	21.0200
950.62,	21.3100
951.22,	21.7800
951.82,	35.0100
952.42,	35.5000
953.02,	35.5000
953.63,	35.5000
954.23,	35.5000
954.83,	35.5000
955.43,	35.5000
956.03,	35.5000
956.63,	35.5000
957.24,	35.5000
957.84,	35.5000
958.44,	35.5000
959.04,	35.5000
959.64,	35.5000
960.24,	35.5000
960.84,	35.5000
961.44,	35.5000
962.04,	35.5000
962.64,	35.5000
963.25,	35.5000
963.85,	35.5000
964.45,	35.5000
965.05,	35.5000
965.65,	35.5000
966.25,	35.5000
966.85,	35.5000
967.45,	35.5000
968.05,	35.5000
968.65,	35.5000
969.25,	35.5000
969.85,	35.5000
970.45,	35.5000
971.05,	35.5000
971.65,	35.5000
972.25,	35.5000
972.85,	35.5000
973.45,	35.5000
974.05,	35.5000
974.65,	35.5000
975.25,	35.5000
975.85,	35.5000
976.45,	35.5000
977.05,	35.5000
977.65,	35.5000
978.25,	35.5000
978.85,	35.5000
979.45,	35.5000
980.05,	35.5000
980.65,	35.5000
981.25,	35.5000
981.85,	35.5000
982.45,	35.5000
983.05,	35.5000
983.65,	35.5000
984.25,	35.5000
984.85,	35.5000
985.45,	35.5000
986.04,	35.5000
986.64,	35.5000
987.24,	35.5000
987.84,	35.5000
988.44,	35.5000
989.04,	35.5000
989.64,	35.5000
990.24,	35.5000
990.84,	35.5000
991.44,	35.5000
992.03,	35.5000
992.63,	35.5000
993.23,	35.5000
993.83,	35.5000
994.43,	35.5000
995.03,	35.5000
995.63,	35.5000
996.22,	35.5000
996.82,	35.5000
997.42,	35.5000
998.02,	35.5000
998.62,	35.5000
999.21,	35.5000
999.81,	35.5000
1000.41,	-0.6900
