Call Sign = ZSDA,	Ship Name = SA Agulhas,	Lloyds Num = 0
Date = 02/04/2017,	Time = 14:32,	
Latitude = 39 51.74  S,	Longitude = 013 07.07  E
Instr = Sippican Deep Blue,	Card Type = Sippican MK-21,	
Wind Instr = ,	Measur Method = 
Probe Serial Num = -1,	Ship Dir = -1,	Ship Speed = -1.00
Wind Dir = 247,	Wind Speed = 49.20
Dry Bulb Temp = 10.90,	Total Water Depth = -1.00

Full Resolution Values
Depth,	 Temp
0.67,	15.5700
1.34,	16.7300
2.01,	17.1500
2.68,	17.3000
3.34,	17.3500
4.01,	17.3800
4.68,	17.3900
5.35,	17.3800
6.02,	17.3900
6.69,	17.3900
7.36,	17.3900
8.03,	17.4000
8.69,	17.3900
9.36,	17.4000
10.03,	17.4000
10.70,	17.4000
11.37,	17.4000
12.04,	17.4000
12.70,	17.4000
13.37,	17.4000
14.04,	17.4000
14.71,	17.3900
15.38,	17.4000
16.05,	17.3800
16.71,	17.3500
17.38,	17.3500
18.05,	17.3800
18.72,	17.3900
19.38,	17.3900
20.05,	17.3900
20.72,	17.3900
21.39,	17.3900
22.06,	17.4000
22.72,	17.4000
23.39,	17.3900
24.06,	17.3900
24.73,	17.3900
25.39,	17.3900
26.06,	17.3900
26.73,	17.3900
27.40,	17.3900
28.06,	17.3900
28.73,	17.4000
29.40,	17.3900
30.06,	17.3900
30.73,	17.3900
31.40,	17.4000
32.06,	17.4000
32.73,	17.4000
33.40,	17.4000
34.07,	17.4100
34.73,	17.4000
35.40,	17.4000
36.07,	17.4000
36.73,	17.4000
37.40,	17.4000
38.07,	17.4100
38.73,	17.4100
39.40,	17.4100
40.06,	17.4100
40.73,	17.4200
41.40,	17.4100
42.06,	17.4100
42.73,	17.4200
43.40,	17.4200
44.06,	17.4200
44.73,	17.4200
45.39,	17.4300
46.06,	17.4400
46.73,	17.4300
47.39,	17.4300
48.06,	17.4400
48.72,	17.4500
49.39,	17.4200
50.06,	17.3400
50.72,	17.2500
51.39,	17.1500
52.05,	17.0600
52.72,	16.9600
53.38,	16.8800
54.05,	16.7600
54.71,	16.5100
55.38,	16.2100
56.05,	15.8900
56.71,	15.4400
57.38,	15.0000
58.04,	14.7500
58.71,	14.5000
59.37,	14.2300
60.04,	13.9900
60.70,	13.8200
61.37,	13.7300
62.03,	13.7000
62.70,	13.7000
63.36,	13.7300
64.03,	13.8100
64.69,	14.0100
65.36,	14.2400
66.02,	14.3400
66.69,	14.3700
67.35,	14.3700
68.01,	14.3200
68.68,	14.0800
69.34,	13.7800
70.01,	13.5600
70.67,	13.4200
71.34,	13.3400
72.00,	13.2800
72.66,	13.2500
73.33,	13.2600
73.99,	13.2600
74.66,	13.2400
75.32,	13.2400
75.98,	13.2300
76.65,	13.2300
77.31,	13.2800
77.98,	13.3300
78.64,	13.3400
79.30,	13.3500
79.97,	13.3400
80.63,	13.3500
81.30,	13.3500
81.96,	13.3500
82.62,	13.3200
83.29,	13.2500
83.95,	13.2200
84.61,	13.2100
85.28,	13.2100
85.94,	13.2200
86.60,	13.2100
87.27,	13.1900
87.93,	13.2100
88.59,	13.2300
89.26,	13.2300
89.92,	13.2300
90.58,	13.2100
91.24,	13.2000
91.91,	13.1700
92.57,	13.1300
93.23,	13.1100
93.90,	13.0900
94.56,	13.0700
95.22,	13.0500
95.88,	13.0400
96.55,	13.0500
97.21,	13.0500
97.87,	13.0300
98.53,	12.9700
99.20,	12.9000
99.86,	12.8600
100.52,	12.8300
101.18,	12.8100
101.85,	12.8100
102.51,	12.8000
103.17,	12.7500
103.83,	12.7000
104.49,	12.6700
105.16,	12.6300
105.82,	12.6100
106.48,	12.5700
107.14,	12.5500
107.80,	12.5200
108.47,	12.4900
109.13,	12.4700
109.79,	12.4500
110.45,	12.4400
111.11,	12.4300
111.77,	12.4300
112.44,	12.4400
113.10,	12.4400
113.76,	12.4300
114.42,	12.4300
115.08,	12.4200
115.74,	12.4100
116.40,	12.4000
117.06,	12.3800
117.73,	12.3500
118.39,	12.3300
119.05,	12.3100
119.71,	12.3100
120.37,	12.3000
121.03,	12.2900
121.69,	12.2900
122.35,	12.2700
123.01,	12.2700
123.67,	12.2800
124.33,	12.2800
125.00,	12.2700
125.66,	12.2600
126.32,	12.2500
126.98,	12.2500
127.64,	12.2500
128.30,	12.2500
128.96,	12.2300
129.62,	12.2100
130.28,	12.1800
130.94,	12.1500
131.60,	12.1400
132.26,	12.1400
132.92,	12.1500
133.58,	12.1400
134.24,	12.1300
134.90,	12.0900
135.56,	12.0500
136.22,	12.0400
136.88,	12.0400
137.54,	12.0600
138.20,	12.0700
138.86,	12.0700
139.52,	12.0800
140.18,	12.1000
140.84,	12.1400
141.50,	12.1600
142.16,	12.1700
142.82,	12.1800
143.48,	12.1900
144.14,	12.2100
144.79,	12.2200
145.45,	12.2300
146.11,	12.2300
146.77,	12.2300
147.43,	12.2300
148.09,	12.2300
148.75,	12.2500
149.41,	12.2800
150.07,	12.2900
150.73,	12.3100
151.39,	12.3200
152.04,	12.3200
152.70,	12.3300
153.36,	12.3300
154.02,	12.3400
154.68,	12.3500
155.34,	12.3700
156.00,	12.3800
156.65,	12.3900
157.31,	12.3900
157.97,	12.3800
158.63,	12.3700
159.29,	12.3700
159.95,	12.3600
160.60,	12.3300
161.26,	12.2900
161.92,	12.2600
162.58,	12.2100
163.24,	12.1500
163.90,	12.1300
164.55,	12.1200
165.21,	12.1200
165.87,	12.1200
166.53,	12.1400
167.18,	12.1400
167.84,	12.1400
168.50,	12.1400
169.16,	12.1300
169.82,	12.1200
170.47,	12.0900
171.13,	12.0800
171.79,	12.0900
172.44,	12.1000
173.10,	12.1100
173.76,	12.1100
174.42,	12.0900
175.07,	12.0900
175.73,	12.0900
176.39,	12.0800
177.05,	12.0900
177.70,	12.1400
178.36,	12.2200
179.02,	12.2600
179.67,	12.2800
180.33,	12.2800
180.99,	12.2800
181.64,	12.2500
182.30,	12.2200
182.96,	12.1700
183.61,	12.1400
184.27,	12.1300
184.93,	12.1300
185.58,	12.1200
186.24,	12.1100
186.90,	12.1000
187.55,	12.0900
188.21,	12.0800
188.87,	12.0500
189.52,	12.0300
190.18,	12.0100
190.83,	11.9700
191.49,	11.9300
192.15,	11.9000
192.80,	11.8800
193.46,	11.8800
194.11,	11.8700
194.77,	11.8700
195.43,	11.8700
196.08,	11.8800
196.74,	11.8900
197.39,	11.9100
198.05,	11.9400
198.70,	11.9600
199.36,	11.9900
200.02,	12.0300
200.67,	12.0800
201.33,	12.1200
201.98,	12.1400
202.64,	12.1600
203.29,	12.1900
203.95,	12.2500
204.60,	12.2600
205.26,	12.2600
205.91,	12.2200
206.57,	12.1100
207.22,	11.9700
207.88,	11.8500
208.53,	11.8100
209.19,	11.8000
209.84,	11.8000
210.50,	11.8100
211.15,	11.8200
211.81,	11.8300
212.46,	11.8400
213.12,	11.8500
213.77,	11.8600
214.43,	11.8500
215.08,	11.8500
215.74,	11.8500
216.39,	11.8600
217.04,	11.8600
217.70,	11.8700
218.35,	11.8700
219.01,	11.8700
219.66,	11.8800
220.32,	11.8900
220.97,	11.8900
221.62,	11.8900
222.28,	11.9000
222.93,	11.9000
223.59,	11.9000
224.24,	11.8900
224.89,	11.8900
225.55,	11.8900
226.20,	11.9300
226.85,	12.0100
227.51,	12.0500
228.16,	12.0700
228.81,	12.0600
229.47,	12.0400
230.12,	12.0400
230.78,	12.0300
231.43,	12.0200
232.08,	11.9900
232.74,	11.9900
233.39,	12.0100
234.04,	12.0300
234.69,	12.0400
235.35,	12.0600
236.00,	12.0700
236.65,	12.0700
237.31,	12.0100
237.96,	11.8300
238.61,	11.6700
239.27,	11.6000
239.92,	11.5500
240.57,	11.5000
241.22,	11.4900
241.88,	11.4800
242.53,	11.4800
243.18,	11.4800
243.83,	11.4700
244.49,	11.4700
245.14,	11.5100
245.79,	11.5600
246.44,	11.5900
247.10,	11.5800
247.75,	11.5700
248.40,	11.5500
249.05,	11.5700
249.70,	11.6000
250.36,	11.6100
251.01,	11.6200
251.66,	11.6400
252.31,	11.6600
252.96,	11.6600
253.62,	11.6400
254.27,	11.6000
254.92,	11.5700
255.57,	11.5500
256.22,	11.5300
256.88,	11.5100
257.53,	11.5600
258.18,	11.6400
258.83,	11.6800
259.48,	11.6800
260.13,	11.6800
260.78,	11.6700
261.44,	11.6700
262.09,	11.6700
262.74,	11.6600
263.39,	11.6700
264.04,	11.6700
264.69,	11.6600
265.34,	11.6600
265.99,	11.6600
266.64,	11.6500
267.29,	11.6600
267.95,	11.6600
268.60,	11.6600
269.25,	11.6500
269.90,	11.6500
270.55,	11.6300
271.20,	11.6300
271.85,	11.6200
272.50,	11.5600
273.15,	11.4900
273.80,	11.4500
274.45,	11.4300
275.10,	11.4100
275.75,	11.3900
276.40,	11.3700
277.05,	11.3500
277.70,	11.3200
278.35,	11.2800
279.00,	11.2500
279.65,	11.2400
280.30,	11.2400
280.95,	11.2300
281.60,	11.2200
282.25,	11.2100
282.90,	11.2000
283.55,	11.1700
284.20,	11.1500
284.85,	11.1400
285.50,	11.1300
286.15,	11.1200
286.80,	11.1200
287.45,	11.1400
288.10,	11.1700
288.75,	11.1800
289.40,	11.1900
290.05,	11.2000
290.70,	11.2000
291.35,	11.2000
292.00,	11.2000
292.64,	11.1900
293.29,	11.1700
293.94,	11.1700
294.59,	11.1800
295.24,	11.1700
295.89,	11.1700
296.54,	11.1700
297.19,	11.1700
297.84,	11.1500
298.49,	11.1500
299.13,	11.1300
299.78,	11.1200
300.43,	11.1000
301.08,	11.0900
301.73,	11.0800
302.38,	11.0700
303.02,	11.0600
303.67,	11.0500
304.32,	11.0400
304.97,	11.0300
305.62,	11.0200
306.27,	11.0000
306.91,	10.9800
307.56,	10.9800
308.21,	10.9700
308.86,	10.9600
309.51,	10.9500
310.15,	10.9400
310.80,	10.9300
311.45,	10.9300
312.10,	10.9300
312.75,	10.9200
313.39,	10.9200
314.04,	10.9100
314.69,	10.9100
315.34,	10.9000
315.98,	10.8900
316.63,	10.8700
317.28,	10.8500
317.93,	10.8400
318.57,	10.8400
319.22,	10.8300
319.87,	10.8000
320.52,	10.7700
321.16,	10.7400
321.81,	10.7300
322.46,	10.7300
323.10,	10.7200
323.75,	10.7200
324.40,	10.7200
325.04,	10.7200
325.69,	10.7100
326.34,	10.7100
326.99,	10.7100
327.63,	10.7200
328.28,	10.7200
328.93,	10.7300
329.57,	10.7400
330.22,	10.7500
330.86,	10.7500
331.51,	10.7500
332.16,	10.7400
332.80,	10.7200
333.45,	10.7100
334.10,	10.7100
334.74,	10.7100
335.39,	10.7100
336.03,	10.7000
336.68,	10.7000
337.33,	10.7000
337.97,	10.6900
338.62,	10.6900
339.26,	10.6800
339.91,	10.6800
340.56,	10.6700
341.20,	10.6700
341.85,	10.6600
342.49,	10.6500
343.14,	10.6500
343.78,	10.6400
344.43,	10.6300
345.08,	10.6300
345.72,	10.6200
346.37,	10.6000
347.01,	10.5900
347.66,	10.5800
348.30,	10.5600
348.95,	10.5400
349.59,	10.5100
350.24,	10.5000
350.88,	10.4900
351.53,	10.4800
352.17,	10.4800
352.82,	10.4700
353.46,	10.4700
354.11,	10.4600
354.75,	10.4400
355.40,	10.4400
356.04,	10.4300
356.69,	10.4200
357.33,	10.4200
357.98,	10.4200
358.62,	10.4100
359.27,	10.4200
359.91,	10.4100
360.55,	10.4100
361.20,	10.4000
361.84,	10.4000
362.49,	10.4000
363.13,	10.3900
363.78,	10.3700
364.42,	10.3500
365.06,	10.3300
365.71,	10.3200
366.35,	10.3200
367.00,	10.3100
367.64,	10.3000
368.28,	10.2900
368.93,	10.2800
369.57,	10.2600
370.22,	10.2600
370.86,	10.2600
371.50,	10.2400
372.15,	10.2200
372.79,	10.2000
373.43,	10.1900
374.08,	10.1900
374.72,	10.1700
375.36,	10.1600
376.01,	10.1600
376.65,	10.1600
377.29,	10.1500
377.94,	10.1400
378.58,	10.1300
379.22,	10.1200
379.87,	10.1200
380.51,	10.1100
381.15,	10.1000
381.79,	10.0900
382.44,	10.0800
383.08,	10.0800
383.72,	10.0700
384.37,	10.0600
385.01,	10.0500
385.65,	10.0300
386.29,	10.0200
386.94,	10.0100
387.58,	10.0100
388.22,	10.0000
388.86,	10.0000
389.51,	9.9900
390.15,	9.9900
390.79,	9.9800
391.43,	9.9600
392.08,	9.9400
392.72,	9.9400
393.36,	9.9300
394.00,	9.9100
394.64,	9.9100
395.29,	9.9100
395.93,	9.9000
396.57,	9.9000
397.21,	9.8900
397.85,	9.8800
398.50,	9.8600
399.14,	9.8300
399.78,	9.8200
400.42,	9.8200
401.06,	9.8100
401.70,	9.7900
402.34,	9.7700
402.99,	9.7600
403.63,	9.7600
404.27,	9.7400
404.91,	9.7400
405.55,	9.7300
406.19,	9.7300
406.83,	9.7300
407.48,	9.7200
408.12,	9.7100
408.76,	9.7200
409.40,	9.7100
410.04,	9.7000
410.68,	9.7000
411.32,	9.7000
411.96,	9.6700
412.60,	9.6500
413.24,	9.6300
413.88,	9.6200
414.52,	9.6100
415.17,	9.6000
415.81,	9.6000
416.45,	9.5900
417.09,	9.5800
417.73,	9.5700
418.37,	9.5600
419.01,	9.5600
419.65,	9.5500
420.29,	9.5400
420.93,	9.5300
421.57,	9.5100
422.21,	9.5000
422.85,	9.4900
423.49,	9.4800
424.13,	9.4700
424.77,	9.4600
425.41,	9.4500
426.05,	9.4600
426.69,	9.4600
427.33,	9.4500
427.97,	9.4500
428.61,	9.4500
429.25,	9.4500
429.89,	9.4400
430.53,	9.4400
431.17,	9.4300
431.80,	9.4200
432.44,	9.4100
433.08,	9.4000
433.72,	9.3900
434.36,	9.3800
435.00,	9.3700
435.64,	9.3600
436.28,	9.3500
436.92,	9.3400
437.56,	9.3400
438.20,	9.3300
438.84,	9.3200
439.47,	9.3000
440.11,	9.2900
440.75,	9.2800
441.39,	9.2800
442.03,	9.2700
442.67,	9.2600
443.31,	9.2500
443.95,	9.2300
444.58,	9.2200
445.22,	9.2000
445.86,	9.1700
446.50,	9.1400
447.14,	9.1000
447.78,	9.0700
448.41,	9.0500
449.05,	9.0300
449.69,	9.0100
450.33,	9.0000
450.97,	8.9800
451.60,	8.9700
452.24,	8.9600
452.88,	8.9400
453.52,	8.9200
454.16,	8.9000
454.79,	8.8700
455.43,	8.8500
456.07,	8.8400
456.71,	8.8300
457.35,	8.8300
457.98,	8.8300
458.62,	8.8200
459.26,	8.8100
459.90,	8.8000
460.53,	8.8000
461.17,	8.8000
461.81,	8.7900
462.44,	8.7700
463.08,	8.7500
463.72,	8.7300
464.36,	8.7200
464.99,	8.7000
465.63,	8.6900
466.27,	8.6700
466.90,	8.6500
467.54,	8.6500
468.18,	8.6400
468.81,	8.6400
469.45,	8.6200
470.09,	8.6000
470.72,	8.5800
471.36,	8.5500
472.00,	8.5200
472.63,	8.5000
473.27,	8.4800
473.91,	8.4800
474.54,	8.4600
475.18,	8.4500
475.82,	8.4300
476.45,	8.4100
477.09,	8.3700
477.73,	8.3300
478.36,	8.3100
479.00,	8.3000
479.63,	8.2900
480.27,	8.2700
480.91,	8.2500
481.54,	8.2400
482.18,	8.2300
482.81,	8.2200
483.45,	8.2200
484.08,	8.2200
484.72,	8.2200
485.36,	8.2300
485.99,	8.2200
486.63,	8.2300
487.26,	8.2400
487.90,	8.2500
488.53,	8.2400
489.17,	8.2400
489.80,	8.2300
490.44,	8.2300
491.07,	8.2100
491.71,	8.1900
492.34,	8.1600
492.98,	8.1400
493.62,	8.1300
494.25,	8.1200
494.89,	8.1200
495.52,	8.1200
496.15,	8.1300
496.79,	8.1200
497.42,	8.1200
498.06,	8.1200
498.69,	8.1000
499.33,	8.0900
499.96,	8.0900
500.60,	8.0700
501.23,	8.0500
501.87,	8.0200
502.50,	8.0000
503.14,	8.0000
503.77,	7.9900
504.40,	7.9900
505.04,	7.9800
505.67,	7.9600
506.31,	7.9400
506.94,	7.9300
507.57,	7.9200
508.21,	7.9200
508.84,	7.9100
509.48,	7.9100
510.11,	7.9100
510.74,	7.9100
511.38,	7.9200
512.01,	7.9100
512.65,	7.8900
513.28,	7.8800
513.91,	7.8800
514.55,	7.8800
515.18,	7.8700
515.81,	7.8600
516.45,	7.8300
517.08,	7.8100
517.71,	7.7700
518.35,	7.7300
518.98,	7.7000
519.61,	7.6800
520.25,	7.6600
520.88,	7.6400
521.51,	7.6300
522.15,	7.6200
522.78,	7.6100
523.41,	7.6100
524.04,	7.6000
524.68,	7.6000
525.31,	7.5800
525.94,	7.5600
526.58,	7.5500
527.21,	7.5500
527.84,	7.5400
528.47,	7.5300
529.11,	7.5100
529.74,	7.5000
530.37,	7.4800
531.00,	7.4500
531.64,	7.4200
532.27,	7.4000
532.90,	7.3900
533.53,	7.3800
534.17,	7.3600
534.80,	7.3400
535.43,	7.3200
536.06,	7.3000
536.69,	7.2900
537.33,	7.2700
537.96,	7.2500
538.59,	7.2400
539.22,	7.2300
539.85,	7.2200
540.48,	7.2200
541.12,	7.2200
541.75,	7.2100
542.38,	7.2100
543.01,	7.1900
543.64,	7.1700
544.27,	7.1700
544.91,	7.1600
545.54,	7.1600
546.17,	7.1500
546.80,	7.1300
547.43,	7.1000
548.06,	7.0600
548.69,	7.0100
549.32,	6.9800
549.95,	6.9600
550.59,	6.9500
551.22,	6.9400
551.85,	6.9400
552.48,	6.9200
553.11,	6.9200
553.74,	6.9000
554.37,	6.9000
555.00,	6.8900
555.63,	6.8900
556.26,	6.8900
556.89,	6.8800
557.52,	6.8700
558.15,	6.8700
558.78,	6.8600
559.42,	6.8700
560.05,	6.8600
560.68,	6.8500
561.31,	6.8500
561.94,	6.8400
562.57,	6.8400
563.20,	6.8400
563.83,	6.8300
564.46,	6.8200
565.09,	6.8200
565.72,	6.8100
566.35,	6.8300
566.98,	6.8400
567.61,	6.8000
568.24,	6.7600
568.87,	6.7300
569.50,	6.7500
570.12,	6.7900
570.75,	6.8200
571.38,	6.8300
572.01,	6.8300
572.64,	6.8300
573.27,	6.8200
573.90,	6.8200
574.53,	6.8200
575.16,	6.8200
575.79,	6.8200
576.42,	6.8200
577.05,	6.8100
577.68,	6.8100
578.31,	6.8100
578.93,	6.8100
579.56,	6.8100
580.19,	6.8200
580.82,	6.8200
581.45,	6.8100
582.08,	6.8100
582.71,	6.8100
583.34,	6.7900
583.97,	6.7800
584.59,	6.7800
585.22,	6.7700
585.85,	6.7600
586.48,	6.7500
587.11,	6.7400
587.74,	6.7300
588.36,	6.7200
588.99,	6.7100
589.62,	6.7100
590.25,	6.7000
590.88,	6.7000
591.50,	6.6900
592.13,	6.6900
592.76,	6.6800
593.39,	6.6700
594.02,	6.6700
594.64,	6.6600
595.27,	6.6500
595.90,	6.6500
596.53,	6.6500
597.16,	6.6400
597.78,	6.6400
598.41,	6.6400
599.04,	6.6300
599.67,	6.6300
600.29,	6.6100
600.92,	6.5800
601.55,	6.5800
602.18,	6.5900
602.80,	6.5900
603.43,	6.6000
604.06,	6.6000
604.68,	6.6100
605.31,	6.6200
605.94,	6.6300
606.57,	6.6400
607.19,	6.6300
607.82,	6.6300
608.45,	6.6300
609.07,	6.6200
609.70,	6.6100
610.33,	6.6000
610.95,	6.6000
611.58,	6.6000
612.21,	6.6000
612.83,	6.6200
613.46,	6.6300
614.09,	6.6200
614.71,	6.6100
615.34,	6.6000
615.97,	6.5900
616.59,	6.5800
617.22,	6.5800
617.84,	6.5700
618.47,	6.5700
619.10,	6.5700
619.72,	6.5500
620.35,	6.5300
620.97,	6.5100
621.60,	6.4900
622.23,	6.4600
622.85,	6.4400
623.48,	6.3900
624.10,	6.3700
624.73,	6.3400
625.35,	6.3000
625.98,	6.2700
626.61,	6.2500
627.23,	6.2400
627.86,	6.2300
628.48,	6.2300
629.11,	6.2300
629.73,	6.2300
630.36,	6.2300
630.98,	6.2300
631.61,	6.2200
632.23,	6.2000
632.86,	6.1700
633.48,	6.1300
634.11,	6.0900
634.73,	6.0400
635.36,	6.0100
635.98,	5.9900
636.61,	5.9700
637.23,	5.9500
637.86,	5.9400
638.48,	5.9100
639.11,	5.8800
639.73,	5.8600
640.36,	5.8400
640.98,	5.8400
641.61,	5.8400
642.23,	5.8300
642.85,	5.8200
643.48,	5.8200
644.10,	5.8100
644.73,	5.7900
645.35,	5.7700
645.98,	5.7600
646.60,	5.7400
647.22,	5.7300
647.85,	5.7200
648.47,	5.7100
649.10,	5.7000
649.72,	5.6800
650.34,	5.6800
650.97,	5.6800
651.59,	5.6800
652.22,	5.6700
652.84,	5.6600
653.46,	5.6600
654.09,	5.6500
654.71,	5.6500
655.33,	5.6400
655.96,	5.6300
656.58,	5.6200
657.20,	5.6200
657.83,	5.6200
658.45,	5.6100
659.07,	5.6100
659.70,	5.6000
660.32,	5.6100
660.94,	5.6100
661.57,	5.6100
662.19,	5.6100
662.81,	5.6100
663.43,	5.6000
664.06,	5.6000
664.68,	5.6000
665.30,	5.5900
665.93,	5.5900
666.55,	5.5800
667.17,	5.5700
667.79,	5.5600
668.42,	5.5600
669.04,	5.5700
669.66,	5.5700
670.28,	5.5700
670.91,	5.5600
671.53,	5.5600
672.15,	5.5400
672.77,	5.5400
673.39,	5.5300
674.02,	5.5300
674.64,	5.5400
675.26,	5.5500
675.88,	5.5300
676.50,	5.5100
677.13,	5.4900
677.75,	5.4700
678.37,	5.4700
678.99,	5.4800
679.61,	5.4700
680.24,	5.4800
680.86,	5.4800
681.48,	5.4700
682.10,	5.4900
682.72,	5.5100
683.34,	5.5300
683.96,	5.5700
684.59,	5.6000
685.21,	5.6100
685.83,	5.6100
686.45,	5.6100
687.07,	5.6100
687.69,	5.6100
688.31,	5.6100
688.93,	5.6100
689.56,	5.6000
690.18,	5.6000
690.80,	5.5900
691.42,	5.5300
692.04,	5.4700
692.66,	5.4400
693.28,	5.4200
693.90,	5.4100
694.52,	5.4100
695.14,	5.4100
695.76,	5.4100
696.38,	5.4100
697.00,	5.4100
697.62,	5.4100
698.25,	5.3900
698.87,	5.3900
699.49,	5.3900
700.11,	5.3900
700.73,	5.3900
701.35,	5.3900
701.97,	5.3800
702.59,	5.3700
703.21,	5.3600
703.83,	5.3600
704.45,	5.3600
705.07,	5.3600
705.69,	5.3600
706.31,	5.3600
706.93,	5.3600
707.55,	5.3600
708.17,	5.3600
708.79,	5.3600
709.40,	5.3700
710.02,	5.3700
710.64,	5.3700
711.26,	5.3700
711.88,	5.3800
712.50,	5.4000
713.12,	5.4000
713.74,	5.4100
714.36,	5.4300
714.98,	5.4600
715.60,	5.4800
716.22,	5.4800
716.84,	5.4800
717.45,	5.4800
718.07,	5.4800
718.69,	5.4600
719.31,	5.4300
719.93,	5.4100
720.55,	5.4000
721.17,	5.3800
721.79,	5.3500
722.41,	5.3200
723.02,	5.3000
723.64,	5.2800
724.26,	5.2700
724.88,	5.2700
725.50,	5.2500
726.12,	5.2000
726.73,	5.1500
727.35,	5.1000
727.97,	5.0800
728.59,	5.0800
729.21,	5.0900
729.83,	5.0800
730.44,	5.0600
731.06,	5.0300
731.68,	4.9900
732.30,	4.9600
732.92,	4.9400
733.53,	4.9400
734.15,	4.9300
734.77,	4.9300
735.39,	4.9300
736.00,	4.9300
736.62,	4.9300
737.24,	4.9300
737.86,	4.9300
738.47,	4.9200
739.09,	4.9200
739.71,	4.9200
740.33,	4.9600
740.94,	4.9900
741.56,	4.9800
742.18,	4.9600
742.79,	4.9400
743.41,	4.9200
744.03,	4.9000
744.65,	4.8800
745.26,	4.8700
745.88,	4.8500
746.50,	4.8200
747.11,	4.7700
747.73,	4.7300
748.35,	4.7200
748.96,	4.7100
749.58,	4.7100
750.20,	4.7100
750.81,	4.7000
751.43,	4.7000
752.05,	4.7000
752.66,	4.6900
753.28,	4.6800
753.90,	4.6700
754.51,	4.6700
755.13,	4.6600
755.74,	4.6600
756.36,	4.6600
756.98,	4.6500
757.59,	4.6500
758.21,	4.6500
758.82,	4.6500
759.44,	4.6500
760.06,	4.6400
760.67,	4.6400
761.29,	4.6400
761.90,	4.6200
762.52,	4.6200
763.14,	4.6100
763.75,	4.6000
764.37,	4.6000
764.98,	4.6000
765.60,	4.6000
766.21,	4.5900
766.83,	4.5900
767.44,	4.5800
768.06,	4.5900
768.67,	4.5800
769.29,	4.5900
769.90,	4.5900
770.52,	4.5900
771.14,	4.6000
771.75,	4.6100
772.37,	4.6100
772.98,	4.6300
773.59,	4.6300
774.21,	4.6400
774.82,	4.6400
775.44,	4.6400
776.05,	4.6400
776.67,	4.6400
777.28,	4.6400
777.90,	4.6400
778.51,	4.6300
779.13,	4.6300
779.74,	4.6300
780.36,	4.6300
780.97,	4.6300
781.58,	4.6300
782.20,	4.6200
782.81,	4.6200
783.43,	4.6200
784.04,	4.6300
784.66,	4.6300
785.27,	4.6300
785.88,	4.6200
786.50,	4.6200
787.11,	4.6200
787.73,	4.6200
788.34,	4.6100
788.95,	4.6100
789.57,	4.6100
790.18,	4.6000
790.79,	4.5900
791.41,	4.5900
792.02,	4.5800
792.63,	4.5700
793.25,	4.5600
793.86,	4.5400
794.47,	4.5000
795.09,	4.4500
795.70,	4.4200
796.31,	4.4100
796.93,	4.4000
797.54,	4.3900
798.15,	4.3600
798.77,	4.3400
799.38,	4.3300
799.99,	4.3200
800.61,	4.2900
801.22,	4.2600
801.83,	4.2400
802.44,	4.2200
803.06,	4.2100
803.67,	4.2000
804.28,	4.1900
804.90,	4.1800
805.51,	4.1800
806.12,	4.1800
806.73,	4.1900
807.34,	4.2000
807.96,	4.2200
808.57,	4.2200
809.18,	4.2300
809.79,	4.2400
810.41,	4.2400
811.02,	4.2400
811.63,	4.2400
812.24,	4.2500
812.85,	4.2500
813.47,	4.2500
814.08,	4.2500
814.69,	4.2500
815.30,	4.2400
815.91,	4.2400
816.53,	4.2300
817.14,	4.2100
817.75,	4.1900
818.36,	4.1800
818.97,	4.1700
819.58,	4.1800
820.20,	4.1700
820.81,	4.1600
821.42,	4.1500
822.03,	4.1500
822.64,	4.1600
823.25,	4.1600
823.86,	4.1400
824.47,	4.1300
825.09,	4.1200
825.70,	4.1100
826.31,	4.1000
826.92,	4.0900
827.53,	4.0900
828.14,	4.0900
828.75,	4.0900
829.36,	4.0900
829.97,	4.0900
830.58,	4.0900
831.19,	4.0800
831.80,	4.0800
832.42,	4.0800
833.03,	4.0800
833.64,	4.0800
834.25,	4.0800
834.86,	4.0800
835.47,	4.0800
836.08,	4.0900
836.69,	4.0900
837.30,	4.0800
837.91,	4.0800
838.52,	4.0800
839.13,	4.0700
839.74,	4.0700
840.35,	4.0700
840.96,	4.0700
841.57,	4.0800
842.18,	4.0800
842.79,	4.0800
843.40,	4.0800
844.01,	4.0700
844.62,	4.0700
845.23,	4.0700
845.84,	4.0600
846.45,	4.0600
847.06,	4.0600
847.67,	4.0500
848.27,	4.0600
848.88,	4.0600
849.49,	4.0500
850.10,	4.0600
850.71,	4.0600
851.32,	4.0600
851.93,	4.0600
852.54,	4.0600
853.15,	4.0600
853.76,	4.0500
854.37,	4.0400
854.98,	4.0400
855.58,	4.0500
856.19,	4.0500
856.80,	4.0500
857.41,	4.0500
858.02,	4.0500
858.63,	4.0500
859.24,	4.0600
859.85,	4.0600
860.45,	4.0700
861.06,	4.0700
861.67,	4.0700
862.28,	4.0700
862.89,	4.0700
863.50,	4.0700
864.10,	4.0700
864.71,	4.0700
865.32,	4.0700
865.93,	4.0700
866.54,	4.0700
867.14,	4.0700
867.75,	4.0700
868.36,	4.0600
868.97,	4.0400
869.58,	4.0200
870.18,	4.0100
870.79,	4.0100
871.40,	4.0000
872.01,	4.0100
872.61,	4.0100
873.22,	4.0200
873.83,	4.0200
874.44,	4.0100
875.04,	4.0000
875.65,	3.9800
876.26,	3.9700
876.87,	3.9600
877.47,	3.9500
878.08,	3.9400
878.69,	3.9500
879.29,	3.9500
879.90,	3.9500
880.51,	3.9600
881.12,	3.9600
881.72,	3.9500
882.33,	3.9400
882.94,	3.9400
883.54,	3.9500
884.15,	3.9500
884.76,	3.9500
885.36,	3.9600
885.97,	3.9600
886.58,	3.9500
887.18,	3.9500
887.79,	3.9500
888.40,	3.9400
889.00,	3.9300
889.61,	3.9200
890.22,	3.8800
890.82,	3.8400
891.43,	3.8100
892.03,	3.8000
892.64,	3.8000
893.25,	3.7900
893.85,	3.7700
894.46,	3.7500
895.06,	3.7500
895.67,	3.7500
896.28,	3.7600
896.88,	3.7600
897.49,	3.7400
898.09,	3.7300
898.70,	3.7300
899.30,	3.7200
899.91,	3.7200
900.52,	3.7200
901.12,	3.7100
901.73,	3.7100
902.33,	3.7100
902.94,	3.7400
903.54,	4.7500
904.15,	9.5800
904.75,	14.4200
905.36,	16.0600
905.96,	16.9700
906.57,	17.7100
907.17,	18.3400
907.78,	18.8900
908.38,	19.3700
908.99,	19.7900
909.59,	20.1900
910.20,	20.5800
910.80,	28.4600
911.41,	35.5000
912.01,	35.5000
912.62,	35.5000
913.22,	35.5000
913.83,	35.5000
914.43,	35.5000
915.03,	35.5000
915.64,	35.5000
916.24,	35.5000
916.85,	35.5000
917.45,	35.5000
918.06,	35.5000
918.66,	35.5000
919.26,	35.5000
919.87,	35.5000
920.47,	35.5000
921.08,	35.5000
921.68,	35.5000
922.28,	35.5000
922.89,	35.5000
923.49,	35.5000
924.10,	35.5000
924.70,	35.5000
925.30,	35.5000
925.91,	35.5000
926.51,	35.5000
927.11,	35.5000
927.72,	35.5000
928.32,	35.5000
928.92,	35.5000
929.53,	35.5000
930.13,	35.5000
930.74,	35.5000
931.34,	35.5000
931.94,	35.5000
932.54,	35.5000
933.15,	35.5000
933.75,	35.5000
934.35,	35.5000
934.96,	35.5000
935.56,	35.5000
936.16,	35.5000
936.77,	35.5000
937.37,	35.5000
937.97,	35.5000
938.57,	35.5000
939.18,	35.5000
939.78,	35.5000
940.38,	35.5000
940.98,	35.5000
941.59,	35.5000
942.19,	35.5000
942.79,	35.5000
943.39,	35.5000
944.00,	35.5000
944.60,	35.5000
945.20,	35.5000
945.80,	35.5000
946.40,	35.5000
947.01,	35.5000
947.61,	35.5000
948.21,	35.5000
948.81,	35.5000
949.41,	35.5000
950.02,	35.5000
950.62,	35.5000
951.22,	35.5000
951.82,	35.5000
952.42,	35.5000
953.02,	35.5000
953.63,	35.5000
954.23,	35.5000
954.83,	35.5000
955.43,	35.5000
956.03,	35.5000
956.63,	35.5000
957.24,	35.5000
957.84,	35.5000
958.44,	35.5000
959.04,	35.5000
959.64,	35.5000
960.24,	35.5000
960.84,	35.5000
961.44,	35.5000
962.04,	35.5000
962.64,	35.5000
963.25,	35.5000
963.85,	35.5000
964.45,	35.5000
965.05,	35.5000
965.65,	35.5000
966.25,	35.5000
966.85,	35.5000
967.45,	35.5000
968.05,	35.5000
968.65,	35.5000
969.25,	35.5000
969.85,	35.5000
970.45,	35.5000
971.05,	35.5000
971.65,	35.5000
972.25,	35.5000
972.85,	35.5000
973.45,	35.5000
974.05,	35.5000
974.65,	35.5000
975.25,	35.5000
975.85,	35.5000
976.45,	35.5000
977.05,	35.5000
977.65,	35.5000
978.25,	35.5000
978.85,	35.5000
979.45,	35.5000
980.05,	35.5000
980.65,	35.5000
981.25,	35.5000
981.85,	35.5000
982.45,	35.5000
983.05,	35.5000
983.65,	35.5000
984.25,	35.5000
984.85,	35.5000
985.45,	35.5000
986.04,	35.5000
986.64,	35.5000
987.24,	35.5000
987.84,	35.5000
988.44,	35.5000
989.04,	35.5000
989.64,	35.5000
990.24,	35.5000
990.84,	35.5000
991.44,	35.5000
992.03,	35.5000
992.63,	35.5000
993.23,	-2.5200
993.83,	-2.5200
994.43,	-2.5200
995.03,	-2.5200
995.63,	-2.5200
996.22,	-2.5200
996.82,	-2.5200
997.42,	-2.5200
998.02,	-2.5200
998.62,	-2.5200
999.21,	-2.5200
999.81,	-2.5200
1000.41,	-2.5200
