Call Sign = ZSDA,	Ship Name = SA Agulhas,	Lloyds Num = 0
Date = 02/01/2017,	Time = 03:31,	
Latitude = 50 44.56  S,	Longitude = 000 44.64  E
Instr = Sippican Deep Blue,	Card Type = Sippican MK-21,	
Wind Instr = ,	Measur Method = 
Probe Serial Num = -1,	Ship Dir = -1,	Ship Speed = -1.00
Wind Dir = 258,	Wind Speed = 31.50
Dry Bulb Temp = -1.00,	Total Water Depth = -1.00

Full Resolution Values
Depth,	 Temp
0.67,	3.0800
1.34,	3.0100
2.01,	3.0100
2.68,	3.0300
3.34,	3.0300
4.01,	3.0300
4.68,	3.0400
5.35,	3.0500
6.02,	3.0400
6.69,	3.0400
7.36,	3.0600
8.03,	3.0500
8.69,	3.0500
9.36,	3.0500
10.03,	3.0500
10.70,	3.0500
11.37,	3.0400
12.04,	3.0400
12.70,	3.0500
13.37,	3.0500
14.04,	3.0500
14.71,	3.0400
15.38,	3.0400
16.05,	3.0500
16.71,	3.0500
17.38,	3.0500
18.05,	3.0500
18.72,	3.0600
19.38,	3.0500
20.05,	3.0500
20.72,	3.0500
21.39,	3.0500
22.06,	3.0500
22.72,	3.0500
23.39,	3.0500
24.06,	3.0400
24.73,	3.0500
25.39,	3.0500
26.06,	3.0500
26.73,	3.0500
27.40,	3.0500
28.06,	3.0500
28.73,	3.0500
29.40,	3.0500
30.06,	3.0500
30.73,	3.0400
31.40,	3.0400
32.06,	3.0400
32.73,	3.0400
33.40,	3.0300
34.07,	3.0300
34.73,	3.0200
35.40,	3.0300
36.07,	3.0300
36.73,	3.0200
37.40,	3.0200
38.07,	3.0200
38.73,	3.0200
39.40,	3.0200
40.06,	3.0100
40.73,	3.0100
41.40,	3.0100
42.06,	3.0000
42.73,	2.9800
43.40,	2.9700
44.06,	2.9700
44.73,	2.9700
45.39,	2.9600
46.06,	2.9600
46.73,	2.9600
47.39,	2.9600
48.06,	2.9600
48.72,	2.9600
49.39,	2.9600
50.06,	2.9600
50.72,	2.9700
51.39,	2.9700
52.05,	2.9700
52.72,	2.9600
53.38,	2.9600
54.05,	2.9600
54.71,	2.9600
55.38,	2.9600
56.05,	2.9600
56.71,	2.9600
57.38,	2.9600
58.04,	2.9600
58.71,	2.9600
59.37,	2.9600
60.04,	2.9600
60.70,	2.9600
61.37,	2.9600
62.03,	2.9600
62.70,	2.9600
63.36,	2.9500
64.03,	2.9600
64.69,	2.9600
65.36,	2.9600
66.02,	2.9600
66.69,	2.9600
67.35,	2.9600
68.01,	2.9600
68.68,	2.9600
69.34,	2.9500
70.01,	2.9600
70.67,	2.9600
71.34,	2.9600
72.00,	2.9600
72.66,	2.9500
73.33,	2.9600
73.99,	2.9600
74.66,	2.9600
75.32,	2.9600
75.98,	2.9600
76.65,	2.9500
77.31,	2.9600
77.98,	2.9500
78.64,	2.9500
79.30,	2.9500
79.97,	2.9500
80.63,	2.9600
81.30,	2.9500
81.96,	2.9500
82.62,	2.9500
83.29,	2.9600
83.95,	2.9600
84.61,	2.9600
85.28,	2.9500
85.94,	2.9500
86.60,	2.9500
87.27,	2.9500
87.93,	2.9500
88.59,	2.9500
89.26,	2.9500
89.92,	2.9500
90.58,	2.9600
91.24,	2.9500
91.91,	2.9500
92.57,	2.9600
93.23,	2.9600
93.90,	2.9500
94.56,	2.9500
95.22,	2.9500
95.88,	2.9500
96.55,	2.9400
97.21,	2.9500
97.87,	2.9500
98.53,	2.9500
99.20,	2.9400
99.86,	2.9400
100.52,	2.9400
101.18,	2.9300
101.85,	2.9300
102.51,	2.9200
103.17,	2.9000
103.83,	2.8900
104.49,	2.8900
105.16,	2.8800
105.82,	2.8800
106.48,	2.8700
107.14,	2.8700
107.80,	2.8600
108.47,	2.8600
109.13,	2.8500
109.79,	2.8300
110.45,	2.8100
111.11,	2.7800
111.77,	2.7600
112.44,	2.7400
113.10,	2.7100
113.76,	2.7000
114.42,	2.6800
115.08,	2.6400
115.74,	2.6200
116.40,	2.5900
117.06,	2.5800
117.73,	2.5700
118.39,	2.5500
119.05,	2.5200
119.71,	2.4900
120.37,	2.4700
121.03,	2.4400
121.69,	2.4200
122.35,	2.3900
123.01,	2.3700
123.67,	2.3400
124.33,	2.3100
125.00,	2.2800
125.66,	2.2500
126.32,	2.2100
126.98,	2.1800
127.64,	2.1400
128.30,	2.1100
128.96,	2.1000
129.62,	2.0900
130.28,	2.0700
130.94,	2.0600
131.60,	2.0400
132.26,	2.0200
132.92,	2.0100
133.58,	1.9900
134.24,	1.9700
134.90,	1.9600
135.56,	1.9400
136.22,	1.9100
136.88,	1.8700
137.54,	1.8200
138.20,	1.7800
138.86,	1.7300
139.52,	1.6700
140.18,	1.6100
140.84,	1.5400
141.50,	1.4700
142.16,	1.3900
142.82,	1.3100
143.48,	1.2400
144.14,	1.1900
144.79,	1.1200
145.45,	1.0700
146.11,	1.0500
146.77,	1.0400
147.43,	1.0400
148.09,	1.0200
148.75,	0.9900
149.41,	0.9400
150.07,	0.9100
150.73,	0.8900
151.39,	0.8700
152.04,	0.8600
152.70,	0.8500
153.36,	0.8500
154.02,	0.8500
154.68,	0.8500
155.34,	0.8500
156.00,	0.8400
156.65,	0.8400
157.31,	0.8400
157.97,	0.8500
158.63,	0.8500
159.29,	0.8400
159.95,	0.8400
160.60,	0.8400
161.26,	0.8400
161.92,	0.8500
162.58,	0.8400
163.24,	0.8400
163.90,	0.8400
164.55,	0.8400
165.21,	0.8400
165.87,	0.8400
166.53,	0.8400
167.18,	0.8300
167.84,	0.8300
168.50,	0.8400
169.16,	0.8400
169.82,	0.8400
170.47,	0.8300
171.13,	0.8300
171.79,	0.8300
172.44,	0.8300
173.10,	0.8300
173.76,	0.8300
174.42,	0.8200
175.07,	0.8200
175.73,	0.8200
176.39,	0.8200
177.05,	0.8200
177.70,	0.8300
178.36,	0.8300
179.02,	0.8300
179.67,	0.8300
180.33,	0.8300
180.99,	0.8200
181.64,	0.8200
182.30,	0.8200
182.96,	0.8200
183.61,	0.8200
184.27,	0.8300
184.93,	0.8300
185.58,	0.8300
186.24,	0.8300
186.90,	0.8400
187.55,	0.8400
188.21,	0.8500
188.87,	0.8500
189.52,	0.8500
190.18,	0.8500
190.83,	0.8500
191.49,	0.8700
192.15,	0.8800
192.80,	0.8800
193.46,	0.8900
194.11,	0.8900
194.77,	0.9000
195.43,	0.9000
196.08,	0.9000
196.74,	0.9000
197.39,	0.8900
198.05,	0.8900
198.70,	0.8900
199.36,	0.9000
200.02,	0.9100
200.67,	0.9200
201.33,	0.9300
201.98,	0.9300
202.64,	0.9400
203.29,	0.9500
203.95,	0.9500
204.60,	0.9500
205.26,	0.9500
205.91,	0.9400
206.57,	0.9400
207.22,	0.9500
207.88,	0.9500
208.53,	0.9500
209.19,	0.9500
209.84,	0.9500
210.50,	0.9500
211.15,	0.9500
211.81,	0.9500
212.46,	0.9600
213.12,	0.9700
213.77,	0.9700
214.43,	0.9800
215.08,	0.9700
215.74,	0.9800
216.39,	0.9800
217.04,	0.9800
217.70,	0.9900
218.35,	0.9800
219.01,	0.9900
219.66,	1.0000
220.32,	1.0100
220.97,	1.0100
221.62,	1.0200
222.28,	1.0400
222.93,	1.0600
223.59,	1.0700
224.24,	1.0900
224.89,	1.1200
225.55,	1.1500
226.20,	1.1700
226.85,	1.1800
227.51,	1.1800
228.16,	1.1800
228.81,	1.1800
229.47,	1.1800
230.12,	1.1800
230.78,	1.1900
231.43,	1.2100
232.08,	1.2300
232.74,	1.2500
233.39,	1.2600
234.04,	1.2600
234.69,	1.2800
235.35,	1.2900
236.00,	1.3000
236.65,	1.3000
237.31,	1.3100
237.96,	1.3300
238.61,	1.3400
239.27,	1.3500
239.92,	1.3500
240.57,	1.3500
241.22,	1.3500
241.88,	1.3600
242.53,	1.3700
243.18,	1.3700
243.83,	1.3700
244.49,	1.3700
245.14,	1.3700
245.79,	1.3700
246.44,	1.3700
247.10,	1.3700
247.75,	1.3700
248.40,	1.3800
249.05,	1.3800
249.70,	1.3800
250.36,	1.3800
251.01,	1.3800
251.66,	1.3900
252.31,	1.4000
252.96,	1.4000
253.62,	1.4100
254.27,	1.4200
254.92,	1.4200
255.57,	1.4300
256.22,	1.4300
256.88,	1.4300
257.53,	1.4300
258.18,	1.4300
258.83,	1.4400
259.48,	1.4500
260.13,	1.4700
260.78,	1.5000
261.44,	1.5300
262.09,	1.5500
262.74,	1.5600
263.39,	1.5700
264.04,	1.5700
264.69,	1.5700
265.34,	1.5800
265.99,	1.5800
266.64,	1.5800
267.29,	1.5900
267.95,	1.5900
268.60,	1.5900
269.25,	1.5900
269.90,	1.5900
270.55,	1.6000
271.20,	1.6000
271.85,	1.6000
272.50,	1.6100
273.15,	1.6100
273.80,	1.6100
274.45,	1.6100
275.10,	1.6100
275.75,	1.6100
276.40,	1.6200
277.05,	1.6300
277.70,	1.6400
278.35,	1.6500
279.00,	1.6700
279.65,	1.6900
280.30,	1.7000
280.95,	1.7100
281.60,	1.7200
282.25,	1.7400
282.90,	1.7400
283.55,	1.7500
284.20,	1.7600
284.85,	1.7700
285.50,	1.7700
286.15,	1.7700
286.80,	1.7700
287.45,	1.7700
288.10,	1.7800
288.75,	1.8000
289.40,	1.8200
290.05,	1.8200
290.70,	1.8200
291.35,	1.8300
292.00,	1.8400
292.64,	1.8600
293.29,	1.8700
293.94,	1.8800
294.59,	1.8900
295.24,	1.8800
295.89,	1.8900
296.54,	1.8900
297.19,	1.8900
297.84,	1.8900
298.49,	1.9000
299.13,	1.9100
299.78,	1.9200
300.43,	1.9300
301.08,	1.9300
301.73,	1.9400
302.38,	1.9400
303.02,	1.9400
303.67,	1.9400
304.32,	1.9500
304.97,	1.9600
305.62,	1.9600
306.27,	1.9700
306.91,	1.9800
307.56,	1.9900
308.21,	2.0000
308.86,	2.0000
309.51,	2.0100
310.15,	2.0200
310.80,	2.0300
311.45,	2.0300
312.10,	2.0300
312.75,	2.0300
313.39,	2.0400
314.04,	2.0400
314.69,	2.0400
315.34,	2.0400
315.98,	2.0500
316.63,	2.0600
317.28,	2.0600
317.93,	2.0600
318.57,	2.0600
319.22,	2.0500
319.87,	2.0600
320.52,	2.0600
321.16,	2.0600
321.81,	2.0600
322.46,	2.0600
323.10,	2.0700
323.75,	2.0800
324.40,	2.0900
325.04,	2.0900
325.69,	2.1000
326.34,	2.1100
326.99,	2.1100
327.63,	2.1200
328.28,	2.1200
328.93,	2.1300
329.57,	2.1300
330.22,	2.1300
330.86,	2.1300
331.51,	2.1300
332.16,	2.1300
332.80,	2.1300
333.45,	2.1300
334.10,	2.1300
334.74,	2.1300
335.39,	2.1400
336.03,	2.1400
336.68,	2.1400
337.33,	2.1400
337.97,	2.1500
338.62,	2.1500
339.26,	2.1500
339.91,	2.1500
340.56,	2.1500
341.20,	2.1500
341.85,	2.1600
342.49,	2.1600
343.14,	2.1600
343.78,	2.1700
344.43,	2.1700
345.08,	2.1700
345.72,	2.1700
346.37,	2.1700
347.01,	2.1700
347.66,	2.1700
348.30,	2.1800
348.95,	2.1800
349.59,	2.1900
350.24,	2.1900
350.88,	2.1900
351.53,	2.1900
352.17,	2.2000
352.82,	2.2000
353.46,	2.2000
354.11,	2.2000
354.75,	2.2000
355.40,	2.2000
356.04,	2.2000
356.69,	2.2000
357.33,	2.2000
357.98,	2.2000
358.62,	2.2100
359.27,	2.2100
359.91,	2.2200
360.55,	2.2200
361.20,	2.2200
361.84,	2.2300
362.49,	2.2300
363.13,	2.2300
363.78,	2.2400
364.42,	2.2400
365.06,	2.2400
365.71,	2.2300
366.35,	2.2300
367.00,	2.2400
367.64,	2.2400
368.28,	2.2500
368.93,	2.2500
369.57,	2.2500
370.22,	2.2600
370.86,	2.2600
371.50,	2.2600
372.15,	2.2600
372.79,	2.2600
373.43,	2.2600
374.08,	2.2600
374.72,	2.2600
375.36,	2.2600
376.01,	2.2600
376.65,	2.2700
377.29,	2.2700
377.94,	2.2700
378.58,	2.2700
379.22,	2.2700
379.87,	2.2700
380.51,	2.2700
381.15,	2.2700
381.79,	2.2700
382.44,	2.2800
383.08,	2.2800
383.72,	2.2800
384.37,	2.2800
385.01,	2.2800
385.65,	2.2800
386.29,	2.2800
386.94,	2.2800
387.58,	2.2800
388.22,	2.2800
388.86,	2.2800
389.51,	2.2800
390.15,	2.2900
390.79,	2.2900
391.43,	2.2800
392.08,	2.2800
392.72,	2.2900
393.36,	2.2900
394.00,	2.2900
394.64,	2.2900
395.29,	2.2900
395.93,	2.2900
396.57,	2.3000
397.21,	2.3000
397.85,	2.3000
398.50,	2.3000
399.14,	2.3000
399.78,	2.3100
400.42,	2.3100
401.06,	2.3100
401.70,	2.3100
402.34,	2.3000
402.99,	2.3100
403.63,	2.3100
404.27,	2.3100
404.91,	2.3100
405.55,	2.3100
406.19,	2.3100
406.83,	2.3100
407.48,	2.3100
408.12,	2.3100
408.76,	2.3100
409.40,	2.3100
410.04,	2.3100
410.68,	2.3100
411.32,	2.3100
411.96,	2.3100
412.60,	2.3200
413.24,	2.3200
413.88,	2.3200
414.52,	2.3200
415.17,	2.3100
415.81,	2.3100
416.45,	2.3200
417.09,	2.3200
417.73,	2.3200
418.37,	2.3200
419.01,	2.3200
419.65,	2.3200
420.29,	2.3200
420.93,	2.3200
421.57,	2.3200
422.21,	2.3200
422.85,	2.3200
423.49,	2.3200
424.13,	2.3200
424.77,	2.3200
425.41,	2.3300
426.05,	2.3300
426.69,	2.3200
427.33,	2.3200
427.97,	2.3200
428.61,	2.3300
429.25,	2.3300
429.89,	2.3300
430.53,	2.3300
431.17,	2.3300
431.80,	2.3300
432.44,	2.3300
433.08,	2.3300
433.72,	2.3300
434.36,	2.3300
435.00,	2.3300
435.64,	2.3300
436.28,	2.3300
436.92,	2.3300
437.56,	2.3300
438.20,	2.3300
438.84,	2.3300
439.47,	2.3300
440.11,	2.3300
440.75,	2.3300
441.39,	2.3300
442.03,	2.3300
442.67,	2.3300
443.31,	2.3300
443.95,	2.3300
444.58,	2.3300
445.22,	2.3300
445.86,	2.3400
446.50,	2.3300
447.14,	2.3400
447.78,	2.3400
448.41,	2.3400
449.05,	2.3400
449.69,	2.3400
450.33,	2.3400
450.97,	2.3400
451.60,	2.3400
452.24,	2.3400
452.88,	2.3400
453.52,	2.3400
454.16,	2.3400
454.79,	2.3400
455.43,	2.3400
456.07,	2.3400
456.71,	2.3400
457.35,	2.3400
457.98,	2.3400
458.62,	2.3400
459.26,	2.3400
459.90,	2.3400
460.53,	2.3400
461.17,	2.3400
461.81,	2.3400
462.44,	2.3400
463.08,	2.3400
463.72,	2.3400
464.36,	2.3400
464.99,	2.3500
465.63,	2.3500
466.27,	2.3500
466.90,	2.3500
467.54,	2.3500
468.18,	2.3400
468.81,	2.3500
469.45,	2.3500
470.09,	2.3500
470.72,	2.3500
471.36,	2.3500
472.00,	2.3500
472.63,	2.3500
473.27,	2.3400
473.91,	2.3400
474.54,	2.3400
475.18,	2.3400
475.82,	2.3400
476.45,	2.3400
477.09,	2.3400
477.73,	2.3400
478.36,	2.3500
479.00,	2.3500
479.63,	2.3500
480.27,	2.3400
480.91,	2.3500
481.54,	2.3500
482.18,	2.3500
482.81,	2.3500
483.45,	2.3500
484.08,	2.3500
484.72,	2.3500
485.36,	2.3500
485.99,	2.3500
486.63,	2.3500
487.26,	2.3500
487.90,	2.3400
488.53,	2.3500
489.17,	2.3500
489.80,	2.3400
490.44,	2.3500
491.07,	2.3500
491.71,	2.3500
492.34,	2.3500
492.98,	2.3500
493.62,	2.3500
494.25,	2.3500
494.89,	2.3500
495.52,	2.3500
496.15,	2.3500
496.79,	2.3500
497.42,	2.3500
498.06,	2.3500
498.69,	2.3500
499.33,	2.3500
499.96,	2.3500
500.60,	2.3500
501.23,	2.3500
501.87,	2.3500
502.50,	2.3500
503.14,	2.3500
503.77,	2.3500
504.40,	2.3500
505.04,	2.3400
505.67,	2.3400
506.31,	2.3500
506.94,	2.3500
507.57,	2.3500
508.21,	2.3400
508.84,	2.3400
509.48,	2.3500
510.11,	2.3400
510.74,	2.3500
511.38,	2.3500
512.01,	2.3400
512.65,	2.3400
513.28,	2.3500
513.91,	2.3500
514.55,	2.3400
515.18,	2.3500
515.81,	2.3500
516.45,	2.3500
517.08,	2.3400
517.71,	2.3500
518.35,	2.3500
518.98,	2.3500
519.61,	2.3400
520.25,	2.3500
520.88,	2.3400
521.51,	2.3400
522.15,	2.3500
522.78,	2.3400
523.41,	2.3400
524.04,	2.3400
524.68,	2.3500
525.31,	2.3500
525.94,	2.3400
526.58,	2.3500
527.21,	2.3500
527.84,	2.3500
528.47,	2.3400
529.11,	2.3400
529.74,	2.3400
530.37,	2.3400
531.00,	2.3400
531.64,	2.3400
532.27,	2.3500
532.90,	2.3500
533.53,	2.3500
534.17,	2.3500
534.80,	2.3500
535.43,	2.3500
536.06,	2.3400
536.69,	2.3500
537.33,	2.3500
537.96,	2.3500
538.59,	2.3500
539.22,	2.3500
539.85,	2.3500
540.48,	2.3500
541.12,	2.3500
541.75,	2.3500
542.38,	2.3500
543.01,	2.3500
543.64,	2.3500
544.27,	2.3500
544.91,	2.3500
545.54,	2.3500
546.17,	2.3500
546.80,	2.3500
547.43,	2.3500
548.06,	2.3500
548.69,	2.3500
549.32,	2.3500
549.95,	2.3500
550.59,	2.3500
551.22,	2.3500
551.85,	2.3500
552.48,	2.3500
553.11,	2.3500
553.74,	2.3500
554.37,	2.3500
555.00,	2.3500
555.63,	2.3500
556.26,	2.3500
556.89,	2.3500
557.52,	2.3500
558.15,	2.3500
558.78,	2.3400
559.42,	2.3500
560.05,	2.3400
560.68,	2.3400
561.31,	2.3400
561.94,	2.3400
562.57,	2.3500
563.20,	2.3400
563.83,	2.3400
564.46,	2.3400
565.09,	2.3500
565.72,	2.3500
566.35,	2.3400
566.98,	2.3500
567.61,	2.3500
568.24,	2.3500
568.87,	2.3500
569.50,	2.3400
570.12,	2.3400
570.75,	2.3500
571.38,	2.3500
572.01,	2.3500
572.64,	2.3400
573.27,	2.3400
573.90,	2.3500
574.53,	2.3500
575.16,	2.3400
575.79,	2.3400
576.42,	2.3500
577.05,	2.3500
577.68,	2.3500
578.31,	2.3500
578.93,	2.3500
579.56,	2.3500
580.19,	2.3400
580.82,	2.3400
581.45,	2.3400
582.08,	2.3400
582.71,	2.3400
583.34,	2.3400
583.97,	2.3400
584.59,	2.3400
585.22,	2.3400
585.85,	2.3400
586.48,	2.3400
587.11,	2.3400
587.74,	2.3400
588.36,	2.3400
588.99,	2.3400
589.62,	2.3400
590.25,	2.3400
590.88,	2.3400
591.50,	2.3500
592.13,	2.3400
592.76,	2.3400
593.39,	2.3500
594.02,	2.3400
594.64,	2.3400
595.27,	2.3400
595.90,	2.3400
596.53,	2.3400
597.16,	2.3400
597.78,	2.3400
598.41,	2.3400
599.04,	2.3400
599.67,	2.3400
600.29,	2.3400
600.92,	2.3400
601.55,	2.3300
602.18,	2.3400
602.80,	2.3400
603.43,	2.3300
604.06,	2.3400
604.68,	2.3400
605.31,	2.3400
605.94,	2.3300
606.57,	2.3300
607.19,	2.3300
607.82,	2.3300
608.45,	2.3300
609.07,	2.3300
609.70,	2.3300
610.33,	2.3300
610.95,	2.3300
611.58,	2.3300
612.21,	2.3300
612.83,	2.3300
613.46,	2.3300
614.09,	2.3300
614.71,	2.3300
615.34,	2.3300
615.97,	2.3300
616.59,	2.3300
617.22,	2.3300
617.84,	2.3300
618.47,	2.3300
619.10,	2.3300
619.72,	2.3300
620.35,	2.3300
620.97,	2.3300
621.60,	2.3300
622.23,	2.3300
622.85,	2.3300
623.48,	2.3300
624.10,	2.3300
624.73,	2.3400
625.35,	2.3300
625.98,	2.3300
626.61,	2.3300
627.23,	2.3300
627.86,	2.3300
628.48,	2.3300
629.11,	2.3300
629.73,	2.3200
630.36,	2.3200
630.98,	2.3200
631.61,	2.3200
632.23,	2.3300
632.86,	2.3300
633.48,	2.3300
634.11,	2.3300
634.73,	2.3300
635.36,	2.3300
635.98,	2.3300
636.61,	2.3400
637.23,	2.3400
637.86,	2.3400
638.48,	2.3300
639.11,	2.3300
639.73,	2.3300
640.36,	2.3300
640.98,	2.3300
641.61,	2.3200
642.23,	2.3300
642.85,	2.3300
643.48,	2.3300
644.10,	2.3300
644.73,	2.3200
645.35,	2.3200
645.98,	2.3200
646.60,	2.3200
647.22,	2.3200
647.85,	2.3100
648.47,	2.3100
649.10,	2.3100
649.72,	2.3200
650.34,	2.3100
650.97,	2.3100
651.59,	2.3100
652.22,	2.3200
652.84,	2.3100
653.46,	2.3100
654.09,	2.3200
654.71,	2.3200
655.33,	2.3100
655.96,	2.3200
656.58,	2.3200
657.20,	2.3200
657.83,	2.3200
658.45,	2.3200
659.07,	2.3100
659.70,	2.3100
660.32,	2.3200
660.94,	2.3200
661.57,	2.3100
662.19,	2.3100
662.81,	2.3100
663.43,	2.3200
664.06,	2.3200
664.68,	2.3300
665.30,	2.3300
665.93,	2.3300
666.55,	2.3300
667.17,	2.3300
667.79,	2.3300
668.42,	2.3300
669.04,	2.3400
669.66,	2.3400
670.28,	2.3400
670.91,	2.3400
671.53,	2.3400
672.15,	2.3400
672.77,	2.3500
673.39,	2.3400
674.02,	2.3400
674.64,	2.3500
675.26,	2.3400
675.88,	2.3400
676.50,	2.3400
677.13,	2.3500
677.75,	2.3500
678.37,	2.3500
678.99,	2.3500
679.61,	2.3600
680.24,	2.3600
680.86,	2.3500
681.48,	2.3500
682.10,	2.3500
682.72,	2.3500
683.34,	2.3400
683.96,	2.3400
684.59,	2.3400
685.21,	2.3300
685.83,	2.3300
686.45,	2.3300
687.07,	2.3300
687.69,	2.3400
688.31,	2.3400
688.93,	2.3300
689.56,	2.3300
690.18,	2.3300
690.80,	2.3400
691.42,	2.3400
692.04,	2.3400
692.66,	2.3500
693.28,	2.3500
693.90,	2.3600
694.52,	2.3500
695.14,	2.3500
695.76,	2.3500
696.38,	2.3500
697.00,	2.3600
697.62,	2.3600
698.25,	2.3500
698.87,	2.3500
699.49,	2.3500
700.11,	2.3500
700.73,	2.3500
701.35,	2.3500
701.97,	2.3400
702.59,	2.3400
703.21,	2.3400
703.83,	2.3500
704.45,	2.3500
705.07,	2.3500
705.69,	2.3500
706.31,	2.3500
706.93,	2.3500
707.55,	2.3500
708.17,	2.3500
708.79,	2.3500
709.40,	2.3500
710.02,	2.3600
710.64,	2.3600
711.26,	2.3500
711.88,	2.3500
712.50,	2.3500
713.12,	2.3500
713.74,	2.3500
714.36,	2.3500
714.98,	2.3500
715.60,	2.3500
716.22,	2.3500
716.84,	2.3500
717.45,	2.3500
718.07,	2.3500
718.69,	2.3500
719.31,	2.3500
719.93,	2.3500
720.55,	2.3500
721.17,	2.3500
721.79,	2.3500
722.41,	2.3500
723.02,	2.3500
723.64,	2.3500
724.26,	2.3500
724.88,	2.3500
725.50,	2.3500
726.12,	2.3500
726.73,	2.3500
727.35,	2.3500
727.97,	2.3500
728.59,	2.3500
729.21,	2.3500
729.83,	2.3500
730.44,	2.3500
731.06,	2.3500
731.68,	2.3500
732.30,	2.3500
732.92,	2.3500
733.53,	2.3500
734.15,	2.3500
734.77,	2.3500
735.39,	2.3500
736.00,	2.3500
736.62,	2.3500
737.24,	2.3400
737.86,	2.3400
738.47,	2.3500
739.09,	2.3400
739.71,	2.3400
740.33,	2.3400
740.94,	2.3400
741.56,	2.3400
742.18,	2.3400
742.79,	2.3400
743.41,	2.3400
744.03,	2.3400
744.65,	2.3400
745.26,	2.3400
745.88,	2.3400
746.50,	2.3400
747.11,	2.3400
747.73,	2.3400
748.35,	2.3400
748.96,	2.3400
749.58,	2.3400
750.20,	2.3400
750.81,	2.3400
751.43,	2.3400
752.05,	2.3400
752.66,	2.3400
753.28,	2.3400
753.90,	2.3400
754.51,	2.3400
755.13,	2.3400
755.74,	2.3400
756.36,	2.3300
756.98,	2.3400
757.59,	2.3400
758.21,	2.3400
758.82,	2.3400
759.44,	2.3400
760.06,	2.3300
760.67,	2.3300
761.29,	2.3300
761.90,	2.3300
762.52,	2.3300
763.14,	2.3300
763.75,	2.3300
764.37,	2.3300
764.98,	2.3300
765.60,	2.3200
766.21,	2.3200
766.83,	2.3300
767.44,	2.3300
768.06,	2.3300
768.67,	2.3300
769.29,	2.3300
769.90,	2.3300
770.52,	2.3400
771.14,	2.3400
771.75,	2.3400
772.37,	2.3400
772.98,	2.3400
773.59,	2.3400
774.21,	2.3400
774.82,	2.3500
775.44,	2.3500
776.05,	2.3500
776.67,	2.3600
777.28,	2.3600
777.90,	2.3600
778.51,	2.3600
779.13,	2.3500
779.74,	2.3500
780.36,	2.3500
780.97,	2.3500
781.58,	2.3500
782.20,	2.3500
782.81,	2.3500
783.43,	2.3500
784.04,	2.3500
784.66,	2.3400
785.27,	2.3400
785.88,	2.3400
786.50,	2.3400
787.11,	2.3400
787.73,	2.3400
788.34,	2.3400
788.95,	2.3400
789.57,	2.3400
790.18,	2.3400
790.79,	2.3400
791.41,	2.3400
792.02,	2.3400
792.63,	2.3400
793.25,	2.3300
793.86,	2.3300
794.47,	2.3300
795.09,	2.3300
795.70,	2.3300
796.31,	2.3300
796.93,	2.3300
797.54,	2.3300
798.15,	2.3300
798.77,	2.3300
799.38,	2.3300
799.99,	2.3300
800.61,	2.3300
801.22,	2.3300
801.83,	2.3300
802.44,	2.3200
803.06,	2.3300
803.67,	2.3200
804.28,	2.3200
804.90,	2.3200
805.51,	2.3200
806.12,	2.3200
806.73,	2.3200
807.34,	2.3200
807.96,	2.3300
808.57,	2.3300
809.18,	2.3200
809.79,	2.3200
810.41,	2.3300
811.02,	2.3300
811.63,	2.3300
812.24,	2.3400
812.85,	2.3300
813.47,	2.3300
814.08,	2.3300
814.69,	2.3300
815.30,	2.3300
815.91,	2.3300
816.53,	2.3300
817.14,	2.3300
817.75,	2.3400
818.36,	2.3400
818.97,	2.3500
819.58,	2.3400
820.20,	2.3400
820.81,	2.3400
821.42,	2.3400
822.03,	2.3400
822.64,	2.3400
823.25,	2.3400
823.86,	2.3400
824.47,	2.3300
825.09,	2.3200
825.70,	2.3100
826.31,	2.3100
826.92,	2.3100
827.53,	2.3100
828.14,	2.3100
828.75,	2.3000
829.36,	2.3100
829.97,	2.3100
830.58,	2.3000
831.19,	2.3000
831.80,	2.3100
832.42,	2.3000
833.03,	2.3000
833.64,	2.3000
834.25,	2.3000
834.86,	2.3000
835.47,	2.3000
836.08,	2.3000
836.69,	2.3000
837.30,	2.3000
837.91,	2.3000
838.52,	2.3000
839.13,	2.3000
839.74,	2.3000
840.35,	2.3000
840.96,	2.3000
841.57,	2.2900
842.18,	2.2900
842.79,	2.2900
843.40,	2.2900
844.01,	2.3000
844.62,	2.3000
845.23,	2.3000
845.84,	2.3000
846.45,	2.3000
847.06,	2.3000
847.67,	2.3000
848.27,	2.3000
848.88,	2.3000
849.49,	2.3000
850.10,	2.3100
850.71,	2.3100
851.32,	2.3100
851.93,	2.3100
852.54,	2.3100
853.15,	2.3100
853.76,	2.3200
854.37,	2.3100
854.98,	2.3200
855.58,	2.3200
856.19,	2.3100
856.80,	2.3200
857.41,	2.3200
858.02,	2.3200
858.63,	2.3200
859.24,	2.3100
859.85,	2.3200
860.45,	2.3200
861.06,	2.3100
861.67,	2.3100
862.28,	2.3100
862.89,	2.3100
863.50,	2.3200
864.10,	2.3200
864.71,	2.3100
865.32,	2.3100
865.93,	2.3100
866.54,	2.3100
867.14,	2.3100
867.75,	2.3100
868.36,	2.3100
868.97,	2.3100
869.58,	2.3100
870.18,	2.3100
870.79,	2.3100
871.40,	2.3100
872.01,	2.3100
872.61,	2.3100
873.22,	2.3100
873.83,	2.3200
874.44,	2.3100
875.04,	2.3000
875.65,	2.3100
876.26,	2.3000
876.87,	2.2900
877.47,	2.2900
878.08,	2.2900
878.69,	2.2900
879.29,	2.2900
879.90,	2.2900
880.51,	2.2900
881.12,	2.2900
881.72,	2.2900
882.33,	2.2800
882.94,	2.2900
883.54,	2.2900
884.15,	2.2900
884.76,	2.2900
885.36,	2.2800
885.97,	2.2900
886.58,	2.2800
887.18,	2.2800
887.79,	2.2800
888.40,	2.2800
889.00,	2.2800
889.61,	2.2800
890.22,	2.2800
890.82,	2.2800
891.43,	2.2900
892.03,	2.2900
892.64,	2.2900
893.25,	2.2900
893.85,	2.2900
894.46,	2.2900
895.06,	2.2900
895.67,	2.2900
896.28,	2.2900
896.88,	2.2900
897.49,	2.2800
898.09,	2.2800
898.70,	2.2900
899.30,	2.2800
899.91,	2.2800
900.52,	2.2800
901.12,	2.2800
901.73,	2.2800
902.33,	2.2800
902.94,	2.2800
903.54,	2.2800
904.15,	2.2800
904.75,	2.2800
905.36,	2.2800
905.96,	2.2800
906.57,	2.2900
907.17,	2.2900
907.78,	2.2800
908.38,	2.2900
908.99,	2.2900
909.59,	2.2900
910.20,	2.2900
910.80,	2.2900
911.41,	2.2900
912.01,	2.2900
912.62,	2.2900
913.22,	2.2900
913.83,	2.2900
914.43,	2.3000
915.03,	2.2900
915.64,	2.3000
916.24,	2.2900
916.85,	2.3000
917.45,	2.2900
918.06,	2.2900
918.66,	2.2900
919.26,	2.2900
919.87,	2.2900
920.47,	2.2900
921.08,	2.2900
921.68,	2.2900
922.28,	2.2900
922.89,	2.2900
923.49,	2.2900
924.10,	2.2900
924.70,	2.2900
925.30,	2.2900
925.91,	2.2800
926.51,	2.2900
927.11,	2.2900
927.72,	2.2800
928.32,	2.2800
928.92,	2.2800
929.53,	2.2800
930.13,	2.2800
930.74,	2.2800
931.34,	2.2800
931.94,	2.2800
932.54,	2.2900
933.15,	2.2900
933.75,	2.2800
934.35,	2.5200
934.96,	5.3300
935.56,	12.3300
936.16,	16.7000
936.77,	18.3300
937.37,	19.5400
937.97,	20.6100
938.57,	21.5800
939.18,	22.4700
939.78,	23.2900
940.38,	24.0400
940.98,	24.7400
941.59,	25.3800
942.19,	25.9800
942.79,	26.5300
943.39,	27.0500
944.00,	27.4900
944.60,	27.8300
945.20,	28.1000
945.80,	28.3500
946.40,	29.8900
947.01,	35.5000
947.61,	35.5000
948.21,	35.5000
948.81,	35.5000
949.41,	35.5000
950.02,	35.5000
950.62,	35.5000
951.22,	35.5000
951.82,	35.5000
952.42,	35.5000
953.02,	35.5000
953.63,	35.5000
954.23,	35.5000
954.83,	35.5000
955.43,	35.5000
956.03,	35.5000
956.63,	35.5000
957.24,	35.5000
957.84,	35.5000
958.44,	35.5000
959.04,	35.5000
959.64,	35.5000
960.24,	35.5000
960.84,	35.5000
961.44,	35.5000
962.04,	35.5000
962.64,	35.5000
963.25,	35.5000
963.85,	35.5000
964.45,	35.5000
965.05,	35.5000
965.65,	35.5000
966.25,	35.5000
966.85,	35.5000
967.45,	35.5000
968.05,	35.5000
968.65,	35.5000
969.25,	35.5000
969.85,	35.5000
970.45,	35.5000
971.05,	35.5000
971.65,	35.5000
972.25,	35.5000
972.85,	35.5000
973.45,	35.5000
974.05,	35.5000
974.65,	35.5000
975.25,	35.5000
975.85,	35.5000
976.45,	35.5000
977.05,	35.5000
977.65,	-2.5200
978.25,	-2.5200
978.85,	-2.5200
979.45,	-2.5200
980.05,	-2.5200
980.65,	-2.5200
981.25,	-2.5200
981.85,	-2.5200
982.45,	-2.5200
983.05,	-2.5200
983.65,	-2.5200
984.25,	-2.5200
984.85,	-2.5200
985.45,	-2.5200
986.04,	-2.5200
986.64,	-2.5200
987.24,	-2.5200
987.84,	-2.5200
988.44,	-2.5200
989.04,	-2.5200
989.64,	-2.5200
990.24,	-2.5200
990.84,	-2.5200
991.44,	-2.5200
992.03,	-2.5200
992.63,	-2.5200
993.23,	-2.5200
993.83,	-2.5200
994.43,	-2.5200
995.03,	-2.5200
995.63,	-2.5200
996.22,	-2.5200
996.82,	-2.5200
997.42,	-2.5200
998.02,	-2.5200
998.62,	-2.5200
999.21,	-2.5200
999.81,	-2.5200
1000.41,	-2.5200
