Call Sign = ZSDA,	Ship Name = SA Agulhas,	Lloyds Num = 0
Date = 02/05/2017,	Time = 02:36,	
Latitude = 38 57.44  S,	Longitude = 012 31.19  E
Instr = Sippican Deep Blue,	Card Type = Sippican MK-21,	
Wind Instr = ,	Measur Method = 
Probe Serial Num = -1,	Ship Dir = -1,	Ship Speed = -1.00
Wind Dir = 181,	Wind Speed = 25.30
Dry Bulb Temp = 11.60,	Total Water Depth = -1.00

Full Resolution Values
Depth,	 Temp
0.67,	17.3900
1.34,	17.5400
2.01,	17.5600
2.68,	17.5700
3.34,	17.5800
4.01,	17.5700
4.68,	17.5700
5.35,	17.5800
6.02,	17.5800
6.69,	17.5800
7.36,	17.5700
8.03,	17.5700
8.69,	17.5700
9.36,	17.5700
10.03,	17.5700
10.70,	17.5700
11.37,	17.5700
12.04,	17.5700
12.70,	17.5700
13.37,	17.5700
14.04,	17.5700
14.71,	17.5700
15.38,	17.5700
16.05,	17.5800
16.71,	17.5800
17.38,	17.5800
18.05,	17.5800
18.72,	17.5800
19.38,	17.5700
20.05,	17.5700
20.72,	17.5800
21.39,	17.5800
22.06,	17.5800
22.72,	17.5700
23.39,	17.5700
24.06,	17.5800
24.73,	17.5900
25.39,	17.5800
26.06,	17.5800
26.73,	17.5800
27.40,	17.5800
28.06,	17.5800
28.73,	17.5800
29.40,	17.5800
30.06,	17.5800
30.73,	17.5900
31.40,	17.5800
32.06,	17.5900
32.73,	17.5800
33.40,	17.5800
34.07,	17.5700
34.73,	17.5800
35.40,	17.5900
36.07,	17.5800
36.73,	17.5800
37.40,	17.5800
38.07,	17.5800
38.73,	17.5800
39.40,	17.5800
40.06,	17.5900
40.73,	17.5900
41.40,	17.5900
42.06,	17.5900
42.73,	17.5900
43.40,	17.5900
44.06,	17.6000
44.73,	17.5900
45.39,	17.6000
46.06,	17.6000
46.73,	17.5900
47.39,	17.5900
48.06,	17.6000
48.72,	17.5900
49.39,	17.6000
50.06,	17.6000
50.72,	17.6000
51.39,	17.5900
52.05,	17.5900
52.72,	17.5900
53.38,	17.6000
54.05,	17.6000
54.71,	17.5900
55.38,	17.5900
56.05,	17.6000
56.71,	17.6000
57.38,	17.6000
58.04,	17.5900
58.71,	17.5900
59.37,	17.5900
60.04,	17.5900
60.70,	17.5900
61.37,	17.5900
62.03,	17.5900
62.70,	17.5900
63.36,	17.5800
64.03,	17.5600
64.69,	17.5500
65.36,	17.5000
66.02,	17.3900
66.69,	17.2800
67.35,	17.1700
68.01,	17.1000
68.68,	17.0200
69.34,	16.9000
70.01,	16.7900
70.67,	16.6600
71.34,	16.5700
72.00,	16.4800
72.66,	16.3800
73.33,	16.3300
73.99,	16.2900
74.66,	16.2700
75.32,	16.2500
75.98,	16.2200
76.65,	16.1900
77.31,	16.1600
77.98,	16.1200
78.64,	16.0800
79.30,	16.0600
79.97,	16.0300
80.63,	16.0100
81.30,	15.9800
81.96,	15.9500
82.62,	15.9100
83.29,	15.8800
83.95,	15.8600
84.61,	15.8400
85.28,	15.8200
85.94,	15.8200
86.60,	15.8100
87.27,	15.7800
87.93,	15.7700
88.59,	15.7600
89.26,	15.7600
89.92,	15.7300
90.58,	15.6700
91.24,	15.4300
91.91,	15.1100
92.57,	14.9300
93.23,	14.8400
93.90,	14.7700
94.56,	14.7300
95.22,	14.7000
95.88,	14.6800
96.55,	14.6400
97.21,	14.5600
97.87,	14.4900
98.53,	14.4300
99.20,	14.3900
99.86,	14.3400
100.52,	14.3000
101.18,	14.2800
101.85,	14.2800
102.51,	14.2800
103.17,	14.2700
103.83,	14.2600
104.49,	14.2500
105.16,	14.2300
105.82,	14.2100
106.48,	14.1900
107.14,	14.1800
107.80,	14.1700
108.47,	14.1600
109.13,	14.1500
109.79,	14.1500
110.45,	14.1500
111.11,	14.1300
111.77,	14.1000
112.44,	14.0500
113.10,	14.0300
113.76,	14.0300
114.42,	14.0400
115.08,	14.0400
115.74,	14.0400
116.40,	14.0400
117.06,	14.0400
117.73,	14.0400
118.39,	14.0300
119.05,	14.0500
119.71,	14.1400
120.37,	14.2700
121.03,	14.3700
121.69,	14.4000
122.35,	14.4000
123.01,	14.4000
123.67,	14.3900
124.33,	14.3800
125.00,	14.3700
125.66,	14.3500
126.32,	14.3200
126.98,	14.3000
127.64,	14.2600
128.30,	14.2100
128.96,	14.1700
129.62,	14.1500
130.28,	14.1000
130.94,	14.0600
131.60,	14.0100
132.26,	13.9800
132.92,	13.9700
133.58,	13.9700
134.24,	13.9700
134.90,	13.9700
135.56,	13.9500
136.22,	13.8800
136.88,	13.7700
137.54,	13.6900
138.20,	13.6300
138.86,	13.6100
139.52,	13.6200
140.18,	13.6200
140.84,	13.6200
141.50,	13.6200
142.16,	13.5800
142.82,	13.5400
143.48,	13.5000
144.14,	13.4500
144.79,	13.3700
145.45,	13.3400
146.11,	13.3300
146.77,	13.3300
147.43,	13.3000
148.09,	13.2500
148.75,	13.1900
149.41,	13.1500
150.07,	13.1100
150.73,	13.0900
151.39,	13.0800
152.04,	13.0800
152.70,	13.0800
153.36,	13.0700
154.02,	13.0600
154.68,	13.0300
155.34,	12.9900
156.00,	12.9500
156.65,	12.9000
157.31,	12.8500
157.97,	12.8100
158.63,	12.7700
159.29,	12.7400
159.95,	12.7300
160.60,	12.7100
161.26,	12.7000
161.92,	12.6900
162.58,	12.6700
163.24,	12.6600
163.90,	12.6400
164.55,	12.6100
165.21,	12.5900
165.87,	12.5900
166.53,	12.6000
167.18,	12.6700
167.84,	12.6900
168.50,	12.6900
169.16,	12.7000
169.82,	12.7000
170.47,	12.6800
171.13,	12.6700
171.79,	12.6900
172.44,	12.7100
173.10,	12.7600
173.76,	12.8300
174.42,	12.9200
175.07,	12.9800
175.73,	13.0200
176.39,	13.0600
177.05,	13.0900
177.70,	13.1000
178.36,	13.1100
179.02,	13.1200
179.67,	13.1100
180.33,	13.1200
180.99,	13.1400
181.64,	13.1300
182.30,	13.1300
182.96,	13.1300
183.61,	13.1200
184.27,	13.1100
184.93,	13.1000
185.58,	13.1000
186.24,	13.1000
186.90,	13.1000
187.55,	13.1000
188.21,	13.0900
188.87,	13.0900
189.52,	13.0800
190.18,	13.0800
190.83,	13.0800
191.49,	13.0700
192.15,	13.0600
192.80,	13.0400
193.46,	13.0400
194.11,	13.0300
194.77,	13.0200
195.43,	13.0200
196.08,	13.0100
196.74,	13.0100
197.39,	13.0100
198.05,	13.0100
198.70,	13.0100
199.36,	13.0100
200.02,	13.0100
200.67,	13.0100
201.33,	13.0000
201.98,	13.0000
202.64,	13.0000
203.29,	12.9900
203.95,	12.9900
204.60,	12.9800
205.26,	12.9700
205.91,	12.9600
206.57,	12.9500
207.22,	12.9300
207.88,	12.9100
208.53,	12.9100
209.19,	12.9000
209.84,	12.9000
210.50,	12.8900
211.15,	12.8700
211.81,	12.8600
212.46,	12.8400
213.12,	12.8200
213.77,	12.8200
214.43,	12.8200
215.08,	12.8200
215.74,	12.8200
216.39,	12.8200
217.04,	12.8100
217.70,	12.8000
218.35,	12.8000
219.01,	12.8000
219.66,	12.7800
220.32,	12.7800
220.97,	12.7800
221.62,	12.7700
222.28,	12.7700
222.93,	12.7700
223.59,	12.7600
224.24,	12.7400
224.89,	12.7400
225.55,	12.7300
226.20,	12.7200
226.85,	12.7200
227.51,	12.7300
228.16,	12.7300
228.81,	12.7200
229.47,	12.7200
230.12,	12.7100
230.78,	12.7100
231.43,	12.7000
232.08,	12.6900
232.74,	12.6900
233.39,	12.6800
234.04,	12.6700
234.69,	12.6700
235.35,	12.6600
236.00,	12.6400
236.65,	12.6200
237.31,	12.6000
237.96,	12.5800
238.61,	12.5700
239.27,	12.5600
239.92,	12.5400
240.57,	12.5400
241.22,	12.5200
241.88,	12.5100
242.53,	12.5000
243.18,	12.4800
243.83,	12.4600
244.49,	12.4400
245.14,	12.4300
245.79,	12.4100
246.44,	12.3800
247.10,	12.3500
247.75,	12.3300
248.40,	12.3100
249.05,	12.3100
249.70,	12.3100
250.36,	12.3000
251.01,	12.2800
251.66,	12.2700
252.31,	12.2500
252.96,	12.2400
253.62,	12.2300
254.27,	12.2300
254.92,	12.2200
255.57,	12.2100
256.22,	12.2100
256.88,	12.2000
257.53,	12.1900
258.18,	12.1800
258.83,	12.1700
259.48,	12.1700
260.13,	12.1600
260.78,	12.1500
261.44,	12.1400
262.09,	12.1400
262.74,	12.1400
263.39,	12.1400
264.04,	12.1300
264.69,	12.1200
265.34,	12.1000
265.99,	12.0800
266.64,	12.0600
267.29,	12.0400
267.95,	12.0300
268.60,	12.0300
269.25,	12.0200
269.90,	12.0200
270.55,	12.0200
271.20,	12.0200
271.85,	12.0100
272.50,	12.0000
273.15,	11.9900
273.80,	11.9800
274.45,	11.9700
275.10,	11.9500
275.75,	11.9200
276.40,	11.9100
277.05,	11.8900
277.70,	11.8800
278.35,	11.8600
279.00,	11.8500
279.65,	11.8400
280.30,	11.8300
280.95,	11.8300
281.60,	11.8100
282.25,	11.7800
282.90,	11.7700
283.55,	11.7500
284.20,	11.7200
284.85,	11.7000
285.50,	11.6700
286.15,	11.6500
286.80,	11.6400
287.45,	11.6400
288.10,	11.6300
288.75,	11.6100
289.40,	11.5600
290.05,	11.5300
290.70,	11.5100
291.35,	11.5000
292.00,	11.4900
292.64,	11.4900
293.29,	11.4900
293.94,	11.4800
294.59,	11.4700
295.24,	11.4700
295.89,	11.4700
296.54,	11.4600
297.19,	11.4300
297.84,	11.4100
298.49,	11.4100
299.13,	11.4000
299.78,	11.4000
300.43,	11.3900
301.08,	11.3900
301.73,	11.3900
302.38,	11.4000
303.02,	11.4100
303.67,	11.4200
304.32,	11.4200
304.97,	11.4200
305.62,	11.4100
306.27,	11.4100
306.91,	11.4100
307.56,	11.4100
308.21,	11.4100
308.86,	11.4000
309.51,	11.4000
310.15,	11.4000
310.80,	11.3600
311.45,	11.3000
312.10,	11.2600
312.75,	11.2500
313.39,	11.2500
314.04,	11.2700
314.69,	11.2900
315.34,	11.2900
315.98,	11.2900
316.63,	11.2900
317.28,	11.2800
317.93,	11.2600
318.57,	11.2500
319.22,	11.2500
319.87,	11.2600
320.52,	11.2700
321.16,	11.2800
321.81,	11.3000
322.46,	11.3100
323.10,	11.3200
323.75,	11.3200
324.40,	11.3100
325.04,	11.3100
325.69,	11.3200
326.34,	11.3200
326.99,	11.3100
327.63,	11.3000
328.28,	11.2800
328.93,	11.2300
329.57,	11.2000
330.22,	11.2000
330.86,	11.1900
331.51,	11.2000
332.16,	11.2100
332.80,	11.2200
333.45,	11.2300
334.10,	11.2400
334.74,	11.2200
335.39,	11.1900
336.03,	11.1600
336.68,	11.1600
337.33,	11.1500
337.97,	11.1400
338.62,	11.1200
339.26,	11.0900
339.91,	11.0500
340.56,	11.0000
341.20,	10.9700
341.85,	10.9300
342.49,	10.9100
343.14,	10.9100
343.78,	10.9100
344.43,	10.9200
345.08,	10.9200
345.72,	10.9200
346.37,	10.9200
347.01,	10.9200
347.66,	10.9100
348.30,	10.9000
348.95,	10.8800
349.59,	10.8700
350.24,	10.8500
350.88,	10.8400
351.53,	10.8500
352.17,	10.8800
352.82,	10.9200
353.46,	10.9300
354.11,	10.9300
354.75,	10.9200
355.40,	10.9200
356.04,	10.9200
356.69,	10.9100
357.33,	10.9000
357.98,	10.8900
358.62,	10.8900
359.27,	10.8800
359.91,	10.8800
360.55,	10.8700
361.20,	10.8600
361.84,	10.8500
362.49,	10.8400
363.13,	10.8400
363.78,	10.8300
364.42,	10.8300
365.06,	10.8100
365.71,	10.7900
366.35,	10.7800
367.00,	10.7800
367.64,	10.7700
368.28,	10.7600
368.93,	10.7500
369.57,	10.7300
370.22,	10.7000
370.86,	10.6700
371.50,	10.6300
372.15,	10.5900
372.79,	10.5500
373.43,	10.5300
374.08,	10.5100
374.72,	10.4900
375.36,	10.4700
376.01,	10.4500
376.65,	10.4500
377.29,	10.4600
377.94,	10.4700
378.58,	10.4800
379.22,	10.5000
379.87,	10.5200
380.51,	10.5300
381.15,	10.5400
381.79,	10.5400
382.44,	10.5300
383.08,	10.5200
383.72,	10.5200
384.37,	10.4900
385.01,	10.4600
385.65,	10.4300
386.29,	10.4100
386.94,	10.3900
387.58,	10.3800
388.22,	10.3800
388.86,	10.3800
389.51,	10.3800
390.15,	10.3700
390.79,	10.3600
391.43,	10.3500
392.08,	10.3400
392.72,	10.3300
393.36,	10.3200
394.00,	10.3100
394.64,	10.3000
395.29,	10.3000
395.93,	10.3100
396.57,	10.3200
397.21,	10.3300
397.85,	10.3300
398.50,	10.3000
399.14,	10.2900
399.78,	10.2800
400.42,	10.2600
401.06,	10.2400
401.70,	10.2400
402.34,	10.2300
402.99,	10.2200
403.63,	10.2000
404.27,	10.1800
404.91,	10.1700
405.55,	10.1700
406.19,	10.1700
406.83,	10.1600
407.48,	10.1500
408.12,	10.1500
408.76,	10.1400
409.40,	10.1300
410.04,	10.1100
410.68,	10.1000
411.32,	10.0800
411.96,	10.0600
412.60,	10.0300
413.24,	10.0200
413.88,	10.0100
414.52,	10.0100
415.17,	10.0000
415.81,	9.9800
416.45,	9.9700
417.09,	9.9600
417.73,	9.9700
418.37,	10.0000
419.01,	10.0100
419.65,	10.0000
420.29,	9.9700
420.93,	9.9300
421.57,	9.9100
422.21,	9.9100
422.85,	9.9100
423.49,	9.9200
424.13,	9.9200
424.77,	9.9300
425.41,	9.9200
426.05,	9.9000
426.69,	9.8800
427.33,	9.8600
427.97,	9.8500
428.61,	9.8400
429.25,	9.8400
429.89,	9.8300
430.53,	9.8400
431.17,	9.8300
431.80,	9.8300
432.44,	9.8200
433.08,	9.8200
433.72,	9.8200
434.36,	9.8100
435.00,	9.8000
435.64,	9.7900
436.28,	9.7800
436.92,	9.7600
437.56,	9.7400
438.20,	9.7300
438.84,	9.7100
439.47,	9.7000
440.11,	9.6900
440.75,	9.6800
441.39,	9.6500
442.03,	9.6200
442.67,	9.5800
443.31,	9.5700
443.95,	9.5600
444.58,	9.5500
445.22,	9.5400
445.86,	9.5500
446.50,	9.5400
447.14,	9.5300
447.78,	9.5200
448.41,	9.5100
449.05,	9.4800
449.69,	9.4500
450.33,	9.4400
450.97,	9.4200
451.60,	9.4200
452.24,	9.4100
452.88,	9.4100
453.52,	9.4200
454.16,	9.4200
454.79,	9.4200
455.43,	9.4200
456.07,	9.4100
456.71,	9.4100
457.35,	9.4200
457.98,	9.4000
458.62,	9.3600
459.26,	9.3300
459.90,	9.3000
460.53,	9.2800
461.17,	9.2700
461.81,	9.2700
462.44,	9.2800
463.08,	9.2800
463.72,	9.2800
464.36,	9.2800
464.99,	9.2800
465.63,	9.2900
466.27,	9.3000
466.90,	9.3000
467.54,	9.3100
468.18,	9.3100
468.81,	9.3100
469.45,	9.3000
470.09,	9.2700
470.72,	9.2400
471.36,	9.2300
472.00,	9.2200
472.63,	9.2200
473.27,	9.2200
473.91,	9.2100
474.54,	9.2100
475.18,	9.2100
475.82,	9.2100
476.45,	9.2000
477.09,	9.1800
477.73,	9.1800
478.36,	9.1800
479.00,	9.1600
479.63,	9.1500
480.27,	9.1500
480.91,	9.1400
481.54,	9.1500
482.18,	9.1400
482.81,	9.1400
483.45,	9.1400
484.08,	9.1300
484.72,	9.1100
485.36,	9.1000
485.99,	9.0900
486.63,	9.0800
487.26,	9.0700
487.90,	9.0600
488.53,	9.0300
489.17,	9.0100
489.80,	9.0000
490.44,	8.9600
491.07,	8.9200
491.71,	8.9000
492.34,	8.8900
492.98,	8.8800
493.62,	8.8700
494.25,	8.8700
494.89,	8.8600
495.52,	8.8500
496.15,	8.8400
496.79,	8.8400
497.42,	8.8300
498.06,	8.8200
498.69,	8.8100
499.33,	8.8100
499.96,	8.8000
500.60,	8.7900
501.23,	8.7800
501.87,	8.7700
502.50,	8.7600
503.14,	8.7500
503.77,	8.7300
504.40,	8.7300
505.04,	8.7200
505.67,	8.7200
506.31,	8.7200
506.94,	8.7200
507.57,	8.7100
508.21,	8.6900
508.84,	8.6600
509.48,	8.6400
510.11,	8.6200
510.74,	8.6200
511.38,	8.6200
512.01,	8.6100
512.65,	8.5900
513.28,	8.5600
513.91,	8.5400
514.55,	8.5300
515.18,	8.5300
515.81,	8.5200
516.45,	8.5100
517.08,	8.5000
517.71,	8.5000
518.35,	8.4900
518.98,	8.4600
519.61,	8.4300
520.25,	8.4200
520.88,	8.4200
521.51,	8.4200
522.15,	8.4200
522.78,	8.4100
523.41,	8.4000
524.04,	8.3800
524.68,	8.3500
525.31,	8.3400
525.94,	8.3200
526.58,	8.3000
527.21,	8.2900
527.84,	8.3000
528.47,	8.2800
529.11,	8.2500
529.74,	8.2300
530.37,	8.2200
531.00,	8.2200
531.64,	8.2200
532.27,	8.2100
532.90,	8.1900
533.53,	8.1700
534.17,	8.1300
534.80,	8.1000
535.43,	8.0900
536.06,	8.1000
536.69,	8.1000
537.33,	8.0800
537.96,	8.0600
538.59,	8.0500
539.22,	8.0400
539.85,	8.0300
540.48,	8.0200
541.12,	8.0100
541.75,	7.9900
542.38,	7.9600
543.01,	7.9500
543.64,	7.9400
544.27,	7.9400
544.91,	7.9400
545.54,	7.9400
546.17,	7.9400
546.80,	7.9400
547.43,	7.9400
548.06,	7.9400
548.69,	7.9400
549.32,	7.9200
549.95,	7.9100
550.59,	7.9000
551.22,	7.8900
551.85,	7.8800
552.48,	7.8600
553.11,	7.8500
553.74,	7.8400
554.37,	7.8400
555.00,	7.8300
555.63,	7.8200
556.26,	7.8200
556.89,	7.8200
557.52,	7.8200
558.15,	7.8100
558.78,	7.8100
559.42,	7.8100
560.05,	7.8100
560.68,	7.8100
561.31,	7.8100
561.94,	7.8000
562.57,	7.8000
563.20,	7.8000
563.83,	7.8000
564.46,	7.7800
565.09,	7.7500
565.72,	7.7200
566.35,	7.7100
566.98,	7.7100
567.61,	7.7100
568.24,	7.7000
568.87,	7.7000
569.50,	7.7000
570.12,	7.7000
570.75,	7.7000
571.38,	7.6900
572.01,	7.6900
572.64,	7.6900
573.27,	7.6900
573.90,	7.6900
574.53,	7.6800
575.16,	7.6800
575.79,	7.6800
576.42,	7.6800
577.05,	7.6800
577.68,	7.6600
578.31,	7.6600
578.93,	7.6500
579.56,	7.6600
580.19,	7.6600
580.82,	7.6600
581.45,	7.6600
582.08,	7.6500
582.71,	7.6500
583.34,	7.6500
583.97,	7.6200
584.59,	7.6100
585.22,	7.5900
585.85,	7.5700
586.48,	7.5700
587.11,	7.5600
587.74,	7.5500
588.36,	7.5400
588.99,	7.5400
589.62,	7.5300
590.25,	7.5300
590.88,	7.5200
591.50,	7.5200
592.13,	7.5100
592.76,	7.4900
593.39,	7.4800
594.02,	7.4600
594.64,	7.4500
595.27,	7.4200
595.90,	7.4100
596.53,	7.4000
597.16,	7.3700
597.78,	7.3500
598.41,	7.3300
599.04,	7.3200
599.67,	7.3200
600.29,	7.3200
600.92,	7.3100
601.55,	7.3000
602.18,	7.2800
602.80,	7.2700
603.43,	7.2600
604.06,	7.2400
604.68,	7.2200
605.31,	7.2000
605.94,	7.1800
606.57,	7.1800
607.19,	7.1700
607.82,	7.1700
608.45,	7.1600
609.07,	7.1600
609.70,	7.1500
610.33,	7.1400
610.95,	7.1400
611.58,	7.1300
612.21,	7.1300
612.83,	7.1300
613.46,	7.1300
614.09,	7.1200
614.71,	7.1100
615.34,	7.1100
615.97,	7.1000
616.59,	7.1000
617.22,	7.1000
617.84,	7.0900
618.47,	7.0900
619.10,	7.0800
619.72,	7.0700
620.35,	7.0600
620.97,	7.0500
621.60,	7.0500
622.23,	7.0500
622.85,	7.0500
623.48,	7.0500
624.10,	7.0500
624.73,	7.0500
625.35,	7.0400
625.98,	7.0300
626.61,	7.0200
627.23,	7.0100
627.86,	7.0000
628.48,	6.9900
629.11,	6.9900
629.73,	6.9800
630.36,	6.9600
630.98,	6.9500
631.61,	6.9200
632.23,	6.8700
632.86,	6.8500
633.48,	6.8200
634.11,	6.8000
634.73,	6.7800
635.36,	6.7600
635.98,	6.7600
636.61,	6.7500
637.23,	6.7500
637.86,	6.7400
638.48,	6.7300
639.11,	6.7300
639.73,	6.7400
640.36,	6.7400
640.98,	6.7500
641.61,	6.7500
642.23,	6.7500
642.85,	6.7600
643.48,	6.7500
644.10,	6.7500
644.73,	6.7600
645.35,	6.7600
645.98,	6.7600
646.60,	6.7600
647.22,	6.7300
647.85,	6.6800
648.47,	6.6700
649.10,	6.6600
649.72,	6.6600
650.34,	6.6500
650.97,	6.6300
651.59,	6.6100
652.22,	6.6100
652.84,	6.6100
653.46,	6.6000
654.09,	6.5800
654.71,	6.5800
655.33,	6.5700
655.96,	6.5600
656.58,	6.5500
657.20,	6.5500
657.83,	6.5500
658.45,	6.5400
659.07,	6.5300
659.70,	6.5200
660.32,	6.5000
660.94,	6.5000
661.57,	6.4900
662.19,	6.4800
662.81,	6.4700
663.43,	6.4500
664.06,	6.4500
664.68,	6.4400
665.30,	6.4400
665.93,	6.4300
666.55,	6.4300
667.17,	6.4400
667.79,	6.4300
668.42,	6.4200
669.04,	6.4200
669.66,	6.4200
670.28,	6.4200
670.91,	6.4200
671.53,	6.4100
672.15,	6.3900
672.77,	6.3900
673.39,	6.3800
674.02,	6.3900
674.64,	6.4000
675.26,	6.4000
675.88,	6.4000
676.50,	6.4100
677.13,	6.4200
677.75,	6.4300
678.37,	6.4300
678.99,	6.4300
679.61,	6.4200
680.24,	6.4100
680.86,	6.4000
681.48,	6.3900
682.10,	6.3900
682.72,	6.3800
683.34,	6.3800
683.96,	6.3800
684.59,	6.3800
685.21,	6.3800
685.83,	6.3800
686.45,	6.3800
687.07,	6.3800
687.69,	6.3700
688.31,	6.3700
688.93,	6.3700
689.56,	6.3700
690.18,	6.3700
690.80,	6.3700
691.42,	6.3700
692.04,	6.3600
692.66,	6.3500
693.28,	6.3200
693.90,	6.3000
694.52,	6.2700
695.14,	6.2600
695.76,	6.2400
696.38,	6.2100
697.00,	6.1800
697.62,	6.1600
698.25,	6.1400
698.87,	6.1400
699.49,	6.1300
700.11,	6.1300
700.73,	6.1200
701.35,	6.1000
701.97,	6.0900
702.59,	6.0800
703.21,	6.0800
703.83,	6.0800
704.45,	6.0800
705.07,	6.0800
705.69,	6.0800
706.31,	6.0700
706.93,	6.0700
707.55,	6.0600
708.17,	6.0600
708.79,	6.0500
709.40,	6.0400
710.02,	6.0300
710.64,	6.0100
711.26,	5.9800
711.88,	5.9500
712.50,	5.9300
713.12,	5.9200
713.74,	5.9100
714.36,	5.9000
714.98,	5.9000
715.60,	5.9000
716.22,	5.9000
716.84,	5.9000
717.45,	5.9100
718.07,	5.9100
718.69,	5.9000
719.31,	5.9000
719.93,	5.9000
720.55,	5.9000
721.17,	5.9000
721.79,	5.9000
722.41,	5.9000
723.02,	5.9000
723.64,	5.9100
724.26,	5.9100
724.88,	5.8900
725.50,	5.8600
726.12,	5.8500
726.73,	5.8500
727.35,	5.8600
727.97,	5.8400
728.59,	5.8200
729.21,	5.8000
729.83,	5.7800
730.44,	5.7600
731.06,	5.7500
731.68,	5.7400
732.30,	5.7300
732.92,	5.7200
733.53,	5.7100
734.15,	5.7100
734.77,	5.7200
735.39,	5.7100
736.00,	5.6900
736.62,	5.6600
737.24,	5.6400
737.86,	5.6200
738.47,	5.6000
739.09,	5.5900
739.71,	5.5800
740.33,	5.5700
740.94,	5.5700
741.56,	5.5700
742.18,	5.5700
742.79,	5.5600
743.41,	5.5500
744.03,	5.5500
744.65,	5.5500
745.26,	5.5600
745.88,	5.5600
746.50,	5.5500
747.11,	5.5500
747.73,	5.5500
748.35,	5.5500
748.96,	5.5400
749.58,	5.5400
750.20,	5.5400
750.81,	5.5400
751.43,	5.5400
752.05,	5.5400
752.66,	5.5500
753.28,	5.5500
753.90,	5.5500
754.51,	5.5500
755.13,	5.5600
755.74,	5.5500
756.36,	5.5500
756.98,	5.5300
757.59,	5.5200
758.21,	5.5100
758.82,	5.5000
759.44,	5.5100
760.06,	5.5300
760.67,	5.5600
761.29,	5.5600
761.90,	5.5600
762.52,	5.5600
763.14,	5.5600
763.75,	5.5700
764.37,	5.5800
764.98,	5.5900
765.60,	5.6100
766.21,	5.6500
766.83,	5.6700
767.44,	5.6900
768.06,	5.6900
768.67,	5.6800
769.29,	5.6700
769.90,	5.6700
770.52,	5.6600
771.14,	5.6500
771.75,	5.6300
772.37,	5.5700
772.98,	5.5200
773.59,	5.4700
774.21,	5.4300
774.82,	5.4100
775.44,	5.3900
776.05,	5.3700
776.67,	5.3500
777.28,	5.3500
777.90,	5.3700
778.51,	5.4100
779.13,	5.4400
779.74,	5.4700
780.36,	5.4700
780.97,	5.4700
781.58,	5.4700
782.20,	5.4800
782.81,	5.4800
783.43,	5.4900
784.04,	5.4900
784.66,	5.4900
785.27,	5.5100
785.88,	5.5200
786.50,	5.5200
787.11,	5.5300
787.73,	5.5300
788.34,	5.5200
788.95,	5.5100
789.57,	5.5000
790.18,	5.5000
790.79,	5.5100
791.41,	5.5200
792.02,	5.5400
792.63,	5.5600
793.25,	5.5700
793.86,	5.5800
794.47,	5.5800
795.09,	5.6000
795.70,	5.6200
796.31,	5.6200
796.93,	5.6300
797.54,	5.6300
798.15,	5.6300
798.77,	5.6200
799.38,	5.6000
799.99,	5.5600
800.61,	5.5100
801.22,	5.4700
801.83,	5.4500
802.44,	5.4500
803.06,	5.4400
803.67,	5.4400
804.28,	5.4300
804.90,	5.4300
805.51,	5.4300
806.12,	5.4300
806.73,	5.4200
807.34,	5.4200
807.96,	5.4100
808.57,	5.4100
809.18,	5.4000
809.79,	5.4000
810.41,	5.3900
811.02,	5.3900
811.63,	5.3900
812.24,	5.3800
812.85,	5.3700
813.47,	5.3500
814.08,	5.3400
814.69,	5.3300
815.30,	5.3100
815.91,	5.3100
816.53,	5.3200
817.14,	5.3700
817.75,	5.4000
818.36,	5.4100
818.97,	5.4100
819.58,	5.4000
820.20,	5.3900
820.81,	5.3700
821.42,	5.3700
822.03,	5.3900
822.64,	5.4100
823.25,	5.4200
823.86,	5.4100
824.47,	5.4000
825.09,	5.3900
825.70,	5.3900
826.31,	5.3700
826.92,	5.3500
827.53,	5.3200
828.14,	5.3100
828.75,	5.3000
829.36,	5.3000
829.97,	5.3000
830.58,	5.3100
831.19,	5.3200
831.80,	5.3300
832.42,	5.3300
833.03,	5.3300
833.64,	5.3200
834.25,	5.3100
834.86,	5.3100
835.47,	5.3100
836.08,	5.3100
836.69,	5.3100
837.30,	5.3100
837.91,	5.3100
838.52,	5.3100
839.13,	5.3100
839.74,	5.3000
840.35,	5.2900
840.96,	5.2800
841.57,	5.2700
842.18,	5.2500
842.79,	5.2400
843.40,	5.2400
844.01,	5.2300
844.62,	5.2200
845.23,	5.2100
845.84,	5.2000
846.45,	5.1900
847.06,	5.1800
847.67,	5.1800
848.27,	5.1800
848.88,	5.1700
849.49,	5.1600
850.10,	5.1400
850.71,	5.1300
851.32,	5.1100
851.93,	5.1000
852.54,	5.0900
853.15,	5.0900
853.76,	5.0800
854.37,	5.0600
854.98,	5.0500
855.58,	5.0500
856.19,	5.0400
856.80,	5.0400
857.41,	5.0400
858.02,	5.0300
858.63,	5.0300
859.24,	5.0300
859.85,	5.0300
860.45,	5.0400
861.06,	5.0400
861.67,	5.0300
862.28,	5.0400
862.89,	5.0400
863.50,	5.0400
864.10,	5.0400
864.71,	5.0400
865.32,	5.0300
865.93,	5.0200
866.54,	5.0100
867.14,	5.0000
867.75,	4.9800
868.36,	4.9700
868.97,	4.9600
869.58,	4.9400
870.18,	4.9300
870.79,	4.8900
871.40,	4.8600
872.01,	4.8400
872.61,	4.8300
873.22,	4.8300
873.83,	4.8300
874.44,	4.8200
875.04,	4.8200
875.65,	4.8100
876.26,	4.8100
876.87,	4.8100
877.47,	4.8100
878.08,	4.8200
878.69,	4.8400
879.29,	4.8500
879.90,	4.8700
880.51,	4.8700
881.12,	4.8500
881.72,	4.8400
882.33,	4.8300
882.94,	4.8200
883.54,	4.8100
884.15,	4.8100
884.76,	4.8000
885.36,	4.8000
885.97,	4.8000
886.58,	4.7900
887.18,	4.7900
887.79,	4.8000
888.40,	4.8000
889.00,	4.8000
889.61,	4.8000
890.22,	4.8000
890.82,	4.8000
891.43,	4.8000
892.03,	4.8000
892.64,	4.8000
893.25,	4.8000
893.85,	4.8000
894.46,	4.7900
895.06,	4.7800
895.67,	4.7700
896.28,	4.7400
896.88,	4.6900
897.49,	4.6700
898.09,	4.6700
898.70,	4.6600
899.30,	4.6500
899.91,	4.6400
900.52,	4.6400
901.12,	4.6500
901.73,	4.6600
902.33,	4.6800
902.94,	4.7200
903.54,	4.7400
904.15,	4.7600
904.75,	4.7700
905.36,	4.7900
905.96,	4.8000
906.57,	4.8100
907.17,	4.8100
907.78,	4.8000
908.38,	4.8000
908.99,	4.7900
909.59,	4.7900
910.20,	4.7800
910.80,	4.7600
911.41,	4.7600
912.01,	4.7500
912.62,	4.7500
913.22,	4.7500
913.83,	4.7400
914.43,	4.7400
915.03,	4.7500
915.64,	4.7500
916.24,	4.7600
916.85,	4.7600
917.45,	4.7600
918.06,	4.7600
918.66,	4.7600
919.26,	4.7700
919.87,	4.7700
920.47,	4.7700
921.08,	4.7700
921.68,	4.7700
922.28,	4.7700
922.89,	4.7700
923.49,	4.7700
924.10,	4.7600
924.70,	4.7600
925.30,	4.7600
925.91,	4.7500
926.51,	4.7500
927.11,	4.7600
927.72,	4.7600
928.32,	4.7600
928.92,	4.7500
929.53,	4.7500
930.13,	4.7500
930.74,	4.8600
931.34,	6.7200
931.94,	12.0100
932.54,	15.5100
933.15,	16.8200
933.75,	17.6800
934.35,	18.3700
934.96,	18.9400
935.56,	19.4200
936.16,	19.8400
936.77,	20.2100
937.37,	20.5300
937.97,	21.1500
938.57,	35.5000
939.18,	35.5000
939.78,	35.5000
940.38,	35.5000
940.98,	35.5000
941.59,	35.5000
942.19,	35.5000
942.79,	35.5000
943.39,	35.5000
944.00,	35.5000
944.60,	35.5000
945.20,	35.5000
945.80,	35.5000
946.40,	35.5000
947.01,	35.5000
947.61,	35.5000
948.21,	35.5000
948.81,	35.5000
949.41,	35.5000
950.02,	35.5000
950.62,	35.5000
951.22,	35.5000
951.82,	35.5000
952.42,	35.5000
953.02,	35.5000
953.63,	35.5000
954.23,	35.5000
954.83,	35.5000
955.43,	35.5000
956.03,	35.5000
956.63,	35.5000
957.24,	35.5000
957.84,	35.5000
958.44,	35.5000
959.04,	35.5000
959.64,	35.5000
960.24,	35.5000
960.84,	35.5000
961.44,	35.5000
962.04,	35.5000
962.64,	35.5000
963.25,	35.5000
963.85,	35.5000
964.45,	35.5000
965.05,	35.5000
965.65,	35.5000
966.25,	35.5000
966.85,	35.5000
967.45,	35.5000
968.05,	35.5000
968.65,	35.5000
969.25,	35.5000
969.85,	35.5000
970.45,	35.5000
971.05,	35.5000
971.65,	35.5000
972.25,	35.5000
972.85,	35.5000
973.45,	35.5000
974.05,	35.5000
974.65,	35.5000
975.25,	35.5000
975.85,	35.5000
976.45,	35.5000
977.05,	35.5000
977.65,	35.5000
978.25,	35.5000
978.85,	35.5000
979.45,	35.5000
980.05,	35.5000
980.65,	35.5000
981.25,	35.5000
981.85,	35.5000
982.45,	35.5000
983.05,	35.5000
983.65,	35.5000
984.25,	35.5000
984.85,	35.5000
985.45,	35.5000
986.04,	35.5000
986.64,	35.5000
987.24,	35.5000
987.84,	35.5000
988.44,	35.5000
989.04,	35.5000
989.64,	35.5000
990.24,	35.5000
990.84,	35.5000
991.44,	35.5000
992.03,	35.5000
992.63,	35.5000
993.23,	35.5000
993.83,	35.5000
994.43,	35.5000
995.03,	35.5000
995.63,	35.5000
996.22,	35.5000
996.82,	35.5000
997.42,	35.5000
998.02,	35.5000
998.62,	35.5000
999.21,	35.5000
999.81,	35.5000
1000.41,	35.5000
