Call Sign = ZSDA,	Ship Name = SA Agulhas,	Lloyds Num = 0
Date = 02/03/2017,	Time = 12:34,	
Latitude = 41 42.74  S,	Longitude = 009 34.26  E
Instr = Sippican Deep Blue,	Card Type = Sippican MK-21,	
Wind Instr = ,	Measur Method = 
Probe Serial Num = -1,	Ship Dir = -1,	Ship Speed = -1.00
Wind Dir = 260,	Wind Speed = 31.10
Dry Bulb Temp = 12.40,	Total Water Depth = -1.00

Full Resolution Values
Depth,	 Temp
0.67,	13.6700
1.34,	13.6000
2.01,	13.5400
2.68,	13.5100
3.34,	13.5300
4.01,	13.5500
4.68,	13.5600
5.35,	13.5700
6.02,	13.5600
6.69,	13.5600
7.36,	13.5500
8.03,	13.5600
8.69,	13.5600
9.36,	13.5600
10.03,	13.5500
10.70,	13.5500
11.37,	13.5600
12.04,	13.5600
12.70,	13.5600
13.37,	13.5600
14.04,	13.5500
14.71,	13.5600
15.38,	13.5500
16.05,	13.5400
16.71,	13.5500
17.38,	13.5500
18.05,	13.5500
18.72,	13.5500
19.38,	13.5400
20.05,	13.5400
20.72,	13.5400
21.39,	13.5300
22.06,	13.5400
22.72,	13.5500
23.39,	13.5400
24.06,	13.5400
24.73,	13.5400
25.39,	13.5400
26.06,	13.5400
26.73,	13.5300
27.40,	13.5200
28.06,	13.5300
28.73,	13.5200
29.40,	13.5100
30.06,	13.5000
30.73,	13.4700
31.40,	13.3600
32.06,	12.9300
32.73,	12.3600
33.40,	11.8800
34.07,	11.6200
34.73,	11.5200
35.40,	11.4900
36.07,	11.4700
36.73,	11.4500
37.40,	11.4300
38.07,	11.4200
38.73,	11.4100
39.40,	11.4000
40.06,	11.3900
40.73,	11.3800
41.40,	11.3600
42.06,	11.3600
42.73,	11.3600
43.40,	11.3500
44.06,	11.3500
44.73,	11.3400
45.39,	11.3400
46.06,	11.3300
46.73,	11.3200
47.39,	11.3000
48.06,	11.2800
48.72,	11.2800
49.39,	11.2700
50.06,	11.2600
50.72,	11.2600
51.39,	11.2600
52.05,	11.2600
52.72,	11.2800
53.38,	11.3200
54.05,	11.3500
54.71,	11.3800
55.38,	11.3300
56.05,	11.2200
56.71,	11.0900
57.38,	10.9900
58.04,	10.8900
58.71,	10.7800
59.37,	10.6200
60.04,	10.4900
60.70,	10.4000
61.37,	10.3500
62.03,	10.3200
62.70,	10.3300
63.36,	10.3500
64.03,	10.3800
64.69,	10.3800
65.36,	10.3700
66.02,	10.4100
66.69,	10.5000
67.35,	10.5400
68.01,	10.5700
68.68,	10.6400
69.34,	10.7300
70.01,	10.7900
70.67,	10.8400
71.34,	10.9500
72.00,	11.0800
72.66,	11.1700
73.33,	11.2000
73.99,	11.2700
74.66,	11.4300
75.32,	11.5500
75.98,	11.6000
76.65,	11.6200
77.31,	11.6400
77.98,	11.6400
78.64,	11.6000
79.30,	11.5300
79.97,	11.4200
80.63,	11.3000
81.30,	11.1800
81.96,	11.1200
82.62,	11.0900
83.29,	11.0900
83.95,	11.0600
84.61,	10.9300
85.28,	10.8100
85.94,	10.7300
86.60,	10.7300
87.27,	10.7600
87.93,	10.7900
88.59,	10.8200
89.26,	10.8600
89.92,	10.8500
90.58,	10.8400
91.24,	10.8300
91.91,	10.8300
92.57,	10.8200
93.23,	10.8200
93.90,	10.8200
94.56,	10.7400
95.22,	10.5200
95.88,	10.2800
96.55,	10.1300
97.21,	10.0600
97.87,	10.0100
98.53,	9.9600
99.20,	9.9600
99.86,	10.0000
100.52,	10.0200
101.18,	10.0100
101.85,	9.9200
102.51,	9.8600
103.17,	9.8400
103.83,	9.8300
104.49,	9.8200
105.16,	9.8200
105.82,	9.8300
106.48,	9.8600
107.14,	9.8600
107.80,	9.8600
108.47,	9.8200
109.13,	9.7800
109.79,	9.7200
110.45,	9.6100
111.11,	9.5200
111.77,	9.4900
112.44,	9.5200
113.10,	9.5400
113.76,	9.5400
114.42,	9.5300
115.08,	9.5100
115.74,	9.5000
116.40,	9.5200
117.06,	9.5600
117.73,	9.5800
118.39,	9.6100
119.05,	9.6300
119.71,	9.6400
120.37,	9.6400
121.03,	9.6200
121.69,	9.5900
122.35,	9.5600
123.01,	9.5500
123.67,	9.5400
124.33,	9.5400
125.00,	9.5200
125.66,	9.4900
126.32,	9.4700
126.98,	9.4600
127.64,	9.4600
128.30,	9.4500
128.96,	9.4500
129.62,	9.4500
130.28,	9.4600
130.94,	9.4500
131.60,	9.4500
132.26,	9.4500
132.92,	9.4500
133.58,	9.4500
134.24,	9.4400
134.90,	9.4200
135.56,	9.4100
136.22,	9.3900
136.88,	9.3800
137.54,	9.3700
138.20,	9.3700
138.86,	9.3700
139.52,	9.3700
140.18,	9.3700
140.84,	9.3700
141.50,	9.3700
142.16,	9.3600
142.82,	9.3500
143.48,	9.3500
144.14,	9.3400
144.79,	9.3400
145.45,	9.3400
146.11,	9.3400
146.77,	9.3400
147.43,	9.3400
148.09,	9.3400
148.75,	9.3300
149.41,	9.3300
150.07,	9.3300
150.73,	9.3300
151.39,	9.3200
152.04,	9.3100
152.70,	9.3000
153.36,	9.3000
154.02,	9.3000
154.68,	9.2900
155.34,	9.3000
156.00,	9.3000
156.65,	9.3000
157.31,	9.3000
157.97,	9.3000
158.63,	9.2900
159.29,	9.2800
159.95,	9.2700
160.60,	9.2600
161.26,	9.2400
161.92,	9.2300
162.58,	9.2300
163.24,	9.2300
163.90,	9.2400
164.55,	9.2300
165.21,	9.2300
165.87,	9.2300
166.53,	9.2300
167.18,	9.2300
167.84,	9.2300
168.50,	9.2300
169.16,	9.2300
169.82,	9.2400
170.47,	9.2300
171.13,	9.2300
171.79,	9.2100
172.44,	9.2000
173.10,	9.1900
173.76,	9.1800
174.42,	9.1700
175.07,	9.1700
175.73,	9.1600
176.39,	9.1500
177.05,	9.1400
177.70,	9.1300
178.36,	9.1200
179.02,	9.1000
179.67,	9.0900
180.33,	9.0800
180.99,	9.0800
181.64,	9.0700
182.30,	9.0700
182.96,	9.0700
183.61,	9.0700
184.27,	9.0500
184.93,	9.0500
185.58,	9.0400
186.24,	9.0400
186.90,	9.0500
187.55,	9.0400
188.21,	9.0300
188.87,	9.0300
189.52,	9.0200
190.18,	9.0200
190.83,	9.0200
191.49,	9.0100
192.15,	9.0100
192.80,	9.0200
193.46,	9.0200
194.11,	9.0200
194.77,	9.0200
195.43,	9.0000
196.08,	8.9800
196.74,	8.9600
197.39,	8.9400
198.05,	8.9300
198.70,	8.9200
199.36,	8.9100
200.02,	8.9000
200.67,	8.8900
201.33,	8.8900
201.98,	8.8900
202.64,	8.8700
203.29,	8.8600
203.95,	8.8500
204.60,	8.8500
205.26,	8.8500
205.91,	8.8500
206.57,	8.8500
207.22,	8.8500
207.88,	8.8500
208.53,	8.8500
209.19,	8.8500
209.84,	8.8500
210.50,	8.8400
211.15,	8.8400
211.81,	8.8300
212.46,	8.8100
213.12,	8.8000
213.77,	8.7900
214.43,	8.7800
215.08,	8.7700
215.74,	8.7700
216.39,	8.7600
217.04,	8.7600
217.70,	8.7600
218.35,	8.7600
219.01,	8.7500
219.66,	8.7300
220.32,	8.7000
220.97,	8.6600
221.62,	8.6400
222.28,	8.6300
222.93,	8.6200
223.59,	8.6100
224.24,	8.5900
224.89,	8.5700
225.55,	8.5500
226.20,	8.5200
226.85,	8.5100
227.51,	8.4900
228.16,	8.4800
228.81,	8.4800
229.47,	8.4900
230.12,	8.4900
230.78,	8.5000
231.43,	8.5300
232.08,	8.5500
232.74,	8.5600
233.39,	8.5700
234.04,	8.5800
234.69,	8.5700
235.35,	8.5600
236.00,	8.5500
236.65,	8.5300
237.31,	8.5200
237.96,	8.4800
238.61,	8.4500
239.27,	8.4000
239.92,	8.3600
240.57,	8.3300
241.22,	8.2900
241.88,	8.2600
242.53,	8.2400
243.18,	8.2200
243.83,	8.2000
244.49,	8.1700
245.14,	8.1400
245.79,	8.1200
246.44,	8.0900
247.10,	8.0600
247.75,	8.0300
248.40,	8.0000
249.05,	7.9700
249.70,	7.9500
250.36,	7.9300
251.01,	7.9100
251.66,	7.9000
252.31,	7.8900
252.96,	7.8900
253.62,	7.8800
254.27,	7.8700
254.92,	7.8800
255.57,	7.8700
256.22,	7.8700
256.88,	7.8700
257.53,	7.8700
258.18,	7.8700
258.83,	7.8600
259.48,	7.8400
260.13,	7.8300
260.78,	7.8200
261.44,	7.8200
262.09,	7.8200
262.74,	7.8200
263.39,	7.8200
264.04,	7.8200
264.69,	7.8300
265.34,	7.8300
265.99,	7.8300
266.64,	7.8300
267.29,	7.8300
267.95,	7.8400
268.60,	7.8500
269.25,	7.8700
269.90,	7.8900
270.55,	7.9200
271.20,	7.9300
271.85,	7.9300
272.50,	7.9300
273.15,	7.9700
273.80,	8.0300
274.45,	8.0700
275.10,	8.1000
275.75,	8.1400
276.40,	8.2000
277.05,	8.2300
277.70,	8.2400
278.35,	8.2500
279.00,	8.2500
279.65,	8.2500
280.30,	8.2600
280.95,	8.2700
281.60,	8.3000
282.25,	8.3100
282.90,	8.3200
283.55,	8.3100
284.20,	8.2900
284.85,	8.2800
285.50,	8.2800
286.15,	8.2800
286.80,	8.2800
287.45,	8.2600
288.10,	8.2400
288.75,	8.2300
289.40,	8.2200
290.05,	8.2000
290.70,	8.1800
291.35,	8.1600
292.00,	8.1400
292.64,	8.1200
293.29,	8.1000
293.94,	8.0700
294.59,	8.0600
295.24,	8.0500
295.89,	8.0400
296.54,	8.0200
297.19,	7.9800
297.84,	7.9500
298.49,	7.9300
299.13,	7.9200
299.78,	7.9100
300.43,	7.9000
301.08,	7.8900
301.73,	7.8800
302.38,	7.8800
303.02,	7.8700
303.67,	7.8700
304.32,	7.8600
304.97,	7.8500
305.62,	7.8400
306.27,	7.8100
306.91,	7.7800
307.56,	7.7600
308.21,	7.7500
308.86,	7.7400
309.51,	7.7300
310.15,	7.7300
310.80,	7.7200
311.45,	7.7200
312.10,	7.7200
312.75,	7.7100
313.39,	7.7000
314.04,	7.6800
314.69,	7.6700
315.34,	7.6600
315.98,	7.6400
316.63,	7.6100
317.28,	7.6000
317.93,	7.5900
318.57,	7.5800
319.22,	7.5700
319.87,	7.5600
320.52,	7.5600
321.16,	7.5600
321.81,	7.5500
322.46,	7.5600
323.10,	7.5500
323.75,	7.5500
324.40,	7.5400
325.04,	7.5400
325.69,	7.5300
326.34,	7.5300
326.99,	7.5300
327.63,	7.5300
328.28,	7.5300
328.93,	7.5300
329.57,	7.5200
330.22,	7.5200
330.86,	7.5200
331.51,	7.5100
332.16,	7.5100
332.80,	7.5100
333.45,	7.5000
334.10,	7.4900
334.74,	7.4700
335.39,	7.4500
336.03,	7.4300
336.68,	7.4200
337.33,	7.3800
337.97,	7.3500
338.62,	7.3300
339.26,	7.3100
339.91,	7.2800
340.56,	7.2400
341.20,	7.2100
341.85,	7.2000
342.49,	7.1900
343.14,	7.1800
343.78,	7.1900
344.43,	7.1800
345.08,	7.1900
345.72,	7.2000
346.37,	7.2000
347.01,	7.2000
347.66,	7.1900
348.30,	7.1800
348.95,	7.1700
349.59,	7.1600
350.24,	7.1300
350.88,	7.1200
351.53,	7.0900
352.17,	7.0500
352.82,	7.0200
353.46,	7.0000
354.11,	6.9800
354.75,	6.9600
355.40,	6.9400
356.04,	6.9200
356.69,	6.9100
357.33,	6.9100
357.98,	6.9000
358.62,	6.9000
359.27,	6.8900
359.91,	6.8800
360.55,	6.8700
361.20,	6.8700
361.84,	6.8600
362.49,	6.8500
363.13,	6.8500
363.78,	6.8400
364.42,	6.8300
365.06,	6.8100
365.71,	6.8000
366.35,	6.8000
367.00,	6.7900
367.64,	6.8000
368.28,	6.8100
368.93,	6.8100
369.57,	6.8200
370.22,	6.8300
370.86,	6.8400
371.50,	6.8500
372.15,	6.8600
372.79,	6.8700
373.43,	6.8700
374.08,	6.8700
374.72,	6.8600
375.36,	6.8600
376.01,	6.8700
376.65,	6.8700
377.29,	6.8700
377.94,	6.8700
378.58,	6.8700
379.22,	6.8700
379.87,	6.8700
380.51,	6.8700
381.15,	6.8700
381.79,	6.8700
382.44,	6.8700
383.08,	6.8800
383.72,	6.8800
384.37,	6.8700
385.01,	6.8700
385.65,	6.8700
386.29,	6.8700
386.94,	6.8800
387.58,	6.8800
388.22,	6.8800
388.86,	6.8700
389.51,	6.8800
390.15,	6.8800
390.79,	6.8800
391.43,	6.8900
392.08,	6.9000
392.72,	6.9000
393.36,	6.9000
394.00,	6.9000
394.64,	6.9000
395.29,	6.8900
395.93,	6.8800
396.57,	6.8900
397.21,	6.8800
397.85,	6.8700
398.50,	6.8700
399.14,	6.8400
399.78,	6.7600
400.42,	6.6500
401.06,	6.5900
401.70,	6.5700
402.34,	6.5500
402.99,	6.5500
403.63,	6.5500
404.27,	6.5500
404.91,	6.5500
405.55,	6.5500
406.19,	6.5400
406.83,	6.5200
407.48,	6.4900
408.12,	6.4700
408.76,	6.4600
409.40,	6.4600
410.04,	6.4500
410.68,	6.4300
411.32,	6.4200
411.96,	6.3900
412.60,	6.3600
413.24,	6.3200
413.88,	6.2500
414.52,	6.1700
415.17,	6.1200
415.81,	6.0900
416.45,	6.0700
417.09,	6.0600
417.73,	6.0500
418.37,	6.0500
419.01,	6.0500
419.65,	6.0400
420.29,	6.0300
420.93,	6.0200
421.57,	6.0100
422.21,	5.9800
422.85,	5.9600
423.49,	5.9300
424.13,	5.9300
424.77,	5.9300
425.41,	5.9200
426.05,	5.9100
426.69,	5.9100
427.33,	5.9100
427.97,	5.9100
428.61,	5.9000
429.25,	5.9000
429.89,	5.9000
430.53,	5.9000
431.17,	5.8900
431.80,	5.8900
432.44,	5.8900
433.08,	5.8900
433.72,	5.8900
434.36,	5.8900
435.00,	5.8800
435.64,	5.8800
436.28,	5.8800
436.92,	5.8800
437.56,	5.8700
438.20,	5.8600
438.84,	5.8100
439.47,	5.7400
440.11,	5.6700
440.75,	5.6200
441.39,	5.5800
442.03,	5.5500
442.67,	5.5200
443.31,	5.4900
443.95,	5.4700
444.58,	5.4500
445.22,	5.4500
445.86,	5.4400
446.50,	5.4300
447.14,	5.4300
447.78,	5.4200
448.41,	5.4200
449.05,	5.4100
449.69,	5.4000
450.33,	5.4000
450.97,	5.4000
451.60,	5.4000
452.24,	5.3900
452.88,	5.4000
453.52,	5.3900
454.16,	5.3900
454.79,	5.3900
455.43,	5.3900
456.07,	5.3900
456.71,	5.3900
457.35,	5.3800
457.98,	5.3800
458.62,	5.3700
459.26,	5.3700
459.90,	5.3500
460.53,	5.3400
461.17,	5.3300
461.81,	5.3300
462.44,	5.3300
463.08,	5.3300
463.72,	5.3300
464.36,	5.3300
464.99,	5.3300
465.63,	5.3300
466.27,	5.3300
466.90,	5.3300
467.54,	5.3300
468.18,	5.3300
468.81,	5.3200
469.45,	5.3100
470.09,	5.2600
470.72,	5.2200
471.36,	5.2000
472.00,	5.1900
472.63,	5.1900
473.27,	5.2000
473.91,	5.2000
474.54,	5.2000
475.18,	5.2000
475.82,	5.1900
476.45,	5.1900
477.09,	5.1800
477.73,	5.1800
478.36,	5.1700
479.00,	5.1600
479.63,	5.1600
480.27,	5.1600
480.91,	5.1600
481.54,	5.1600
482.18,	5.1500
482.81,	5.1400
483.45,	5.1200
484.08,	5.1100
484.72,	5.1000
485.36,	5.1000
485.99,	5.1100
486.63,	5.1100
487.26,	5.1100
487.90,	5.1000
488.53,	5.0700
489.17,	5.0500
489.80,	5.0500
490.44,	5.0400
491.07,	5.0400
491.71,	5.0300
492.34,	5.0300
492.98,	5.0200
493.62,	5.0200
494.25,	5.0200
494.89,	5.0200
495.52,	5.0100
496.15,	5.0100
496.79,	5.0100
497.42,	5.0100
498.06,	5.0100
498.69,	5.0100
499.33,	5.0100
499.96,	5.0100
500.60,	5.0000
501.23,	5.0000
501.87,	4.9900
502.50,	4.9900
503.14,	4.9800
503.77,	4.9700
504.40,	4.9600
505.04,	4.9400
505.67,	4.9300
506.31,	4.9100
506.94,	4.8900
507.57,	4.8800
508.21,	4.8800
508.84,	4.8700
509.48,	4.8700
510.11,	4.8600
510.74,	4.8600
511.38,	4.8500
512.01,	4.8500
512.65,	4.8500
513.28,	4.8400
513.91,	4.8200
514.55,	4.8000
515.18,	4.7700
515.81,	4.7500
516.45,	4.7300
517.08,	4.7000
517.71,	4.6900
518.35,	4.6900
518.98,	4.6900
519.61,	4.6800
520.25,	4.6800
520.88,	4.6800
521.51,	4.6800
522.15,	4.6800
522.78,	4.6800
523.41,	4.6800
524.04,	4.6800
524.68,	4.6800
525.31,	4.6700
525.94,	4.6600
526.58,	4.6500
527.21,	4.6400
527.84,	4.6300
528.47,	4.6300
529.11,	4.6200
529.74,	4.6300
530.37,	4.6200
531.00,	4.6100
531.64,	4.6000
532.27,	4.5800
532.90,	4.5600
533.53,	4.5500
534.17,	4.5500
534.80,	4.5600
535.43,	4.5600
536.06,	4.5600
536.69,	4.5600
537.33,	4.5600
537.96,	4.5600
538.59,	4.5600
539.22,	4.5600
539.85,	4.5700
540.48,	4.5700
541.12,	4.5700
541.75,	4.5700
542.38,	4.5700
543.01,	4.5600
543.64,	4.5600
544.27,	4.5500
544.91,	4.5500
545.54,	4.5500
546.17,	4.5500
546.80,	4.5400
547.43,	4.5400
548.06,	4.5400
548.69,	4.5400
549.32,	4.5400
549.95,	4.5400
550.59,	4.5400
551.22,	4.5400
551.85,	4.5400
552.48,	4.5400
553.11,	4.5300
553.74,	4.5300
554.37,	4.5300
555.00,	4.5300
555.63,	4.5200
556.26,	4.5100
556.89,	4.5000
557.52,	4.4900
558.15,	4.4800
558.78,	4.4700
559.42,	4.4600
560.05,	4.4500
560.68,	4.4400
561.31,	4.4400
561.94,	4.4300
562.57,	4.4300
563.20,	4.4200
563.83,	4.4100
564.46,	4.4000
565.09,	4.4000
565.72,	4.4000
566.35,	4.4000
566.98,	4.4000
567.61,	4.3900
568.24,	4.4000
568.87,	4.4000
569.50,	4.4000
570.12,	4.3900
570.75,	4.3900
571.38,	4.4000
572.01,	4.4000
572.64,	4.4000
573.27,	4.4000
573.90,	4.4000
574.53,	4.3900
575.16,	4.4000
575.79,	4.3900
576.42,	4.3900
577.05,	4.3800
577.68,	4.3700
578.31,	4.3600
578.93,	4.3600
579.56,	4.3600
580.19,	4.3700
580.82,	4.3800
581.45,	4.3800
582.08,	4.3800
582.71,	4.3900
583.34,	4.3900
583.97,	4.3900
584.59,	4.3900
585.22,	4.3900
585.85,	4.4000
586.48,	4.4000
587.11,	4.4100
587.74,	4.4100
588.36,	4.4000
588.99,	4.4000
589.62,	4.3900
590.25,	4.3900
590.88,	4.3900
591.50,	4.3900
592.13,	4.3800
592.76,	4.3700
593.39,	4.3600
594.02,	4.3600
594.64,	4.3500
595.27,	4.3500
595.90,	4.3500
596.53,	4.3400
597.16,	4.3400
597.78,	4.3400
598.41,	4.3300
599.04,	4.3300
599.67,	4.3200
600.29,	4.3200
600.92,	4.3100
601.55,	4.3100
602.18,	4.3000
602.80,	4.2900
603.43,	4.2900
604.06,	4.2900
604.68,	4.2800
605.31,	4.2800
605.94,	4.2800
606.57,	4.2700
607.19,	4.2700
607.82,	4.2700
608.45,	4.2700
609.07,	4.2700
609.70,	4.2700
610.33,	4.2600
610.95,	4.2700
611.58,	4.2700
612.21,	4.2600
612.83,	4.2600
613.46,	4.2500
614.09,	4.2500
614.71,	4.2400
615.34,	4.2400
615.97,	4.2400
616.59,	4.2300
617.22,	4.2300
617.84,	4.2200
618.47,	4.2200
619.10,	4.2200
619.72,	4.2200
620.35,	4.2100
620.97,	4.2100
621.60,	4.2100
622.23,	4.2100
622.85,	4.2100
623.48,	4.2000
624.10,	4.2000
624.73,	4.2000
625.35,	4.2000
625.98,	4.1900
626.61,	4.1900
627.23,	4.1900
627.86,	4.1900
628.48,	4.1800
629.11,	4.1800
629.73,	4.1700
630.36,	4.1700
630.98,	4.1600
631.61,	4.1600
632.23,	4.1500
632.86,	4.1400
633.48,	4.1400
634.11,	4.1400
634.73,	4.1400
635.36,	4.1400
635.98,	4.1400
636.61,	4.1400
637.23,	4.1500
637.86,	4.1500
638.48,	4.1500
639.11,	4.1500
639.73,	4.1400
640.36,	4.1400
640.98,	4.1400
641.61,	4.1300
642.23,	4.1300
642.85,	4.1300
643.48,	4.1200
644.10,	4.1300
644.73,	4.1300
645.35,	4.1300
645.98,	4.1300
646.60,	4.1200
647.22,	4.1100
647.85,	4.0900
648.47,	4.0800
649.10,	4.0700
649.72,	4.0700
650.34,	4.0700
650.97,	4.0700
651.59,	4.0700
652.22,	4.0700
652.84,	4.0700
653.46,	4.0700
654.09,	4.0800
654.71,	4.0800
655.33,	4.0800
655.96,	4.0800
656.58,	4.0800
657.20,	4.0700
657.83,	4.0600
658.45,	4.0500
659.07,	4.0500
659.70,	4.0600
660.32,	4.0600
660.94,	4.0600
661.57,	4.0600
662.19,	4.0600
662.81,	4.0600
663.43,	4.0700
664.06,	4.0600
664.68,	4.0600
665.30,	4.0500
665.93,	4.0400
666.55,	4.0400
667.17,	4.0300
667.79,	4.0200
668.42,	4.0200
669.04,	4.0200
669.66,	4.0300
670.28,	4.0300
670.91,	4.0400
671.53,	4.0400
672.15,	4.0400
672.77,	4.0300
673.39,	4.0300
674.02,	4.0300
674.64,	4.0300
675.26,	4.0300
675.88,	4.0300
676.50,	4.0100
677.13,	3.9900
677.75,	3.9800
678.37,	3.9800
678.99,	3.9800
679.61,	3.9800
680.24,	3.9800
680.86,	3.9800
681.48,	3.9700
682.10,	3.9600
682.72,	3.9600
683.34,	3.9600
683.96,	3.9600
684.59,	3.9600
685.21,	3.9600
685.83,	3.9500
686.45,	3.9400
687.07,	3.9200
687.69,	3.9000
688.31,	3.9000
688.93,	3.8900
689.56,	3.8900
690.18,	3.8900
690.80,	3.8900
691.42,	3.8900
692.04,	3.8900
692.66,	3.8900
693.28,	3.8800
693.90,	3.8800
694.52,	3.8700
695.14,	3.8600
695.76,	3.8500
696.38,	3.8600
697.00,	3.8600
697.62,	3.8600
698.25,	3.8600
698.87,	3.8600
699.49,	3.8400
700.11,	3.8300
700.73,	3.8200
701.35,	3.8000
701.97,	3.7900
702.59,	3.7900
703.21,	3.7900
703.83,	3.7800
704.45,	3.7800
705.07,	3.7800
705.69,	3.7800
706.31,	3.7800
706.93,	3.7800
707.55,	3.7800
708.17,	3.7800
708.79,	3.7800
709.40,	3.7800
710.02,	3.7800
710.64,	3.7800
711.26,	3.7900
711.88,	3.7800
712.50,	3.7800
713.12,	3.7800
713.74,	3.7600
714.36,	3.7500
714.98,	3.7400
715.60,	3.7300
716.22,	3.7300
716.84,	3.7300
717.45,	3.7300
718.07,	3.7300
718.69,	3.7500
719.31,	3.7600
719.93,	3.7600
720.55,	3.7600
721.17,	3.7700
721.79,	3.7700
722.41,	3.7700
723.02,	3.7700
723.64,	3.7700
724.26,	3.7800
724.88,	3.7800
725.50,	3.7900
726.12,	3.7900
726.73,	3.7900
727.35,	3.7900
727.97,	3.7900
728.59,	3.7900
729.21,	3.7800
729.83,	3.7800
730.44,	3.7700
731.06,	3.7700
731.68,	3.7700
732.30,	3.7700
732.92,	3.7800
733.53,	3.7800
734.15,	3.7800
734.77,	3.7700
735.39,	3.7800
736.00,	3.7800
736.62,	3.7900
737.24,	3.7900
737.86,	3.7900
738.47,	3.7900
739.09,	3.7900
739.71,	3.7800
740.33,	3.7800
740.94,	3.7800
741.56,	3.7800
742.18,	3.7800
742.79,	3.7800
743.41,	3.7800
744.03,	3.7800
744.65,	3.7800
745.26,	3.7800
745.88,	3.7700
746.50,	3.7700
747.11,	3.7700
747.73,	3.7700
748.35,	3.7600
748.96,	3.7500
749.58,	3.7400
750.20,	3.7300
750.81,	3.7300
751.43,	3.7400
752.05,	3.7400
752.66,	3.7300
753.28,	3.7200
753.90,	3.7100
754.51,	3.7100
755.13,	3.7000
755.74,	3.7000
756.36,	3.7000
756.98,	3.7100
757.59,	3.7100
758.21,	3.7000
758.82,	3.7000
759.44,	3.6900
760.06,	3.6800
760.67,	3.6800
761.29,	3.6800
761.90,	3.6800
762.52,	3.6800
763.14,	3.6700
763.75,	3.6600
764.37,	3.6600
764.98,	3.6500
765.60,	3.6500
766.21,	3.6500
766.83,	3.6500
767.44,	3.6400
768.06,	3.6300
768.67,	3.6300
769.29,	3.6300
769.90,	3.6200
770.52,	3.6200
771.14,	3.6300
771.75,	3.6300
772.37,	3.6200
772.98,	3.6200
773.59,	3.6300
774.21,	3.6300
774.82,	3.6200
775.44,	3.6200
776.05,	3.6200
776.67,	3.6200
777.28,	3.6300
777.90,	3.6300
778.51,	3.6300
779.13,	3.6300
779.74,	3.6200
780.36,	3.6100
780.97,	3.6000
781.58,	3.6000
782.20,	3.6000
782.81,	3.5900
783.43,	3.5700
784.04,	3.5500
784.66,	3.5500
785.27,	3.5500
785.88,	3.5500
786.50,	3.5500
787.11,	3.5500
787.73,	3.5500
788.34,	3.5400
788.95,	3.5400
789.57,	3.5400
790.18,	3.5400
790.79,	3.5400
791.41,	3.5400
792.02,	3.5400
792.63,	3.5300
793.25,	3.5400
793.86,	3.5300
794.47,	3.5300
795.09,	3.5200
795.70,	3.5200
796.31,	3.5200
796.93,	3.5200
797.54,	3.5200
798.15,	3.5200
798.77,	3.5200
799.38,	3.5200
799.99,	3.5200
800.61,	3.5200
801.22,	3.5100
801.83,	3.5100
802.44,	3.5100
803.06,	3.5100
803.67,	3.5100
804.28,	3.5100
804.90,	3.5100
805.51,	3.5100
806.12,	3.5100
806.73,	3.5100
807.34,	3.5100
807.96,	3.5100
808.57,	3.5200
809.18,	3.5200
809.79,	3.5200
810.41,	3.5200
811.02,	3.5200
811.63,	3.5200
812.24,	3.5200
812.85,	3.5200
813.47,	3.5200
814.08,	3.5200
814.69,	3.5200
815.30,	3.5200
815.91,	3.5200
816.53,	3.5300
817.14,	3.5300
817.75,	3.5300
818.36,	3.5300
818.97,	3.5200
819.58,	3.5200
820.20,	3.5200
820.81,	3.5200
821.42,	3.5200
822.03,	3.5200
822.64,	3.5100
823.25,	3.5100
823.86,	3.5100
824.47,	3.5000
825.09,	3.4900
825.70,	3.4600
826.31,	3.4400
826.92,	3.4300
827.53,	3.4300
828.14,	3.4300
828.75,	3.4200
829.36,	3.4200
829.97,	3.4200
830.58,	3.4200
831.19,	3.4200
831.80,	3.4100
832.42,	3.4100
833.03,	3.4100
833.64,	3.4000
834.25,	3.4000
834.86,	3.4000
835.47,	3.4000
836.08,	3.4000
836.69,	3.4000
837.30,	3.4000
837.91,	3.3900
838.52,	3.3900
839.13,	3.3800
839.74,	3.3700
840.35,	3.3700
840.96,	3.3600
841.57,	3.3500
842.18,	3.3400
842.79,	3.3400
843.40,	3.3400
844.01,	3.3400
844.62,	3.3400
845.23,	3.3400
845.84,	3.3400
846.45,	3.3500
847.06,	3.3500
847.67,	3.3700
848.27,	3.3600
848.88,	3.3600
849.49,	3.3700
850.10,	3.3800
850.71,	3.3900
851.32,	3.4000
851.93,	3.4000
852.54,	3.4000
853.15,	3.4100
853.76,	3.4100
854.37,	3.4100
854.98,	3.4000
855.58,	3.4000
856.19,	3.4000
856.80,	3.3900
857.41,	3.3900
858.02,	3.3900
858.63,	3.3900
859.24,	3.3900
859.85,	3.3900
860.45,	3.3800
861.06,	3.3700
861.67,	3.3600
862.28,	3.3500
862.89,	3.3300
863.50,	3.3300
864.10,	3.3200
864.71,	3.3100
865.32,	3.3100
865.93,	3.3100
866.54,	3.3100
867.14,	3.3100
867.75,	3.3100
868.36,	3.3100
868.97,	3.3000
869.58,	3.3000
870.18,	3.3100
870.79,	3.3100
871.40,	3.3000
872.01,	3.3000
872.61,	3.3000
873.22,	3.3000
873.83,	3.3000
874.44,	3.3000
875.04,	3.3000
875.65,	3.3000
876.26,	3.3000
876.87,	3.3000
877.47,	3.3000
878.08,	3.3000
878.69,	3.3000
879.29,	3.3000
879.90,	3.3000
880.51,	3.3000
881.12,	3.3000
881.72,	3.3000
882.33,	3.3000
882.94,	3.3000
883.54,	3.3000
884.15,	3.3000
884.76,	3.3000
885.36,	3.2900
885.97,	3.2900
886.58,	3.2800
887.18,	3.2800
887.79,	3.2800
888.40,	3.2800
889.00,	3.2800
889.61,	3.2800
890.22,	3.2700
890.82,	3.2700
891.43,	3.2700
892.03,	3.2700
892.64,	3.2700
893.25,	3.2700
893.85,	3.2700
894.46,	3.2700
895.06,	3.2700
895.67,	3.2600
896.28,	3.2600
896.88,	3.2600
897.49,	3.2500
898.09,	3.2500
898.70,	3.2600
899.30,	3.2600
899.91,	3.2500
900.52,	3.2600
901.12,	3.2600
901.73,	3.2600
902.33,	3.2600
902.94,	3.2600
903.54,	3.2600
904.15,	3.2700
904.75,	3.2600
905.36,	3.2600
905.96,	3.2700
906.57,	3.2700
907.17,	3.2600
907.78,	3.2700
908.38,	3.2700
908.99,	3.2700
909.59,	3.2700
910.20,	3.2700
910.80,	3.2700
911.41,	3.2700
912.01,	3.2700
912.62,	3.2700
913.22,	3.2700
913.83,	3.2700
914.43,	3.2700
915.03,	3.2700
915.64,	3.2700
916.24,	3.2600
916.85,	3.2700
917.45,	3.2600
918.06,	3.2600
918.66,	3.3200
919.26,	5.4500
919.87,	12.6400
920.47,	16.8500
921.08,	18.5700
921.68,	19.7700
922.28,	20.6800
922.89,	21.4000
923.49,	22.0100
924.10,	22.5400
924.70,	23.0000
925.30,	23.4200
925.91,	23.8200
926.51,	24.1900
927.11,	24.5300
927.72,	24.8600
928.32,	25.1800
928.92,	25.4800
929.53,	25.9000
930.13,	35.5000
930.74,	35.5000
931.34,	35.5000
931.94,	35.5000
932.54,	35.5000
933.15,	35.5000
933.75,	35.5000
934.35,	35.5000
934.96,	35.5000
935.56,	35.5000
936.16,	35.5000
936.77,	35.5000
937.37,	35.5000
937.97,	35.5000
938.57,	35.5000
939.18,	35.5000
939.78,	35.5000
940.38,	35.5000
940.98,	35.5000
941.59,	35.5000
942.19,	35.5000
942.79,	35.5000
943.39,	35.5000
944.00,	35.5000
944.60,	35.5000
945.20,	35.5000
945.80,	35.5000
946.40,	35.5000
947.01,	35.5000
947.61,	35.5000
948.21,	35.5000
948.81,	35.5000
949.41,	35.5000
950.02,	35.5000
950.62,	35.5000
951.22,	35.5000
951.82,	35.5000
952.42,	35.5000
953.02,	35.5000
953.63,	35.5000
954.23,	35.5000
954.83,	35.5000
955.43,	35.5000
956.03,	35.5000
956.63,	35.5000
957.24,	35.5000
957.84,	35.5000
958.44,	35.5000
959.04,	35.5000
959.64,	35.5000
960.24,	35.5000
960.84,	35.5000
961.44,	35.5000
962.04,	35.5000
962.64,	35.5000
963.25,	35.5000
963.85,	35.5000
964.45,	35.5000
965.05,	35.5000
965.65,	35.5000
966.25,	35.5000
966.85,	35.5000
967.45,	35.5000
968.05,	35.5000
968.65,	35.5000
969.25,	35.5000
969.85,	35.5000
970.45,	35.5000
971.05,	35.5000
971.65,	35.5000
972.25,	35.5000
972.85,	35.5000
973.45,	35.5000
974.05,	35.5000
974.65,	35.5000
975.25,	35.5000
975.85,	35.5000
976.45,	35.5000
977.05,	35.5000
977.65,	35.5000
978.25,	35.5000
978.85,	35.5000
979.45,	35.5000
980.05,	35.5000
980.65,	35.5000
981.25,	35.5000
981.85,	35.5000
982.45,	35.5000
983.05,	35.5000
983.65,	35.5000
984.25,	35.5000
984.85,	35.5000
985.45,	35.5000
986.04,	35.5000
986.64,	35.5000
987.24,	35.5000
987.84,	35.5000
988.44,	35.5000
989.04,	35.5000
989.64,	35.5000
990.24,	35.5000
990.84,	35.5000
991.44,	35.5000
992.03,	35.5000
992.63,	35.5000
993.23,	35.5000
993.83,	35.5000
994.43,	35.5000
995.03,	35.5000
995.63,	35.5000
996.22,	35.5000
996.82,	35.5000
997.42,	35.5000
998.02,	35.5000
998.62,	35.5000
999.21,	35.5000
999.81,	35.5000
1000.41,	35.5000
