Call Sign = ZSDA,	Ship Name = SA Agulhas,	Lloyds Num = 0
Date = 02/06/2017,	Time = 22:35,	
Latitude = 34 30.00  S,	Longitude = 017 14.00  E
Instr = Sippican Deep Blue,	Card Type = Sippican MK-21,	
Wind Instr = ,	Measur Method = 
Probe Serial Num = -1,	Ship Dir = -1,	Ship Speed = -1.00
Wind Dir = 199,	Wind Speed = 24.70
Dry Bulb Temp = 19.50,	Total Water Depth = -1.00

Full Resolution Values
Depth,	 Temp
0.67,	20.5900
1.34,	20.5900
2.01,	20.6000
2.68,	20.6200
3.34,	20.6200
4.01,	20.6200
4.68,	20.6200
5.35,	20.6200
6.02,	20.6200
6.69,	20.6200
7.36,	20.6100
8.03,	20.6200
8.69,	20.6200
9.36,	20.6200
10.03,	20.6100
10.70,	20.6100
11.37,	20.6200
12.04,	20.6300
12.70,	20.6200
13.37,	20.6200
14.04,	20.6200
14.71,	20.6200
15.38,	20.6200
16.05,	20.6300
16.71,	20.6200
17.38,	20.6200
18.05,	20.6300
18.72,	20.6300
19.38,	20.6300
20.05,	20.6200
20.72,	20.6200
21.39,	20.6200
22.06,	20.6200
22.72,	20.6300
23.39,	20.6200
24.06,	20.6200
24.73,	20.6200
25.39,	20.6200
26.06,	20.6200
26.73,	20.6200
27.40,	20.6200
28.06,	20.6200
28.73,	20.6200
29.40,	20.6200
30.06,	20.6300
30.73,	20.6300
31.40,	20.6300
32.06,	20.6200
32.73,	20.6200
33.40,	20.6300
34.07,	20.6300
34.73,	20.6200
35.40,	20.6100
36.07,	20.6000
36.73,	20.5900
37.40,	20.6000
38.07,	20.5700
38.73,	20.5100
39.40,	20.4200
40.06,	20.3200
40.73,	20.1600
41.40,	19.9200
42.06,	19.5500
42.73,	19.2000
43.40,	18.9300
44.06,	18.7700
44.73,	18.6600
45.39,	18.5700
46.06,	18.4900
46.73,	18.3800
47.39,	18.1900
48.06,	17.9500
48.72,	17.7400
49.39,	17.6000
50.06,	17.5300
50.72,	17.5100
51.39,	17.4700
52.05,	17.4100
52.72,	17.3100
53.38,	17.2300
54.05,	17.1300
54.71,	17.0700
55.38,	17.0500
56.05,	17.0200
56.71,	17.0000
57.38,	16.9600
58.04,	16.8900
58.71,	16.7900
59.37,	16.7200
60.04,	16.6800
60.70,	16.6400
61.37,	16.5700
62.03,	16.5000
62.70,	16.4600
63.36,	16.4400
64.03,	16.4200
64.69,	16.4100
65.36,	16.3800
66.02,	16.3500
66.69,	16.3300
67.35,	16.2900
68.01,	16.2400
68.68,	16.2200
69.34,	16.2100
70.01,	16.2000
70.67,	16.1900
71.34,	16.1800
72.00,	16.1500
72.66,	16.1200
73.33,	16.1000
73.99,	16.0900
74.66,	16.0600
75.32,	16.0200
75.98,	15.9800
76.65,	15.9300
77.31,	15.8900
77.98,	15.8600
78.64,	15.8600
79.30,	15.8500
79.97,	15.8600
80.63,	15.8400
81.30,	15.8600
81.96,	15.9700
82.62,	16.1500
83.29,	16.2200
83.95,	16.1900
84.61,	16.1600
85.28,	16.1600
85.94,	16.1500
86.60,	16.1000
87.27,	16.0400
87.93,	16.0000
88.59,	15.9700
89.26,	15.9500
89.92,	15.9400
90.58,	15.9100
91.24,	15.8900
91.91,	15.8800
92.57,	15.8600
93.23,	15.8300
93.90,	15.8200
94.56,	15.7800
95.22,	15.7300
95.88,	15.6900
96.55,	15.6700
97.21,	15.6600
97.87,	15.6400
98.53,	15.6100
99.20,	15.5900
99.86,	15.5700
100.52,	15.5200
101.18,	15.4600
101.85,	15.4200
102.51,	15.4000
103.17,	15.4000
103.83,	15.3900
104.49,	15.3800
105.16,	15.3500
105.82,	15.3400
106.48,	15.3200
107.14,	15.2900
107.80,	15.2600
108.47,	15.2200
109.13,	15.1900
109.79,	15.1700
110.45,	15.1600
111.11,	15.1600
111.77,	15.1500
112.44,	15.1100
113.10,	15.0300
113.76,	14.9800
114.42,	14.9800
115.08,	14.9700
115.74,	14.9300
116.40,	14.8900
117.06,	14.8600
117.73,	14.8400
118.39,	14.8500
119.05,	14.8400
119.71,	14.8400
120.37,	14.8400
121.03,	14.8200
121.69,	14.8000
122.35,	14.7900
123.01,	14.7700
123.67,	14.7400
124.33,	14.6800
125.00,	14.6100
125.66,	14.5800
126.32,	14.5600
126.98,	14.5400
127.64,	14.5300
128.30,	14.5300
128.96,	14.5300
129.62,	14.5200
130.28,	14.4900
130.94,	14.4400
131.60,	14.4100
132.26,	14.3900
132.92,	14.3700
133.58,	14.3700
134.24,	14.3700
134.90,	14.3700
135.56,	14.3700
136.22,	14.3700
136.88,	14.3700
137.54,	14.3600
138.20,	14.3600
138.86,	14.3500
139.52,	14.3300
140.18,	14.3100
140.84,	14.2900
141.50,	14.2700
142.16,	14.2500
142.82,	14.2300
143.48,	14.2200
144.14,	14.2100
144.79,	14.2100
145.45,	14.2000
146.11,	14.1900
146.77,	14.1800
147.43,	14.1800
148.09,	14.1700
148.75,	14.1700
149.41,	14.1600
150.07,	14.1600
150.73,	14.1500
151.39,	14.1400
152.04,	14.1300
152.70,	14.1100
153.36,	14.1100
154.02,	14.1000
154.68,	14.1000
155.34,	14.0700
156.00,	14.0300
156.65,	14.0100
157.31,	13.9900
157.97,	14.0000
158.63,	14.0200
159.29,	14.0300
159.95,	14.0200
160.60,	14.0300
161.26,	14.0300
161.92,	14.0200
162.58,	13.9900
163.24,	13.9400
163.90,	13.9100
164.55,	13.8900
165.21,	13.8700
165.87,	13.8500
166.53,	13.8400
167.18,	13.8200
167.84,	13.8200
168.50,	13.8100
169.16,	13.7900
169.82,	13.7800
170.47,	13.7700
171.13,	13.7600
171.79,	13.7500
172.44,	13.7500
173.10,	13.7400
173.76,	13.7400
174.42,	13.7400
175.07,	13.7200
175.73,	13.7200
176.39,	13.7000
177.05,	13.6700
177.70,	13.6500
178.36,	13.6300
179.02,	13.6200
179.67,	13.6100
180.33,	13.6100
180.99,	13.5800
181.64,	13.5600
182.30,	13.5500
182.96,	13.5500
183.61,	13.5200
184.27,	13.4700
184.93,	13.4100
185.58,	13.3700
186.24,	13.3500
186.90,	13.3400
187.55,	13.3600
188.21,	13.3500
188.87,	13.3100
189.52,	13.2600
190.18,	13.2400
190.83,	13.1700
191.49,	13.0100
192.15,	12.9100
192.80,	12.8900
193.46,	12.8900
194.11,	12.8900
194.77,	12.8800
195.43,	12.8300
196.08,	12.7300
196.74,	12.6300
197.39,	12.5900
198.05,	12.5800
198.70,	12.5800
199.36,	12.5700
200.02,	12.5700
200.67,	12.5700
201.33,	12.5600
201.98,	12.5600
202.64,	12.5600
203.29,	12.5700
203.95,	12.5800
204.60,	12.6000
205.26,	12.6100
205.91,	12.6100
206.57,	12.5900
207.22,	12.5400
207.88,	12.5100
208.53,	12.4800
209.19,	12.4000
209.84,	12.3600
210.50,	12.3500
211.15,	12.3700
211.81,	12.4000
212.46,	12.4200
213.12,	12.4200
213.77,	12.4100
214.43,	12.4100
215.08,	12.4200
215.74,	12.4100
216.39,	12.2700
217.04,	12.0600
217.70,	11.9500
218.35,	11.8500
219.01,	11.8100
219.66,	11.8000
220.32,	11.7700
220.97,	11.7300
221.62,	11.7100
222.28,	11.7000
222.93,	11.6800
223.59,	11.6700
224.24,	11.6600
224.89,	11.6400
225.55,	11.6300
226.20,	11.6300
226.85,	11.6300
227.51,	11.6300
228.16,	11.6300
228.81,	11.6400
229.47,	11.6400
230.12,	11.6200
230.78,	11.6200
231.43,	11.6100
232.08,	11.6000
232.74,	11.5900
233.39,	11.5900
234.04,	11.5900
234.69,	11.5800
235.35,	11.5800
236.00,	11.5800
236.65,	11.5900
237.31,	11.5900
237.96,	11.5900
238.61,	11.5900
239.27,	11.5900
239.92,	11.6000
240.57,	11.6000
241.22,	11.6000
241.88,	11.5900
242.53,	11.5800
243.18,	11.5800
243.83,	11.5700
244.49,	11.5600
245.14,	11.5500
245.79,	11.5400
246.44,	11.5300
247.10,	11.5200
247.75,	11.5100
248.40,	11.5000
249.05,	11.4800
249.70,	11.4700
250.36,	11.4800
251.01,	11.4800
251.66,	11.4800
252.31,	11.4800
252.96,	11.4900
253.62,	11.5100
254.27,	11.5000
254.92,	11.5000
255.57,	11.5000
256.22,	11.5000
256.88,	11.5000
257.53,	11.5000
258.18,	11.4900
258.83,	11.4900
259.48,	11.4800
260.13,	11.3900
260.78,	11.3300
261.44,	11.3100
262.09,	11.3000
262.74,	11.2700
263.39,	11.2300
264.04,	11.1900
264.69,	11.1400
265.34,	11.1200
265.99,	11.1100
266.64,	11.1100
267.29,	11.1100
267.95,	11.1000
268.60,	11.0800
269.25,	11.0500
269.90,	11.0100
270.55,	10.9900
271.20,	10.9800
271.85,	10.9800
272.50,	10.9800
273.15,	10.9700
273.80,	10.9600
274.45,	10.9600
275.10,	10.9600
275.75,	10.9500
276.40,	10.9500
277.05,	10.9500
277.70,	10.9800
278.35,	10.9800
279.00,	10.9400
279.65,	10.9000
280.30,	10.8700
280.95,	10.8500
281.60,	10.8400
282.25,	10.8500
282.90,	10.8700
283.55,	10.9000
284.20,	10.9200
284.85,	10.9200
285.50,	10.9200
286.15,	10.9300
286.80,	10.9400
287.45,	10.9500
288.10,	10.9600
288.75,	10.9500
289.40,	10.9500
290.05,	10.9800
290.70,	10.9800
291.35,	10.9700
292.00,	10.9700
292.64,	10.9700
293.29,	10.9800
293.94,	10.9800
294.59,	10.9700
295.24,	10.9200
295.89,	10.8800
296.54,	10.8500
297.19,	10.8200
297.84,	10.8000
298.49,	10.7900
299.13,	10.8000
299.78,	10.7700
300.43,	10.7000
301.08,	10.6800
301.73,	10.6700
302.38,	10.6600
303.02,	10.6500
303.67,	10.6400
304.32,	10.6400
304.97,	10.6400
305.62,	10.6400
306.27,	10.6500
306.91,	10.6900
307.56,	10.7100
308.21,	10.7200
308.86,	10.7200
309.51,	10.7000
310.15,	10.6900
310.80,	10.7000
311.45,	10.7000
312.10,	10.7000
312.75,	10.7200
313.39,	10.7400
314.04,	10.7500
314.69,	10.7600
315.34,	10.7600
315.98,	10.7700
316.63,	10.7600
317.28,	10.7600
317.93,	10.7700
318.57,	10.7700
319.22,	10.7700
319.87,	10.7800
320.52,	10.8000
321.16,	10.8100
321.81,	10.8200
322.46,	10.8300
323.10,	10.8300
323.75,	10.8300
324.40,	10.8300
325.04,	10.8200
325.69,	10.8000
326.34,	10.7800
326.99,	10.7600
327.63,	10.7500
328.28,	10.7400
328.93,	10.7200
329.57,	10.7000
330.22,	10.6800
330.86,	10.6500
331.51,	10.5800
332.16,	10.5500
332.80,	10.5400
333.45,	10.5500
334.10,	10.5500
334.74,	10.5500
335.39,	10.5600
336.03,	10.5600
336.68,	10.5300
337.33,	10.4700
337.97,	10.4100
338.62,	10.3800
339.26,	10.3600
339.91,	10.3500
340.56,	10.3500
341.20,	10.3500
341.85,	10.3500
342.49,	10.3500
343.14,	10.3500
343.78,	10.3400
344.43,	10.2900
345.08,	10.2600
345.72,	10.2400
346.37,	10.2300
347.01,	10.2200
347.66,	10.2000
348.30,	10.2000
348.95,	10.1900
349.59,	10.2000
350.24,	10.1900
350.88,	10.1900
351.53,	10.2000
352.17,	10.1900
352.82,	10.1900
353.46,	10.1800
354.11,	10.1600
354.75,	10.1400
355.40,	10.1300
356.04,	10.1200
356.69,	10.1200
357.33,	10.1300
357.98,	10.1300
358.62,	10.1200
359.27,	10.1100
359.91,	10.1000
360.55,	10.1000
361.20,	10.0900
361.84,	10.0800
362.49,	10.0800
363.13,	10.0700
363.78,	10.0600
364.42,	10.0600
365.06,	10.0400
365.71,	10.0300
366.35,	10.0200
367.00,	10.0100
367.64,	10.0100
368.28,	10.0000
368.93,	10.0000
369.57,	9.9900
370.22,	9.9600
370.86,	9.9200
371.50,	9.8800
372.15,	9.8500
372.79,	9.8400
373.43,	9.8200
374.08,	9.8100
374.72,	9.8100
375.36,	9.7900
376.01,	9.7700
376.65,	9.7600
377.29,	9.7400
377.94,	9.7300
378.58,	9.7100
379.22,	9.6900
379.87,	9.6800
380.51,	9.6700
381.15,	9.6600
381.79,	9.6600
382.44,	9.6600
383.08,	9.6600
383.72,	9.6700
384.37,	9.6600
385.01,	9.6500
385.65,	9.6300
386.29,	9.6200
386.94,	9.5800
387.58,	9.5600
388.22,	9.5400
388.86,	9.5300
389.51,	9.5100
390.15,	9.4900
390.79,	9.4600
391.43,	9.4500
392.08,	9.4400
392.72,	9.4400
393.36,	9.4400
394.00,	9.4300
394.64,	9.4000
395.29,	9.3700
395.93,	9.3400
396.57,	9.3200
397.21,	9.3000
397.85,	9.2800
398.50,	9.2700
399.14,	9.2500
399.78,	9.2400
400.42,	9.2400
401.06,	9.2300
401.70,	9.2300
402.34,	9.2200
402.99,	9.2200
403.63,	9.2100
404.27,	9.2100
404.91,	9.2000
405.55,	9.1900
406.19,	9.1900
406.83,	9.1900
407.48,	9.1900
408.12,	9.1900
408.76,	9.2000
409.40,	9.2000
410.04,	9.2100
410.68,	9.2200
411.32,	9.2400
411.96,	9.2500
412.60,	9.2500
413.24,	9.2500
413.88,	9.2500
414.52,	9.2300
415.17,	9.2200
415.81,	9.2100
416.45,	9.2100
417.09,	9.2100
417.73,	9.2100
418.37,	9.2100
419.01,	9.2100
419.65,	9.2000
420.29,	9.2000
420.93,	9.1800
421.57,	9.1500
422.21,	9.1400
422.85,	9.1200
423.49,	9.1100
424.13,	9.0900
424.77,	9.0900
425.41,	9.0800
426.05,	9.0700
426.69,	9.0600
427.33,	9.0600
427.97,	9.0500
428.61,	9.0500
429.25,	9.0400
429.89,	9.0400
430.53,	9.0300
431.17,	9.0200
431.80,	9.0100
432.44,	9.0000
433.08,	9.0000
433.72,	8.9900
434.36,	8.9800
435.00,	8.9700
435.64,	8.9600
436.28,	8.9500
436.92,	8.9300
437.56,	8.9200
438.20,	8.8900
438.84,	8.8700
439.47,	8.8500
440.11,	8.8400
440.75,	8.8400
441.39,	8.8200
442.03,	8.8000
442.67,	8.7700
443.31,	8.7500
443.95,	8.7300
444.58,	8.7300
445.22,	8.7100
445.86,	8.7100
446.50,	8.7000
447.14,	8.7000
447.78,	8.6900
448.41,	8.6600
449.05,	8.6300
449.69,	8.6100
450.33,	8.5900
450.97,	8.5800
451.60,	8.5700
452.24,	8.5700
452.88,	8.5800
453.52,	8.5800
454.16,	8.5800
454.79,	8.5700
455.43,	8.5700
456.07,	8.5500
456.71,	8.5100
457.35,	8.4800
457.98,	8.4700
458.62,	8.4700
459.26,	8.4700
459.90,	8.4600
460.53,	8.4700
461.17,	8.4600
461.81,	8.4500
462.44,	8.4400
463.08,	8.4300
463.72,	8.4100
464.36,	8.4000
464.99,	8.3700
465.63,	8.3500
466.27,	8.3400
466.90,	8.3100
467.54,	8.2900
468.18,	8.2800
468.81,	8.2700
469.45,	8.2800
470.09,	8.2700
470.72,	8.2600
471.36,	8.2300
472.00,	8.2200
472.63,	8.2200
473.27,	8.1900
473.91,	8.0800
474.54,	7.9900
475.18,	7.9600
475.82,	7.9500
476.45,	7.9500
477.09,	7.9500
477.73,	7.9600
478.36,	8.0000
479.00,	8.0300
479.63,	8.0300
480.27,	8.0400
480.91,	8.0400
481.54,	8.0400
482.18,	8.0300
482.81,	8.0000
483.45,	7.9500
484.08,	7.9200
484.72,	7.8900
485.36,	7.8600
485.99,	7.8200
486.63,	7.7900
487.26,	7.7800
487.90,	7.7900
488.53,	7.7800
489.17,	7.7800
489.80,	7.7800
490.44,	7.7800
491.07,	7.7900
491.71,	7.7900
492.34,	7.7900
492.98,	7.8000
493.62,	7.8000
494.25,	7.8100
494.89,	7.8000
495.52,	7.8000
496.15,	7.8000
496.79,	7.8000
497.42,	7.8000
498.06,	7.8100
498.69,	7.8100
499.33,	7.8000
499.96,	7.8000
500.60,	7.8000
501.23,	7.8000
501.87,	7.7900
502.50,	7.7900
503.14,	7.7900
503.77,	7.7900
504.40,	7.7900
505.04,	7.7800
505.67,	7.7700
506.31,	7.7700
506.94,	7.7600
507.57,	7.7500
508.21,	7.7400
508.84,	7.7300
509.48,	7.7200
510.11,	7.7100
510.74,	7.6900
511.38,	7.6700
512.01,	7.6600
512.65,	7.6600
513.28,	7.6500
513.91,	7.6300
514.55,	7.6200
515.18,	7.6300
515.81,	7.6300
516.45,	7.6100
517.08,	7.6000
517.71,	7.5900
518.35,	7.5800
518.98,	7.5600
519.61,	7.5400
520.25,	7.5200
520.88,	7.4900
521.51,	7.4800
522.15,	7.4700
522.78,	7.4600
523.41,	7.4600
524.04,	7.4500
524.68,	7.4400
525.31,	7.4400
525.94,	7.4300
526.58,	7.4200
527.21,	7.4100
527.84,	7.4000
528.47,	7.4000
529.11,	7.3900
529.74,	7.3800
530.37,	7.3700
531.00,	7.3600
531.64,	7.3600
532.27,	7.3400
532.90,	7.3200
533.53,	7.2800
534.17,	7.2200
534.80,	7.1900
535.43,	7.1700
536.06,	7.1400
536.69,	7.1200
537.33,	7.1000
537.96,	7.0600
538.59,	7.0200
539.22,	6.9900
539.85,	6.9400
540.48,	6.8900
541.12,	6.8700
541.75,	6.8700
542.38,	6.8300
543.01,	6.7400
543.64,	6.6900
544.27,	6.6800
544.91,	6.6700
545.54,	6.6600
546.17,	6.6500
546.80,	6.6500
547.43,	6.6500
548.06,	6.6500
548.69,	6.6500
549.32,	6.6600
549.95,	6.6600
550.59,	6.6700
551.22,	6.6800
551.85,	6.6700
552.48,	6.6500
553.11,	6.6300
553.74,	6.6200
554.37,	6.6200
555.00,	6.6100
555.63,	6.6100
556.26,	6.6200
556.89,	6.6500
557.52,	6.6700
558.15,	6.6900
558.78,	6.6900
559.42,	6.6900
560.05,	6.6800
560.68,	6.6700
561.31,	6.6600
561.94,	6.6500
562.57,	6.6500
563.20,	6.6500
563.83,	6.6500
564.46,	6.6500
565.09,	6.6400
565.72,	6.6400
566.35,	6.6400
566.98,	6.6300
567.61,	6.6300
568.24,	6.6200
568.87,	6.5800
569.50,	6.5400
570.12,	6.5200
570.75,	6.5000
571.38,	6.4100
572.01,	6.3300
572.64,	6.2900
573.27,	6.2800
573.90,	6.2800
574.53,	6.2700
575.16,	6.2500
575.79,	6.2300
576.42,	6.2300
577.05,	6.2100
577.68,	6.1900
578.31,	6.1500
578.93,	6.1400
579.56,	6.1300
580.19,	6.1200
580.82,	6.1200
581.45,	6.1100
582.08,	6.1100
582.71,	6.1100
583.34,	6.0900
583.97,	6.0800
584.59,	6.0600
585.22,	6.0400
585.85,	6.0300
586.48,	6.0300
587.11,	6.0200
587.74,	6.0100
588.36,	6.0000
588.99,	5.9900
589.62,	5.9800
590.25,	5.9900
590.88,	6.0000
591.50,	6.0100
592.13,	6.0200
592.76,	6.0200
593.39,	6.0300
594.02,	6.0200
594.64,	6.0100
595.27,	5.9900
595.90,	5.9700
596.53,	5.9300
597.16,	5.8700
597.78,	5.8300
598.41,	5.8100
599.04,	5.8000
599.67,	5.7900
600.29,	5.7600
600.92,	5.7400
601.55,	5.7300
602.18,	5.7100
602.80,	5.6900
603.43,	5.6800
604.06,	5.6700
604.68,	5.6700
605.31,	5.6700
605.94,	5.6600
606.57,	5.6500
607.19,	5.6200
607.82,	5.6000
608.45,	5.5900
609.07,	5.5800
609.70,	5.5700
610.33,	5.5600
610.95,	5.5500
611.58,	5.5400
612.21,	5.5300
612.83,	5.5200
613.46,	5.5000
614.09,	5.4900
614.71,	5.4800
615.34,	5.4600
615.97,	5.4500
616.59,	5.4400
617.22,	5.4400
617.84,	5.4400
618.47,	5.4400
619.10,	5.4400
619.72,	5.4200
620.35,	5.4100
620.97,	5.3800
621.60,	5.3600
622.23,	5.3500
622.85,	5.3400
623.48,	5.3400
624.10,	5.3300
624.73,	5.3200
625.35,	5.3100
625.98,	5.3000
626.61,	5.2900
627.23,	5.2900
627.86,	5.2900
628.48,	5.2900
629.11,	5.2800
629.73,	5.2800
630.36,	5.2800
630.98,	5.2700
631.61,	5.2700
632.23,	5.2600
632.86,	5.2600
633.48,	5.2600
634.11,	5.2800
634.73,	5.3000
635.36,	5.3000
635.98,	5.3100
636.61,	5.3100
637.23,	5.3200
637.86,	5.3200
638.48,	5.3200
639.11,	5.3200
639.73,	5.3200
640.36,	5.3200
640.98,	5.3300
641.61,	5.4200
642.23,	5.5000
642.85,	5.5300
643.48,	5.5400
644.10,	5.6000
644.73,	5.6600
645.35,	5.6800
645.98,	5.6700
646.60,	5.6600
647.22,	5.6600
647.85,	5.6500
648.47,	5.6500
649.10,	5.6300
649.72,	5.6200
650.34,	5.6300
650.97,	5.6600
651.59,	5.7000
652.22,	5.7300
652.84,	5.7700
653.46,	5.7900
654.09,	5.7900
654.71,	5.7900
655.33,	5.7900
655.96,	5.7800
656.58,	5.7100
657.20,	5.5800
657.83,	5.4300
658.45,	5.3300
659.07,	5.3000
659.70,	5.3000
660.32,	5.3000
660.94,	5.3000
661.57,	5.2900
662.19,	5.2600
662.81,	5.2100
663.43,	5.1400
664.06,	5.0700
664.68,	5.0500
665.30,	5.0500
665.93,	5.0400
666.55,	5.0200
667.17,	5.0000
667.79,	4.9800
668.42,	4.9800
669.04,	4.9800
669.66,	4.9800
670.28,	4.9800
670.91,	4.9700
671.53,	4.9500
672.15,	4.9300
672.77,	4.9200
673.39,	4.8900
674.02,	4.8600
674.64,	4.8500
675.26,	4.8500
675.88,	4.8400
676.50,	4.8500
677.13,	4.8600
677.75,	4.8500
678.37,	4.8400
678.99,	4.8200
679.61,	4.8100
680.24,	4.8000
680.86,	4.7800
681.48,	4.7700
682.10,	4.7500
682.72,	4.7300
683.34,	4.7200
683.96,	4.7100
684.59,	4.6900
685.21,	4.6900
685.83,	4.6900
686.45,	4.6900
687.07,	4.6900
687.69,	4.6900
688.31,	4.6900
688.93,	4.6900
689.56,	4.7000
690.18,	4.7000
690.80,	4.7000
691.42,	4.7000
692.04,	4.7100
692.66,	4.7200
693.28,	4.7300
693.90,	4.7300
694.52,	4.7300
695.14,	4.7200
695.76,	4.7100
696.38,	4.7000
697.00,	4.6800
697.62,	4.6800
698.25,	4.6800
698.87,	4.6700
699.49,	4.6700
700.11,	4.6500
700.73,	4.6300
701.35,	4.6100
701.97,	4.6000
702.59,	4.6000
703.21,	4.5900
703.83,	4.5800
704.45,	4.5800
705.07,	4.5700
705.69,	4.5700
706.31,	4.5700
706.93,	4.5600
707.55,	4.5400
708.17,	4.5300
708.79,	4.5200
709.40,	4.5200
710.02,	4.5100
710.64,	4.5100
711.26,	4.5000
711.88,	4.5000
712.50,	4.5100
713.12,	4.5300
713.74,	4.5300
714.36,	4.5400
714.98,	4.5400
715.60,	4.5400
716.22,	4.5400
716.84,	4.5400
717.45,	4.5300
718.07,	4.5300
718.69,	4.5300
719.31,	4.5400
719.93,	4.5400
720.55,	4.5400
721.17,	4.5400
721.79,	4.5400
722.41,	4.5400
723.02,	4.5400
723.64,	4.5300
724.26,	4.5300
724.88,	4.5300
725.50,	4.5300
726.12,	4.5200
726.73,	4.5200
727.35,	4.5200
727.97,	4.5200
728.59,	4.5100
729.21,	4.5100
729.83,	4.5000
730.44,	4.5000
731.06,	4.5000
731.68,	4.5000
732.30,	4.5000
732.92,	4.5000
733.53,	4.5000
734.15,	4.5000
734.77,	4.5100
735.39,	4.5000
736.00,	4.4900
736.62,	4.4800
737.24,	4.4800
737.86,	4.4700
738.47,	4.4600
739.09,	4.4500
739.71,	4.4300
740.33,	4.4300
740.94,	4.4300
741.56,	4.4400
742.18,	4.4400
742.79,	4.4500
743.41,	4.4600
744.03,	4.4600
744.65,	4.4700
745.26,	4.4700
745.88,	4.4700
746.50,	4.4700
747.11,	4.4500
747.73,	4.4400
748.35,	4.4400
748.96,	4.4400
749.58,	4.4300
750.20,	4.4300
750.81,	4.4300
751.43,	4.4300
752.05,	4.4200
752.66,	4.4200
753.28,	4.4200
753.90,	4.4300
754.51,	4.4200
755.13,	4.4200
755.74,	4.4300
756.36,	4.4200
756.98,	4.4100
757.59,	4.4100
758.21,	4.3900
758.82,	4.3900
759.44,	4.3900
760.06,	4.3800
760.67,	4.3800
761.29,	4.3800
761.90,	4.3700
762.52,	4.3800
763.14,	4.3700
763.75,	4.3700
764.37,	4.3600
764.98,	4.3600
765.60,	4.3500
766.21,	4.3400
766.83,	4.3300
767.44,	4.3300
768.06,	4.3200
768.67,	4.3200
769.29,	4.3100
769.90,	4.3100
770.52,	4.3100
771.14,	4.3100
771.75,	4.3100
772.37,	4.3100
772.98,	4.3100
773.59,	4.3200
774.21,	4.3200
774.82,	4.3100
775.44,	4.3100
776.05,	4.3100
776.67,	4.3100
777.28,	4.3000
777.90,	4.3000
778.51,	4.2900
779.13,	4.2800
779.74,	4.2800
780.36,	4.2700
780.97,	4.2600
781.58,	4.2600
782.20,	4.2600
782.81,	4.2600
783.43,	4.2500
784.04,	4.2300
784.66,	4.2200
785.27,	4.2200
785.88,	4.2200
786.50,	4.2100
787.11,	4.2100
787.73,	4.2200
788.34,	4.2200
788.95,	4.2000
789.57,	4.2000
790.18,	4.2000
790.79,	4.2000
791.41,	4.2000
792.02,	4.2100
792.63,	4.2000
793.25,	4.2100
793.86,	4.2000
794.47,	4.2000
795.09,	4.2000
795.70,	4.2000
796.31,	4.2000
796.93,	4.1900
797.54,	4.1800
798.15,	4.1800
798.77,	4.1700
799.38,	4.1700
799.99,	4.1600
800.61,	4.1500
801.22,	4.1300
801.83,	4.1100
802.44,	4.1000
803.06,	4.0900
803.67,	4.0800
804.28,	4.0800
804.90,	4.0700
805.51,	4.0600
806.12,	4.0500
806.73,	4.0400
807.34,	4.0300
807.96,	4.0000
808.57,	3.9800
809.18,	3.9600
809.79,	3.9400
810.41,	3.9400
811.02,	3.9300
811.63,	3.9200
812.24,	3.9100
812.85,	3.9000
813.47,	3.8900
814.08,	3.8800
814.69,	3.8700
815.30,	3.8500
815.91,	3.8400
816.53,	3.8300
817.14,	3.8300
817.75,	3.8200
818.36,	3.8200
818.97,	3.8100
819.58,	3.8000
820.20,	3.8000
820.81,	3.7900
821.42,	3.7900
822.03,	3.7900
822.64,	3.7900
823.25,	3.7700
823.86,	3.7500
824.47,	3.7400
825.09,	3.7300
825.70,	3.7200
826.31,	3.7100
826.92,	3.7100
827.53,	3.7100
828.14,	3.7100
828.75,	3.7400
829.36,	3.8100
829.97,	3.8700
830.58,	3.8900
831.19,	3.9000
831.80,	3.9100
832.42,	3.9100
833.03,	3.9100
833.64,	3.9200
834.25,	3.9300
834.86,	3.9300
835.47,	3.9400
836.08,	3.9400
836.69,	3.9400
837.30,	3.9500
837.91,	3.9600
838.52,	3.9600
839.13,	3.9800
839.74,	3.9800
840.35,	3.9800
840.96,	3.9800
841.57,	3.9800
842.18,	3.9800
842.79,	3.9900
843.40,	3.9900
844.01,	4.0000
844.62,	4.0100
845.23,	4.0200
845.84,	4.0300
846.45,	4.0500
847.06,	4.0800
847.67,	4.1000
848.27,	4.1300
848.88,	4.1500
849.49,	4.1700
850.10,	4.2000
850.71,	4.2500
851.32,	4.3000
851.93,	4.3300
852.54,	4.3300
853.15,	4.3300
853.76,	4.3200
854.37,	4.3100
854.98,	4.3100
855.58,	4.3100
856.19,	4.3000
856.80,	4.3000
857.41,	4.2900
858.02,	4.2900
858.63,	4.3000
859.24,	4.2900
859.85,	4.3000
860.45,	4.3000
861.06,	4.2900
861.67,	4.2800
862.28,	4.2700
862.89,	4.2500
863.50,	4.2200
864.10,	4.2000
864.71,	4.1800
865.32,	4.1600
865.93,	4.1400
866.54,	4.1300
867.14,	4.1200
867.75,	4.1100
868.36,	4.1100
868.97,	4.1000
869.58,	4.0900
870.18,	4.0800
870.79,	4.0700
871.40,	4.0600
872.01,	4.0500
872.61,	4.0400
873.22,	4.0400
873.83,	4.0400
874.44,	4.0400
875.04,	4.0400
875.65,	4.0400
876.26,	4.0500
876.87,	4.0400
877.47,	4.0400
878.08,	4.0200
878.69,	4.0100
879.29,	4.0000
879.90,	4.0000
880.51,	4.0000
881.12,	4.0000
881.72,	4.0000
882.33,	4.0000
882.94,	4.0000
883.54,	4.0000
884.15,	4.0000
884.76,	3.9900
885.36,	3.9700
885.97,	3.9300
886.58,	3.9100
887.18,	3.8900
887.79,	3.8900
888.40,	3.8800
889.00,	3.8800
889.61,	3.8800
890.22,	3.8800
890.82,	3.8800
891.43,	3.8800
892.03,	3.8800
892.64,	3.8900
893.25,	3.8900
893.85,	3.8900
894.46,	3.9000
895.06,	3.9000
895.67,	3.9000
896.28,	3.9200
896.88,	3.9500
897.49,	3.9800
898.09,	4.0000
898.70,	4.0200
899.30,	4.0300
899.91,	4.0400
900.52,	4.0400
901.12,	4.0500
901.73,	4.0600
902.33,	4.0900
902.94,	4.1100
903.54,	4.1100
904.15,	4.1200
904.75,	4.1300
905.36,	4.1400
905.96,	4.1400
906.57,	4.1300
907.17,	4.1300
907.78,	4.1200
908.38,	4.1200
908.99,	4.1200
909.59,	4.1100
910.20,	4.1100
910.80,	4.1100
911.41,	4.0900
912.01,	4.0800
912.62,	4.0600
913.22,	4.0500
913.83,	4.0300
914.43,	4.0200
915.03,	4.0000
915.64,	3.9900
916.24,	3.9800
916.85,	3.9700
917.45,	3.9700
918.06,	3.9600
918.66,	3.9600
919.26,	3.9600
919.87,	3.9600
920.47,	3.9600
921.08,	3.9700
921.68,	4.6100
922.28,	9.6100
922.89,	16.1100
923.49,	18.3700
924.10,	19.5900
924.70,	20.5200
925.30,	21.2600
925.91,	21.8600
926.51,	22.3800
927.11,	22.8100
927.72,	23.2000
928.32,	23.5500
928.92,	23.8800
929.53,	24.1800
930.13,	24.4600
930.74,	24.7200
931.34,	24.9700
931.94,	25.2100
932.54,	25.4400
933.15,	25.7800
933.75,	35.5000
934.35,	35.5000
934.96,	35.5000
935.56,	35.5000
936.16,	35.5000
936.77,	35.5000
937.37,	35.5000
937.97,	35.5000
938.57,	35.5000
939.18,	35.5000
939.78,	35.5000
940.38,	35.5000
940.98,	35.5000
941.59,	35.5000
942.19,	35.5000
942.79,	35.5000
943.39,	35.5000
944.00,	35.5000
944.60,	35.5000
945.20,	35.5000
945.80,	35.5000
946.40,	35.5000
947.01,	35.5000
947.61,	35.5000
948.21,	35.5000
948.81,	35.5000
949.41,	35.5000
950.02,	35.5000
950.62,	35.5000
951.22,	35.5000
951.82,	35.5000
952.42,	35.5000
953.02,	35.5000
953.63,	35.5000
954.23,	35.5000
954.83,	35.5000
955.43,	35.5000
956.03,	35.5000
956.63,	35.5000
957.24,	35.5000
957.84,	35.5000
958.44,	35.5000
959.04,	35.5000
959.64,	35.5000
960.24,	35.5000
960.84,	35.5000
961.44,	35.5000
962.04,	35.5000
962.64,	35.5000
963.25,	35.5000
963.85,	35.5000
964.45,	35.5000
965.05,	35.5000
965.65,	35.5000
966.25,	35.5000
966.85,	35.5000
967.45,	35.5000
968.05,	35.5000
968.65,	35.5000
969.25,	35.5000
969.85,	35.5000
970.45,	35.5000
971.05,	35.5000
971.65,	35.5000
972.25,	35.5000
972.85,	35.5000
973.45,	35.5000
974.05,	35.5000
974.65,	35.5000
975.25,	35.5000
975.85,	35.5000
976.45,	35.5000
977.05,	35.5000
977.65,	35.5000
978.25,	35.5000
978.85,	35.5000
979.45,	35.5000
980.05,	35.5000
980.65,	35.5000
981.25,	35.5000
981.85,	35.5000
982.45,	35.5000
983.05,	35.5000
983.65,	35.5000
984.25,	35.5000
984.85,	35.5000
985.45,	35.5000
986.04,	-2.5200
986.64,	-1.0100
987.24,	35.5000
987.84,	35.5000
988.44,	35.5000
989.04,	35.5000
989.64,	35.5000
990.24,	35.5000
990.84,	35.5000
991.44,	35.5000
992.03,	35.5000
992.63,	35.5000
993.23,	35.5000
993.83,	35.5000
994.43,	35.5000
995.03,	35.5000
995.63,	35.5000
996.22,	35.5000
996.82,	35.5000
997.42,	35.5000
998.02,	35.5000
998.62,	35.5000
999.21,	35.5000
999.81,	35.5000
1000.41,	35.5000
