Call Sign = ZSDA,	Ship Name = SA Agulhas,	Lloyds Num = 0
Date = 02/03/2017,	Time = 05:01,	
Latitude = 43 07.19  S,	Longitude = 008 21.06  E
Instr = Sippican Deep Blue,	Card Type = Sippican MK-21,	
Wind Instr = ,	Measur Method = 
Probe Serial Num = -1,	Ship Dir = -1,	Ship Speed = -1.00
Wind Dir = 254,	Wind Speed = 33.60
Dry Bulb Temp = 10.40,	Total Water Depth = -1.00

Full Resolution Values
Depth,	 Temp
0.67,	10.2700
1.34,	9.9500
2.01,	9.8500
2.68,	9.8200
3.34,	9.8000
4.01,	9.7800
4.68,	9.7800
5.35,	9.7800
6.02,	9.8000
6.69,	9.8100
7.36,	9.8200
8.03,	9.8200
8.69,	9.8100
9.36,	9.8100
10.03,	9.8100
10.70,	9.8100
11.37,	9.8200
12.04,	9.8100
12.70,	9.8100
13.37,	9.8100
14.04,	9.8100
14.71,	9.8100
15.38,	9.8200
16.05,	9.8100
16.71,	9.8100
17.38,	9.8200
18.05,	9.8200
18.72,	9.8100
19.38,	9.8200
20.05,	9.8100
20.72,	9.8100
21.39,	9.8100
22.06,	9.8100
22.72,	9.8100
23.39,	9.8200
24.06,	9.8100
24.73,	9.8100
25.39,	9.8100
26.06,	9.8200
26.73,	9.8200
27.40,	9.8100
28.06,	9.8100
28.73,	9.8200
29.40,	9.8100
30.06,	9.8100
30.73,	9.8100
31.40,	9.8200
32.06,	9.8200
32.73,	9.8200
33.40,	9.8100
34.07,	9.8200
34.73,	9.8200
35.40,	9.8100
36.07,	9.8100
36.73,	9.8200
37.40,	9.8100
38.07,	9.8100
38.73,	9.8100
39.40,	9.8200
40.06,	9.8200
40.73,	9.8200
41.40,	9.8200
42.06,	9.8100
42.73,	9.8100
43.40,	9.8100
44.06,	9.8100
44.73,	9.8100
45.39,	9.8100
46.06,	9.8100
46.73,	9.8100
47.39,	9.8200
48.06,	9.8200
48.72,	9.8200
49.39,	9.8200
50.06,	9.8200
50.72,	9.8200
51.39,	9.8200
52.05,	9.8200
52.72,	9.8100
53.38,	9.8100
54.05,	9.8000
54.71,	9.8100
55.38,	9.8100
56.05,	9.8100
56.71,	9.8100
57.38,	9.8100
58.04,	9.8100
58.71,	9.7900
59.37,	9.7800
60.04,	9.7700
60.70,	9.7800
61.37,	9.7700
62.03,	9.7700
62.70,	9.7700
63.36,	9.7600
64.03,	9.7600
64.69,	9.7700
65.36,	9.7600
66.02,	9.7400
66.69,	9.7300
67.35,	9.7300
68.01,	9.7200
68.68,	9.7000
69.34,	9.6900
70.01,	9.6600
70.67,	9.6200
71.34,	9.5700
72.00,	9.5400
72.66,	9.5200
73.33,	9.4900
73.99,	9.4600
74.66,	9.4600
75.32,	9.4700
75.98,	9.4900
76.65,	9.5400
77.31,	9.6100
77.98,	9.6400
78.64,	9.6400
79.30,	9.6400
79.97,	9.6200
80.63,	9.6100
81.30,	9.6000
81.96,	9.6000
82.62,	9.6000
83.29,	9.5900
83.95,	9.5700
84.61,	9.5400
85.28,	9.5200
85.94,	9.4900
86.60,	9.4800
87.27,	9.4700
87.93,	9.4700
88.59,	9.4600
89.26,	9.4600
89.92,	9.4500
90.58,	9.4400
91.24,	9.4300
91.91,	9.4300
92.57,	9.4300
93.23,	9.4300
93.90,	9.4200
94.56,	9.4000
95.22,	9.3800
95.88,	9.3600
96.55,	9.3500
97.21,	9.3300
97.87,	9.3200
98.53,	9.3000
99.20,	9.2800
99.86,	9.2700
100.52,	9.2600
101.18,	9.2500
101.85,	9.2400
102.51,	9.2300
103.17,	9.2200
103.83,	9.2000
104.49,	9.1900
105.16,	9.1900
105.82,	9.1700
106.48,	9.1600
107.14,	9.1500
107.80,	9.1400
108.47,	9.1400
109.13,	9.1300
109.79,	9.1200
110.45,	9.1100
111.11,	9.1000
111.77,	9.0900
112.44,	9.0900
113.10,	9.0900
113.76,	9.0900
114.42,	9.0900
115.08,	9.0900
115.74,	9.0800
116.40,	9.0700
117.06,	9.0500
117.73,	9.0300
118.39,	9.0100
119.05,	9.0000
119.71,	9.0000
120.37,	8.9800
121.03,	8.9700
121.69,	8.9600
122.35,	8.9500
123.01,	8.9500
123.67,	8.9500
124.33,	8.9400
125.00,	8.9400
125.66,	8.9400
126.32,	8.9300
126.98,	8.9200
127.64,	8.9200
128.30,	8.9100
128.96,	8.9100
129.62,	8.9000
130.28,	8.8900
130.94,	8.8800
131.60,	8.8800
132.26,	8.8700
132.92,	8.8500
133.58,	8.8400
134.24,	8.8200
134.90,	8.8000
135.56,	8.7800
136.22,	8.7800
136.88,	8.7700
137.54,	8.7700
138.20,	8.7600
138.86,	8.7600
139.52,	8.7600
140.18,	8.7600
140.84,	8.7600
141.50,	8.7600
142.16,	8.7500
142.82,	8.7500
143.48,	8.7300
144.14,	8.7100
144.79,	8.6900
145.45,	8.6700
146.11,	8.6500
146.77,	8.6300
147.43,	8.6200
148.09,	8.6000
148.75,	8.5700
149.41,	8.5600
150.07,	8.5500
150.73,	8.5500
151.39,	8.5400
152.04,	8.5400
152.70,	8.5300
153.36,	8.5200
154.02,	8.5200
154.68,	8.5100
155.34,	8.5000
156.00,	8.4700
156.65,	8.4300
157.31,	8.4100
157.97,	8.3900
158.63,	8.3800
159.29,	8.3800
159.95,	8.3700
160.60,	8.3700
161.26,	8.3700
161.92,	8.3700
162.58,	8.3600
163.24,	8.3500
163.90,	8.3500
164.55,	8.3600
165.21,	8.3700
165.87,	8.3700
166.53,	8.3700
167.18,	8.3700
167.84,	8.3600
168.50,	8.3600
169.16,	8.3500
169.82,	8.3500
170.47,	8.3500
171.13,	8.3500
171.79,	8.3500
172.44,	8.3500
173.10,	8.3400
173.76,	8.3400
174.42,	8.3400
175.07,	8.3300
175.73,	8.3300
176.39,	8.3200
177.05,	8.3100
177.70,	8.3100
178.36,	8.2900
179.02,	8.2800
179.67,	8.2600
180.33,	8.2400
180.99,	8.2200
181.64,	8.2000
182.30,	8.1900
182.96,	8.1900
183.61,	8.1900
184.27,	8.1800
184.93,	8.1800
185.58,	8.1800
186.24,	8.1800
186.90,	8.1800
187.55,	8.1700
188.21,	8.1600
188.87,	8.1600
189.52,	8.1600
190.18,	8.1500
190.83,	8.1400
191.49,	8.1500
192.15,	8.1600
192.80,	8.1700
193.46,	8.1700
194.11,	8.1900
194.77,	8.2000
195.43,	8.2100
196.08,	8.2200
196.74,	8.2200
197.39,	8.2300
198.05,	8.2400
198.70,	8.2500
199.36,	8.2600
200.02,	8.2300
200.67,	8.1800
201.33,	8.1400
201.98,	8.0900
202.64,	8.0800
203.29,	8.0700
203.95,	8.0600
204.60,	8.0600
205.26,	8.0500
205.91,	8.0400
206.57,	8.0400
207.22,	8.0300
207.88,	8.0200
208.53,	8.0100
209.19,	8.0100
209.84,	8.0000
210.50,	8.0100
211.15,	8.0100
211.81,	8.0100
212.46,	8.0100
213.12,	8.0100
213.77,	8.0200
214.43,	8.0200
215.08,	8.0200
215.74,	8.0100
216.39,	7.9900
217.04,	7.9900
217.70,	7.9800
218.35,	7.9800
219.01,	7.9900
219.66,	7.9900
220.32,	7.9700
220.97,	7.9600
221.62,	7.9600
222.28,	7.9500
222.93,	7.9500
223.59,	7.9400
224.24,	7.9400
224.89,	7.9200
225.55,	7.8800
226.20,	7.8300
226.85,	7.7900
227.51,	7.7800
228.16,	7.7700
228.81,	7.7600
229.47,	7.7400
230.12,	7.7400
230.78,	7.7300
231.43,	7.7300
232.08,	7.7300
232.74,	7.7300
233.39,	7.7300
234.04,	7.7300
234.69,	7.7300
235.35,	7.7300
236.00,	7.7200
236.65,	7.7200
237.31,	7.7200
237.96,	7.7200
238.61,	7.7200
239.27,	7.7200
239.92,	7.7200
240.57,	7.7100
241.22,	7.7100
241.88,	7.7000
242.53,	7.6900
243.18,	7.6800
243.83,	7.6700
244.49,	7.6500
245.14,	7.6300
245.79,	7.6000
246.44,	7.5700
247.10,	7.5500
247.75,	7.5400
248.40,	7.5400
249.05,	7.5400
249.70,	7.5500
250.36,	7.5500
251.01,	7.5500
251.66,	7.5400
252.31,	7.5500
252.96,	7.5500
253.62,	7.5600
254.27,	7.5600
254.92,	7.5600
255.57,	7.5700
256.22,	7.5600
256.88,	7.5600
257.53,	7.5500
258.18,	7.5400
258.83,	7.5400
259.48,	7.5400
260.13,	7.5400
260.78,	7.5400
261.44,	7.5300
262.09,	7.5300
262.74,	7.5300
263.39,	7.5300
264.04,	7.5200
264.69,	7.5200
265.34,	7.5200
265.99,	7.5200
266.64,	7.5200
267.29,	7.5200
267.95,	7.5200
268.60,	7.5100
269.25,	7.5000
269.90,	7.5000
270.55,	7.5000
271.20,	7.5000
271.85,	7.4900
272.50,	7.4900
273.15,	7.4900
273.80,	7.4700
274.45,	7.4600
275.10,	7.4600
275.75,	7.4500
276.40,	7.4300
277.05,	7.3800
277.70,	7.3400
278.35,	7.3100
279.00,	7.2900
279.65,	7.2700
280.30,	7.2400
280.95,	7.2200
281.60,	7.2200
282.25,	7.2200
282.90,	7.2100
283.55,	7.2200
284.20,	7.2300
284.85,	7.2300
285.50,	7.2300
286.15,	7.2300
286.80,	7.2300
287.45,	7.2200
288.10,	7.2200
288.75,	7.2200
289.40,	7.2100
290.05,	7.2000
290.70,	7.2000
291.35,	7.2000
292.00,	7.2000
292.64,	7.2000
293.29,	7.1900
293.94,	7.1800
294.59,	7.1600
295.24,	7.1300
295.89,	7.1100
296.54,	7.1000
297.19,	7.0700
297.84,	7.0500
298.49,	7.0200
299.13,	6.9900
299.78,	6.9600
300.43,	6.9300
301.08,	6.9000
301.73,	6.8900
302.38,	6.8800
303.02,	6.8600
303.67,	6.8500
304.32,	6.8300
304.97,	6.8000
305.62,	6.7800
306.27,	6.7700
306.91,	6.7600
307.56,	6.7500
308.21,	6.7400
308.86,	6.7400
309.51,	6.7400
310.15,	6.7400
310.80,	6.7300
311.45,	6.7100
312.10,	6.7000
312.75,	6.6700
313.39,	6.6500
314.04,	6.6400
314.69,	6.6200
315.34,	6.6200
315.98,	6.6200
316.63,	6.6200
317.28,	6.6200
317.93,	6.6200
318.57,	6.6100
319.22,	6.6000
319.87,	6.6000
320.52,	6.6000
321.16,	6.6000
321.81,	6.6000
322.46,	6.5900
323.10,	6.5900
323.75,	6.5800
324.40,	6.5700
325.04,	6.5800
325.69,	6.5700
326.34,	6.5700
326.99,	6.5700
327.63,	6.5700
328.28,	6.5700
328.93,	6.5700
329.57,	6.5700
330.22,	6.5600
330.86,	6.5600
331.51,	6.5600
332.16,	6.5600
332.80,	6.5500
333.45,	6.5500
334.10,	6.5400
334.74,	6.5200
335.39,	6.5000
336.03,	6.4900
336.68,	6.4900
337.33,	6.4800
337.97,	6.4800
338.62,	6.4700
339.26,	6.4600
339.91,	6.4500
340.56,	6.4500
341.20,	6.4400
341.85,	6.4400
342.49,	6.4300
343.14,	6.4300
343.78,	6.4300
344.43,	6.4200
345.08,	6.4200
345.72,	6.4200
346.37,	6.4200
347.01,	6.4200
347.66,	6.4200
348.30,	6.4200
348.95,	6.4100
349.59,	6.4100
350.24,	6.4100
350.88,	6.4100
351.53,	6.4100
352.17,	6.4000
352.82,	6.3900
353.46,	6.3900
354.11,	6.3900
354.75,	6.3900
355.40,	6.3800
356.04,	6.3800
356.69,	6.3700
357.33,	6.3700
357.98,	6.3600
358.62,	6.3500
359.27,	6.3400
359.91,	6.3200
360.55,	6.3000
361.20,	6.2800
361.84,	6.2700
362.49,	6.2500
363.13,	6.2400
363.78,	6.2200
364.42,	6.2100
365.06,	6.2100
365.71,	6.2100
366.35,	6.2000
367.00,	6.2000
367.64,	6.2000
368.28,	6.2000
368.93,	6.1900
369.57,	6.1700
370.22,	6.1500
370.86,	6.1200
371.50,	6.1000
372.15,	6.1100
372.79,	6.1100
373.43,	6.1000
374.08,	6.1000
374.72,	6.1000
375.36,	6.0900
376.01,	6.0700
376.65,	6.0600
377.29,	6.0500
377.94,	6.0500
378.58,	6.0300
379.22,	6.0200
379.87,	6.0000
380.51,	6.0000
381.15,	5.9900
381.79,	5.9900
382.44,	5.9900
383.08,	5.9900
383.72,	5.9900
384.37,	5.9800
385.01,	5.9800
385.65,	5.9900
386.29,	5.9800
386.94,	5.9700
387.58,	5.9600
388.22,	5.9400
388.86,	5.9200
389.51,	5.9000
390.15,	5.8800
390.79,	5.8600
391.43,	5.8400
392.08,	5.8100
392.72,	5.7600
393.36,	5.7300
394.00,	5.7000
394.64,	5.6700
395.29,	5.6500
395.93,	5.6500
396.57,	5.6400
397.21,	5.6400
397.85,	5.6400
398.50,	5.6400
399.14,	5.6300
399.78,	5.6300
400.42,	5.6200
401.06,	5.6100
401.70,	5.6000
402.34,	5.5800
402.99,	5.5700
403.63,	5.5600
404.27,	5.5400
404.91,	5.5300
405.55,	5.5100
406.19,	5.4800
406.83,	5.4400
407.48,	5.4100
408.12,	5.3900
408.76,	5.3700
409.40,	5.3500
410.04,	5.3200
410.68,	5.3000
411.32,	5.2900
411.96,	5.2700
412.60,	5.2700
413.24,	5.2600
413.88,	5.2500
414.52,	5.2400
415.17,	5.2300
415.81,	5.2100
416.45,	5.2000
417.09,	5.1900
417.73,	5.1900
418.37,	5.1800
419.01,	5.1800
419.65,	5.1800
420.29,	5.1700
420.93,	5.1700
421.57,	5.1700
422.21,	5.1700
422.85,	5.1700
423.49,	5.1700
424.13,	5.1700
424.77,	5.1700
425.41,	5.1800
426.05,	5.1800
426.69,	5.1800
427.33,	5.1700
427.97,	5.1500
428.61,	5.1200
429.25,	5.1100
429.89,	5.1000
430.53,	5.0900
431.17,	5.0900
431.80,	5.0900
432.44,	5.0900
433.08,	5.0800
433.72,	5.0700
434.36,	5.0700
435.00,	5.0600
435.64,	5.0600
436.28,	5.0500
436.92,	5.0500
437.56,	5.0500
438.20,	5.0500
438.84,	5.0400
439.47,	5.0400
440.11,	5.0300
440.75,	5.0300
441.39,	5.0200
442.03,	5.0100
442.67,	5.0000
443.31,	5.0000
443.95,	4.9900
444.58,	5.0000
445.22,	5.0000
445.86,	5.0100
446.50,	5.0100
447.14,	5.0100
447.78,	5.0000
448.41,	4.9900
449.05,	4.9900
449.69,	4.9900
450.33,	4.9900
450.97,	4.9900
451.60,	4.9900
452.24,	4.9800
452.88,	4.9800
453.52,	4.9600
454.16,	4.9600
454.79,	4.9600
455.43,	4.9700
456.07,	4.9600
456.71,	4.9700
457.35,	4.9700
457.98,	4.9700
458.62,	4.9700
459.26,	4.9700
459.90,	4.9700
460.53,	4.9600
461.17,	4.9600
461.81,	4.9500
462.44,	4.9400
463.08,	4.9400
463.72,	4.9300
464.36,	4.9300
464.99,	4.9300
465.63,	4.9200
466.27,	4.9100
466.90,	4.9000
467.54,	4.9000
468.18,	4.8900
468.81,	4.8900
469.45,	4.8900
470.09,	4.8900
470.72,	4.8900
471.36,	4.8900
472.00,	4.8900
472.63,	4.8800
473.27,	4.8800
473.91,	4.8700
474.54,	4.8700
475.18,	4.8700
475.82,	4.8700
476.45,	4.8600
477.09,	4.8600
477.73,	4.8500
478.36,	4.8400
479.00,	4.8300
479.63,	4.8200
480.27,	4.8100
480.91,	4.8100
481.54,	4.8000
482.18,	4.8000
482.81,	4.7900
483.45,	4.7800
484.08,	4.7800
484.72,	4.7700
485.36,	4.7600
485.99,	4.7700
486.63,	4.7600
487.26,	4.7600
487.90,	4.7600
488.53,	4.7600
489.17,	4.7600
489.80,	4.7600
490.44,	4.7500
491.07,	4.7500
491.71,	4.7500
492.34,	4.7500
492.98,	4.7500
493.62,	4.7500
494.25,	4.7400
494.89,	4.7400
495.52,	4.7300
496.15,	4.7200
496.79,	4.7200
497.42,	4.7000
498.06,	4.6800
498.69,	4.6700
499.33,	4.6500
499.96,	4.6500
500.60,	4.6500
501.23,	4.6600
501.87,	4.6600
502.50,	4.6500
503.14,	4.6400
503.77,	4.6400
504.40,	4.6400
505.04,	4.6400
505.67,	4.6400
506.31,	4.6400
506.94,	4.6400
507.57,	4.6300
508.21,	4.6300
508.84,	4.6300
509.48,	4.6300
510.11,	4.6300
510.74,	4.6300
511.38,	4.6300
512.01,	4.6200
512.65,	4.6200
513.28,	4.6200
513.91,	4.6200
514.55,	4.6100
515.18,	4.6100
515.81,	4.6100
516.45,	4.6100
517.08,	4.6100
517.71,	4.6100
518.35,	4.6100
518.98,	4.6100
519.61,	4.6100
520.25,	4.6000
520.88,	4.6000
521.51,	4.6000
522.15,	4.6000
522.78,	4.6000
523.41,	4.6000
524.04,	4.5800
524.68,	4.5700
525.31,	4.5600
525.94,	4.5600
526.58,	4.5500
527.21,	4.5500
527.84,	4.5400
528.47,	4.5300
529.11,	4.5300
529.74,	4.5300
530.37,	4.5200
531.00,	4.5200
531.64,	4.5200
532.27,	4.5200
532.90,	4.5200
533.53,	4.5200
534.17,	4.5200
534.80,	4.5200
535.43,	4.5200
536.06,	4.5200
536.69,	4.5100
537.33,	4.5100
537.96,	4.5100
538.59,	4.5000
539.22,	4.5000
539.85,	4.4900
540.48,	4.4800
541.12,	4.4700
541.75,	4.4700
542.38,	4.4600
543.01,	4.4600
543.64,	4.4500
544.27,	4.4400
544.91,	4.4200
545.54,	4.4100
546.17,	4.4100
546.80,	4.4000
547.43,	4.4000
548.06,	4.3900
548.69,	4.3900
549.32,	4.3900
549.95,	4.3900
550.59,	4.3900
551.22,	4.3800
551.85,	4.3800
552.48,	4.3800
553.11,	4.3800
553.74,	4.3700
554.37,	4.3700
555.00,	4.3700
555.63,	4.3700
556.26,	4.3500
556.89,	4.3300
557.52,	4.3000
558.15,	4.2900
558.78,	4.2800
559.42,	4.2700
560.05,	4.2500
560.68,	4.2400
561.31,	4.2400
561.94,	4.2400
562.57,	4.2400
563.20,	4.2400
563.83,	4.2300
564.46,	4.2200
565.09,	4.2100
565.72,	4.2100
566.35,	4.2000
566.98,	4.2000
567.61,	4.2000
568.24,	4.1900
568.87,	4.1900
569.50,	4.1900
570.12,	4.2000
570.75,	4.2000
571.38,	4.2000
572.01,	4.2000
572.64,	4.1900
573.27,	4.1900
573.90,	4.1900
574.53,	4.1900
575.16,	4.2000
575.79,	4.2000
576.42,	4.2000
577.05,	4.1900
577.68,	4.2000
578.31,	4.2000
578.93,	4.2000
579.56,	4.2000
580.19,	4.2000
580.82,	4.2000
581.45,	4.2000
582.08,	4.1900
582.71,	4.1900
583.34,	4.1900
583.97,	4.1900
584.59,	4.1900
585.22,	4.1800
585.85,	4.1800
586.48,	4.1700
587.11,	4.1500
587.74,	4.1300
588.36,	4.1200
588.99,	4.1200
589.62,	4.1200
590.25,	4.1100
590.88,	4.1100
591.50,	4.1000
592.13,	4.0800
592.76,	4.0800
593.39,	4.0700
594.02,	4.0700
594.64,	4.0700
595.27,	4.0600
595.90,	4.0600
596.53,	4.0600
597.16,	4.0700
597.78,	4.0700
598.41,	4.0700
599.04,	4.0600
599.67,	4.0600
600.29,	4.0600
600.92,	4.0600
601.55,	4.0600
602.18,	4.0500
602.80,	4.0500
603.43,	4.0500
604.06,	4.0500
604.68,	4.0500
605.31,	4.0400
605.94,	4.0400
606.57,	4.0400
607.19,	4.0400
607.82,	4.0300
608.45,	4.0400
609.07,	4.0400
609.70,	4.0300
610.33,	4.0400
610.95,	4.0400
611.58,	4.0400
612.21,	4.0400
612.83,	4.0400
613.46,	4.0400
614.09,	4.0400
614.71,	4.0500
615.34,	4.0500
615.97,	4.0500
616.59,	4.0500
617.22,	4.0700
617.84,	4.0800
618.47,	4.0800
619.10,	4.0900
619.72,	4.1000
620.35,	4.1000
620.97,	4.1000
621.60,	4.1000
622.23,	4.1000
622.85,	4.1000
623.48,	4.1000
624.10,	4.0900
624.73,	4.0900
625.35,	4.0900
625.98,	4.0900
626.61,	4.0900
627.23,	4.0900
627.86,	4.0900
628.48,	4.0900
629.11,	4.0900
629.73,	4.0900
630.36,	4.0800
630.98,	4.0800
631.61,	4.0800
632.23,	4.0800
632.86,	4.0800
633.48,	4.0800
634.11,	4.0800
634.73,	4.0700
635.36,	4.0600
635.98,	4.0700
636.61,	4.0700
637.23,	4.0600
637.86,	4.0500
638.48,	4.0500
639.11,	4.0500
639.73,	4.0500
640.36,	4.0500
640.98,	4.0400
641.61,	4.0400
642.23,	4.0400
642.85,	4.0400
643.48,	4.0500
644.10,	4.0400
644.73,	4.0300
645.35,	4.0300
645.98,	4.0300
646.60,	4.0300
647.22,	4.0300
647.85,	4.0300
648.47,	4.0300
649.10,	4.0300
649.72,	4.0300
650.34,	4.0200
650.97,	4.0200
651.59,	4.0200
652.22,	4.0200
652.84,	4.0200
653.46,	4.0200
654.09,	4.0200
654.71,	4.0200
655.33,	4.0200
655.96,	4.0100
656.58,	4.0100
657.20,	4.0100
657.83,	4.0000
658.45,	4.0100
659.07,	4.0000
659.70,	4.0000
660.32,	4.0000
660.94,	4.0000
661.57,	3.9900
662.19,	3.9800
662.81,	3.9800
663.43,	3.9800
664.06,	3.9800
664.68,	3.9800
665.30,	3.9700
665.93,	3.9700
666.55,	3.9600
667.17,	3.9400
667.79,	3.9300
668.42,	3.9100
669.04,	3.9100
669.66,	3.9000
670.28,	3.8900
670.91,	3.8900
671.53,	3.8900
672.15,	3.8800
672.77,	3.8800
673.39,	3.8800
674.02,	3.8800
674.64,	3.8800
675.26,	3.8800
675.88,	3.8800
676.50,	3.8800
677.13,	3.8800
677.75,	3.8700
678.37,	3.8700
678.99,	3.8700
679.61,	3.8600
680.24,	3.8600
680.86,	3.8600
681.48,	3.8600
682.10,	3.8600
682.72,	3.8600
683.34,	3.8500
683.96,	3.8500
684.59,	3.8500
685.21,	3.8500
685.83,	3.8400
686.45,	3.8300
687.07,	3.8300
687.69,	3.8300
688.31,	3.8200
688.93,	3.8200
689.56,	3.8100
690.18,	3.8100
690.80,	3.8100
691.42,	3.8000
692.04,	3.8000
692.66,	3.8000
693.28,	3.7900
693.90,	3.7900
694.52,	3.7900
695.14,	3.7900
695.76,	3.7900
696.38,	3.7800
697.00,	3.7800
697.62,	3.7800
698.25,	3.7700
698.87,	3.7700
699.49,	3.7700
700.11,	3.7600
700.73,	3.7600
701.35,	3.7600
701.97,	3.7500
702.59,	3.7500
703.21,	3.7500
703.83,	3.7500
704.45,	3.7500
705.07,	3.7500
705.69,	3.7500
706.31,	3.7500
706.93,	3.7500
707.55,	3.7500
708.17,	3.7500
708.79,	3.7500
709.40,	3.7500
710.02,	3.7400
710.64,	3.7500
711.26,	3.7400
711.88,	3.7400
712.50,	3.7400
713.12,	3.7500
713.74,	3.7500
714.36,	3.7500
714.98,	3.7400
715.60,	3.7400
716.22,	3.7400
716.84,	3.7400
717.45,	3.7400
718.07,	3.7300
718.69,	3.7300
719.31,	3.7300
719.93,	3.7300
720.55,	3.7300
721.17,	3.7300
721.79,	3.7300
722.41,	3.7300
723.02,	3.7200
723.64,	3.7200
724.26,	3.7200
724.88,	3.7200
725.50,	3.7200
726.12,	3.7200
726.73,	3.7100
727.35,	3.7100
727.97,	3.7100
728.59,	3.7100
729.21,	3.7000
729.83,	3.7000
730.44,	3.6900
731.06,	3.6900
731.68,	3.6900
732.30,	3.6900
732.92,	3.6800
733.53,	3.6800
734.15,	3.6800
734.77,	3.6800
735.39,	3.6800
736.00,	3.6800
736.62,	3.6800
737.24,	3.6700
737.86,	3.6700
738.47,	3.6700
739.09,	3.6600
739.71,	3.6600
740.33,	3.6600
740.94,	3.6700
741.56,	3.6700
742.18,	3.6600
742.79,	3.6700
743.41,	3.6600
744.03,	3.6600
744.65,	3.6600
745.26,	3.6600
745.88,	3.6500
746.50,	3.6500
747.11,	3.6500
747.73,	3.6500
748.35,	3.6500
748.96,	3.6500
749.58,	3.6500
750.20,	3.6400
750.81,	3.6400
751.43,	3.6500
752.05,	3.6500
752.66,	3.6500
753.28,	3.6400
753.90,	3.6500
754.51,	3.6400
755.13,	3.6400
755.74,	3.6500
756.36,	3.6500
756.98,	3.6500
757.59,	3.6400
758.21,	3.6400
758.82,	3.6400
759.44,	3.6400
760.06,	3.6400
760.67,	3.6300
761.29,	3.6300
761.90,	3.6300
762.52,	3.6300
763.14,	3.6200
763.75,	3.6200
764.37,	3.6200
764.98,	3.6200
765.60,	3.6200
766.21,	3.6100
766.83,	3.6100
767.44,	3.6100
768.06,	3.6100
768.67,	3.6100
769.29,	3.6100
769.90,	3.6000
770.52,	3.6000
771.14,	3.6100
771.75,	3.6100
772.37,	3.6000
772.98,	3.6000
773.59,	3.6000
774.21,	3.6000
774.82,	3.6000
775.44,	3.6100
776.05,	3.6000
776.67,	3.6000
777.28,	3.6000
777.90,	3.6000
778.51,	3.5900
779.13,	3.5900
779.74,	3.5900
780.36,	3.5900
780.97,	3.5900
781.58,	3.5800
782.20,	3.5800
782.81,	3.5800
783.43,	3.5800
784.04,	3.5800
784.66,	3.5800
785.27,	3.5700
785.88,	3.5700
786.50,	3.5600
787.11,	3.5600
787.73,	3.5600
788.34,	3.5500
788.95,	3.5400
789.57,	3.5400
790.18,	3.5300
790.79,	3.5300
791.41,	3.5300
792.02,	3.5300
792.63,	3.5300
793.25,	3.5200
793.86,	3.5200
794.47,	3.5200
795.09,	3.5100
795.70,	3.5100
796.31,	3.5100
796.93,	3.5000
797.54,	3.5000
798.15,	3.5000
798.77,	3.4900
799.38,	3.5000
799.99,	3.5000
800.61,	3.5000
801.22,	3.5000
801.83,	3.5000
802.44,	3.5000
803.06,	3.4900
803.67,	3.4900
804.28,	3.4800
804.90,	3.4800
805.51,	3.4800
806.12,	3.4700
806.73,	3.4600
807.34,	3.4500
807.96,	3.4500
808.57,	3.4500
809.18,	3.4400
809.79,	3.4400
810.41,	3.4400
811.02,	3.4500
811.63,	3.4400
812.24,	3.4300
812.85,	3.4300
813.47,	3.4200
814.08,	3.4200
814.69,	3.4200
815.30,	3.4200
815.91,	3.4100
816.53,	3.4100
817.14,	3.4100
817.75,	3.4100
818.36,	3.4100
818.97,	3.4100
819.58,	3.4100
820.20,	3.4100
820.81,	3.4100
821.42,	3.4000
822.03,	3.4000
822.64,	3.4100
823.25,	3.4000
823.86,	3.4000
824.47,	3.4000
825.09,	3.4000
825.70,	3.4000
826.31,	3.3900
826.92,	3.3900
827.53,	3.3900
828.14,	3.3800
828.75,	3.3800
829.36,	3.3800
829.97,	3.3800
830.58,	3.3700
831.19,	3.3700
831.80,	3.3700
832.42,	3.3700
833.03,	3.3700
833.64,	3.3700
834.25,	3.3700
834.86,	3.3700
835.47,	3.3700
836.08,	3.3700
836.69,	3.3700
837.30,	3.3800
837.91,	3.3700
838.52,	3.3700
839.13,	3.3700
839.74,	3.3700
840.35,	3.3600
840.96,	3.3600
841.57,	3.3700
842.18,	3.3600
842.79,	3.3600
843.40,	3.3600
844.01,	3.3600
844.62,	3.3700
845.23,	3.3700
845.84,	3.3700
846.45,	3.3700
847.06,	3.3600
847.67,	3.3600
848.27,	3.3600
848.88,	3.3600
849.49,	3.3600
850.10,	3.3500
850.71,	3.3500
851.32,	3.3500
851.93,	3.3500
852.54,	3.3500
853.15,	3.3500
853.76,	3.3500
854.37,	3.3500
854.98,	3.3500
855.58,	3.3500
856.19,	3.3500
856.80,	3.3500
857.41,	3.3400
858.02,	3.3400
858.63,	3.3500
859.24,	3.3400
859.85,	3.3400
860.45,	3.3400
861.06,	3.3400
861.67,	3.3400
862.28,	3.3400
862.89,	3.3400
863.50,	3.3400
864.10,	3.3400
864.71,	3.3400
865.32,	3.3400
865.93,	3.3400
866.54,	3.3300
867.14,	3.3300
867.75,	3.3300
868.36,	3.3300
868.97,	3.3300
869.58,	3.3300
870.18,	3.3200
870.79,	3.3200
871.40,	3.3100
872.01,	3.3100
872.61,	3.3100
873.22,	3.3100
873.83,	3.3000
874.44,	3.3000
875.04,	3.3000
875.65,	3.3000
876.26,	3.3000
876.87,	3.3000
877.47,	3.3000
878.08,	3.3000
878.69,	3.3000
879.29,	3.3000
879.90,	3.3000
880.51,	3.3000
881.12,	3.3000
881.72,	3.3000
882.33,	3.3000
882.94,	3.3000
883.54,	3.3000
884.15,	3.3000
884.76,	3.2900
885.36,	3.3000
885.97,	3.3000
886.58,	3.2900
887.18,	3.2900
887.79,	3.2900
888.40,	3.2900
889.00,	3.2900
889.61,	3.2800
890.22,	3.2800
890.82,	3.2800
891.43,	3.2700
892.03,	3.2700
892.64,	3.2700
893.25,	3.2600
893.85,	3.2600
894.46,	3.2600
895.06,	3.2600
895.67,	3.2500
896.28,	3.2400
896.88,	3.2400
897.49,	3.2400
898.09,	3.2400
898.70,	3.2400
899.30,	3.2400
899.91,	3.2400
900.52,	3.2400
901.12,	3.2400
901.73,	3.2400
902.33,	3.2400
902.94,	3.2400
903.54,	3.2300
904.15,	3.2400
904.75,	3.2400
905.36,	3.2400
905.96,	3.2300
906.57,	3.2300
907.17,	3.2300
907.78,	3.2300
908.38,	3.2300
908.99,	3.2200
909.59,	3.2200
910.20,	3.2200
910.80,	3.2200
911.41,	3.2200
912.01,	3.2200
912.62,	3.2200
913.22,	3.2200
913.83,	3.2200
914.43,	3.6500
915.03,	8.2500
915.64,	15.2900
916.24,	17.9200
916.85,	19.3400
917.45,	20.4200
918.06,	21.2600
918.66,	21.9600
919.26,	22.5700
919.87,	23.6200
920.47,	35.5000
921.08,	35.5000
921.68,	35.5000
922.28,	35.5000
922.89,	35.5000
923.49,	35.5000
924.10,	35.5000
924.70,	35.5000
925.30,	35.5000
925.91,	35.5000
926.51,	35.5000
927.11,	35.5000
927.72,	35.5000
928.32,	35.5000
928.92,	35.5000
929.53,	35.5000
930.13,	35.5000
930.74,	35.5000
931.34,	35.5000
931.94,	35.5000
932.54,	35.5000
933.15,	35.5000
933.75,	35.5000
934.35,	35.5000
934.96,	35.5000
935.56,	35.5000
936.16,	35.5000
936.77,	35.5000
937.37,	35.5000
937.97,	35.5000
938.57,	35.5000
939.18,	35.5000
939.78,	35.5000
940.38,	35.5000
940.98,	35.5000
941.59,	35.5000
942.19,	35.5000
942.79,	35.5000
943.39,	35.5000
944.00,	35.5000
944.60,	35.5000
945.20,	35.5000
945.80,	35.5000
946.40,	35.5000
947.01,	35.5000
947.61,	35.5000
948.21,	35.5000
948.81,	35.5000
949.41,	35.5000
950.02,	35.5000
950.62,	35.5000
951.22,	35.5000
951.82,	35.5000
952.42,	35.5000
953.02,	35.5000
953.63,	35.5000
954.23,	35.5000
954.83,	35.5000
955.43,	35.5000
956.03,	35.5000
956.63,	35.5000
957.24,	35.5000
957.84,	35.5000
958.44,	35.5000
959.04,	35.5000
959.64,	35.5000
960.24,	35.5000
960.84,	35.5000
961.44,	35.5000
962.04,	35.5000
962.64,	35.5000
963.25,	35.5000
963.85,	35.5000
964.45,	35.5000
965.05,	35.5000
965.65,	35.5000
966.25,	35.5000
966.85,	35.5000
967.45,	35.5000
968.05,	35.5000
968.65,	35.5000
969.25,	35.5000
969.85,	35.5000
970.45,	35.5000
971.05,	35.5000
971.65,	35.5000
972.25,	-2.5200
972.85,	-2.5200
973.45,	-2.5200
974.05,	-2.5200
974.65,	-2.5200
975.25,	-2.5200
975.85,	-2.5200
976.45,	-2.5200
977.05,	-2.5200
977.65,	-2.5200
978.25,	-2.5200
978.85,	-2.5200
979.45,	-2.5200
980.05,	-2.5200
980.65,	-2.5200
981.25,	-2.5200
981.85,	-2.5200
982.45,	-2.5200
983.05,	-2.5200
983.65,	-2.5200
984.25,	-2.5200
984.85,	-2.5200
985.45,	-2.5200
986.04,	-2.5200
986.64,	-2.5200
987.24,	-2.5200
987.84,	-2.5200
988.44,	-2.5200
989.04,	-2.5200
989.64,	-2.5200
990.24,	-2.5200
990.84,	-2.5200
991.44,	-2.5200
992.03,	-2.5200
992.63,	-2.5200
993.23,	-2.5200
993.83,	-2.5200
994.43,	-2.5200
995.03,	-2.5200
995.63,	-2.5200
996.22,	-2.5200
996.82,	-2.5200
997.42,	-2.5200
998.02,	-2.5200
998.62,	-2.5200
999.21,	-2.5200
999.81,	-2.5200
1000.41,	-2.5200
