Call Sign = ZSDA,	Ship Name = SA Agulhas,	Lloyds Num = 0
Date = 02/05/2017,	Time = 21:06,	
Latitude = 36 26.55  S,	Longitude = 013 09.14  E
Instr = Sippican Deep Blue,	Card Type = Sippican MK-21,	
Wind Instr = ,	Measur Method = 
Probe Serial Num = -1,	Ship Dir = -1,	Ship Speed = -1.00
Wind Dir = 205,	Wind Speed = 15.40
Dry Bulb Temp = 16.20,	Total Water Depth = -1.00

Full Resolution Values
Depth,	 Temp
0.67,	20.3800
1.34,	20.5100
2.01,	20.5300
2.68,	20.5300
3.34,	20.5300
4.01,	20.5000
4.68,	20.4400
5.35,	20.3900
6.02,	20.3000
6.69,	20.2500
7.36,	20.2200
8.03,	20.2100
8.69,	20.2000
9.36,	20.1800
10.03,	20.1800
10.70,	20.1800
11.37,	20.1700
12.04,	20.1700
12.70,	20.1600
13.37,	20.1600
14.04,	20.1500
14.71,	20.1500
15.38,	20.1400
16.05,	20.1400
16.71,	20.1400
17.38,	20.1300
18.05,	20.1200
18.72,	20.1300
19.38,	20.1200
20.05,	20.1200
20.72,	20.1100
21.39,	20.1000
22.06,	20.1100
22.72,	20.1100
23.39,	20.1000
24.06,	20.1000
24.73,	20.1000
25.39,	20.0900
26.06,	20.0900
26.73,	20.0900
27.40,	20.0900
28.06,	20.0900
28.73,	20.0900
29.40,	20.1000
30.06,	20.0900
30.73,	20.0900
31.40,	20.0900
32.06,	20.0800
32.73,	20.0800
33.40,	20.0800
34.07,	20.0800
34.73,	20.0800
35.40,	20.0800
36.07,	20.0800
36.73,	20.0800
37.40,	20.0900
38.07,	20.0800
38.73,	20.0700
39.40,	20.0800
40.06,	20.0800
40.73,	20.0800
41.40,	20.0800
42.06,	20.0800
42.73,	20.0800
43.40,	20.0800
44.06,	20.0800
44.73,	20.0800
45.39,	20.0700
46.06,	20.0800
46.73,	20.0800
47.39,	20.0700
48.06,	20.0700
48.72,	20.0800
49.39,	20.0700
50.06,	20.0700
50.72,	20.0700
51.39,	20.0700
52.05,	20.0600
52.72,	20.0700
53.38,	20.0800
54.05,	20.0700
54.71,	20.0600
55.38,	20.0600
56.05,	20.0600
56.71,	20.0600
57.38,	20.0600
58.04,	20.0600
58.71,	20.0500
59.37,	20.0500
60.04,	20.0500
60.70,	20.0500
61.37,	20.0500
62.03,	20.0400
62.70,	20.0300
63.36,	20.0200
64.03,	20.0100
64.69,	20.0000
65.36,	19.9800
66.02,	19.9500
66.69,	19.9100
67.35,	19.8700
68.01,	19.8200
68.68,	19.7600
69.34,	19.7200
70.01,	19.7000
70.67,	19.6600
71.34,	19.5900
72.00,	19.5100
72.66,	19.4500
73.33,	19.4100
73.99,	19.3800
74.66,	19.3600
75.32,	19.3200
75.98,	19.2700
76.65,	19.2300
77.31,	19.2000
77.98,	19.1500
78.64,	19.1100
79.30,	19.0700
79.97,	19.0400
80.63,	19.0100
81.30,	18.9900
81.96,	18.9400
82.62,	18.8600
83.29,	18.7800
83.95,	18.7300
84.61,	18.6900
85.28,	18.6800
85.94,	18.6700
86.60,	18.6600
87.27,	18.6500
87.93,	18.6300
88.59,	18.6300
89.26,	18.6100
89.92,	18.6100
90.58,	18.6000
91.24,	18.6000
91.91,	18.5900
92.57,	18.5900
93.23,	18.5800
93.90,	18.5500
94.56,	18.5400
95.22,	18.5200
95.88,	18.5000
96.55,	18.4700
97.21,	18.4300
97.87,	18.3900
98.53,	18.3700
99.20,	18.3500
99.86,	18.3400
100.52,	18.3200
101.18,	18.3100
101.85,	18.3000
102.51,	18.2800
103.17,	18.2500
103.83,	18.2200
104.49,	18.2000
105.16,	18.1700
105.82,	18.1700
106.48,	18.1700
107.14,	18.1800
107.80,	18.1700
108.47,	18.1700
109.13,	18.1700
109.79,	18.1600
110.45,	18.1500
111.11,	18.1200
111.77,	18.0900
112.44,	18.0500
113.10,	18.0200
113.76,	17.9900
114.42,	17.9900
115.08,	17.9800
115.74,	17.9500
116.40,	17.9000
117.06,	17.8900
117.73,	17.8900
118.39,	17.8600
119.05,	17.8400
119.71,	17.8200
120.37,	17.8000
121.03,	17.7900
121.69,	17.7900
122.35,	17.7900
123.01,	17.7700
123.67,	17.7500
124.33,	17.7500
125.00,	17.7400
125.66,	17.7300
126.32,	17.7200
126.98,	17.7100
127.64,	17.7100
128.30,	17.7200
128.96,	17.7100
129.62,	17.7000
130.28,	17.7000
130.94,	17.7000
131.60,	17.7000
132.26,	17.7000
132.92,	17.6900
133.58,	17.6600
134.24,	17.6400
134.90,	17.6300
135.56,	17.6300
136.22,	17.6300
136.88,	17.6200
137.54,	17.6200
138.20,	17.6100
138.86,	17.6000
139.52,	17.6000
140.18,	17.6000
140.84,	17.5900
141.50,	17.5900
142.16,	17.5900
142.82,	17.5900
143.48,	17.5800
144.14,	17.5800
144.79,	17.5800
145.45,	17.5800
146.11,	17.5900
146.77,	17.5900
147.43,	17.5900
148.09,	17.5800
148.75,	17.5500
149.41,	17.5400
150.07,	17.5300
150.73,	17.5100
151.39,	17.5100
152.04,	17.5200
152.70,	17.5300
153.36,	17.5500
154.02,	17.5600
154.68,	17.5600
155.34,	17.5800
156.00,	17.5800
156.65,	17.5800
157.31,	17.5800
157.97,	17.5700
158.63,	17.5600
159.29,	17.5500
159.95,	17.5500
160.60,	17.5400
161.26,	17.5400
161.92,	17.5400
162.58,	17.5500
163.24,	17.5500
163.90,	17.5400
164.55,	17.5300
165.21,	17.5300
165.87,	17.5300
166.53,	17.5300
167.18,	17.5300
167.84,	17.5100
168.50,	17.4900
169.16,	17.4900
169.82,	17.4900
170.47,	17.4800
171.13,	17.4800
171.79,	17.4800
172.44,	17.4800
173.10,	17.4800
173.76,	17.4700
174.42,	17.4700
175.07,	17.4700
175.73,	17.4600
176.39,	17.4500
177.05,	17.4600
177.70,	17.4600
178.36,	17.4500
179.02,	17.4600
179.67,	17.4500
180.33,	17.4500
180.99,	17.4500
181.64,	17.4400
182.30,	17.4400
182.96,	17.4400
183.61,	17.4500
184.27,	17.4500
184.93,	17.4400
185.58,	17.4400
186.24,	17.4400
186.90,	17.4400
187.55,	17.4400
188.21,	17.4400
188.87,	17.4200
189.52,	17.4200
190.18,	17.4300
190.83,	17.4200
191.49,	17.4200
192.15,	17.4300
192.80,	17.4300
193.46,	17.4200
194.11,	17.4200
194.77,	17.4200
195.43,	17.4200
196.08,	17.4200
196.74,	17.4200
197.39,	17.4200
198.05,	17.4100
198.70,	17.4100
199.36,	17.4100
200.02,	17.4100
200.67,	17.4100
201.33,	17.4100
201.98,	17.4000
202.64,	17.4000
203.29,	17.4100
203.95,	17.4000
204.60,	17.4000
205.26,	17.4000
205.91,	17.4000
206.57,	17.3900
207.22,	17.4000
207.88,	17.4000
208.53,	17.4000
209.19,	17.4000
209.84,	17.3900
210.50,	17.4000
211.15,	17.4000
211.81,	17.4000
212.46,	17.4000
213.12,	17.4000
213.77,	17.4000
214.43,	17.4000
215.08,	17.3900
215.74,	17.4000
216.39,	17.4000
217.04,	17.4000
217.70,	17.3900
218.35,	17.3900
219.01,	17.3900
219.66,	17.3800
220.32,	17.3800
220.97,	17.3800
221.62,	17.3800
222.28,	17.3700
222.93,	17.3800
223.59,	17.3700
224.24,	17.3600
224.89,	17.3700
225.55,	17.3700
226.20,	17.3700
226.85,	17.3700
227.51,	17.3700
228.16,	17.3700
228.81,	17.3700
229.47,	17.3700
230.12,	17.3600
230.78,	17.3600
231.43,	17.3500
232.08,	17.3500
232.74,	17.3500
233.39,	17.3500
234.04,	17.3500
234.69,	17.3500
235.35,	17.3400
236.00,	17.3300
236.65,	17.3300
237.31,	17.3300
237.96,	17.3200
238.61,	17.3100
239.27,	17.3100
239.92,	17.3100
240.57,	17.3100
241.22,	17.3000
241.88,	17.2900
242.53,	17.3000
243.18,	17.2900
243.83,	17.2800
244.49,	17.2700
245.14,	17.2700
245.79,	17.2700
246.44,	17.2800
247.10,	17.2700
247.75,	17.2600
248.40,	17.2600
249.05,	17.2600
249.70,	17.2600
250.36,	17.2600
251.01,	17.2500
251.66,	17.2400
252.31,	17.2200
252.96,	17.2300
253.62,	17.2300
254.27,	17.2300
254.92,	17.2300
255.57,	17.2100
256.22,	17.2000
256.88,	17.2000
257.53,	17.1900
258.18,	17.1900
258.83,	17.1800
259.48,	17.1700
260.13,	17.1700
260.78,	17.1800
261.44,	17.1700
262.09,	17.1600
262.74,	17.1600
263.39,	17.1300
264.04,	17.1200
264.69,	17.1100
265.34,	17.0800
265.99,	17.0700
266.64,	17.0600
267.29,	17.0600
267.95,	17.0400
268.60,	17.0100
269.25,	17.0100
269.90,	17.0100
270.55,	17.0000
271.20,	17.0000
271.85,	17.0000
272.50,	16.9800
273.15,	16.9400
273.80,	16.9100
274.45,	16.9000
275.10,	16.8900
275.75,	16.8700
276.40,	16.8400
277.05,	16.8200
277.70,	16.8000
278.35,	16.7900
279.00,	16.7800
279.65,	16.7800
280.30,	16.7800
280.95,	16.7700
281.60,	16.7300
282.25,	16.7200
282.90,	16.7100
283.55,	16.7200
284.20,	16.7100
284.85,	16.7000
285.50,	16.6800
286.15,	16.6500
286.80,	16.6400
287.45,	16.6100
288.10,	16.5800
288.75,	16.5500
289.40,	16.5300
290.05,	16.5300
290.70,	16.5200
291.35,	16.5100
292.00,	16.5000
292.64,	16.4900
293.29,	16.4900
293.94,	16.4800
294.59,	16.4400
295.24,	16.4200
295.89,	16.4000
296.54,	16.3900
297.19,	16.3900
297.84,	16.3800
298.49,	16.3500
299.13,	16.3400
299.78,	16.3200
300.43,	16.3000
301.08,	16.2500
301.73,	16.2200
302.38,	16.2100
303.02,	16.2000
303.67,	16.1900
304.32,	16.1800
304.97,	16.1500
305.62,	16.1300
306.27,	16.1100
306.91,	16.1000
307.56,	16.1000
308.21,	16.1000
308.86,	16.0700
309.51,	16.0600
310.15,	16.0500
310.80,	16.0500
311.45,	16.0300
312.10,	16.0100
312.75,	16.0100
313.39,	16.0200
314.04,	16.0200
314.69,	16.0100
315.34,	16.0100
315.98,	16.0000
316.63,	16.0000
317.28,	15.9900
317.93,	15.9800
318.57,	15.9700
319.22,	15.9600
319.87,	15.9700
320.52,	15.9500
321.16,	15.9400
321.81,	15.9300
322.46,	15.9100
323.10,	15.8700
323.75,	15.8200
324.40,	15.7800
325.04,	15.7500
325.69,	15.7300
326.34,	15.7300
326.99,	15.7200
327.63,	15.7000
328.28,	15.6800
328.93,	15.6700
329.57,	15.6400
330.22,	15.6200
330.86,	15.6100
331.51,	15.6000
332.16,	15.6000
332.80,	15.5900
333.45,	15.5600
334.10,	15.5300
334.74,	15.5100
335.39,	15.4900
336.03,	15.4800
336.68,	15.4600
337.33,	15.4500
337.97,	15.4400
338.62,	15.4200
339.26,	15.4200
339.91,	15.4100
340.56,	15.3900
341.20,	15.3700
341.85,	15.3600
342.49,	15.3600
343.14,	15.3600
343.78,	15.3400
344.43,	15.3100
345.08,	15.2900
345.72,	15.2700
346.37,	15.2600
347.01,	15.2500
347.66,	15.2200
348.30,	15.2000
348.95,	15.1900
349.59,	15.1900
350.24,	15.1800
350.88,	15.1700
351.53,	15.1600
352.17,	15.1500
352.82,	15.1400
353.46,	15.1400
354.11,	15.1400
354.75,	15.1500
355.40,	15.1400
356.04,	15.1500
356.69,	15.1500
357.33,	15.1700
357.98,	15.1800
358.62,	15.1800
359.27,	15.1600
359.91,	15.1600
360.55,	15.1600
361.20,	15.1700
361.84,	15.1700
362.49,	15.1600
363.13,	15.1500
363.78,	15.1400
364.42,	15.1300
365.06,	15.1400
365.71,	15.1400
366.35,	15.1400
367.00,	15.1500
367.64,	15.1400
368.28,	15.1300
368.93,	15.1300
369.57,	15.1300
370.22,	15.1200
370.86,	15.1000
371.50,	15.1000
372.15,	15.0800
372.79,	15.0600
373.43,	15.0400
374.08,	15.0300
374.72,	15.0300
375.36,	15.0200
376.01,	15.0200
376.65,	15.0100
377.29,	15.0000
377.94,	14.9800
378.58,	14.9600
379.22,	14.9500
379.87,	14.9500
380.51,	14.9400
381.15,	14.9400
381.79,	14.9200
382.44,	14.9200
383.08,	14.9100
383.72,	14.9000
384.37,	14.8900
385.01,	14.8500
385.65,	14.8300
386.29,	14.8200
386.94,	14.8200
387.58,	14.8200
388.22,	14.8200
388.86,	14.8300
389.51,	14.8200
390.15,	14.8200
390.79,	14.8200
391.43,	14.8000
392.08,	14.7900
392.72,	14.8000
393.36,	14.8100
394.00,	14.8100
394.64,	14.8100
395.29,	14.8000
395.93,	14.8000
396.57,	14.7800
397.21,	14.7700
397.85,	14.7600
398.50,	14.7600
399.14,	14.7500
399.78,	14.7500
400.42,	14.7500
401.06,	14.7400
401.70,	14.7400
402.34,	14.7300
402.99,	14.7300
403.63,	14.7100
404.27,	14.7000
404.91,	14.6800
405.55,	14.6700
406.19,	14.6500
406.83,	14.6400
407.48,	14.6200
408.12,	14.6100
408.76,	14.6100
409.40,	14.6000
410.04,	14.5900
410.68,	14.5900
411.32,	14.5800
411.96,	14.5800
412.60,	14.5600
413.24,	14.5400
413.88,	14.5300
414.52,	14.5300
415.17,	14.5200
415.81,	14.5100
416.45,	14.5000
417.09,	14.4900
417.73,	14.4800
418.37,	14.4500
419.01,	14.4300
419.65,	14.4200
420.29,	14.4200
420.93,	14.4100
421.57,	14.4100
422.21,	14.4100
422.85,	14.4100
423.49,	14.3900
424.13,	14.3700
424.77,	14.3500
425.41,	14.3400
426.05,	14.3400
426.69,	14.3200
427.33,	14.2900
427.97,	14.2800
428.61,	14.2700
429.25,	14.2600
429.89,	14.2300
430.53,	14.2200
431.17,	14.2100
431.80,	14.1900
432.44,	14.1800
433.08,	14.1700
433.72,	14.1600
434.36,	14.1600
435.00,	14.1500
435.64,	14.1400
436.28,	14.1400
436.92,	14.1400
437.56,	14.1400
438.20,	14.1400
438.84,	14.1400
439.47,	14.1300
440.11,	14.1200
440.75,	14.1200
441.39,	14.1100
442.03,	14.1100
442.67,	14.1000
443.31,	14.0700
443.95,	14.0400
444.58,	14.0300
445.22,	14.0100
445.86,	14.0000
446.50,	14.0000
447.14,	14.0000
447.78,	14.0000
448.41,	14.0000
449.05,	13.9900
449.69,	13.9700
450.33,	13.9400
450.97,	13.9200
451.60,	13.9100
452.24,	13.8800
452.88,	13.8500
453.52,	13.8400
454.16,	13.8300
454.79,	13.8300
455.43,	13.8100
456.07,	13.8000
456.71,	13.7900
457.35,	13.7700
457.98,	13.7600
458.62,	13.7500
459.26,	13.7500
459.90,	13.7400
460.53,	13.7300
461.17,	13.7200
461.81,	13.7200
462.44,	13.7300
463.08,	13.7300
463.72,	13.7200
464.36,	13.7200
464.99,	13.7300
465.63,	13.7300
466.27,	13.7200
466.90,	13.7300
467.54,	13.7200
468.18,	13.7200
468.81,	13.7100
469.45,	13.6900
470.09,	13.6700
470.72,	13.6500
471.36,	13.6500
472.00,	13.6500
472.63,	13.6400
473.27,	13.6300
473.91,	13.6200
474.54,	13.6100
475.18,	13.6000
475.82,	13.5900
476.45,	13.5900
477.09,	13.5800
477.73,	13.5600
478.36,	13.5500
479.00,	13.5400
479.63,	13.5300
480.27,	13.5200
480.91,	13.5100
481.54,	13.5100
482.18,	13.5100
482.81,	13.5100
483.45,	13.4900
484.08,	13.4700
484.72,	13.4500
485.36,	13.4400
485.99,	13.4300
486.63,	13.4200
487.26,	13.4200
487.90,	13.4200
488.53,	13.4100
489.17,	13.4100
489.80,	13.4000
490.44,	13.3900
491.07,	13.3800
491.71,	13.3700
492.34,	13.3600
492.98,	13.3600
493.62,	13.3500
494.25,	13.3400
494.89,	13.3300
495.52,	13.3100
496.15,	13.3000
496.79,	13.2900
497.42,	13.3000
498.06,	13.3000
498.69,	13.2900
499.33,	13.2900
499.96,	13.2900
500.60,	13.2900
501.23,	13.2800
501.87,	13.2800
502.50,	13.2700
503.14,	13.2600
503.77,	13.2600
504.40,	13.2400
505.04,	13.2400
505.67,	13.2300
506.31,	13.2200
506.94,	13.2200
507.57,	13.2100
508.21,	13.2000
508.84,	13.1700
509.48,	13.1600
510.11,	13.1400
510.74,	13.1400
511.38,	13.1300
512.01,	13.1300
512.65,	13.1200
513.28,	13.1200
513.91,	13.1200
514.55,	13.1300
515.18,	13.1200
515.81,	13.1200
516.45,	13.1200
517.08,	13.1100
517.71,	13.1100
518.35,	13.1100
518.98,	13.1100
519.61,	13.1000
520.25,	13.0900
520.88,	13.0900
521.51,	13.0800
522.15,	13.0800
522.78,	13.0900
523.41,	13.0800
524.04,	13.0700
524.68,	13.0600
525.31,	13.0500
525.94,	13.0500
526.58,	13.0500
527.21,	13.0400
527.84,	13.0400
528.47,	13.0400
529.11,	13.0300
529.74,	13.0200
530.37,	13.0200
531.00,	13.0200
531.64,	13.0200
532.27,	13.0100
532.90,	13.0000
533.53,	13.0000
534.17,	13.0000
534.80,	13.0000
535.43,	12.9900
536.06,	12.9900
536.69,	12.9800
537.33,	12.9700
537.96,	12.9600
538.59,	12.9500
539.22,	12.9500
539.85,	12.9400
540.48,	12.9300
541.12,	12.9400
541.75,	12.9300
542.38,	12.9200
543.01,	12.9100
543.64,	12.9000
544.27,	12.8800
544.91,	12.8800
545.54,	12.8700
546.17,	12.8600
546.80,	12.8500
547.43,	12.8400
548.06,	12.8300
548.69,	12.8300
549.32,	12.8200
549.95,	12.8100
550.59,	12.8000
551.22,	12.8000
551.85,	12.7800
552.48,	12.7600
553.11,	12.7500
553.74,	12.7400
554.37,	12.7400
555.00,	12.7300
555.63,	12.7300
556.26,	12.7300
556.89,	12.7300
557.52,	12.7300
558.15,	12.7100
558.78,	12.6900
559.42,	12.6800
560.05,	12.6800
560.68,	12.6800
561.31,	12.6700
561.94,	12.6600
562.57,	12.6500
563.20,	12.6400
563.83,	12.6300
564.46,	12.6400
565.09,	12.6400
565.72,	12.6300
566.35,	12.6200
566.98,	12.6100
567.61,	12.6100
568.24,	12.6100
568.87,	12.6100
569.50,	12.6000
570.12,	12.5900
570.75,	12.5700
571.38,	12.5600
572.01,	12.5600
572.64,	12.5500
573.27,	12.5400
573.90,	12.5400
574.53,	12.5200
575.16,	12.5200
575.79,	12.5100
576.42,	12.5100
577.05,	12.5000
577.68,	12.5000
578.31,	12.4900
578.93,	12.4800
579.56,	12.4700
580.19,	12.4600
580.82,	12.4400
581.45,	12.4300
582.08,	12.4200
582.71,	12.4000
583.34,	12.4000
583.97,	12.3900
584.59,	12.3800
585.22,	12.3900
585.85,	12.3800
586.48,	12.3700
587.11,	12.3700
587.74,	12.3600
588.36,	12.3400
588.99,	12.3300
589.62,	12.3300
590.25,	12.3200
590.88,	12.3000
591.50,	12.2900
592.13,	12.2900
592.76,	12.2800
593.39,	12.2700
594.02,	12.2600
594.64,	12.2500
595.27,	12.2400
595.90,	12.2400
596.53,	12.2200
597.16,	12.2100
597.78,	12.2000
598.41,	12.2000
599.04,	12.1900
599.67,	12.1800
600.29,	12.1800
600.92,	12.1800
601.55,	12.1700
602.18,	12.1700
602.80,	12.1600
603.43,	12.1500
604.06,	12.1500
604.68,	12.1500
605.31,	12.1400
605.94,	12.1300
606.57,	12.1300
607.19,	12.1300
607.82,	12.1200
608.45,	12.1100
609.07,	12.1000
609.70,	12.1000
610.33,	12.0900
610.95,	12.0700
611.58,	12.0500
612.21,	12.0400
612.83,	12.0300
613.46,	12.0100
614.09,	11.9900
614.71,	11.9700
615.34,	11.9500
615.97,	11.9400
616.59,	11.9200
617.22,	11.9200
617.84,	11.9100
618.47,	11.9000
619.10,	11.8900
619.72,	11.8900
620.35,	11.8900
620.97,	11.8800
621.60,	11.8700
622.23,	11.8600
622.85,	11.8500
623.48,	11.8300
624.10,	11.8200
624.73,	11.8100
625.35,	11.8100
625.98,	11.8000
626.61,	11.7900
627.23,	11.7800
627.86,	11.7500
628.48,	11.7300
629.11,	11.7300
629.73,	11.7300
630.36,	11.7200
630.98,	11.7200
631.61,	11.7200
632.23,	11.7100
632.86,	11.7000
633.48,	11.6900
634.11,	11.6800
634.73,	11.6600
635.36,	11.6400
635.98,	11.6300
636.61,	11.6200
637.23,	11.6100
637.86,	11.6100
638.48,	11.6000
639.11,	11.6000
639.73,	11.6000
640.36,	11.5900
640.98,	11.5900
641.61,	11.5700
642.23,	11.5500
642.85,	11.5400
643.48,	11.5300
644.10,	11.5200
644.73,	11.5100
645.35,	11.4900
645.98,	11.4700
646.60,	11.4600
647.22,	11.4500
647.85,	11.4500
648.47,	11.4400
649.10,	11.4300
649.72,	11.4200
650.34,	11.4200
650.97,	11.4100
651.59,	11.4000
652.22,	11.3900
652.84,	11.3800
653.46,	11.3800
654.09,	11.3800
654.71,	11.3700
655.33,	11.3700
655.96,	11.3700
656.58,	11.3600
657.20,	11.3600
657.83,	11.3600
658.45,	11.3500
659.07,	11.3400
659.70,	11.3300
660.32,	11.3200
660.94,	11.3100
661.57,	11.3000
662.19,	11.2900
662.81,	11.2800
663.43,	11.2700
664.06,	11.2600
664.68,	11.2500
665.30,	11.2400
665.93,	11.2400
666.55,	11.2300
667.17,	11.2300
667.79,	11.2200
668.42,	11.2000
669.04,	11.1900
669.66,	11.1800
670.28,	11.1700
670.91,	11.1600
671.53,	11.1500
672.15,	11.1300
672.77,	11.1200
673.39,	11.1200
674.02,	11.1100
674.64,	11.1000
675.26,	11.1000
675.88,	11.0900
676.50,	11.0800
677.13,	11.0700
677.75,	11.0700
678.37,	11.0500
678.99,	11.0400
679.61,	11.0300
680.24,	11.0100
680.86,	10.9900
681.48,	10.9700
682.10,	10.9500
682.72,	10.9400
683.34,	10.9300
683.96,	10.9300
684.59,	10.9200
685.21,	10.9100
685.83,	10.9100
686.45,	10.9000
687.07,	10.8800
687.69,	10.8700
688.31,	10.8500
688.93,	10.8400
689.56,	10.8300
690.18,	10.8200
690.80,	10.8100
691.42,	10.8000
692.04,	10.7900
692.66,	10.7800
693.28,	10.7700
693.90,	10.7500
694.52,	10.7500
695.14,	10.7500
695.76,	10.7400
696.38,	10.7400
697.00,	10.7300
697.62,	10.7300
698.25,	10.7200
698.87,	10.7100
699.49,	10.7000
700.11,	10.6900
700.73,	10.6900
701.35,	10.6800
701.97,	10.6600
702.59,	10.6400
703.21,	10.6200
703.83,	10.6000
704.45,	10.5800
705.07,	10.5700
705.69,	10.5400
706.31,	10.5100
706.93,	10.4900
707.55,	10.4900
708.17,	10.4800
708.79,	10.4700
709.40,	10.4600
710.02,	10.4400
710.64,	10.4100
711.26,	10.3900
711.88,	10.3700
712.50,	10.3500
713.12,	10.3300
713.74,	10.3200
714.36,	10.3200
714.98,	10.3200
715.60,	10.3100
716.22,	10.3000
716.84,	10.2800
717.45,	10.2400
718.07,	10.2300
718.69,	10.2100
719.31,	10.2000
719.93,	10.2000
720.55,	10.1800
721.17,	10.1600
721.79,	10.1400
722.41,	10.1200
723.02,	10.0700
723.64,	10.0400
724.26,	10.0300
724.88,	10.0100
725.50,	9.9800
726.12,	9.9500
726.73,	9.9400
727.35,	9.9400
727.97,	9.9500
728.59,	9.9500
729.21,	9.9400
729.83,	9.9400
730.44,	9.9500
731.06,	9.9600
731.68,	9.9800
732.30,	10.0100
732.92,	10.0100
733.53,	10.0200
734.15,	10.0600
734.77,	10.0800
735.39,	10.0800
736.00,	10.0800
736.62,	10.0800
737.24,	10.0800
737.86,	10.0700
738.47,	10.0600
739.09,	10.0500
739.71,	10.0400
740.33,	10.0300
740.94,	10.0100
741.56,	9.9800
742.18,	9.9300
742.79,	9.8900
743.41,	9.8700
744.03,	9.8600
744.65,	9.8500
745.26,	9.8400
745.88,	9.8400
746.50,	9.8300
747.11,	9.8300
747.73,	9.8200
748.35,	9.8200
748.96,	9.8100
749.58,	9.8100
750.20,	9.8000
750.81,	9.8000
751.43,	9.7900
752.05,	9.7700
752.66,	9.7400
753.28,	9.7200
753.90,	9.7000
754.51,	9.6900
755.13,	9.6900
755.74,	9.6800
756.36,	9.6600
756.98,	9.6300
757.59,	9.6100
758.21,	9.5900
758.82,	9.5800
759.44,	9.5800
760.06,	9.5700
760.67,	9.5700
761.29,	9.5700
761.90,	9.5600
762.52,	9.5300
763.14,	9.5000
763.75,	9.4800
764.37,	9.4700
764.98,	9.4600
765.60,	9.4500
766.21,	9.4500
766.83,	9.4500
767.44,	9.4500
768.06,	9.4400
768.67,	9.4500
769.29,	9.4400
769.90,	9.4400
770.52,	9.4400
771.14,	9.4400
771.75,	9.4300
772.37,	9.4300
772.98,	9.4300
773.59,	9.4300
774.21,	9.4300
774.82,	9.4300
775.44,	9.4200
776.05,	9.4200
776.67,	9.4200
777.28,	9.4100
777.90,	9.3900
778.51,	9.3700
779.13,	9.3500
779.74,	9.3500
780.36,	9.3400
780.97,	9.3400
781.58,	9.3300
782.20,	9.3300
782.81,	9.3300
783.43,	9.3300
784.04,	9.3300
784.66,	9.3300
785.27,	9.3300
785.88,	9.3200
786.50,	9.3100
787.11,	9.3000
787.73,	9.3000
788.34,	9.2800
788.95,	9.2400
789.57,	9.2200
790.18,	9.1900
790.79,	9.1700
791.41,	9.1600
792.02,	9.1400
792.63,	9.1100
793.25,	9.0700
793.86,	9.0300
794.47,	9.0000
795.09,	8.9700
795.70,	8.9500
796.31,	8.9400
796.93,	8.9400
797.54,	8.9400
798.15,	8.9300
798.77,	8.9300
799.38,	8.9400
799.99,	8.9300
800.61,	8.9200
801.22,	8.9200
801.83,	8.9200
802.44,	8.9200
803.06,	8.9100
803.67,	8.9100
804.28,	8.9000
804.90,	8.9000
805.51,	8.9000
806.12,	8.9000
806.73,	8.9000
807.34,	8.8900
807.96,	8.8800
808.57,	8.8800
809.18,	8.8700
809.79,	8.8700
810.41,	8.8600
811.02,	8.8600
811.63,	8.8500
812.24,	8.8400
812.85,	8.8300
813.47,	8.8200
814.08,	8.8100
814.69,	8.8000
815.30,	8.7900
815.91,	8.7800
816.53,	8.7800
817.14,	8.7700
817.75,	8.7600
818.36,	8.7400
818.97,	8.7200
819.58,	8.6800
820.20,	8.6400
820.81,	8.6200
821.42,	8.6100
822.03,	8.5800
822.64,	8.5700
823.25,	8.5600
823.86,	8.5500
824.47,	8.5400
825.09,	8.5300
825.70,	8.4900
826.31,	8.4500
826.92,	8.4100
827.53,	8.3700
828.14,	8.3600
828.75,	8.3600
829.36,	8.3700
829.97,	8.3500
830.58,	8.3200
831.19,	8.3000
831.80,	8.2800
832.42,	8.2700
833.03,	8.2600
833.64,	8.2400
834.25,	8.2300
834.86,	8.2200
835.47,	8.2100
836.08,	8.2000
836.69,	8.1900
837.30,	8.1600
837.91,	8.1400
838.52,	8.1300
839.13,	8.1100
839.74,	8.1100
840.35,	8.1100
840.96,	8.0900
841.57,	8.1000
842.18,	8.1000
842.79,	8.0900
843.40,	8.0600
844.01,	8.0300
844.62,	8.0000
845.23,	7.9700
845.84,	7.9600
846.45,	7.9400
847.06,	7.9100
847.67,	7.8900
848.27,	7.8700
848.88,	7.8500
849.49,	7.8400
850.10,	7.8400
850.71,	7.8400
851.32,	7.8400
851.93,	7.8300
852.54,	7.8300
853.15,	7.8200
853.76,	7.8000
854.37,	7.7800
854.98,	7.7500
855.58,	7.7300
856.19,	7.7000
856.80,	7.6700
857.41,	7.6400
858.02,	7.6300
858.63,	7.6200
859.24,	7.6100
859.85,	7.6100
860.45,	7.6100
861.06,	7.6100
861.67,	7.6000
862.28,	7.6000
862.89,	7.5900
863.50,	7.5600
864.10,	7.5500
864.71,	7.5400
865.32,	7.5300
865.93,	7.5100
866.54,	7.5000
867.14,	7.4800
867.75,	7.4800
868.36,	7.4800
868.97,	7.4700
869.58,	7.4600
870.18,	7.4600
870.79,	7.4600
871.40,	7.4500
872.01,	7.4500
872.61,	7.4400
873.22,	7.4400
873.83,	7.4400
874.44,	7.4500
875.04,	7.4500
875.65,	7.4500
876.26,	7.4400
876.87,	7.4300
877.47,	7.4300
878.08,	7.4200
878.69,	7.4200
879.29,	7.4200
879.90,	7.4200
880.51,	7.4100
881.12,	7.3900
881.72,	7.3600
882.33,	7.3200
882.94,	7.2800
883.54,	7.2500
884.15,	7.2200
884.76,	7.2000
885.36,	7.1900
885.97,	7.1900
886.58,	7.1900
887.18,	7.1700
887.79,	7.1600
888.40,	7.1500
889.00,	7.1400
889.61,	7.1300
890.22,	7.1200
890.82,	7.1000
891.43,	7.0800
892.03,	7.0600
892.64,	7.0500
893.25,	7.0300
893.85,	7.0200
894.46,	7.0000
895.06,	6.9800
895.67,	6.9700
896.28,	6.9500
896.88,	6.9300
897.49,	6.9200
898.09,	6.8900
898.70,	6.8600
899.30,	6.8400
899.91,	6.8300
900.52,	6.8300
901.12,	6.8200
901.73,	6.8100
902.33,	6.8100
902.94,	6.8000
903.54,	6.7800
904.15,	6.7600
904.75,	6.7500
905.36,	6.7500
905.96,	6.7400
906.57,	6.7400
907.17,	6.7400
907.78,	6.7300
908.38,	6.7200
908.99,	6.7100
909.59,	6.6700
910.20,	6.6300
910.80,	6.6000
911.41,	6.5800
912.01,	6.5700
912.62,	6.5400
913.22,	6.5200
913.83,	6.5000
914.43,	6.4900
915.03,	6.4700
915.64,	6.4600
916.24,	6.4500
916.85,	6.4400
917.45,	6.4300
918.06,	6.4200
918.66,	6.4100
919.26,	6.4100
919.87,	6.4000
920.47,	6.4000
921.08,	6.4000
921.68,	6.3900
922.28,	6.3800
922.89,	6.3600
923.49,	6.3100
924.10,	6.2900
924.70,	6.2700
925.30,	6.2600
925.91,	6.2600
926.51,	6.2400
927.11,	6.2300
927.72,	6.2300
928.32,	6.2200
928.92,	6.2100
929.53,	6.2000
930.13,	6.1900
930.74,	6.1900
931.34,	6.1900
931.94,	6.1900
932.54,	6.1800
933.15,	6.1700
933.75,	6.1700
934.35,	6.1600
934.96,	6.1500
935.56,	6.1800
936.16,	6.5600
936.77,	7.9200
937.37,	10.2900
937.97,	13.0000
938.57,	14.8500
939.18,	15.8900
939.78,	16.5600
940.38,	17.0500
940.98,	17.4400
941.59,	17.7800
942.19,	18.0700
942.79,	18.3500
943.39,	18.5900
944.00,	18.9500
944.60,	30.7800
945.20,	35.5000
945.80,	35.5000
946.40,	35.5000
947.01,	35.5000
947.61,	35.5000
948.21,	35.5000
948.81,	35.5000
949.41,	35.5000
950.02,	35.5000
950.62,	35.5000
951.22,	35.5000
951.82,	35.5000
952.42,	35.5000
953.02,	35.5000
953.63,	35.5000
954.23,	35.5000
954.83,	35.5000
955.43,	35.5000
956.03,	35.5000
956.63,	35.5000
957.24,	35.5000
957.84,	35.5000
958.44,	35.5000
959.04,	35.5000
959.64,	35.5000
960.24,	35.5000
960.84,	35.5000
961.44,	35.5000
962.04,	35.5000
962.64,	35.5000
963.25,	35.5000
963.85,	35.5000
964.45,	35.5000
965.05,	35.5000
965.65,	35.5000
966.25,	35.5000
966.85,	35.5000
967.45,	35.5000
968.05,	35.5000
968.65,	35.5000
969.25,	35.5000
969.85,	35.5000
970.45,	35.5000
971.05,	35.5000
971.65,	35.5000
972.25,	35.5000
972.85,	35.5000
973.45,	35.5000
974.05,	35.5000
974.65,	35.5000
975.25,	35.5000
975.85,	35.5000
976.45,	35.5000
977.05,	35.5000
977.65,	35.5000
978.25,	35.5000
978.85,	35.5000
979.45,	35.5000
980.05,	35.5000
980.65,	35.5000
981.25,	35.5000
981.85,	35.5000
982.45,	35.5000
983.05,	35.5000
983.65,	35.5000
984.25,	35.5000
984.85,	35.5000
985.45,	35.5000
986.04,	35.5000
986.64,	35.5000
987.24,	35.5000
987.84,	35.5000
988.44,	35.5000
989.04,	35.5000
989.64,	35.5000
990.24,	35.5000
990.84,	35.5000
991.44,	35.5000
992.03,	35.5000
992.63,	35.5000
993.23,	35.5000
993.83,	35.5000
994.43,	35.5000
995.03,	35.5000
995.63,	35.5000
996.22,	35.5000
996.82,	-2.5200
997.42,	-2.5200
998.02,	-2.5200
998.62,	-2.5200
999.21,	-2.5200
999.81,	-2.5200
1000.41,	-2.5200
