Call Sign = ZSDA,	Ship Name = SA Agulhas,	Lloyds Num = 0
Date = 02/02/2017,	Time = 16:44,	
Latitude = 45 19.80  S,	Longitude = 006 14.85  E
Instr = Sippican Deep Blue,	Card Type = Sippican MK-21,	
Wind Instr = ,	Measur Method = 
Probe Serial Num = -1,	Ship Dir = -1,	Ship Speed = -1.00
Wind Dir = 259,	Wind Speed = 28.40
Dry Bulb Temp = 8.10,	Total Water Depth = -1.00

Full Resolution Values
Depth,	 Temp
0.67,	7.3400
1.34,	7.1800
2.01,	7.1500
2.68,	7.1400
3.34,	7.1400
4.01,	7.1300
4.68,	7.1300
5.35,	7.1300
6.02,	7.1300
6.69,	7.1300
7.36,	7.1300
8.03,	7.1200
8.69,	7.1200
9.36,	7.1200
10.03,	7.1100
10.70,	7.1000
11.37,	7.1000
12.04,	7.0900
12.70,	7.0900
13.37,	7.0900
14.04,	7.0900
14.71,	7.0900
15.38,	7.0900
16.05,	7.1000
16.71,	7.1000
17.38,	7.0900
18.05,	7.1000
18.72,	7.1100
19.38,	7.1200
20.05,	7.1200
20.72,	7.1000
21.39,	7.0800
22.06,	7.0700
22.72,	7.0700
23.39,	7.0700
24.06,	7.0700
24.73,	7.0600
25.39,	7.0400
26.06,	7.0400
26.73,	7.0400
27.40,	7.0300
28.06,	7.0300
28.73,	7.0300
29.40,	7.0200
30.06,	7.0200
30.73,	7.0300
31.40,	7.0300
32.06,	7.0300
32.73,	7.0200
33.40,	7.0200
34.07,	7.0200
34.73,	7.0200
35.40,	7.0200
36.07,	7.0200
36.73,	7.0100
37.40,	7.0200
38.07,	7.0200
38.73,	7.0200
39.40,	7.0100
40.06,	7.0100
40.73,	7.0100
41.40,	7.0100
42.06,	7.0100
42.73,	7.0100
43.40,	7.0000
44.06,	6.9900
44.73,	6.9900
45.39,	6.9900
46.06,	7.0000
46.73,	6.9900
47.39,	6.9900
48.06,	6.9900
48.72,	6.9900
49.39,	6.9900
50.06,	6.9900
50.72,	6.9800
51.39,	6.9800
52.05,	6.9800
52.72,	6.9800
53.38,	6.9800
54.05,	6.9700
54.71,	6.9700
55.38,	6.9700
56.05,	6.9600
56.71,	6.9500
57.38,	6.9500
58.04,	6.9400
58.71,	6.9400
59.37,	6.9300
60.04,	6.9200
60.70,	6.9100
61.37,	6.9000
62.03,	6.8700
62.70,	6.8500
63.36,	6.8300
64.03,	6.8100
64.69,	6.8000
65.36,	6.7700
66.02,	6.7500
66.69,	6.7200
67.35,	6.7000
68.01,	6.7000
68.68,	6.7000
69.34,	6.6900
70.01,	6.6900
70.67,	6.6800
71.34,	6.6700
72.00,	6.6600
72.66,	6.6400
73.33,	6.6200
73.99,	6.6000
74.66,	6.5700
75.32,	6.5600
75.98,	6.5300
76.65,	6.4900
77.31,	6.4700
77.98,	6.4600
78.64,	6.4500
79.30,	6.4400
79.97,	6.4400
80.63,	6.4200
81.30,	6.4100
81.96,	6.4100
82.62,	6.4100
83.29,	6.4000
83.95,	6.3900
84.61,	6.3900
85.28,	6.3800
85.94,	6.3600
86.60,	6.3500
87.27,	6.3500
87.93,	6.3400
88.59,	6.3300
89.26,	6.3200
89.92,	6.3000
90.58,	6.3000
91.24,	6.3000
91.91,	6.3000
92.57,	6.3100
93.23,	6.3000
93.90,	6.3000
94.56,	6.3000
95.22,	6.3000
95.88,	6.3000
96.55,	6.2900
97.21,	6.2900
97.87,	6.2900
98.53,	6.2900
99.20,	6.2900
99.86,	6.2900
100.52,	6.2800
101.18,	6.2700
101.85,	6.2600
102.51,	6.2600
103.17,	6.2600
103.83,	6.2500
104.49,	6.2500
105.16,	6.2500
105.82,	6.2500
106.48,	6.2400
107.14,	6.2300
107.80,	6.2200
108.47,	6.2100
109.13,	6.2000
109.79,	6.1900
110.45,	6.1800
111.11,	6.1800
111.77,	6.1700
112.44,	6.1600
113.10,	6.1500
113.76,	6.1300
114.42,	6.1100
115.08,	6.0800
115.74,	6.0700
116.40,	6.0500
117.06,	6.0500
117.73,	6.0400
118.39,	6.0200
119.05,	5.9700
119.71,	5.9000
120.37,	5.8300
121.03,	5.8000
121.69,	5.7900
122.35,	5.7800
123.01,	5.7700
123.67,	5.7600
124.33,	5.7500
125.00,	5.7400
125.66,	5.7400
126.32,	5.7300
126.98,	5.7100
127.64,	5.6900
128.30,	5.6700
128.96,	5.6600
129.62,	5.6500
130.28,	5.6400
130.94,	5.6400
131.60,	5.6300
132.26,	5.6200
132.92,	5.6000
133.58,	5.5900
134.24,	5.5800
134.90,	5.5800
135.56,	5.5800
136.22,	5.5800
136.88,	5.5800
137.54,	5.5800
138.20,	5.5800
138.86,	5.5800
139.52,	5.5700
140.18,	5.5700
140.84,	5.5700
141.50,	5.5700
142.16,	5.5700
142.82,	5.5600
143.48,	5.5600
144.14,	5.5600
144.79,	5.5500
145.45,	5.5500
146.11,	5.5400
146.77,	5.5500
147.43,	5.5400
148.09,	5.5300
148.75,	5.5300
149.41,	5.5200
150.07,	5.5200
150.73,	5.5000
151.39,	5.4900
152.04,	5.4800
152.70,	5.4700
153.36,	5.4700
154.02,	5.4600
154.68,	5.4600
155.34,	5.4600
156.00,	5.4600
156.65,	5.4500
157.31,	5.4500
157.97,	5.4500
158.63,	5.4400
159.29,	5.4400
159.95,	5.4300
160.60,	5.4200
161.26,	5.4100
161.92,	5.4200
162.58,	5.4200
163.24,	5.4200
163.90,	5.4100
164.55,	5.4100
165.21,	5.4000
165.87,	5.4000
166.53,	5.4000
167.18,	5.4000
167.84,	5.4000
168.50,	5.3900
169.16,	5.3900
169.82,	5.3800
170.47,	5.3800
171.13,	5.3600
171.79,	5.3500
172.44,	5.3500
173.10,	5.3500
173.76,	5.3500
174.42,	5.3500
175.07,	5.3400
175.73,	5.3200
176.39,	5.3000
177.05,	5.2900
177.70,	5.2900
178.36,	5.2800
179.02,	5.2800
179.67,	5.2800
180.33,	5.2800
180.99,	5.2700
181.64,	5.2700
182.30,	5.2600
182.96,	5.2500
183.61,	5.2300
184.27,	5.2300
184.93,	5.2300
185.58,	5.2300
186.24,	5.2200
186.90,	5.2100
187.55,	5.2100
188.21,	5.2100
188.87,	5.2100
189.52,	5.2100
190.18,	5.2100
190.83,	5.2100
191.49,	5.2000
192.15,	5.2000
192.80,	5.2000
193.46,	5.2000
194.11,	5.1900
194.77,	5.1900
195.43,	5.1900
196.08,	5.1900
196.74,	5.1800
197.39,	5.1700
198.05,	5.1600
198.70,	5.1500
199.36,	5.1400
200.02,	5.1300
200.67,	5.1300
201.33,	5.1200
201.98,	5.1200
202.64,	5.1200
203.29,	5.1200
203.95,	5.1200
204.60,	5.1100
205.26,	5.0900
205.91,	5.0900
206.57,	5.0800
207.22,	5.0800
207.88,	5.0800
208.53,	5.0800
209.19,	5.0700
209.84,	5.0700
210.50,	5.0500
211.15,	5.0300
211.81,	5.0100
212.46,	5.0100
213.12,	5.0000
213.77,	5.0000
214.43,	4.9900
215.08,	4.9800
215.74,	4.9800
216.39,	4.9800
217.04,	4.9800
217.70,	4.9700
218.35,	4.9600
219.01,	4.9500
219.66,	4.9400
220.32,	4.9400
220.97,	4.9300
221.62,	4.9200
222.28,	4.9100
222.93,	4.9100
223.59,	4.9100
224.24,	4.9100
224.89,	4.9100
225.55,	4.9100
226.20,	4.9100
226.85,	4.9100
227.51,	4.9000
228.16,	4.8900
228.81,	4.8900
229.47,	4.8900
230.12,	4.8800
230.78,	4.8600
231.43,	4.8500
232.08,	4.8400
232.74,	4.8300
233.39,	4.8300
234.04,	4.8300
234.69,	4.8200
235.35,	4.8200
236.00,	4.8200
236.65,	4.8100
237.31,	4.8100
237.96,	4.8200
238.61,	4.8100
239.27,	4.8200
239.92,	4.8200
240.57,	4.8200
241.22,	4.8100
241.88,	4.8000
242.53,	4.7900
243.18,	4.7900
243.83,	4.7800
244.49,	4.7700
245.14,	4.7700
245.79,	4.7700
246.44,	4.7600
247.10,	4.7600
247.75,	4.7600
248.40,	4.7500
249.05,	4.7400
249.70,	4.7300
250.36,	4.7300
251.01,	4.7100
251.66,	4.7000
252.31,	4.7000
252.96,	4.6900
253.62,	4.6900
254.27,	4.6900
254.92,	4.6900
255.57,	4.6900
256.22,	4.6900
256.88,	4.6900
257.53,	4.6900
258.18,	4.6800
258.83,	4.6800
259.48,	4.6800
260.13,	4.6700
260.78,	4.6600
261.44,	4.6500
262.09,	4.6500
262.74,	4.6500
263.39,	4.6400
264.04,	4.6300
264.69,	4.6300
265.34,	4.6300
265.99,	4.6300
266.64,	4.6200
267.29,	4.6200
267.95,	4.6200
268.60,	4.6200
269.25,	4.6200
269.90,	4.6200
270.55,	4.6200
271.20,	4.6100
271.85,	4.6000
272.50,	4.5900
273.15,	4.5800
273.80,	4.5700
274.45,	4.5700
275.10,	4.5700
275.75,	4.5600
276.40,	4.5500
277.05,	4.5400
277.70,	4.5300
278.35,	4.5300
279.00,	4.5300
279.65,	4.5300
280.30,	4.5300
280.95,	4.5200
281.60,	4.5200
282.25,	4.5100
282.90,	4.5100
283.55,	4.5100
284.20,	4.5100
284.85,	4.5100
285.50,	4.5000
286.15,	4.5000
286.80,	4.5000
287.45,	4.5000
288.10,	4.5000
288.75,	4.4900
289.40,	4.4900
290.05,	4.4900
290.70,	4.4800
291.35,	4.4800
292.00,	4.4800
292.64,	4.4900
293.29,	4.4800
293.94,	4.4800
294.59,	4.4800
295.24,	4.4800
295.89,	4.4800
296.54,	4.4800
297.19,	4.4700
297.84,	4.4700
298.49,	4.4700
299.13,	4.4700
299.78,	4.4600
300.43,	4.4600
301.08,	4.4500
301.73,	4.4400
302.38,	4.4300
303.02,	4.4200
303.67,	4.4200
304.32,	4.4200
304.97,	4.4100
305.62,	4.4000
306.27,	4.4000
306.91,	4.3900
307.56,	4.4000
308.21,	4.3900
308.86,	4.3800
309.51,	4.3800
310.15,	4.3800
310.80,	4.3700
311.45,	4.3600
312.10,	4.3600
312.75,	4.3500
313.39,	4.3500
314.04,	4.3500
314.69,	4.3500
315.34,	4.3400
315.98,	4.3400
316.63,	4.3400
317.28,	4.3300
317.93,	4.3400
318.57,	4.3300
319.22,	4.3200
319.87,	4.3200
320.52,	4.3200
321.16,	4.3100
321.81,	4.3000
322.46,	4.3000
323.10,	4.3000
323.75,	4.3000
324.40,	4.3000
325.04,	4.2900
325.69,	4.2900
326.34,	4.2900
326.99,	4.2900
327.63,	4.2800
328.28,	4.2700
328.93,	4.2600
329.57,	4.2500
330.22,	4.2500
330.86,	4.2400
331.51,	4.2400
332.16,	4.2300
332.80,	4.2300
333.45,	4.2200
334.10,	4.2200
334.74,	4.2200
335.39,	4.2200
336.03,	4.2100
336.68,	4.2200
337.33,	4.2100
337.97,	4.2100
338.62,	4.2000
339.26,	4.1900
339.91,	4.1900
340.56,	4.1900
341.20,	4.1900
341.85,	4.1900
342.49,	4.1900
343.14,	4.1800
343.78,	4.1800
344.43,	4.1800
345.08,	4.1800
345.72,	4.1800
346.37,	4.1800
347.01,	4.1700
347.66,	4.1700
348.30,	4.1700
348.95,	4.1700
349.59,	4.1700
350.24,	4.1700
350.88,	4.1700
351.53,	4.1700
352.17,	4.1600
352.82,	4.1600
353.46,	4.1600
354.11,	4.1600
354.75,	4.1500
355.40,	4.1500
356.04,	4.1500
356.69,	4.1500
357.33,	4.1400
357.98,	4.1400
358.62,	4.1300
359.27,	4.1300
359.91,	4.1300
360.55,	4.1300
361.20,	4.1300
361.84,	4.1200
362.49,	4.1200
363.13,	4.1000
363.78,	4.1000
364.42,	4.0900
365.06,	4.0800
365.71,	4.0600
366.35,	4.0500
367.00,	4.0500
367.64,	4.0600
368.28,	4.0600
368.93,	4.0500
369.57,	4.0400
370.22,	4.0300
370.86,	4.0300
371.50,	4.0300
372.15,	4.0300
372.79,	4.0200
373.43,	4.0200
374.08,	4.0200
374.72,	4.0100
375.36,	4.0100
376.01,	4.0000
376.65,	4.0000
377.29,	4.0000
377.94,	3.9900
378.58,	3.9900
379.22,	3.9900
379.87,	3.9900
380.51,	3.9900
381.15,	3.9900
381.79,	3.9900
382.44,	3.9900
383.08,	3.9900
383.72,	3.9900
384.37,	3.9900
385.01,	3.9900
385.65,	3.9800
386.29,	3.9800
386.94,	3.9800
387.58,	3.9700
388.22,	3.9700
388.86,	3.9600
389.51,	3.9600
390.15,	3.9600
390.79,	3.9600
391.43,	3.9600
392.08,	3.9600
392.72,	3.9600
393.36,	3.9600
394.00,	3.9600
394.64,	3.9600
395.29,	3.9600
395.93,	3.9700
396.57,	3.9600
397.21,	3.9600
397.85,	3.9600
398.50,	3.9600
399.14,	3.9600
399.78,	3.9600
400.42,	3.9600
401.06,	3.9600
401.70,	3.9600
402.34,	3.9600
402.99,	3.9600
403.63,	3.9600
404.27,	3.9500
404.91,	3.9400
405.55,	3.9500
406.19,	3.9400
406.83,	3.9400
407.48,	3.9300
408.12,	3.9300
408.76,	3.9300
409.40,	3.9300
410.04,	3.9300
410.68,	3.9300
411.32,	3.9300
411.96,	3.9300
412.60,	3.9300
413.24,	3.9300
413.88,	3.9300
414.52,	3.9300
415.17,	3.9300
415.81,	3.9200
416.45,	3.9300
417.09,	3.9300
417.73,	3.9300
418.37,	3.9200
419.01,	3.9200
419.65,	3.9200
420.29,	3.9000
420.93,	3.8900
421.57,	3.8800
422.21,	3.8800
422.85,	3.8800
423.49,	3.8700
424.13,	3.8800
424.77,	3.8700
425.41,	3.8700
426.05,	3.8700
426.69,	3.8800
427.33,	3.8700
427.97,	3.8700
428.61,	3.8700
429.25,	3.8700
429.89,	3.8600
430.53,	3.8600
431.17,	3.8600
431.80,	3.8500
432.44,	3.8400
433.08,	3.8400
433.72,	3.8400
434.36,	3.8400
435.00,	3.8300
435.64,	3.8200
436.28,	3.8200
436.92,	3.8100
437.56,	3.8100
438.20,	3.8100
438.84,	3.8000
439.47,	3.8100
440.11,	3.8100
440.75,	3.8100
441.39,	3.8100
442.03,	3.8000
442.67,	3.8000
443.31,	3.8000
443.95,	3.8000
444.58,	3.8000
445.22,	3.7900
445.86,	3.8000
446.50,	3.8000
447.14,	3.7900
447.78,	3.7900
448.41,	3.7900
449.05,	3.7900
449.69,	3.7800
450.33,	3.7800
450.97,	3.7800
451.60,	3.7800
452.24,	3.7800
452.88,	3.7800
453.52,	3.7800
454.16,	3.7700
454.79,	3.7700
455.43,	3.7700
456.07,	3.7700
456.71,	3.7700
457.35,	3.7700
457.98,	3.7700
458.62,	3.7600
459.26,	3.7700
459.90,	3.7700
460.53,	3.7700
461.17,	3.7700
461.81,	3.7600
462.44,	3.7600
463.08,	3.7600
463.72,	3.7600
464.36,	3.7600
464.99,	3.7500
465.63,	3.7500
466.27,	3.7500
466.90,	3.7500
467.54,	3.7500
468.18,	3.7500
468.81,	3.7500
469.45,	3.7500
470.09,	3.7400
470.72,	3.7400
471.36,	3.7500
472.00,	3.7400
472.63,	3.7400
473.27,	3.7400
473.91,	3.7400
474.54,	3.7400
475.18,	3.7300
475.82,	3.7300
476.45,	3.7300
477.09,	3.7300
477.73,	3.7200
478.36,	3.7200
479.00,	3.7100
479.63,	3.7000
480.27,	3.7000
480.91,	3.7000
481.54,	3.7000
482.18,	3.7000
482.81,	3.7000
483.45,	3.6900
484.08,	3.6900
484.72,	3.6900
485.36,	3.6800
485.99,	3.6800
486.63,	3.6800
487.26,	3.6800
487.90,	3.6700
488.53,	3.6600
489.17,	3.6600
489.80,	3.6600
490.44,	3.6500
491.07,	3.6500
491.71,	3.6500
492.34,	3.6500
492.98,	3.6500
493.62,	3.6400
494.25,	3.6400
494.89,	3.6300
495.52,	3.6300
496.15,	3.6300
496.79,	3.6300
497.42,	3.6200
498.06,	3.6200
498.69,	3.6200
499.33,	3.6200
499.96,	3.6100
500.60,	3.6100
501.23,	3.6100
501.87,	3.6000
502.50,	3.6000
503.14,	3.6000
503.77,	3.5900
504.40,	3.5900
505.04,	3.5900
505.67,	3.5900
506.31,	3.5900
506.94,	3.5900
507.57,	3.5900
508.21,	3.5900
508.84,	3.5900
509.48,	3.5900
510.11,	3.5900
510.74,	3.5900
511.38,	3.5800
512.01,	3.5900
512.65,	3.5800
513.28,	3.5800
513.91,	3.5800
514.55,	3.5800
515.18,	3.5800
515.81,	3.5800
516.45,	3.5800
517.08,	3.5800
517.71,	3.5700
518.35,	3.5800
518.98,	3.5800
519.61,	3.5700
520.25,	3.5700
520.88,	3.5700
521.51,	3.5700
522.15,	3.5700
522.78,	3.5600
523.41,	3.5600
524.04,	3.5600
524.68,	3.5600
525.31,	3.5600
525.94,	3.5600
526.58,	3.5600
527.21,	3.5500
527.84,	3.5500
528.47,	3.5500
529.11,	3.5400
529.74,	3.5400
530.37,	3.5400
531.00,	3.5400
531.64,	3.5400
532.27,	3.5300
532.90,	3.5300
533.53,	3.5300
534.17,	3.5300
534.80,	3.5300
535.43,	3.5300
536.06,	3.5200
536.69,	3.5200
537.33,	3.5100
537.96,	3.5100
538.59,	3.5000
539.22,	3.4900
539.85,	3.4900
540.48,	3.4800
541.12,	3.4800
541.75,	3.4800
542.38,	3.4800
543.01,	3.4800
543.64,	3.4800
544.27,	3.4800
544.91,	3.4700
545.54,	3.4700
546.17,	3.4700
546.80,	3.4700
547.43,	3.4600
548.06,	3.4600
548.69,	3.4600
549.32,	3.4600
549.95,	3.4600
550.59,	3.4500
551.22,	3.4500
551.85,	3.4400
552.48,	3.4500
553.11,	3.4500
553.74,	3.4400
554.37,	3.4500
555.00,	3.4400
555.63,	3.4400
556.26,	3.4400
556.89,	3.4400
557.52,	3.4300
558.15,	3.4300
558.78,	3.4300
559.42,	3.4300
560.05,	3.4300
560.68,	3.4300
561.31,	3.4300
561.94,	3.4300
562.57,	3.4300
563.20,	3.4300
563.83,	3.4300
564.46,	3.4300
565.09,	3.4300
565.72,	3.4300
566.35,	3.4300
566.98,	3.4300
567.61,	3.4200
568.24,	3.4200
568.87,	3.4100
569.50,	3.4100
570.12,	3.4100
570.75,	3.4200
571.38,	3.4100
572.01,	3.4000
572.64,	3.4100
573.27,	3.4100
573.90,	3.4100
574.53,	3.4100
575.16,	3.4100
575.79,	3.4000
576.42,	3.4100
577.05,	3.4100
577.68,	3.4000
578.31,	3.4000
578.93,	3.4000
579.56,	3.3900
580.19,	3.3900
580.82,	3.3900
581.45,	3.3800
582.08,	3.3800
582.71,	3.3800
583.34,	3.3800
583.97,	3.3800
584.59,	3.3800
585.22,	3.3800
585.85,	3.3700
586.48,	3.3700
587.11,	3.3800
587.74,	3.3800
588.36,	3.3700
588.99,	3.3700
589.62,	3.3700
590.25,	3.3600
590.88,	3.3600
591.50,	3.3600
592.13,	3.3600
592.76,	3.3500
593.39,	3.3400
594.02,	3.3400
594.64,	3.3400
595.27,	3.3400
595.90,	3.3400
596.53,	3.3400
597.16,	3.3400
597.78,	3.3400
598.41,	3.3400
599.04,	3.3300
599.67,	3.3300
600.29,	3.3300
600.92,	3.3300
601.55,	3.3300
602.18,	3.3200
602.80,	3.3300
603.43,	3.3300
604.06,	3.3200
604.68,	3.3200
605.31,	3.3200
605.94,	3.3100
606.57,	3.3100
607.19,	3.3100
607.82,	3.3100
608.45,	3.3100
609.07,	3.3100
609.70,	3.3000
610.33,	3.2900
610.95,	3.2800
611.58,	3.2800
612.21,	3.2700
612.83,	3.2700
613.46,	3.2600
614.09,	3.2600
614.71,	3.2600
615.34,	3.2600
615.97,	3.2600
616.59,	3.2600
617.22,	3.2500
617.84,	3.2500
618.47,	3.2500
619.10,	3.2500
619.72,	3.2400
620.35,	3.2200
620.97,	3.2200
621.60,	3.2100
622.23,	3.2000
622.85,	3.1900
623.48,	3.1800
624.10,	3.1700
624.73,	3.1700
625.35,	3.1700
625.98,	3.1700
626.61,	3.1700
627.23,	3.1600
627.86,	3.1600
628.48,	3.1500
629.11,	3.1500
629.73,	3.1500
630.36,	3.1500
630.98,	3.1400
631.61,	3.1400
632.23,	3.1300
632.86,	3.1300
633.48,	3.1300
634.11,	3.1200
634.73,	3.1200
635.36,	3.1200
635.98,	3.1200
636.61,	3.1200
637.23,	3.1200
637.86,	3.1100
638.48,	3.1100
639.11,	3.1100
639.73,	3.1100
640.36,	3.1100
640.98,	3.1000
641.61,	3.1000
642.23,	3.1000
642.85,	3.0900
643.48,	3.0900
644.10,	3.0900
644.73,	3.0900
645.35,	3.0900
645.98,	3.0900
646.60,	3.0900
647.22,	3.1000
647.85,	3.1000
648.47,	3.0900
649.10,	3.1000
649.72,	3.0900
650.34,	3.0900
650.97,	3.0900
651.59,	3.1000
652.22,	3.0900
652.84,	3.0900
653.46,	3.0900
654.09,	3.0900
654.71,	3.0900
655.33,	3.0900
655.96,	3.0900
656.58,	3.0900
657.20,	3.0900
657.83,	3.0900
658.45,	3.0900
659.07,	3.0900
659.70,	3.0900
660.32,	3.0900
660.94,	3.0900
661.57,	3.0900
662.19,	3.0900
662.81,	3.0900
663.43,	3.0900
664.06,	3.0900
664.68,	3.0900
665.30,	3.1000
665.93,	3.1000
666.55,	3.1100
667.17,	3.1100
667.79,	3.1200
668.42,	3.1200
669.04,	3.1200
669.66,	3.1300
670.28,	3.1300
670.91,	3.1300
671.53,	3.1400
672.15,	3.1400
672.77,	3.1400
673.39,	3.1400
674.02,	3.1400
674.64,	3.1400
675.26,	3.1400
675.88,	3.1400
676.50,	3.1400
677.13,	3.1400
677.75,	3.1500
678.37,	3.1500
678.99,	3.1500
679.61,	3.1500
680.24,	3.1500
680.86,	3.1600
681.48,	3.1500
682.10,	3.1600
682.72,	3.1600
683.34,	3.1500
683.96,	3.1500
684.59,	3.1500
685.21,	3.1500
685.83,	3.1600
686.45,	3.1600
687.07,	3.1600
687.69,	3.1500
688.31,	3.1500
688.93,	3.1500
689.56,	3.1500
690.18,	3.1500
690.80,	3.1500
691.42,	3.1500
692.04,	3.1500
692.66,	3.1500
693.28,	3.1400
693.90,	3.1500
694.52,	3.1400
695.14,	3.1400
695.76,	3.1500
696.38,	3.1500
697.00,	3.1400
697.62,	3.1400
698.25,	3.1400
698.87,	3.1500
699.49,	3.1500
700.11,	3.1500
700.73,	3.1400
701.35,	3.1400
701.97,	3.1400
702.59,	3.1400
703.21,	3.1400
703.83,	3.1400
704.45,	3.1400
705.07,	3.1400
705.69,	3.1400
706.31,	3.1400
706.93,	3.1400
707.55,	3.1400
708.17,	3.1400
708.79,	3.1400
709.40,	3.1400
710.02,	3.1400
710.64,	3.1400
711.26,	3.1300
711.88,	3.1300
712.50,	3.1300
713.12,	3.1300
713.74,	3.1200
714.36,	3.1300
714.98,	3.1300
715.60,	3.1200
716.22,	3.1200
716.84,	3.1200
717.45,	3.1100
718.07,	3.1100
718.69,	3.1100
719.31,	3.1100
719.93,	3.1000
720.55,	3.1100
721.17,	3.1100
721.79,	3.1000
722.41,	3.0800
723.02,	3.0700
723.64,	3.0600
724.26,	3.0500
724.88,	3.0500
725.50,	3.0500
726.12,	3.0500
726.73,	3.0500
727.35,	3.0400
727.97,	3.0400
728.59,	3.0400
729.21,	3.0300
729.83,	3.0300
730.44,	3.0300
731.06,	3.0300
731.68,	3.0300
732.30,	3.0300
732.92,	3.0200
733.53,	3.0200
734.15,	3.0200
734.77,	3.0200
735.39,	3.0100
736.00,	3.0100
736.62,	3.0100
737.24,	3.0100
737.86,	3.0100
738.47,	3.0100
739.09,	3.0100
739.71,	3.0100
740.33,	3.0200
740.94,	3.0200
741.56,	3.0300
742.18,	3.0400
742.79,	3.0400
743.41,	3.0500
744.03,	3.0500
744.65,	3.0600
745.26,	3.0600
745.88,	3.0600
746.50,	3.0600
747.11,	3.0600
747.73,	3.0500
748.35,	3.0500
748.96,	3.0500
749.58,	3.0400
750.20,	3.0400
750.81,	3.0400
751.43,	3.0400
752.05,	3.0300
752.66,	3.0300
753.28,	3.0300
753.90,	3.0300
754.51,	3.0300
755.13,	3.0300
755.74,	3.0300
756.36,	3.0300
756.98,	3.0300
757.59,	3.0200
758.21,	3.0200
758.82,	3.0200
759.44,	3.0200
760.06,	3.0200
760.67,	3.0100
761.29,	3.0100
761.90,	3.0100
762.52,	3.0100
763.14,	3.0000
763.75,	3.0100
764.37,	3.0000
764.98,	3.0100
765.60,	3.0100
766.21,	3.0100
766.83,	3.0100
767.44,	3.0100
768.06,	3.0100
768.67,	3.0000
769.29,	3.0100
769.90,	3.0100
770.52,	3.0000
771.14,	3.0000
771.75,	3.0100
772.37,	3.0100
772.98,	3.0100
773.59,	3.0100
774.21,	3.0000
774.82,	3.0000
775.44,	3.0000
776.05,	3.0000
776.67,	3.0000
777.28,	3.0000
777.90,	3.0000
778.51,	3.0000
779.13,	3.0000
779.74,	3.0000
780.36,	3.0000
780.97,	3.0000
781.58,	3.0000
782.20,	3.0000
782.81,	3.0000
783.43,	3.0000
784.04,	3.0000
784.66,	3.0000
785.27,	3.0000
785.88,	3.0000
786.50,	3.0000
787.11,	3.0000
787.73,	3.0000
788.34,	3.0000
788.95,	3.0000
789.57,	3.0000
790.18,	3.0000
790.79,	2.9900
791.41,	3.0000
792.02,	3.0000
792.63,	3.0000
793.25,	3.0000
793.86,	3.0000
794.47,	3.0000
795.09,	3.0000
795.70,	3.0000
796.31,	3.0000
796.93,	3.0000
797.54,	3.0000
798.15,	3.0000
798.77,	2.9900
799.38,	2.9900
799.99,	2.9900
800.61,	2.9900
801.22,	2.9900
801.83,	2.9900
802.44,	2.9900
803.06,	2.9900
803.67,	2.9900
804.28,	2.9900
804.90,	2.9900
805.51,	2.9900
806.12,	2.9900
806.73,	2.9900
807.34,	2.9900
807.96,	2.9900
808.57,	2.9900
809.18,	2.9900
809.79,	2.9900
810.41,	2.9900
811.02,	2.9900
811.63,	2.9900
812.24,	2.9900
812.85,	2.9900
813.47,	2.9900
814.08,	2.9900
814.69,	2.9900
815.30,	2.9900
815.91,	2.9900
816.53,	2.9900
817.14,	2.9900
817.75,	2.9900
818.36,	2.9900
818.97,	2.9900
819.58,	2.9900
820.20,	2.9900
820.81,	2.9900
821.42,	2.9800
822.03,	2.9800
822.64,	2.9800
823.25,	2.9900
823.86,	2.9800
824.47,	2.9800
825.09,	2.9800
825.70,	2.9800
826.31,	2.9800
826.92,	2.9800
827.53,	2.9800
828.14,	2.9800
828.75,	2.9800
829.36,	2.9800
829.97,	2.9900
830.58,	2.9800
831.19,	2.9800
831.80,	2.9800
832.42,	2.9800
833.03,	2.9800
833.64,	2.9800
834.25,	2.9800
834.86,	2.9800
835.47,	2.9800
836.08,	2.9800
836.69,	2.9800
837.30,	2.9800
837.91,	2.9800
838.52,	2.9800
839.13,	2.9800
839.74,	2.9800
840.35,	2.9800
840.96,	2.9800
841.57,	2.9800
842.18,	2.9800
842.79,	2.9800
843.40,	2.9800
844.01,	2.9800
844.62,	2.9800
845.23,	2.9800
845.84,	2.9800
846.45,	2.9800
847.06,	2.9900
847.67,	2.9800
848.27,	2.9900
848.88,	2.9800
849.49,	2.9800
850.10,	2.9800
850.71,	2.9800
851.32,	2.9800
851.93,	2.9800
852.54,	2.9800
853.15,	2.9800
853.76,	2.9800
854.37,	2.9800
854.98,	2.9800
855.58,	2.9800
856.19,	2.9900
856.80,	2.9800
857.41,	2.9800
858.02,	2.9800
858.63,	2.9800
859.24,	2.9800
859.85,	2.9800
860.45,	2.9800
861.06,	2.9800
861.67,	2.9800
862.28,	2.9800
862.89,	2.9800
863.50,	2.9800
864.10,	2.9800
864.71,	2.9700
865.32,	2.9700
865.93,	2.9800
866.54,	2.9700
867.14,	2.9700
867.75,	2.9700
868.36,	2.9700
868.97,	2.9700
869.58,	2.9700
870.18,	2.9700
870.79,	2.9700
871.40,	2.9700
872.01,	2.9700
872.61,	2.9700
873.22,	2.9700
873.83,	2.9700
874.44,	2.9700
875.04,	2.9700
875.65,	2.9700
876.26,	2.9700
876.87,	2.9700
877.47,	2.9700
878.08,	2.9700
878.69,	2.9700
879.29,	2.9700
879.90,	2.9700
880.51,	2.9700
881.12,	2.9700
881.72,	2.9700
882.33,	2.9700
882.94,	2.9700
883.54,	2.9800
884.15,	2.9800
884.76,	2.9800
885.36,	2.9800
885.97,	2.9700
886.58,	2.9700
887.18,	2.9700
887.79,	2.9700
888.40,	2.9700
889.00,	2.9700
889.61,	2.9700
890.22,	2.9700
890.82,	2.9600
891.43,	2.9600
892.03,	2.9600
892.64,	2.9600
893.25,	2.9700
893.85,	2.9700
894.46,	2.9700
895.06,	2.9700
895.67,	2.9700
896.28,	2.9600
896.88,	2.9700
897.49,	2.9700
898.09,	2.9600
898.70,	2.9700
899.30,	2.9700
899.91,	2.9700
900.52,	2.9700
901.12,	2.9700
901.73,	2.9700
902.33,	2.9700
902.94,	2.9700
903.54,	2.9700
904.15,	2.9700
904.75,	2.9700
905.36,	2.9700
905.96,	2.9700
906.57,	2.9700
907.17,	2.9700
907.78,	2.9700
908.38,	2.9700
908.99,	2.9600
909.59,	2.9600
910.20,	2.9600
910.80,	2.9600
911.41,	2.9600
912.01,	2.9600
912.62,	2.9600
913.22,	2.9600
913.83,	2.9600
914.43,	2.9600
915.03,	2.9600
915.64,	2.9600
916.24,	2.9600
916.85,	2.9600
917.45,	2.9500
918.06,	2.9500
918.66,	2.9500
919.26,	2.9500
919.87,	2.9500
920.47,	2.9500
921.08,	2.9500
921.68,	2.9500
922.28,	2.9500
922.89,	2.9500
923.49,	2.9400
924.10,	2.9400
924.70,	2.9400
925.30,	2.9400
925.91,	2.9400
926.51,	2.9400
927.11,	2.9400
927.72,	2.9400
928.32,	2.9400
928.92,	2.9300
929.53,	2.9400
930.13,	2.9400
930.74,	2.9300
931.34,	2.9300
931.94,	2.9300
932.54,	2.9300
933.15,	2.9300
933.75,	2.9400
934.35,	2.9300
934.96,	2.9300
935.56,	2.9300
936.16,	2.9300
936.77,	2.9300
937.37,	2.9300
937.97,	2.9300
938.57,	2.9300
939.18,	2.9300
939.78,	2.9300
940.38,	2.9300
940.98,	2.9300
941.59,	2.9300
942.19,	2.9300
942.79,	2.9200
943.39,	2.9200
944.00,	2.9200
944.60,	2.9400
945.20,	3.8700
945.80,	8.6500
946.40,	14.0200
947.01,	15.9000
947.61,	16.8200
948.21,	17.5600
948.81,	18.2200
949.41,	18.8100
950.02,	19.3500
950.62,	19.8400
951.22,	20.3000
951.82,	21.1200
952.42,	35.5000
953.02,	35.5000
953.63,	35.5000
954.23,	35.5000
954.83,	35.5000
955.43,	35.5000
956.03,	35.5000
956.63,	35.5000
957.24,	35.5000
957.84,	35.5000
958.44,	35.5000
959.04,	35.5000
959.64,	35.5000
960.24,	35.5000
960.84,	35.5000
961.44,	35.5000
962.04,	35.5000
962.64,	35.5000
963.25,	35.5000
963.85,	35.5000
964.45,	35.5000
965.05,	35.5000
965.65,	35.5000
966.25,	35.5000
966.85,	35.5000
967.45,	35.5000
968.05,	35.5000
968.65,	35.5000
969.25,	35.5000
969.85,	35.5000
970.45,	35.5000
971.05,	35.5000
971.65,	35.5000
972.25,	35.5000
972.85,	35.5000
973.45,	35.5000
974.05,	35.5000
974.65,	35.5000
975.25,	35.5000
975.85,	35.5000
976.45,	35.5000
977.05,	35.5000
977.65,	35.5000
978.25,	35.5000
978.85,	35.5000
979.45,	35.5000
980.05,	35.5000
980.65,	35.5000
981.25,	35.5000
981.85,	35.5000
982.45,	35.5000
983.05,	35.5000
983.65,	35.5000
984.25,	35.5000
984.85,	35.5000
985.45,	35.5000
986.04,	35.5000
986.64,	35.5000
987.24,	35.5000
987.84,	35.5000
988.44,	35.5000
989.04,	35.5000
989.64,	35.5000
990.24,	35.5000
990.84,	35.5000
991.44,	35.5000
992.03,	35.5000
992.63,	35.5000
993.23,	35.5000
993.83,	35.5000
994.43,	35.5000
995.03,	35.5000
995.63,	35.5000
996.22,	35.5000
996.82,	35.5000
997.42,	35.5000
998.02,	35.5000
998.62,	35.5000
999.21,	35.5000
999.81,	35.5000
1000.41,	35.5000
