Call Sign = ZSDA,	Ship Name = SA Agulhas,	Lloyds Num = 0
Date = 02/06/2017,	Time = 18:00,	
Latitude = 34 29.83  S,	Longitude = 016 02.67  E
Instr = Sippican Deep Blue,	Card Type = Sippican MK-21,	
Wind Instr = ,	Measur Method = 
Probe Serial Num = -1,	Ship Dir = -1,	Ship Speed = -1.00
Wind Dir = 205,	Wind Speed = 22.20
Dry Bulb Temp = 18.80,	Total Water Depth = -1.00

Full Resolution Values
Depth,	 Temp
0.67,	19.3400
1.34,	19.3300
2.01,	19.3200
2.68,	19.3200
3.34,	19.3300
4.01,	19.3300
4.68,	19.3400
5.35,	19.3400
6.02,	19.3400
6.69,	19.3400
7.36,	19.3300
8.03,	19.3400
8.69,	19.3400
9.36,	19.3400
10.03,	19.3300
10.70,	19.3300
11.37,	19.3300
12.04,	19.3300
12.70,	19.3300
13.37,	19.3300
14.04,	19.3300
14.71,	19.3300
15.38,	19.3300
16.05,	19.3200
16.71,	19.3200
17.38,	19.3100
18.05,	19.3100
18.72,	19.3100
19.38,	19.3100
20.05,	19.3100
20.72,	19.3100
21.39,	19.3100
22.06,	19.3200
22.72,	19.3200
23.39,	19.3200
24.06,	19.3200
24.73,	19.3200
25.39,	19.3100
26.06,	19.3100
26.73,	19.3100
27.40,	19.3000
28.06,	19.2900
28.73,	19.2900
29.40,	19.3000
30.06,	19.2900
30.73,	19.2900
31.40,	19.2900
32.06,	19.2800
32.73,	19.2700
33.40,	19.2700
34.07,	19.2700
34.73,	19.2600
35.40,	19.2500
36.07,	19.2400
36.73,	19.2400
37.40,	19.2300
38.07,	19.2300
38.73,	19.2200
39.40,	19.2200
40.06,	19.2200
40.73,	19.2200
41.40,	19.2200
42.06,	19.2300
42.73,	19.2300
43.40,	19.2200
44.06,	19.2200
44.73,	19.2100
45.39,	19.2100
46.06,	19.2000
46.73,	19.2000
47.39,	19.1900
48.06,	19.1800
48.72,	19.1500
49.39,	19.1100
50.06,	19.0800
50.72,	19.0200
51.39,	18.9700
52.05,	18.8900
52.72,	18.8500
53.38,	18.8400
54.05,	18.8200
54.71,	18.8100
55.38,	18.7900
56.05,	18.7600
56.71,	18.6900
57.38,	18.6000
58.04,	18.5000
58.71,	18.3600
59.37,	18.2300
60.04,	18.1500
60.70,	18.1300
61.37,	18.1000
62.03,	18.0800
62.70,	18.0600
63.36,	18.0400
64.03,	18.0000
64.69,	17.9700
65.36,	17.9400
66.02,	17.9100
66.69,	17.8700
67.35,	17.8600
68.01,	17.8300
68.68,	17.8000
69.34,	17.7700
70.01,	17.7400
70.67,	17.7200
71.34,	17.6900
72.00,	17.6400
72.66,	17.5800
73.33,	17.5300
73.99,	17.5000
74.66,	17.4800
75.32,	17.4700
75.98,	17.4400
76.65,	17.4300
77.31,	17.4100
77.98,	17.4000
78.64,	17.3700
79.30,	17.3500
79.97,	17.3400
80.63,	17.3300
81.30,	17.3200
81.96,	17.3200
82.62,	17.3300
83.29,	17.3000
83.95,	17.2600
84.61,	17.2100
85.28,	17.1900
85.94,	17.1700
86.60,	17.1700
87.27,	17.1800
87.93,	17.1600
88.59,	17.0800
89.26,	17.0400
89.92,	17.0300
90.58,	17.0000
91.24,	16.9600
91.91,	16.8900
92.57,	16.8700
93.23,	16.8800
93.90,	16.9000
94.56,	16.9100
95.22,	16.9000
95.88,	16.9000
96.55,	16.9000
97.21,	16.9000
97.87,	16.9000
98.53,	16.8800
99.20,	16.8800
99.86,	16.8600
100.52,	16.8400
101.18,	16.8400
101.85,	16.8100
102.51,	16.7700
103.17,	16.7200
103.83,	16.6900
104.49,	16.6600
105.16,	16.6700
105.82,	16.6500
106.48,	16.6400
107.14,	16.6300
107.80,	16.5800
108.47,	16.5300
109.13,	16.5000
109.79,	16.5000
110.45,	16.4800
111.11,	16.4300
111.77,	16.4000
112.44,	16.3600
113.10,	16.3200
113.76,	16.2900
114.42,	16.2700
115.08,	16.2600
115.74,	16.2700
116.40,	16.2700
117.06,	16.2700
117.73,	16.2600
118.39,	16.2200
119.05,	16.1900
119.71,	16.1800
120.37,	16.1800
121.03,	16.1700
121.69,	16.1600
122.35,	16.1400
123.01,	16.1200
123.67,	16.1000
124.33,	16.0400
125.00,	15.9900
125.66,	15.9600
126.32,	15.9500
126.98,	15.9300
127.64,	15.8700
128.30,	15.7900
128.96,	15.7500
129.62,	15.7200
130.28,	15.7100
130.94,	15.7100
131.60,	15.7000
132.26,	15.6700
132.92,	15.6200
133.58,	15.5800
134.24,	15.5100
134.90,	15.4600
135.56,	15.4500
136.22,	15.4500
136.88,	15.4500
137.54,	15.4700
138.20,	15.5200
138.86,	15.5700
139.52,	15.5900
140.18,	15.5700
140.84,	15.5400
141.50,	15.5000
142.16,	15.4900
142.82,	15.4700
143.48,	15.4500
144.14,	15.4300
144.79,	15.4100
145.45,	15.3900
146.11,	15.3700
146.77,	15.3700
147.43,	15.4000
148.09,	15.4300
148.75,	15.4500
149.41,	15.4600
150.07,	15.4500
150.73,	15.4300
151.39,	15.4200
152.04,	15.4000
152.70,	15.3900
153.36,	15.3900
154.02,	15.3900
154.68,	15.3900
155.34,	15.3700
156.00,	15.3500
156.65,	15.3500
157.31,	15.3300
157.97,	15.3200
158.63,	15.3100
159.29,	15.3000
159.95,	15.2900
160.60,	15.2900
161.26,	15.2900
161.92,	15.2800
162.58,	15.2600
163.24,	15.2500
163.90,	15.2500
164.55,	15.2500
165.21,	15.2400
165.87,	15.2200
166.53,	15.2100
167.18,	15.2000
167.84,	15.1900
168.50,	15.1800
169.16,	15.1700
169.82,	15.1700
170.47,	15.1600
171.13,	15.1400
171.79,	15.1300
172.44,	15.1200
173.10,	15.1100
173.76,	15.1000
174.42,	15.0800
175.07,	15.0700
175.73,	15.0700
176.39,	15.0600
177.05,	15.0400
177.70,	14.9900
178.36,	14.9700
179.02,	14.9700
179.67,	14.9700
180.33,	14.9700
180.99,	15.0000
181.64,	15.1000
182.30,	15.1600
182.96,	15.1700
183.61,	15.1700
184.27,	15.1800
184.93,	15.1700
185.58,	15.1600
186.24,	15.1500
186.90,	15.1300
187.55,	15.1000
188.21,	15.0800
188.87,	15.0700
189.52,	15.0600
190.18,	15.0600
190.83,	15.0500
191.49,	15.0300
192.15,	15.0300
192.80,	15.0100
193.46,	14.9900
194.11,	14.9800
194.77,	14.9600
195.43,	14.9300
196.08,	14.9100
196.74,	14.9100
197.39,	14.9100
198.05,	14.9000
198.70,	14.8900
199.36,	14.8600
200.02,	14.8400
200.67,	14.8200
201.33,	14.8000
201.98,	14.7900
202.64,	14.7900
203.29,	14.7900
203.95,	14.7800
204.60,	14.7700
205.26,	14.7600
205.91,	14.7500
206.57,	14.7400
207.22,	14.7300
207.88,	14.7200
208.53,	14.7000
209.19,	14.6900
209.84,	14.6900
210.50,	14.6900
211.15,	14.6800
211.81,	14.6800
212.46,	14.6800
213.12,	14.6800
213.77,	14.6800
214.43,	14.6800
215.08,	14.6700
215.74,	14.6400
216.39,	14.6100
217.04,	14.5900
217.70,	14.5700
218.35,	14.5600
219.01,	14.5600
219.66,	14.5500
220.32,	14.5400
220.97,	14.5300
221.62,	14.5400
222.28,	14.5500
222.93,	14.5600
223.59,	14.5700
224.24,	14.5600
224.89,	14.5700
225.55,	14.5700
226.20,	14.5400
226.85,	14.4900
227.51,	14.4500
228.16,	14.4400
228.81,	14.4300
229.47,	14.4100
230.12,	14.4000
230.78,	14.3800
231.43,	14.3600
232.08,	14.3400
232.74,	14.3100
233.39,	14.3000
234.04,	14.2900
234.69,	14.2600
235.35,	14.2400
236.00,	14.2300
236.65,	14.2200
237.31,	14.2000
237.96,	14.1700
238.61,	14.1500
239.27,	14.1400
239.92,	14.1200
240.57,	14.1100
241.22,	14.1100
241.88,	14.1000
242.53,	14.0800
243.18,	14.0700
243.83,	14.0400
244.49,	14.0300
245.14,	14.0200
245.79,	14.0100
246.44,	14.0000
247.10,	13.9800
247.75,	13.9600
248.40,	13.9500
249.05,	13.9500
249.70,	13.9600
250.36,	13.9600
251.01,	13.9500
251.66,	13.9400
252.31,	13.9300
252.96,	13.9000
253.62,	13.8800
254.27,	13.8600
254.92,	13.8500
255.57,	13.8400
256.22,	13.8300
256.88,	13.8300
257.53,	13.8400
258.18,	13.8500
258.83,	13.8500
259.48,	13.8600
260.13,	13.8600
260.78,	13.8500
261.44,	13.8300
262.09,	13.8200
262.74,	13.8100
263.39,	13.8100
264.04,	13.8200
264.69,	13.8200
265.34,	13.8100
265.99,	13.8100
266.64,	13.7900
267.29,	13.7700
267.95,	13.7500
268.60,	13.7200
269.25,	13.6900
269.90,	13.6900
270.55,	13.6800
271.20,	13.6700
271.85,	13.6700
272.50,	13.6600
273.15,	13.6600
273.80,	13.6500
274.45,	13.6400
275.10,	13.6400
275.75,	13.6300
276.40,	13.6300
277.05,	13.6100
277.70,	13.5900
278.35,	13.5700
279.00,	13.5400
279.65,	13.5000
280.30,	13.4900
280.95,	13.4800
281.60,	13.4600
282.25,	13.4600
282.90,	13.4600
283.55,	13.4600
284.20,	13.4600
284.85,	13.4700
285.50,	13.4800
286.15,	13.4800
286.80,	13.4800
287.45,	13.4900
288.10,	13.4800
288.75,	13.4800
289.40,	13.4800
290.05,	13.4700
290.70,	13.4500
291.35,	13.4400
292.00,	13.4300
292.64,	13.4000
293.29,	13.3700
293.94,	13.3600
294.59,	13.3600
295.24,	13.3600
295.89,	13.3500
296.54,	13.3400
297.19,	13.3300
297.84,	13.3200
298.49,	13.3200
299.13,	13.3200
299.78,	13.3000
300.43,	13.2800
301.08,	13.2600
301.73,	13.2400
302.38,	13.2300
303.02,	13.2200
303.67,	13.2100
304.32,	13.2100
304.97,	13.2100
305.62,	13.2000
306.27,	13.2000
306.91,	13.1800
307.56,	13.1600
308.21,	13.1400
308.86,	13.1100
309.51,	13.0800
310.15,	13.0500
310.80,	12.9900
311.45,	12.9600
312.10,	12.9500
312.75,	12.9400
313.39,	12.9400
314.04,	12.9300
314.69,	12.9300
315.34,	12.9300
315.98,	12.9400
316.63,	12.9300
317.28,	12.9200
317.93,	12.9000
318.57,	12.9000
319.22,	12.8900
319.87,	12.8900
320.52,	12.8800
321.16,	12.8800
321.81,	12.8800
322.46,	12.8600
323.10,	12.8500
323.75,	12.8400
324.40,	12.8100
325.04,	12.7900
325.69,	12.7800
326.34,	12.7600
326.99,	12.7500
327.63,	12.7400
328.28,	12.7300
328.93,	12.7200
329.57,	12.7100
330.22,	12.7000
330.86,	12.6900
331.51,	12.6800
332.16,	12.6600
332.80,	12.6500
333.45,	12.6500
334.10,	12.6300
334.74,	12.6000
335.39,	12.5800
336.03,	12.5800
336.68,	12.5800
337.33,	12.5800
337.97,	12.5900
338.62,	12.5900
339.26,	12.5900
339.91,	12.5900
340.56,	12.5900
341.20,	12.5900
341.85,	12.5800
342.49,	12.5700
343.14,	12.5600
343.78,	12.5500
344.43,	12.5400
345.08,	12.5400
345.72,	12.5400
346.37,	12.5300
347.01,	12.5200
347.66,	12.5200
348.30,	12.5200
348.95,	12.5000
349.59,	12.4900
350.24,	12.4800
350.88,	12.4700
351.53,	12.4700
352.17,	12.4700
352.82,	12.4700
353.46,	12.4600
354.11,	12.4600
354.75,	12.4500
355.40,	12.4400
356.04,	12.4200
356.69,	12.4100
357.33,	12.4100
357.98,	12.4000
358.62,	12.3800
359.27,	12.3600
359.91,	12.3600
360.55,	12.3800
361.20,	12.4200
361.84,	12.4500
362.49,	12.4400
363.13,	12.4000
363.78,	12.3400
364.42,	12.2900
365.06,	12.2500
365.71,	12.2300
366.35,	12.2100
367.00,	12.2100
367.64,	12.2000
368.28,	12.1900
368.93,	12.1900
369.57,	12.2100
370.22,	12.2800
370.86,	12.3400
371.50,	12.3600
372.15,	12.3700
372.79,	12.3700
373.43,	12.3700
374.08,	12.3700
374.72,	12.3700
375.36,	12.3700
376.01,	12.3800
376.65,	12.3800
377.29,	12.3800
377.94,	12.3800
378.58,	12.3700
379.22,	12.3600
379.87,	12.3500
380.51,	12.3300
381.15,	12.3300
381.79,	12.3300
382.44,	12.3200
383.08,	12.3200
383.72,	12.3100
384.37,	12.3000
385.01,	12.3000
385.65,	12.3000
386.29,	12.2900
386.94,	12.2900
387.58,	12.2800
388.22,	12.2800
388.86,	12.2800
389.51,	12.2800
390.15,	12.2700
390.79,	12.2700
391.43,	12.2500
392.08,	12.2400
392.72,	12.2300
393.36,	12.2200
394.00,	12.2100
394.64,	12.2000
395.29,	12.1900
395.93,	12.1800
396.57,	12.1600
397.21,	12.1400
397.85,	12.1300
398.50,	12.1200
399.14,	12.1000
399.78,	12.0600
400.42,	12.0400
401.06,	12.0300
401.70,	12.0200
402.34,	12.0100
402.99,	12.0000
403.63,	11.9900
404.27,	11.9900
404.91,	11.9800
405.55,	11.9700
406.19,	11.9700
406.83,	11.9700
407.48,	11.9700
408.12,	11.9700
408.76,	11.9600
409.40,	11.9500
410.04,	11.9500
410.68,	11.9500
411.32,	11.9500
411.96,	11.9500
412.60,	11.9500
413.24,	11.9400
413.88,	11.9500
414.52,	11.9400
415.17,	11.9200
415.81,	11.9200
416.45,	11.9100
417.09,	11.9100
417.73,	11.9100
418.37,	11.9100
419.01,	11.9000
419.65,	11.8900
420.29,	11.8700
420.93,	11.8500
421.57,	11.8300
422.21,	11.8300
422.85,	11.8200
423.49,	11.8000
424.13,	11.7900
424.77,	11.7800
425.41,	11.7700
426.05,	11.7600
426.69,	11.7600
427.33,	11.7600
427.97,	11.7500
428.61,	11.7400
429.25,	11.7300
429.89,	11.7100
430.53,	11.7100
431.17,	11.7000
431.80,	11.6800
432.44,	11.6700
433.08,	11.6600
433.72,	11.6600
434.36,	11.6600
435.00,	11.6600
435.64,	11.6500
436.28,	11.6400
436.92,	11.6300
437.56,	11.6300
438.20,	11.6100
438.84,	11.6000
439.47,	11.6000
440.11,	11.5800
440.75,	11.5700
441.39,	11.5600
442.03,	11.5400
442.67,	11.5300
443.31,	11.5300
443.95,	11.5200
444.58,	11.5000
445.22,	11.4900
445.86,	11.4800
446.50,	11.4800
447.14,	11.4800
447.78,	11.4700
448.41,	11.4600
449.05,	11.4500
449.69,	11.4400
450.33,	11.4200
450.97,	11.4100
451.60,	11.4000
452.24,	11.4000
452.88,	11.4000
453.52,	11.4000
454.16,	11.4000
454.79,	11.3800
455.43,	11.3600
456.07,	11.3300
456.71,	11.3000
457.35,	11.2900
457.98,	11.2800
458.62,	11.2600
459.26,	11.2500
459.90,	11.2300
460.53,	11.2300
461.17,	11.2100
461.81,	11.1900
462.44,	11.1800
463.08,	11.1700
463.72,	11.1600
464.36,	11.1500
464.99,	11.1400
465.63,	11.1400
466.27,	11.1200
466.90,	11.1000
467.54,	11.0700
468.18,	11.0400
468.81,	11.0100
469.45,	10.9900
470.09,	10.9800
470.72,	10.9700
471.36,	10.9700
472.00,	10.9700
472.63,	10.9500
473.27,	10.9300
473.91,	10.9200
474.54,	10.9100
475.18,	10.8900
475.82,	10.8600
476.45,	10.8200
477.09,	10.7900
477.73,	10.7800
478.36,	10.7700
479.00,	10.7600
479.63,	10.7600
480.27,	10.7500
480.91,	10.7300
481.54,	10.7100
482.18,	10.7000
482.81,	10.6900
483.45,	10.6800
484.08,	10.6800
484.72,	10.6700
485.36,	10.6600
485.99,	10.6600
486.63,	10.6600
487.26,	10.6500
487.90,	10.6300
488.53,	10.6200
489.17,	10.6200
489.80,	10.6200
490.44,	10.6200
491.07,	10.6200
491.71,	10.6100
492.34,	10.6000
492.98,	10.6000
493.62,	10.5900
494.25,	10.5800
494.89,	10.5700
495.52,	10.5600
496.15,	10.5600
496.79,	10.5500
497.42,	10.5400
498.06,	10.5400
498.69,	10.5200
499.33,	10.5100
499.96,	10.5000
500.60,	10.4900
501.23,	10.4900
501.87,	10.4900
502.50,	10.4700
503.14,	10.4600
503.77,	10.4500
504.40,	10.4400
505.04,	10.4400
505.67,	10.4300
506.31,	10.4300
506.94,	10.4200
507.57,	10.4100
508.21,	10.4000
508.84,	10.4000
509.48,	10.3900
510.11,	10.3800
510.74,	10.3800
511.38,	10.3800
512.01,	10.3700
512.65,	10.3600
513.28,	10.3600
513.91,	10.3400
514.55,	10.3400
515.18,	10.3300
515.81,	10.3300
516.45,	10.3100
517.08,	10.3000
517.71,	10.2900
518.35,	10.2800
518.98,	10.2700
519.61,	10.2700
520.25,	10.2600
520.88,	10.2500
521.51,	10.2400
522.15,	10.2300
522.78,	10.2200
523.41,	10.2100
524.04,	10.1900
524.68,	10.1700
525.31,	10.1500
525.94,	10.1400
526.58,	10.1300
527.21,	10.1200
527.84,	10.1200
528.47,	10.1200
529.11,	10.1100
529.74,	10.1000
530.37,	10.0800
531.00,	10.0700
531.64,	10.0600
532.27,	10.0400
532.90,	10.0300
533.53,	10.0200
534.17,	10.0100
534.80,	10.0000
535.43,	9.9800
536.06,	9.9700
536.69,	9.9500
537.33,	9.9400
537.96,	9.9200
538.59,	9.8900
539.22,	9.8700
539.85,	9.8500
540.48,	9.8300
541.12,	9.8100
541.75,	9.8000
542.38,	9.7800
543.01,	9.7400
543.64,	9.7100
544.27,	9.7000
544.91,	9.6800
545.54,	9.6700
546.17,	9.6600
546.80,	9.6300
547.43,	9.6200
548.06,	9.6100
548.69,	9.5900
549.32,	9.5700
549.95,	9.5600
550.59,	9.5500
551.22,	9.5400
551.85,	9.5300
552.48,	9.5200
553.11,	9.5000
553.74,	9.4800
554.37,	9.4600
555.00,	9.4500
555.63,	9.4300
556.26,	9.4100
556.89,	9.4000
557.52,	9.4000
558.15,	9.3900
558.78,	9.3800
559.42,	9.3800
560.05,	9.3700
560.68,	9.3600
561.31,	9.3600
561.94,	9.3500
562.57,	9.3400
563.20,	9.3200
563.83,	9.3000
564.46,	9.2900
565.09,	9.2700
565.72,	9.2600
566.35,	9.2500
566.98,	9.2400
567.61,	9.2300
568.24,	9.2300
568.87,	9.2200
569.50,	9.2000
570.12,	9.1700
570.75,	9.1600
571.38,	9.1400
572.01,	9.1200
572.64,	9.0800
573.27,	9.0500
573.90,	9.0300
574.53,	9.0200
575.16,	9.0100
575.79,	8.9900
576.42,	8.9800
577.05,	8.9700
577.68,	8.9600
578.31,	8.9400
578.93,	8.9200
579.56,	8.8900
580.19,	8.7900
580.82,	8.6700
581.45,	8.6000
582.08,	8.5700
582.71,	8.5600
583.34,	8.5500
583.97,	8.5300
584.59,	8.4900
585.22,	8.4600
585.85,	8.4300
586.48,	8.4000
587.11,	8.3900
587.74,	8.3900
588.36,	8.4000
588.99,	8.4100
589.62,	8.4200
590.25,	8.4200
590.88,	8.4200
591.50,	8.4200
592.13,	8.4100
592.76,	8.4000
593.39,	8.3900
594.02,	8.3900
594.64,	8.3800
595.27,	8.3600
595.90,	8.3500
596.53,	8.3400
597.16,	8.3200
597.78,	8.3200
598.41,	8.3100
599.04,	8.3100
599.67,	8.3000
600.29,	8.3000
600.92,	8.3000
601.55,	8.3000
602.18,	8.3100
602.80,	8.3100
603.43,	8.3000
604.06,	8.3000
604.68,	8.3000
605.31,	8.2900
605.94,	8.2800
606.57,	8.2800
607.19,	8.2800
607.82,	8.2800
608.45,	8.2800
609.07,	8.2800
609.70,	8.2800
610.33,	8.2800
610.95,	8.2700
611.58,	8.2700
612.21,	8.2700
612.83,	8.2700
613.46,	8.2800
614.09,	8.2800
614.71,	8.2800
615.34,	8.2800
615.97,	8.2700
616.59,	8.2900
617.22,	8.3200
617.84,	8.3400
618.47,	8.3400
619.10,	8.3500
619.72,	8.3400
620.35,	8.3300
620.97,	8.3200
621.60,	8.3200
622.23,	8.3100
622.85,	8.3000
623.48,	8.2900
624.10,	8.2800
624.73,	8.2800
625.35,	8.2800
625.98,	8.2700
626.61,	8.2400
627.23,	8.2200
627.86,	8.2100
628.48,	8.1900
629.11,	8.1700
629.73,	8.1500
630.36,	8.1300
630.98,	8.1100
631.61,	8.1000
632.23,	8.1000
632.86,	8.1000
633.48,	8.0900
634.11,	8.0900
634.73,	8.0800
635.36,	8.0800
635.98,	8.0700
636.61,	8.0600
637.23,	8.0500
637.86,	8.0400
638.48,	8.0300
639.11,	8.0200
639.73,	8.0000
640.36,	7.9900
640.98,	7.9900
641.61,	7.9700
642.23,	7.9500
642.85,	7.9400
643.48,	7.9400
644.10,	7.9400
644.73,	7.9300
645.35,	7.9300
645.98,	7.9300
646.60,	7.9200
647.22,	7.9100
647.85,	7.8900
648.47,	7.8800
649.10,	7.8500
649.72,	7.8200
650.34,	7.8100
650.97,	7.7900
651.59,	7.7200
652.22,	7.6200
652.84,	7.5600
653.46,	7.5300
654.09,	7.5100
654.71,	7.4800
655.33,	7.4600
655.96,	7.4400
656.58,	7.4200
657.20,	7.4100
657.83,	7.3900
658.45,	7.3600
659.07,	7.3300
659.70,	7.3300
660.32,	7.3200
660.94,	7.3100
661.57,	7.3000
662.19,	7.2900
662.81,	7.2800
663.43,	7.2800
664.06,	7.2700
664.68,	7.2700
665.30,	7.2700
665.93,	7.2500
666.55,	7.2300
667.17,	7.2200
667.79,	7.2200
668.42,	7.2200
669.04,	7.2200
669.66,	7.2200
670.28,	7.2300
670.91,	7.3100
671.53,	7.3900
672.15,	7.4400
672.77,	7.4600
673.39,	7.4600
674.02,	7.4600
674.64,	7.4300
675.26,	7.4000
675.88,	7.3800
676.50,	7.3600
677.13,	7.3600
677.75,	7.3600
678.37,	7.3700
678.99,	7.3800
679.61,	7.3700
680.24,	7.3600
680.86,	7.3500
681.48,	7.3300
682.10,	7.3200
682.72,	7.3100
683.34,	7.3100
683.96,	7.3100
684.59,	7.3100
685.21,	7.3000
685.83,	7.2800
686.45,	7.2700
687.07,	7.2600
687.69,	7.2300
688.31,	7.1900
688.93,	7.1600
689.56,	7.1600
690.18,	7.1600
690.80,	7.1200
691.42,	7.0900
692.04,	7.0600
692.66,	7.0400
693.28,	7.0300
693.90,	7.0300
694.52,	7.0300
695.14,	7.0300
695.76,	7.0300
696.38,	7.0400
697.00,	7.0900
697.62,	7.1600
698.25,	7.1800
698.87,	7.1800
699.49,	7.1600
700.11,	7.1600
700.73,	7.1500
701.35,	7.1400
701.97,	7.1300
702.59,	7.1100
703.21,	7.1000
703.83,	7.0900
704.45,	7.0700
705.07,	7.0600
705.69,	7.0400
706.31,	7.0300
706.93,	7.0300
707.55,	7.0200
708.17,	7.0100
708.79,	6.9900
709.40,	6.9600
710.02,	6.9500
710.64,	6.9400
711.26,	6.9100
711.88,	6.8800
712.50,	6.8700
713.12,	6.8700
713.74,	6.8600
714.36,	6.8500
714.98,	6.8300
715.60,	6.8200
716.22,	6.8100
716.84,	6.8000
717.45,	6.7900
718.07,	6.7800
718.69,	6.7600
719.31,	6.7500
719.93,	6.7400
720.55,	6.7400
721.17,	6.7500
721.79,	6.7400
722.41,	6.7400
723.02,	6.7400
723.64,	6.7400
724.26,	6.7300
724.88,	6.7200
725.50,	6.7100
726.12,	6.7100
726.73,	6.7000
727.35,	6.7100
727.97,	6.7100
728.59,	6.7000
729.21,	6.6900
729.83,	6.6700
730.44,	6.6400
731.06,	6.6300
731.68,	6.6300
732.30,	6.6200
732.92,	6.6200
733.53,	6.6200
734.15,	6.6200
734.77,	6.6000
735.39,	6.5700
736.00,	6.5600
736.62,	6.5500
737.24,	6.5500
737.86,	6.5500
738.47,	6.5500
739.09,	6.5400
739.71,	6.5200
740.33,	6.4900
740.94,	6.4700
741.56,	6.4500
742.18,	6.4500
742.79,	6.4500
743.41,	6.4400
744.03,	6.4400
744.65,	6.4300
745.26,	6.3900
745.88,	6.3500
746.50,	6.3200
747.11,	6.3100
747.73,	6.2900
748.35,	6.2700
748.96,	6.2500
749.58,	6.2400
750.20,	6.2400
750.81,	6.2400
751.43,	6.2500
752.05,	6.2500
752.66,	6.2500
753.28,	6.2100
753.90,	6.1600
754.51,	6.1300
755.13,	6.1200
755.74,	6.1100
756.36,	6.1100
756.98,	6.1000
757.59,	6.0800
758.21,	6.0500
758.82,	6.0200
759.44,	5.9900
760.06,	5.9800
760.67,	5.9800
761.29,	5.9700
761.90,	5.9600
762.52,	5.9500
763.14,	5.9500
763.75,	5.9400
764.37,	5.8900
764.98,	5.8700
765.60,	5.8600
766.21,	5.8500
766.83,	5.8400
767.44,	5.8200
768.06,	5.8100
768.67,	5.7800
769.29,	5.7500
769.90,	5.7300
770.52,	5.7100
771.14,	5.7000
771.75,	5.6900
772.37,	5.6700
772.98,	5.6400
773.59,	5.6100
774.21,	5.5700
774.82,	5.5500
775.44,	5.5400
776.05,	5.5400
776.67,	5.5500
777.28,	5.5600
777.90,	5.5600
778.51,	5.5500
779.13,	5.5400
779.74,	5.5200
780.36,	5.4900
780.97,	5.4700
781.58,	5.4500
782.20,	5.4400
782.81,	5.3900
783.43,	5.3500
784.04,	5.3300
784.66,	5.3300
785.27,	5.3200
785.88,	5.3200
786.50,	5.3200
787.11,	5.3100
787.73,	5.3000
788.34,	5.3000
788.95,	5.2900
789.57,	5.2800
790.18,	5.2700
790.79,	5.2500
791.41,	5.2400
792.02,	5.2200
792.63,	5.2100
793.25,	5.2100
793.86,	5.2000
794.47,	5.2000
795.09,	5.2000
795.70,	5.2000
796.31,	5.1900
796.93,	5.1800
797.54,	5.1700
798.15,	5.1500
798.77,	5.1400
799.38,	5.1400
799.99,	5.1300
800.61,	5.1200
801.22,	5.1100
801.83,	5.1100
802.44,	5.1000
803.06,	5.0900
803.67,	5.0900
804.28,	5.0800
804.90,	5.0700
805.51,	5.0600
806.12,	5.0600
806.73,	5.0500
807.34,	5.0300
807.96,	5.0200
808.57,	5.0200
809.18,	5.0100
809.79,	5.0000
810.41,	4.9900
811.02,	4.9800
811.63,	4.9500
812.24,	4.9400
812.85,	4.9300
813.47,	4.9300
814.08,	4.9300
814.69,	4.9300
815.30,	4.9400
815.91,	4.9400
816.53,	4.9300
817.14,	4.9200
817.75,	4.9100
818.36,	4.9100
818.97,	4.9000
819.58,	4.8900
820.20,	4.8800
820.81,	4.8700
821.42,	4.8700
822.03,	4.8700
822.64,	4.8700
823.25,	4.8600
823.86,	4.8600
824.47,	4.8600
825.09,	4.8600
825.70,	4.8600
826.31,	4.8700
826.92,	4.8700
827.53,	4.8800
828.14,	4.8800
828.75,	4.8700
829.36,	4.8700
829.97,	4.8600
830.58,	4.8600
831.19,	4.8600
831.80,	4.8600
832.42,	4.8600
833.03,	4.8700
833.64,	4.8800
834.25,	4.8900
834.86,	4.8900
835.47,	4.9000
836.08,	4.9100
836.69,	4.9100
837.30,	4.9200
837.91,	4.9300
838.52,	4.9300
839.13,	4.9400
839.74,	4.9400
840.35,	4.9500
840.96,	4.9500
841.57,	4.9600
842.18,	4.9700
842.79,	4.9800
843.40,	5.0200
844.01,	5.0500
844.62,	5.0800
845.23,	5.0900
845.84,	5.0900
846.45,	5.0900
847.06,	5.0800
847.67,	5.0800
848.27,	5.0800
848.88,	5.0800
849.49,	5.0800
850.10,	5.0700
850.71,	5.0400
851.32,	5.0300
851.93,	5.0300
852.54,	5.0200
853.15,	5.0200
853.76,	5.0300
854.37,	5.0600
854.98,	5.0800
855.58,	5.0700
856.19,	5.0600
856.80,	5.0200
857.41,	4.9700
858.02,	4.9400
858.63,	4.9300
859.24,	4.9100
859.85,	4.8700
860.45,	4.8500
861.06,	4.8400
861.67,	4.8300
862.28,	4.8400
862.89,	4.8400
863.50,	4.8300
864.10,	4.8300
864.71,	4.8300
865.32,	4.8300
865.93,	4.8400
866.54,	4.8600
867.14,	4.8600
867.75,	4.8700
868.36,	4.8700
868.97,	4.8800
869.58,	4.8800
870.18,	4.8800
870.79,	4.8700
871.40,	4.8600
872.01,	4.8600
872.61,	4.8600
873.22,	4.8600
873.83,	4.8500
874.44,	4.8500
875.04,	4.8500
875.65,	4.8500
876.26,	4.8600
876.87,	4.8600
877.47,	4.8700
878.08,	4.8800
878.69,	4.8800
879.29,	4.8700
879.90,	4.8700
880.51,	4.8700
881.12,	4.8700
881.72,	4.8700
882.33,	4.8700
882.94,	4.8700
883.54,	4.8600
884.15,	4.8600
884.76,	4.8600
885.36,	4.8600
885.97,	4.8800
886.58,	4.8800
887.18,	4.8900
887.79,	4.8900
888.40,	4.9100
889.00,	4.9300
889.61,	4.9600
890.22,	4.9800
890.82,	5.0000
891.43,	5.0000
892.03,	5.0000
892.64,	5.0100
893.25,	5.0000
893.85,	5.0100
894.46,	5.0100
895.06,	5.0100
895.67,	5.0000
896.28,	5.0000
896.88,	5.0000
897.49,	5.0000
898.09,	5.0000
898.70,	4.9700
899.30,	4.9400
899.91,	4.9300
900.52,	4.9300
901.12,	4.9300
901.73,	4.9300
902.33,	4.9400
902.94,	4.9500
903.54,	4.9600
904.15,	4.9500
904.75,	4.9500
905.36,	4.9300
905.96,	4.9100
906.57,	4.9000
907.17,	4.8900
907.78,	4.8800
908.38,	4.8700
908.99,	4.8700
909.59,	4.8700
910.20,	4.8600
910.80,	4.8600
911.41,	4.8500
912.01,	4.8400
912.62,	4.8300
913.22,	4.8200
913.83,	4.8200
914.43,	4.8100
915.03,	4.8100
915.64,	4.8100
916.24,	4.8000
916.85,	4.7900
917.45,	4.7900
918.06,	4.7700
918.66,	4.7600
919.26,	4.7500
919.87,	4.7500
920.47,	4.7400
921.08,	4.7300
921.68,	4.7300
922.28,	4.7300
922.89,	4.7300
923.49,	4.7300
924.10,	4.7300
924.70,	4.7300
925.30,	4.7300
925.91,	4.7200
926.51,	4.7100
927.11,	4.7100
927.72,	4.7100
928.32,	4.7200
928.92,	4.7200
929.53,	4.7200
930.13,	4.7300
930.74,	4.7300
931.34,	4.7300
931.94,	4.7300
932.54,	4.7400
933.15,	4.7400
933.75,	4.7300
934.35,	4.7300
934.96,	4.7300
935.56,	4.7400
936.16,	4.7400
936.77,	4.7600
937.37,	4.7700
937.97,	4.7800
938.57,	4.7800
939.18,	4.7800
939.78,	4.7900
940.38,	4.7900
940.98,	4.7900
941.59,	4.8000
942.19,	5.0600
942.79,	6.9800
943.39,	11.2700
944.00,	15.0400
944.60,	16.7700
945.20,	17.7800
945.80,	18.5700
946.40,	19.2800
947.01,	19.9300
947.61,	20.5200
948.21,	21.0700
948.81,	21.5600
949.41,	22.0200
950.02,	22.4400
950.62,	22.8400
951.22,	23.2000
951.82,	23.5300
952.42,	24.1100
953.02,	32.6200
953.63,	35.5000
954.23,	35.5000
954.83,	35.5000
955.43,	35.5000
956.03,	35.5000
956.63,	35.5000
957.24,	35.5000
957.84,	35.5000
958.44,	35.5000
959.04,	35.5000
959.64,	35.5000
960.24,	35.5000
960.84,	35.5000
961.44,	35.5000
962.04,	35.5000
962.64,	35.5000
963.25,	35.5000
963.85,	35.5000
964.45,	35.5000
965.05,	35.5000
965.65,	35.5000
966.25,	35.5000
966.85,	35.5000
967.45,	35.5000
968.05,	35.5000
968.65,	35.5000
969.25,	35.5000
969.85,	35.5000
970.45,	35.5000
971.05,	35.5000
971.65,	35.5000
972.25,	35.5000
972.85,	35.5000
973.45,	35.5000
974.05,	35.5000
974.65,	35.5000
975.25,	35.5000
975.85,	35.5000
976.45,	35.5000
977.05,	35.5000
977.65,	35.5000
978.25,	35.5000
978.85,	35.5000
979.45,	35.5000
980.05,	35.5000
980.65,	35.5000
981.25,	35.5000
981.85,	35.5000
982.45,	35.5000
983.05,	35.5000
983.65,	35.5000
984.25,	35.5000
984.85,	35.5000
985.45,	35.5000
986.04,	35.5000
986.64,	35.5000
987.24,	35.5000
987.84,	35.5000
988.44,	35.5000
989.04,	35.5000
989.64,	35.5000
990.24,	35.5000
990.84,	35.5000
991.44,	35.5000
992.03,	35.5000
992.63,	35.5000
993.23,	35.5000
993.83,	35.5000
994.43,	35.5000
995.03,	35.5000
995.63,	35.5000
996.22,	35.5000
996.82,	35.5000
997.42,	35.5000
998.02,	35.5000
998.62,	35.5000
999.21,	35.5000
999.81,	35.5000
1000.41,	35.5000
