Call Sign = ZSDA,	Ship Name = SA Agulhas,	Lloyds Num = 0
Date = 02/02/2017,	Time = 23:51,	
Latitude = 44 03.46  S,	Longitude = 007 27.69  E
Instr = Sippican Deep Blue,	Card Type = Sippican MK-21,	
Wind Instr = ,	Measur Method = 
Probe Serial Num = -1,	Ship Dir = -1,	Ship Speed = -1.00
Wind Dir = 269,	Wind Speed = 37.90
Dry Bulb Temp = 9.70,	Total Water Depth = -1.00

Full Resolution Values
Depth,	 Temp
0.67,	9.6600
1.34,	9.5200
2.01,	9.5200
2.68,	9.5200
3.34,	9.5200
4.01,	9.5300
4.68,	9.5200
5.35,	9.5200
6.02,	9.5200
6.69,	9.5200
7.36,	9.5200
8.03,	9.5100
8.69,	9.5200
9.36,	9.5200
10.03,	9.5200
10.70,	9.5300
11.37,	9.5200
12.04,	9.5200
12.70,	9.5200
13.37,	9.5200
14.04,	9.5100
14.71,	9.5100
15.38,	9.5200
16.05,	9.5200
16.71,	9.5200
17.38,	9.5200
18.05,	9.5200
18.72,	9.5200
19.38,	9.5200
20.05,	9.5200
20.72,	9.5200
21.39,	9.5200
22.06,	9.5200
22.72,	9.5200
23.39,	9.5200
24.06,	9.5200
24.73,	9.5100
25.39,	9.5100
26.06,	9.5200
26.73,	9.5200
27.40,	9.5200
28.06,	9.5200
28.73,	9.5200
29.40,	9.5200
30.06,	9.5200
30.73,	9.5200
31.40,	9.5200
32.06,	9.5200
32.73,	9.5200
33.40,	9.5200
34.07,	9.5200
34.73,	9.5200
35.40,	9.5200
36.07,	9.5100
36.73,	9.5100
37.40,	9.5100
38.07,	9.5200
38.73,	9.5200
39.40,	9.5100
40.06,	9.5100
40.73,	9.5100
41.40,	9.5000
42.06,	9.5000
42.73,	9.5100
43.40,	9.5200
44.06,	9.5200
44.73,	9.5200
45.39,	9.5200
46.06,	9.5300
46.73,	9.5300
47.39,	9.5300
48.06,	9.5200
48.72,	9.5100
49.39,	9.5000
50.06,	9.5000
50.72,	9.4900
51.39,	9.4900
52.05,	9.4900
52.72,	9.4900
53.38,	9.4900
54.05,	9.4800
54.71,	9.4900
55.38,	9.4900
56.05,	9.4800
56.71,	9.4700
57.38,	9.4700
58.04,	9.4700
58.71,	9.4600
59.37,	9.4600
60.04,	9.4600
60.70,	9.4600
61.37,	9.4700
62.03,	9.4700
62.70,	9.4700
63.36,	9.4800
64.03,	9.4900
64.69,	9.4900
65.36,	9.4900
66.02,	9.4900
66.69,	9.5000
67.35,	9.4800
68.01,	9.4300
68.68,	9.3900
69.34,	9.3500
70.01,	9.3000
70.67,	9.2600
71.34,	9.1700
72.00,	9.0900
72.66,	9.0200
73.33,	8.9700
73.99,	8.9000
74.66,	8.8100
75.32,	8.7300
75.98,	8.6800
76.65,	8.6500
77.31,	8.6500
77.98,	8.6500
78.64,	8.6700
79.30,	8.7000
79.97,	8.6900
80.63,	8.6500
81.30,	8.6200
81.96,	8.5900
82.62,	8.5400
83.29,	8.5200
83.95,	8.5300
84.61,	8.5300
85.28,	8.5500
85.94,	8.5900
86.60,	8.6300
87.27,	8.6500
87.93,	8.6600
88.59,	8.6900
89.26,	8.7300
89.92,	8.7600
90.58,	8.7800
91.24,	8.7900
91.91,	8.8200
92.57,	8.8300
93.23,	8.8200
93.90,	8.7900
94.56,	8.7800
95.22,	8.7800
95.88,	8.7900
96.55,	8.8000
97.21,	8.8000
97.87,	8.8000
98.53,	8.8000
99.20,	8.7900
99.86,	8.7900
100.52,	8.7900
101.18,	8.7900
101.85,	8.7900
102.51,	8.7800
103.17,	8.7900
103.83,	8.7900
104.49,	8.7900
105.16,	8.7900
105.82,	8.7900
106.48,	8.8100
107.14,	8.8400
107.80,	8.8400
108.47,	8.8400
109.13,	8.8400
109.79,	8.8400
110.45,	8.8200
111.11,	8.8000
111.77,	8.7900
112.44,	8.7900
113.10,	8.7900
113.76,	8.7800
114.42,	8.7600
115.08,	8.7500
115.74,	8.7400
116.40,	8.7300
117.06,	8.7300
117.73,	8.7200
118.39,	8.7200
119.05,	8.7200
119.71,	8.7100
120.37,	8.7100
121.03,	8.7100
121.69,	8.7000
122.35,	8.6900
123.01,	8.6900
123.67,	8.6900
124.33,	8.6900
125.00,	8.6800
125.66,	8.6800
126.32,	8.6800
126.98,	8.6800
127.64,	8.6700
128.30,	8.6700
128.96,	8.6600
129.62,	8.6500
130.28,	8.6500
130.94,	8.6500
131.60,	8.6500
132.26,	8.6400
132.92,	8.6400
133.58,	8.6200
134.24,	8.6200
134.90,	8.6200
135.56,	8.6100
136.22,	8.6100
136.88,	8.6000
137.54,	8.5900
138.20,	8.5900
138.86,	8.5900
139.52,	8.6000
140.18,	8.6100
140.84,	8.6100
141.50,	8.6000
142.16,	8.5900
142.82,	8.5900
143.48,	8.5800
144.14,	8.5700
144.79,	8.5600
145.45,	8.5600
146.11,	8.5600
146.77,	8.5600
147.43,	8.5600
148.09,	8.5500
148.75,	8.5300
149.41,	8.5300
150.07,	8.5200
150.73,	8.5200
151.39,	8.5100
152.04,	8.5000
152.70,	8.5000
153.36,	8.5000
154.02,	8.5000
154.68,	8.5000
155.34,	8.5000
156.00,	8.4900
156.65,	8.4900
157.31,	8.4900
157.97,	8.4800
158.63,	8.4800
159.29,	8.4800
159.95,	8.4700
160.60,	8.4600
161.26,	8.4600
161.92,	8.4600
162.58,	8.4500
163.24,	8.4400
163.90,	8.4400
164.55,	8.4400
165.21,	8.4300
165.87,	8.4300
166.53,	8.4300
167.18,	8.4300
167.84,	8.4100
168.50,	8.3700
169.16,	8.3500
169.82,	8.3400
170.47,	8.3300
171.13,	8.3300
171.79,	8.3200
172.44,	8.3200
173.10,	8.3300
173.76,	8.3300
174.42,	8.3300
175.07,	8.3300
175.73,	8.3500
176.39,	8.3600
177.05,	8.3600
177.70,	8.3700
178.36,	8.3800
179.02,	8.3900
179.67,	8.3900
180.33,	8.3900
180.99,	8.3900
181.64,	8.3900
182.30,	8.3900
182.96,	8.3800
183.61,	8.3800
184.27,	8.3700
184.93,	8.3700
185.58,	8.3700
186.24,	8.3700
186.90,	8.3700
187.55,	8.3700
188.21,	8.3700
188.87,	8.3600
189.52,	8.3600
190.18,	8.3600
190.83,	8.3600
191.49,	8.3500
192.15,	8.3500
192.80,	8.3500
193.46,	8.3500
194.11,	8.3500
194.77,	8.3500
195.43,	8.3400
196.08,	8.3400
196.74,	8.3300
197.39,	8.3200
198.05,	8.3200
198.70,	8.3100
199.36,	8.3100
200.02,	8.3100
200.67,	8.3100
201.33,	8.3000
201.98,	8.3000
202.64,	8.3000
203.29,	8.2900
203.95,	8.2800
204.60,	8.2600
205.26,	8.2600
205.91,	8.2500
206.57,	8.2400
207.22,	8.2200
207.88,	8.2000
208.53,	8.1900
209.19,	8.1900
209.84,	8.1800
210.50,	8.1800
211.15,	8.1700
211.81,	8.1700
212.46,	8.1700
213.12,	8.1700
213.77,	8.1600
214.43,	8.1600
215.08,	8.1500
215.74,	8.1500
216.39,	8.1400
217.04,	8.1400
217.70,	8.1400
218.35,	8.1300
219.01,	8.1300
219.66,	8.1100
220.32,	8.0900
220.97,	8.0800
221.62,	8.0700
222.28,	8.0700
222.93,	8.0700
223.59,	8.0700
224.24,	8.0600
224.89,	8.0600
225.55,	8.0600
226.20,	8.0500
226.85,	8.0400
227.51,	8.0200
228.16,	8.0000
228.81,	7.9800
229.47,	7.9600
230.12,	7.9400
230.78,	7.9300
231.43,	7.9300
232.08,	7.9300
232.74,	7.9300
233.39,	7.9200
234.04,	7.9200
234.69,	7.9100
235.35,	7.9100
236.00,	7.8900
236.65,	7.8700
237.31,	7.8500
237.96,	7.8400
238.61,	7.8400
239.27,	7.8200
239.92,	7.7800
240.57,	7.7100
241.22,	7.6600
241.88,	7.6400
242.53,	7.6300
243.18,	7.6200
243.83,	7.6200
244.49,	7.6100
245.14,	7.6100
245.79,	7.6000
246.44,	7.5900
247.10,	7.5900
247.75,	7.6000
248.40,	7.6000
249.05,	7.6000
249.70,	7.6000
250.36,	7.5900
251.01,	7.5700
251.66,	7.5400
252.31,	7.5200
252.96,	7.5100
253.62,	7.4900
254.27,	7.4800
254.92,	7.4800
255.57,	7.4800
256.22,	7.4700
256.88,	7.4600
257.53,	7.4500
258.18,	7.4300
258.83,	7.4100
259.48,	7.3900
260.13,	7.3800
260.78,	7.3600
261.44,	7.3600
262.09,	7.3500
262.74,	7.3500
263.39,	7.3400
264.04,	7.3400
264.69,	7.3500
265.34,	7.3500
265.99,	7.3500
266.64,	7.3400
267.29,	7.3400
267.95,	7.3400
268.60,	7.3300
269.25,	7.3100
269.90,	7.3000
270.55,	7.2800
271.20,	7.2800
271.85,	7.2900
272.50,	7.3000
273.15,	7.3100
273.80,	7.3100
274.45,	7.3000
275.10,	7.2900
275.75,	7.2900
276.40,	7.2900
277.05,	7.2800
277.70,	7.2700
278.35,	7.2600
279.00,	7.2600
279.65,	7.2500
280.30,	7.2400
280.95,	7.2200
281.60,	7.2100
282.25,	7.2100
282.90,	7.2000
283.55,	7.1900
284.20,	7.1800
284.85,	7.1500
285.50,	7.1200
286.15,	7.1000
286.80,	7.0800
287.45,	7.0700
288.10,	7.0700
288.75,	7.0600
289.40,	7.0500
290.05,	7.0400
290.70,	7.0400
291.35,	7.0300
292.00,	7.0200
292.64,	7.0200
293.29,	7.0000
293.94,	6.9900
294.59,	6.9800
295.24,	6.9800
295.89,	6.9700
296.54,	6.9700
297.19,	6.9700
297.84,	6.9700
298.49,	6.9700
299.13,	6.9600
299.78,	6.9500
300.43,	6.9400
301.08,	6.9200
301.73,	6.8900
302.38,	6.8700
303.02,	6.8600
303.67,	6.8400
304.32,	6.8200
304.97,	6.8100
305.62,	6.8000
306.27,	6.8000
306.91,	6.8100
307.56,	6.8000
308.21,	6.7900
308.86,	6.7900
309.51,	6.7700
310.15,	6.7600
310.80,	6.7500
311.45,	6.7500
312.10,	6.7500
312.75,	6.7300
313.39,	6.7000
314.04,	6.6800
314.69,	6.6400
315.34,	6.6200
315.98,	6.6000
316.63,	6.5900
317.28,	6.5900
317.93,	6.5800
318.57,	6.5700
319.22,	6.5600
319.87,	6.5400
320.52,	6.5300
321.16,	6.5200
321.81,	6.5100
322.46,	6.5000
323.10,	6.5000
323.75,	6.4900
324.40,	6.4800
325.04,	6.4800
325.69,	6.4700
326.34,	6.4700
326.99,	6.4500
327.63,	6.4200
328.28,	6.4000
328.93,	6.3900
329.57,	6.3900
330.22,	6.3800
330.86,	6.3800
331.51,	6.3800
332.16,	6.3700
332.80,	6.3500
333.45,	6.3400
334.10,	6.3400
334.74,	6.3300
335.39,	6.3300
336.03,	6.3300
336.68,	6.3200
337.33,	6.3100
337.97,	6.3000
338.62,	6.2900
339.26,	6.2800
339.91,	6.2700
340.56,	6.2700
341.20,	6.2600
341.85,	6.2500
342.49,	6.2500
343.14,	6.2400
343.78,	6.2300
344.43,	6.2300
345.08,	6.2300
345.72,	6.2300
346.37,	6.2300
347.01,	6.2300
347.66,	6.2300
348.30,	6.2200
348.95,	6.2000
349.59,	6.1900
350.24,	6.1800
350.88,	6.1600
351.53,	6.1600
352.17,	6.1500
352.82,	6.1500
353.46,	6.1400
354.11,	6.1400
354.75,	6.1300
355.40,	6.1300
356.04,	6.1300
356.69,	6.1300
357.33,	6.1200
357.98,	6.1200
358.62,	6.1100
359.27,	6.1100
359.91,	6.1100
360.55,	6.1000
361.20,	6.1000
361.84,	6.1000
362.49,	6.1000
363.13,	6.1000
363.78,	6.0900
364.42,	6.0700
365.06,	6.0700
365.71,	6.0600
366.35,	6.0600
367.00,	6.0600
367.64,	6.0600
368.28,	6.0600
368.93,	6.0600
369.57,	6.0400
370.22,	6.0000
370.86,	5.9600
371.50,	5.9300
372.15,	5.9100
372.79,	5.9000
373.43,	5.8900
374.08,	5.8900
374.72,	5.8800
375.36,	5.8800
376.01,	5.8700
376.65,	5.8600
377.29,	5.8600
377.94,	5.8500
378.58,	5.8500
379.22,	5.8400
379.87,	5.8300
380.51,	5.8200
381.15,	5.8200
381.79,	5.8100
382.44,	5.8000
383.08,	5.7700
383.72,	5.7600
384.37,	5.7500
385.01,	5.7400
385.65,	5.7400
386.29,	5.7300
386.94,	5.7300
387.58,	5.7300
388.22,	5.7200
388.86,	5.7200
389.51,	5.7100
390.15,	5.7100
390.79,	5.7100
391.43,	5.7000
392.08,	5.7000
392.72,	5.6900
393.36,	5.6900
394.00,	5.6900
394.64,	5.6900
395.29,	5.6800
395.93,	5.6700
396.57,	5.6600
397.21,	5.6600
397.85,	5.6500
398.50,	5.6500
399.14,	5.6400
399.78,	5.6400
400.42,	5.6400
401.06,	5.6400
401.70,	5.6300
402.34,	5.6300
402.99,	5.6300
403.63,	5.6300
404.27,	5.6200
404.91,	5.6200
405.55,	5.6200
406.19,	5.6100
406.83,	5.5900
407.48,	5.5800
408.12,	5.5600
408.76,	5.5500
409.40,	5.5400
410.04,	5.5300
410.68,	5.5200
411.32,	5.5100
411.96,	5.5000
412.60,	5.5000
413.24,	5.4900
413.88,	5.4900
414.52,	5.4900
415.17,	5.4800
415.81,	5.4700
416.45,	5.4700
417.09,	5.4700
417.73,	5.4600
418.37,	5.4500
419.01,	5.4400
419.65,	5.4400
420.29,	5.4300
420.93,	5.4200
421.57,	5.4100
422.21,	5.4000
422.85,	5.3900
423.49,	5.3800
424.13,	5.3700
424.77,	5.3700
425.41,	5.3600
426.05,	5.3600
426.69,	5.3500
427.33,	5.3500
427.97,	5.3500
428.61,	5.3400
429.25,	5.3200
429.89,	5.3100
430.53,	5.3000
431.17,	5.3000
431.80,	5.2900
432.44,	5.2900
433.08,	5.2900
433.72,	5.2900
434.36,	5.2900
435.00,	5.2900
435.64,	5.2800
436.28,	5.2800
436.92,	5.2700
437.56,	5.2700
438.20,	5.2700
438.84,	5.2700
439.47,	5.2700
440.11,	5.2800
440.75,	5.2800
441.39,	5.2800
442.03,	5.2800
442.67,	5.2800
443.31,	5.2800
443.95,	5.2800
444.58,	5.2800
445.22,	5.2700
445.86,	5.2700
446.50,	5.2700
447.14,	5.2700
447.78,	5.2700
448.41,	5.2700
449.05,	5.2700
449.69,	5.2600
450.33,	5.2700
450.97,	5.2600
451.60,	5.2600
452.24,	5.2600
452.88,	5.2600
453.52,	5.2500
454.16,	5.2500
454.79,	5.2500
455.43,	5.2500
456.07,	5.2400
456.71,	5.2300
457.35,	5.2200
457.98,	5.2100
458.62,	5.2100
459.26,	5.2000
459.90,	5.2000
460.53,	5.1900
461.17,	5.1900
461.81,	5.1800
462.44,	5.1700
463.08,	5.1700
463.72,	5.1600
464.36,	5.1600
464.99,	5.1500
465.63,	5.1400
466.27,	5.1400
466.90,	5.1300
467.54,	5.1300
468.18,	5.1400
468.81,	5.1300
469.45,	5.1200
470.09,	5.1100
470.72,	5.1100
471.36,	5.1000
472.00,	5.1000
472.63,	5.0900
473.27,	5.0700
473.91,	5.0600
474.54,	5.0600
475.18,	5.0600
475.82,	5.0500
476.45,	5.0500
477.09,	5.0500
477.73,	5.0500
478.36,	5.0500
479.00,	5.0500
479.63,	5.0400
480.27,	5.0400
480.91,	5.0400
481.54,	5.0300
482.18,	5.0300
482.81,	5.0300
483.45,	5.0200
484.08,	5.0200
484.72,	5.0200
485.36,	5.0100
485.99,	5.0000
486.63,	4.9900
487.26,	4.9800
487.90,	4.9700
488.53,	4.9700
489.17,	4.9700
489.80,	4.9700
490.44,	4.9600
491.07,	4.9400
491.71,	4.9300
492.34,	4.9300
492.98,	4.9200
493.62,	4.9200
494.25,	4.9200
494.89,	4.9100
495.52,	4.9100
496.15,	4.9000
496.79,	4.9000
497.42,	4.8900
498.06,	4.8900
498.69,	4.8800
499.33,	4.8800
499.96,	4.8700
500.60,	4.8700
501.23,	4.8600
501.87,	4.8600
502.50,	4.8600
503.14,	4.8600
503.77,	4.8500
504.40,	4.8500
505.04,	4.8500
505.67,	4.8500
506.31,	4.8400
506.94,	4.8300
507.57,	4.8300
508.21,	4.8300
508.84,	4.8300
509.48,	4.8300
510.11,	4.8200
510.74,	4.8100
511.38,	4.8000
512.01,	4.8000
512.65,	4.7900
513.28,	4.7900
513.91,	4.7900
514.55,	4.7800
515.18,	4.7800
515.81,	4.7700
516.45,	4.7700
517.08,	4.7700
517.71,	4.7600
518.35,	4.7600
518.98,	4.7500
519.61,	4.7400
520.25,	4.7400
520.88,	4.7300
521.51,	4.7300
522.15,	4.7200
522.78,	4.7100
523.41,	4.7000
524.04,	4.6900
524.68,	4.6800
525.31,	4.6800
525.94,	4.6800
526.58,	4.6700
527.21,	4.6700
527.84,	4.6600
528.47,	4.6500
529.11,	4.6400
529.74,	4.6300
530.37,	4.6300
531.00,	4.6300
531.64,	4.6300
532.27,	4.6300
532.90,	4.6200
533.53,	4.6200
534.17,	4.6200
534.80,	4.6300
535.43,	4.6200
536.06,	4.6200
536.69,	4.6100
537.33,	4.6100
537.96,	4.6000
538.59,	4.5900
539.22,	4.5900
539.85,	4.5900
540.48,	4.5900
541.12,	4.5800
541.75,	4.5800
542.38,	4.5800
543.01,	4.5800
543.64,	4.5800
544.27,	4.5800
544.91,	4.5800
545.54,	4.5700
546.17,	4.5700
546.80,	4.5600
547.43,	4.5600
548.06,	4.5600
548.69,	4.5600
549.32,	4.5600
549.95,	4.5600
550.59,	4.5600
551.22,	4.5600
551.85,	4.5600
552.48,	4.5600
553.11,	4.5600
553.74,	4.5600
554.37,	4.5500
555.00,	4.5500
555.63,	4.5500
556.26,	4.5500
556.89,	4.5500
557.52,	4.5500
558.15,	4.5500
558.78,	4.5500
559.42,	4.5500
560.05,	4.5500
560.68,	4.5500
561.31,	4.5500
561.94,	4.5400
562.57,	4.5400
563.20,	4.5400
563.83,	4.5400
564.46,	4.5400
565.09,	4.5300
565.72,	4.5300
566.35,	4.5200
566.98,	4.5200
567.61,	4.5200
568.24,	4.5200
568.87,	4.5200
569.50,	4.5100
570.12,	4.5100
570.75,	4.5100
571.38,	4.5100
572.01,	4.5000
572.64,	4.4900
573.27,	4.4800
573.90,	4.4800
574.53,	4.4800
575.16,	4.4700
575.79,	4.4700
576.42,	4.4600
577.05,	4.4600
577.68,	4.4500
578.31,	4.4500
578.93,	4.4500
579.56,	4.4500
580.19,	4.4500
580.82,	4.4400
581.45,	4.4400
582.08,	4.4400
582.71,	4.4300
583.34,	4.4300
583.97,	4.4300
584.59,	4.4300
585.22,	4.4200
585.85,	4.4200
586.48,	4.4200
587.11,	4.4100
587.74,	4.4100
588.36,	4.4000
588.99,	4.4000
589.62,	4.4000
590.25,	4.3900
590.88,	4.3900
591.50,	4.3900
592.13,	4.3800
592.76,	4.3800
593.39,	4.3700
594.02,	4.3600
594.64,	4.3600
595.27,	4.3600
595.90,	4.3500
596.53,	4.3400
597.16,	4.3400
597.78,	4.3400
598.41,	4.3300
599.04,	4.3300
599.67,	4.3400
600.29,	4.3400
600.92,	4.3400
601.55,	4.3300
602.18,	4.3300
602.80,	4.3200
603.43,	4.3200
604.06,	4.3200
604.68,	4.3200
605.31,	4.3200
605.94,	4.3200
606.57,	4.3200
607.19,	4.3100
607.82,	4.3100
608.45,	4.3100
609.07,	4.3100
609.70,	4.3100
610.33,	4.3100
610.95,	4.3100
611.58,	4.3000
612.21,	4.3000
612.83,	4.3000
613.46,	4.3000
614.09,	4.3000
614.71,	4.2900
615.34,	4.2800
615.97,	4.2800
616.59,	4.2800
617.22,	4.2800
617.84,	4.2800
618.47,	4.2800
619.10,	4.2800
619.72,	4.2700
620.35,	4.2700
620.97,	4.2700
621.60,	4.2600
622.23,	4.2600
622.85,	4.2600
623.48,	4.2500
624.10,	4.2500
624.73,	4.2500
625.35,	4.2500
625.98,	4.2500
626.61,	4.2500
627.23,	4.2500
627.86,	4.2500
628.48,	4.2500
629.11,	4.2400
629.73,	4.2400
630.36,	4.2400
630.98,	4.2400
631.61,	4.2500
632.23,	4.2500
632.86,	4.2400
633.48,	4.2400
634.11,	4.2400
634.73,	4.2400
635.36,	4.2400
635.98,	4.2400
636.61,	4.2300
637.23,	4.2300
637.86,	4.2200
638.48,	4.2200
639.11,	4.2100
639.73,	4.2100
640.36,	4.2100
640.98,	4.2000
641.61,	4.2000
642.23,	4.2000
642.85,	4.2000
643.48,	4.2000
644.10,	4.2000
644.73,	4.2000
645.35,	4.1900
645.98,	4.1900
646.60,	4.1900
647.22,	4.1800
647.85,	4.1800
648.47,	4.1800
649.10,	4.1700
649.72,	4.1700
650.34,	4.1700
650.97,	4.1700
651.59,	4.1700
652.22,	4.1600
652.84,	4.1600
653.46,	4.1600
654.09,	4.1600
654.71,	4.1600
655.33,	4.1600
655.96,	4.1600
656.58,	4.1500
657.20,	4.1500
657.83,	4.1400
658.45,	4.1400
659.07,	4.1300
659.70,	4.1300
660.32,	4.1200
660.94,	4.1200
661.57,	4.1200
662.19,	4.1200
662.81,	4.1200
663.43,	4.1200
664.06,	4.1200
664.68,	4.1200
665.30,	4.1200
665.93,	4.1200
666.55,	4.1200
667.17,	4.1200
667.79,	4.1200
668.42,	4.1200
669.04,	4.1200
669.66,	4.1200
670.28,	4.1200
670.91,	4.1200
671.53,	4.1200
672.15,	4.1200
672.77,	4.1200
673.39,	4.1200
674.02,	4.1200
674.64,	4.1200
675.26,	4.1200
675.88,	4.1200
676.50,	4.1100
677.13,	4.1200
677.75,	4.1200
678.37,	4.1100
678.99,	4.1200
679.61,	4.1200
680.24,	4.1200
680.86,	4.1100
681.48,	4.1100
682.10,	4.1200
682.72,	4.1100
683.34,	4.1200
683.96,	4.1200
684.59,	4.1100
685.21,	4.1200
685.83,	4.1200
686.45,	4.1200
687.07,	4.1200
687.69,	4.1200
688.31,	4.1200
688.93,	4.1200
689.56,	4.1100
690.18,	4.1100
690.80,	4.1100
691.42,	4.1100
692.04,	4.1000
692.66,	4.1000
693.28,	4.1000
693.90,	4.1000
694.52,	4.1000
695.14,	4.0900
695.76,	4.0800
696.38,	4.0700
697.00,	4.0600
697.62,	4.0600
698.25,	4.0600
698.87,	4.0600
699.49,	4.0500
700.11,	4.0500
700.73,	4.0500
701.35,	4.0500
701.97,	4.0500
702.59,	4.0400
703.21,	4.0500
703.83,	4.0500
704.45,	4.0500
705.07,	4.0500
705.69,	4.0400
706.31,	4.0400
706.93,	4.0400
707.55,	4.0400
708.17,	4.0400
708.79,	4.0300
709.40,	4.0400
710.02,	4.0300
710.64,	4.0300
711.26,	4.0300
711.88,	4.0300
712.50,	4.0200
713.12,	4.0200
713.74,	4.0200
714.36,	4.0100
714.98,	4.0100
715.60,	4.0100
716.22,	4.0000
716.84,	3.9900
717.45,	3.9700
718.07,	3.9600
718.69,	3.9600
719.31,	3.9600
719.93,	3.9500
720.55,	3.9500
721.17,	3.9500
721.79,	3.9400
722.41,	3.9500
723.02,	3.9400
723.64,	3.9400
724.26,	3.9300
724.88,	3.9300
725.50,	3.9300
726.12,	3.9300
726.73,	3.9300
727.35,	3.9300
727.97,	3.9300
728.59,	3.9300
729.21,	3.9200
729.83,	3.9200
730.44,	3.9100
731.06,	3.9000
731.68,	3.9000
732.30,	3.9000
732.92,	3.9000
733.53,	3.9000
734.15,	3.9000
734.77,	3.9000
735.39,	3.9000
736.00,	3.9000
736.62,	3.9000
737.24,	3.8900
737.86,	3.9000
738.47,	3.8900
739.09,	3.8900
739.71,	3.8900
740.33,	3.8900
740.94,	3.8800
741.56,	3.8800
742.18,	3.8800
742.79,	3.8700
743.41,	3.8600
744.03,	3.8500
744.65,	3.8500
745.26,	3.8500
745.88,	3.8500
746.50,	3.8500
747.11,	3.8500
747.73,	3.8400
748.35,	3.8400
748.96,	3.8400
749.58,	3.8300
750.20,	3.8300
750.81,	3.8300
751.43,	3.8200
752.05,	3.8200
752.66,	3.8200
753.28,	3.8100
753.90,	3.8100
754.51,	3.8100
755.13,	3.8000
755.74,	3.8000
756.36,	3.8000
756.98,	3.8000
757.59,	3.8000
758.21,	3.7900
758.82,	3.8000
759.44,	3.7900
760.06,	3.7900
760.67,	3.7900
761.29,	3.7800
761.90,	3.7800
762.52,	3.7700
763.14,	3.7700
763.75,	3.7700
764.37,	3.7600
764.98,	3.7500
765.60,	3.7500
766.21,	3.7400
766.83,	3.7400
767.44,	3.7400
768.06,	3.7400
768.67,	3.7500
769.29,	3.7500
769.90,	3.7500
770.52,	3.7500
771.14,	3.7500
771.75,	3.7500
772.37,	3.7500
772.98,	3.7500
773.59,	3.7500
774.21,	3.7500
774.82,	3.7500
775.44,	3.7500
776.05,	3.7400
776.67,	3.7400
777.28,	3.7400
777.90,	3.7400
778.51,	3.7300
779.13,	3.7300
779.74,	3.7300
780.36,	3.7300
780.97,	3.7300
781.58,	3.7300
782.20,	3.7300
782.81,	3.7300
783.43,	3.7300
784.04,	3.7300
784.66,	3.7300
785.27,	3.7300
785.88,	3.7300
786.50,	3.7400
787.11,	3.7300
787.73,	3.7300
788.34,	3.7300
788.95,	3.7300
789.57,	3.7300
790.18,	3.7300
790.79,	3.7300
791.41,	3.7300
792.02,	3.7200
792.63,	3.7200
793.25,	3.7200
793.86,	3.7200
794.47,	3.7200
795.09,	3.7200
795.70,	3.7100
796.31,	3.7100
796.93,	3.7200
797.54,	3.7100
798.15,	3.7100
798.77,	3.7100
799.38,	3.7100
799.99,	3.7100
800.61,	3.7100
801.22,	3.7100
801.83,	3.7100
802.44,	3.7100
803.06,	3.7000
803.67,	3.7000
804.28,	3.7000
804.90,	3.7000
805.51,	3.7000
806.12,	3.7000
806.73,	3.7000
807.34,	3.7000
807.96,	3.7000
808.57,	3.7000
809.18,	3.7000
809.79,	3.7000
810.41,	3.7000
811.02,	3.7000
811.63,	3.7000
812.24,	3.7000
812.85,	3.7000
813.47,	3.7000
814.08,	3.7000
814.69,	3.7000
815.30,	3.7000
815.91,	3.7000
816.53,	3.7000
817.14,	3.7000
817.75,	3.7000
818.36,	3.7000
818.97,	3.6900
819.58,	3.6900
820.20,	3.6900
820.81,	3.6900
821.42,	3.6800
822.03,	3.6900
822.64,	3.6800
823.25,	3.6800
823.86,	3.6800
824.47,	3.6700
825.09,	3.6700
825.70,	3.6700
826.31,	3.6700
826.92,	3.6700
827.53,	3.6700
828.14,	3.6700
828.75,	3.6700
829.36,	3.6700
829.97,	3.6700
830.58,	3.6600
831.19,	3.6600
831.80,	3.6500
832.42,	3.6400
833.03,	3.6300
833.64,	3.6300
834.25,	3.6200
834.86,	3.6200
835.47,	3.6200
836.08,	3.6200
836.69,	3.6200
837.30,	3.6200
837.91,	3.6100
838.52,	3.6100
839.13,	3.6100
839.74,	3.6100
840.35,	3.6100
840.96,	3.6100
841.57,	3.6100
842.18,	3.6100
842.79,	3.6100
843.40,	3.6000
844.01,	3.5900
844.62,	3.5800
845.23,	3.5800
845.84,	3.5700
846.45,	3.5700
847.06,	3.5700
847.67,	3.5700
848.27,	3.5700
848.88,	3.5700
849.49,	3.5600
850.10,	3.5700
850.71,	3.5600
851.32,	3.5600
851.93,	3.5600
852.54,	3.5600
853.15,	3.5600
853.76,	3.5500
854.37,	3.5500
854.98,	3.5500
855.58,	3.5500
856.19,	3.5500
856.80,	3.5500
857.41,	3.5500
858.02,	3.5500
858.63,	3.5500
859.24,	3.5500
859.85,	3.5500
860.45,	3.5500
861.06,	3.5400
861.67,	3.5300
862.28,	3.5200
862.89,	3.5200
863.50,	3.5100
864.10,	3.5100
864.71,	3.5100
865.32,	3.5100
865.93,	3.5000
866.54,	3.5000
867.14,	3.5000
867.75,	3.5000
868.36,	3.5000
868.97,	3.5000
869.58,	3.5000
870.18,	3.4900
870.79,	3.4900
871.40,	3.4900
872.01,	3.4900
872.61,	3.4800
873.22,	3.4700
873.83,	3.4700
874.44,	3.4700
875.04,	3.4700
875.65,	3.4600
876.26,	3.4700
876.87,	3.4700
877.47,	3.4700
878.08,	3.4700
878.69,	3.4700
879.29,	3.4700
879.90,	3.4700
880.51,	3.4700
881.12,	3.4700
881.72,	3.4700
882.33,	3.4600
882.94,	3.4700
883.54,	3.4600
884.15,	3.4600
884.76,	3.4600
885.36,	3.4600
885.97,	3.4600
886.58,	3.4600
887.18,	3.4500
887.79,	3.4500
888.40,	3.4500
889.00,	3.4500
889.61,	3.4400
890.22,	3.4400
890.82,	3.4400
891.43,	3.4400
892.03,	3.4400
892.64,	3.4400
893.25,	3.4400
893.85,	3.4400
894.46,	3.4400
895.06,	3.4400
895.67,	3.4300
896.28,	3.4400
896.88,	3.4400
897.49,	3.4400
898.09,	3.4300
898.70,	3.4300
899.30,	3.4400
899.91,	3.4300
900.52,	3.4300
901.12,	3.4300
901.73,	3.4300
902.33,	3.4300
902.94,	3.4300
903.54,	3.4300
904.15,	3.4400
904.75,	3.4500
905.36,	3.4700
905.96,	3.4800
906.57,	3.4800
907.17,	3.4800
907.78,	3.4700
908.38,	3.4700
908.99,	3.4600
909.59,	3.4500
910.20,	3.4400
910.80,	3.4400
911.41,	3.4300
912.01,	3.4300
912.62,	3.4300
913.22,	3.4300
913.83,	3.4200
914.43,	3.4200
915.03,	3.4200
915.64,	3.4200
916.24,	3.4200
916.85,	3.4200
917.45,	3.4100
918.06,	3.4100
918.66,	3.4100
919.26,	3.4100
919.87,	3.4100
920.47,	3.4100
921.08,	3.4100
921.68,	3.4100
922.28,	3.4100
922.89,	3.4100
923.49,	3.4100
924.10,	3.4100
924.70,	3.4200
925.30,	3.4300
925.91,	3.4300
926.51,	3.4200
927.11,	3.4200
927.72,	3.4300
928.32,	3.4200
928.92,	3.4200
929.53,	3.4300
930.13,	3.4300
930.74,	3.4300
931.34,	3.4300
931.94,	3.4300
932.54,	3.4300
933.15,	3.4300
933.75,	3.4300
934.35,	3.4300
934.96,	3.4300
935.56,	3.4300
936.16,	3.4300
936.77,	3.4400
937.37,	3.4400
937.97,	3.4400
938.57,	3.4400
939.18,	3.4400
939.78,	3.4400
940.38,	3.4400
940.98,	3.4300
941.59,	3.4300
942.19,	3.4300
942.79,	3.4300
943.39,	3.4300
944.00,	3.4300
944.60,	3.4300
945.20,	3.4300
945.80,	3.4300
946.40,	3.4200
947.01,	3.4200
947.61,	3.4200
948.21,	3.4300
948.81,	3.4200
949.41,	3.4200
950.02,	3.4200
950.62,	3.4200
951.22,	3.4200
951.82,	3.4200
952.42,	3.4300
953.02,	3.4300
953.63,	3.4200
954.23,	3.4200
954.83,	3.4100
955.43,	3.4600
956.03,	3.5600
956.63,	4.4400
957.24,	9.5000
957.84,	15.5200
958.44,	17.5000
959.04,	18.5000
959.64,	19.3300
960.24,	20.0500
960.84,	20.6900
961.44,	21.2800
962.04,	21.8100
962.64,	22.3200
963.25,	22.8000
963.85,	23.2700
964.45,	23.7100
965.05,	24.1400
965.65,	24.5600
966.25,	24.9600
966.85,	25.3500
967.45,	25.7300
968.05,	26.1000
968.65,	26.4500
969.25,	26.8100
969.85,	27.1600
970.45,	27.4900
971.05,	27.8000
971.65,	28.1200
972.25,	28.4300
972.85,	28.7300
973.45,	29.0200
974.05,	29.2900
974.65,	29.5700
975.25,	29.8300
975.85,	30.0800
976.45,	30.3300
977.05,	30.5600
977.65,	30.7800
978.25,	30.9900
978.85,	31.1900
979.45,	31.3900
980.05,	31.5700
980.65,	32.5200
981.25,	35.5000
981.85,	35.5000
982.45,	35.5000
983.05,	35.5000
983.65,	35.5000
984.25,	35.5000
984.85,	35.5000
985.45,	35.5000
986.04,	35.5000
986.64,	35.5000
987.24,	35.5000
987.84,	35.5000
988.44,	35.5000
989.04,	35.5000
989.64,	35.5000
990.24,	35.5000
990.84,	35.5000
991.44,	35.5000
992.03,	35.5000
992.63,	35.5000
993.23,	35.5000
993.83,	35.5000
994.43,	35.5000
995.03,	35.5000
995.63,	35.5000
996.22,	35.5000
996.82,	35.5000
997.42,	35.5000
998.02,	35.5000
998.62,	35.5000
999.21,	35.5000
999.81,	35.5000
1000.41,	35.5000
