Call Sign = ZSDA,	Ship Name = SA Agulhas,	Lloyds Num = 0
Date = 01/12/2016,	Time = 03:00,	
Latitude = 34 29.96  S,	Longitude = 017 03.72  E
Instr = Sippican Deep Blue,	Card Type = Sippican MK-21,	
Wind Instr = ,	Measur Method = 
Probe Serial Num = -1,	Ship Dir = -1,	Ship Speed = -1.00
Wind Dir = 139,	Wind Speed = 22.40
Dry Bulb Temp = 18.70,	Total Water Depth = -1.00

Full Resolution Values
Depth,	 Temp
0.67,	19.4700
1.34,	19.4400
2.01,	19.4300
2.68,	19.4200
3.34,	19.4300
4.01,	19.4300
4.68,	19.4200
5.35,	19.4200
6.02,	19.4200
6.69,	19.4200
7.36,	19.4300
8.03,	19.4300
8.69,	19.4300
9.36,	19.4300
10.03,	19.4400
10.70,	19.4400
11.37,	19.4300
12.04,	19.4400
12.70,	19.4400
13.37,	19.4400
14.04,	19.4300
14.71,	19.4300
15.38,	19.4200
16.05,	19.4100
16.71,	19.4200
17.38,	19.3700
18.05,	19.3000
18.72,	19.2400
19.38,	19.1800
20.05,	19.1300
20.72,	19.0400
21.39,	18.9000
22.06,	18.7900
22.72,	18.7400
23.39,	18.7300
24.06,	18.7300
24.73,	18.7200
25.39,	18.7200
26.06,	18.7100
26.73,	18.7100
27.40,	18.7100
28.06,	18.7100
28.73,	18.7000
29.40,	18.7000
30.06,	18.6800
30.73,	18.6700
31.40,	18.6100
32.06,	18.5100
32.73,	18.3900
33.40,	18.2800
34.07,	18.1700
34.73,	18.0700
35.40,	18.0000
36.07,	17.9500
36.73,	17.9000
37.40,	17.8400
38.07,	17.7800
38.73,	17.7500
39.40,	17.7300
40.06,	17.7100
40.73,	17.6600
41.40,	17.6200
42.06,	17.5900
42.73,	17.5600
43.40,	17.5500
44.06,	17.5400
44.73,	17.5300
45.39,	17.5200
46.06,	17.5100
46.73,	17.4900
47.39,	17.4700
48.06,	17.4500
48.72,	17.4300
49.39,	17.4200
50.06,	17.4200
50.72,	17.4200
51.39,	17.4100
52.05,	17.4000
52.72,	17.3900
53.38,	17.3800
54.05,	17.3700
54.71,	17.3500
55.38,	17.3400
56.05,	17.3400
56.71,	17.3400
57.38,	17.3200
58.04,	17.3000
58.71,	17.2900
59.37,	17.2600
60.04,	17.2300
60.70,	17.1900
61.37,	17.1300
62.03,	17.0500
62.70,	16.9900
63.36,	16.9100
64.03,	16.8300
64.69,	16.7900
65.36,	16.7700
66.02,	16.7400
66.69,	16.7100
67.35,	16.6600
68.01,	16.6000
68.68,	16.5700
69.34,	16.5600
70.01,	16.5200
70.67,	16.4900
71.34,	16.4400
72.00,	16.3800
72.66,	16.3500
73.33,	16.3300
73.99,	16.2600
74.66,	16.0700
75.32,	15.8200
75.98,	15.6300
76.65,	15.4700
77.31,	15.3700
77.98,	15.3000
78.64,	15.2600
79.30,	15.2100
79.97,	15.1600
80.63,	15.1400
81.30,	15.1000
81.96,	15.0500
82.62,	15.0100
83.29,	14.9700
83.95,	14.9000
84.61,	14.8400
85.28,	14.7800
85.94,	14.6900
86.60,	14.5900
87.27,	14.5400
87.93,	14.5100
88.59,	14.5000
89.26,	14.4900
89.92,	14.4700
90.58,	14.3800
91.24,	14.3000
91.91,	14.2400
92.57,	14.2200
93.23,	14.2000
93.90,	14.1900
94.56,	14.1800
95.22,	14.1600
95.88,	14.0800
96.55,	14.0300
97.21,	14.0400
97.87,	14.0400
98.53,	14.0300
99.20,	14.0100
99.86,	13.9900
100.52,	13.9600
101.18,	13.9400
101.85,	13.9100
102.51,	13.8800
103.17,	13.8700
103.83,	13.8600
104.49,	13.8600
105.16,	13.8300
105.82,	13.8000
106.48,	13.7700
107.14,	13.7500
107.80,	13.7300
108.47,	13.7100
109.13,	13.7000
109.79,	13.6900
110.45,	13.6800
111.11,	13.6700
111.77,	13.6500
112.44,	13.6300
113.10,	13.6200
113.76,	13.6000
114.42,	13.5700
115.08,	13.5200
115.74,	13.4800
116.40,	13.4500
117.06,	13.4200
117.73,	13.3800
118.39,	13.3700
119.05,	13.3600
119.71,	13.3400
120.37,	13.3200
121.03,	13.3100
121.69,	13.3000
122.35,	13.2900
123.01,	13.2800
123.67,	13.2500
124.33,	13.2200
125.00,	13.1600
125.66,	13.1200
126.32,	13.0900
126.98,	13.0800
127.64,	13.0700
128.30,	13.0700
128.96,	13.0600
129.62,	13.0500
130.28,	13.0200
130.94,	13.0000
131.60,	12.9800
132.26,	12.9700
132.92,	12.9700
133.58,	12.9600
134.24,	12.9500
134.90,	12.9400
135.56,	12.9200
136.22,	12.8900
136.88,	12.8600
137.54,	12.8400
138.20,	12.8300
138.86,	12.8100
139.52,	12.7800
140.18,	12.7600
140.84,	12.7600
141.50,	12.7500
142.16,	12.7300
142.82,	12.7000
143.48,	12.6700
144.14,	12.6700
144.79,	12.6700
145.45,	12.6600
146.11,	12.6600
146.77,	12.6700
147.43,	12.6900
148.09,	12.6900
148.75,	12.6900
149.41,	12.6600
150.07,	12.6200
150.73,	12.5900
151.39,	12.5500
152.04,	12.5200
152.70,	12.5000
153.36,	12.4700
154.02,	12.4100
154.68,	12.3300
155.34,	12.2700
156.00,	12.2600
156.65,	12.2700
157.31,	12.2800
157.97,	12.2800
158.63,	12.2600
159.29,	12.2300
159.95,	12.2200
160.60,	12.2000
161.26,	12.1900
161.92,	12.1800
162.58,	12.1700
163.24,	12.1400
163.90,	12.1100
164.55,	12.0900
165.21,	12.0700
165.87,	12.0700
166.53,	12.0800
167.18,	12.1100
167.84,	12.1400
168.50,	12.1600
169.16,	12.1700
169.82,	12.1500
170.47,	12.1200
171.13,	12.1100
171.79,	12.1100
172.44,	12.1200
173.10,	12.1200
173.76,	12.1100
174.42,	12.0800
175.07,	12.0500
175.73,	12.0200
176.39,	11.9800
177.05,	11.9600
177.70,	11.9400
178.36,	11.9100
179.02,	11.8800
179.67,	11.8600
180.33,	11.8700
180.99,	11.8900
181.64,	11.9000
182.30,	11.9100
182.96,	11.8700
183.61,	11.8200
184.27,	11.8000
184.93,	11.7800
185.58,	11.7600
186.24,	11.7300
186.90,	11.7200
187.55,	11.7400
188.21,	11.7500
188.87,	11.7500
189.52,	11.6900
190.18,	11.6500
190.83,	11.6300
191.49,	11.6300
192.15,	11.6300
192.80,	11.6200
193.46,	11.6100
194.11,	11.6000
194.77,	11.5900
195.43,	11.5700
196.08,	11.5200
196.74,	11.4600
197.39,	11.4400
198.05,	11.4300
198.70,	11.4200
199.36,	11.4100
200.02,	11.4000
200.67,	11.3800
201.33,	11.3600
201.98,	11.3500
202.64,	11.3400
203.29,	11.3200
203.95,	11.3100
204.60,	11.2900
205.26,	11.2700
205.91,	11.2600
206.57,	11.2500
207.22,	11.2400
207.88,	11.2200
208.53,	11.2000
209.19,	11.1700
209.84,	11.1500
210.50,	11.1300
211.15,	11.1100
211.81,	11.0900
212.46,	11.0900
213.12,	11.0800
213.77,	11.0700
214.43,	11.0500
215.08,	11.0400
215.74,	11.0300
216.39,	11.0300
217.04,	11.0300
217.70,	11.0300
218.35,	11.0300
219.01,	11.0000
219.66,	10.9700
220.32,	10.9300
220.97,	10.8900
221.62,	10.8600
222.28,	10.8300
222.93,	10.8200
223.59,	10.8000
224.24,	10.7700
224.89,	10.7500
225.55,	10.7400
226.20,	10.7200
226.85,	10.7100
227.51,	10.7000
228.16,	10.7000
228.81,	10.6900
229.47,	10.6800
230.12,	10.6500
230.78,	10.6200
231.43,	10.6000
232.08,	10.5800
232.74,	10.5600
233.39,	10.5500
234.04,	10.5400
234.69,	10.5300
235.35,	10.5200
236.00,	10.5100
236.65,	10.5100
237.31,	10.5100
237.96,	10.5100
238.61,	10.5100
239.27,	10.5100
239.92,	10.4900
240.57,	10.4700
241.22,	10.4600
241.88,	10.4600
242.53,	10.4500
243.18,	10.4400
243.83,	10.4200
244.49,	10.4200
245.14,	10.4100
245.79,	10.4100
246.44,	10.4100
247.10,	10.3900
247.75,	10.3700
248.40,	10.3600
249.05,	10.3600
249.70,	10.3500
250.36,	10.3400
251.01,	10.3200
251.66,	10.3200
252.31,	10.3000
252.96,	10.2800
253.62,	10.2700
254.27,	10.2500
254.92,	10.2400
255.57,	10.2300
256.22,	10.2100
256.88,	10.1900
257.53,	10.1500
258.18,	10.1200
258.83,	10.1000
259.48,	10.0900
260.13,	10.0800
260.78,	10.0600
261.44,	10.0400
262.09,	10.0100
262.74,	9.9800
263.39,	9.9300
264.04,	9.8900
264.69,	9.8800
265.34,	9.8800
265.99,	9.8800
266.64,	9.8800
267.29,	9.8900
267.95,	9.9100
268.60,	9.9300
269.25,	9.9400
269.90,	9.9500
270.55,	9.9600
271.20,	9.9700
271.85,	9.9900
272.50,	9.9800
273.15,	9.9800
273.80,	9.9800
274.45,	9.9800
275.10,	9.9900
275.75,	9.9800
276.40,	9.9700
277.05,	9.9600
277.70,	9.9500
278.35,	9.9500
279.00,	9.9400
279.65,	9.9300
280.30,	9.9100
280.95,	9.8900
281.60,	9.8700
282.25,	9.8500
282.90,	9.8500
283.55,	9.8500
284.20,	9.8400
284.85,	9.8200
285.50,	9.8000
286.15,	9.7700
286.80,	9.7400
287.45,	9.7200
288.10,	9.6900
288.75,	9.6700
289.40,	9.6400
290.05,	9.6100
290.70,	9.5900
291.35,	9.5800
292.00,	9.5700
292.64,	9.5700
293.29,	9.5700
293.94,	9.5600
294.59,	9.5500
295.24,	9.5400
295.89,	9.5200
296.54,	9.5000
297.19,	9.4900
297.84,	9.4900
298.49,	9.4800
299.13,	9.4600
299.78,	9.4400
300.43,	9.4100
301.08,	9.4000
301.73,	9.4000
302.38,	9.4000
303.02,	9.3900
303.67,	9.3800
304.32,	9.3700
304.97,	9.3600
305.62,	9.3600
306.27,	9.3700
306.91,	9.3700
307.56,	9.3800
308.21,	9.3800
308.86,	9.3700
309.51,	9.3700
310.15,	9.3700
310.80,	9.3500
311.45,	9.3400
312.10,	9.3400
312.75,	9.3300
313.39,	9.3200
314.04,	9.3100
314.69,	9.3000
315.34,	9.2900
315.98,	9.2800
316.63,	9.2800
317.28,	9.2700
317.93,	9.2600
318.57,	9.2400
319.22,	9.2200
319.87,	9.2100
320.52,	9.2000
321.16,	9.1900
321.81,	9.1900
322.46,	9.1800
323.10,	9.1700
323.75,	9.1600
324.40,	9.1500
325.04,	9.1500
325.69,	9.1400
326.34,	9.1400
326.99,	9.1400
327.63,	9.1400
328.28,	9.1400
328.93,	9.1300
329.57,	9.1300
330.22,	9.1300
330.86,	9.1200
331.51,	9.1200
332.16,	9.1200
332.80,	9.1100
333.45,	9.1100
334.10,	9.1100
334.74,	9.1100
335.39,	9.1100
336.03,	9.1000
336.68,	9.0900
337.33,	9.0800
337.97,	9.0800
338.62,	9.0700
339.26,	9.0700
339.91,	9.0700
340.56,	9.0500
341.20,	9.0400
341.85,	9.0200
342.49,	9.0100
343.14,	9.0100
343.78,	9.0000
344.43,	8.9900
345.08,	8.9900
345.72,	8.9900
346.37,	8.9800
347.01,	8.9800
347.66,	8.9800
348.30,	8.9800
348.95,	8.9600
349.59,	8.9500
350.24,	8.9400
350.88,	8.9300
351.53,	8.9300
352.17,	8.9300
352.82,	8.9300
353.46,	8.9300
354.11,	8.9200
354.75,	8.9100
355.40,	8.9000
356.04,	8.8900
356.69,	8.8700
357.33,	8.8500
357.98,	8.8200
358.62,	8.8100
359.27,	8.8000
359.91,	8.7900
360.55,	8.7800
361.20,	8.7600
361.84,	8.7500
362.49,	8.7400
363.13,	8.7100
363.78,	8.6600
364.42,	8.6200
365.06,	8.5700
365.71,	8.5400
366.35,	8.5200
367.00,	8.5100
367.64,	8.4900
368.28,	8.4900
368.93,	8.4800
369.57,	8.4700
370.22,	8.4400
370.86,	8.4200
371.50,	8.4100
372.15,	8.4000
372.79,	8.4000
373.43,	8.4000
374.08,	8.4000
374.72,	8.4000
375.36,	8.3900
376.01,	8.3900
376.65,	8.3900
377.29,	8.3900
377.94,	8.3900
378.58,	8.3600
379.22,	8.3300
379.87,	8.3200
380.51,	8.3000
381.15,	8.2800
381.79,	8.2700
382.44,	8.2600
383.08,	8.2500
383.72,	8.2500
384.37,	8.2500
385.01,	8.2500
385.65,	8.2500
386.29,	8.2400
386.94,	8.2300
387.58,	8.2200
388.22,	8.2100
388.86,	8.2100
389.51,	8.2000
390.15,	8.1900
390.79,	8.1700
391.43,	8.1600
392.08,	8.1500
392.72,	8.1400
393.36,	8.1400
394.00,	8.1400
394.64,	8.1500
395.29,	8.1500
395.93,	8.1400
396.57,	8.1300
397.21,	8.1300
397.85,	8.1300
398.50,	8.1300
399.14,	8.1100
399.78,	8.0900
400.42,	8.0800
401.06,	8.0700
401.70,	8.0600
402.34,	8.0600
402.99,	8.0500
403.63,	8.0300
404.27,	8.0300
404.91,	8.0300
405.55,	8.0200
406.19,	8.0200
406.83,	8.0100
407.48,	8.0000
408.12,	7.9600
408.76,	7.9300
409.40,	7.9200
410.04,	7.9100
410.68,	7.9000
411.32,	7.8900
411.96,	7.8700
412.60,	7.8200
413.24,	7.7600
413.88,	7.7300
414.52,	7.7100
415.17,	7.7000
415.81,	7.7000
416.45,	7.7000
417.09,	7.6900
417.73,	7.6900
418.37,	7.6800
419.01,	7.6800
419.65,	7.6900
420.29,	7.6900
420.93,	7.6900
421.57,	7.6900
422.21,	7.6900
422.85,	7.6900
423.49,	7.6900
424.13,	7.6900
424.77,	7.6800
425.41,	7.6800
426.05,	7.6800
426.69,	7.6700
427.33,	7.6700
427.97,	7.6600
428.61,	7.6500
429.25,	7.6300
429.89,	7.6200
430.53,	7.6100
431.17,	7.6000
431.80,	7.5900
432.44,	7.5900
433.08,	7.5800
433.72,	7.5700
434.36,	7.5700
435.00,	7.5600
435.64,	7.5500
436.28,	7.5500
436.92,	7.5600
437.56,	7.5600
438.20,	7.5600
438.84,	7.5600
439.47,	7.5600
440.11,	7.5600
440.75,	7.5600
441.39,	7.5600
442.03,	7.5600
442.67,	7.5600
443.31,	7.5600
443.95,	7.5600
444.58,	7.5500
445.22,	7.5500
445.86,	7.5500
446.50,	7.5500
447.14,	7.5400
447.78,	7.5300
448.41,	7.5200
449.05,	7.5100
449.69,	7.5000
450.33,	7.5000
450.97,	7.4900
451.60,	7.4900
452.24,	7.4800
452.88,	7.4800
453.52,	7.4700
454.16,	7.4700
454.79,	7.4700
455.43,	7.4600
456.07,	7.4500
456.71,	7.4300
457.35,	7.4100
457.98,	7.4000
458.62,	7.3900
459.26,	7.3800
459.90,	7.3600
460.53,	7.3500
461.17,	7.3300
461.81,	7.3100
462.44,	7.2800
463.08,	7.2500
463.72,	7.2200
464.36,	7.2000
464.99,	7.1900
465.63,	7.1700
466.27,	7.1600
466.90,	7.1500
467.54,	7.1300
468.18,	7.1300
468.81,	7.1300
469.45,	7.1100
470.09,	7.0700
470.72,	7.0400
471.36,	7.0300
472.00,	7.0300
472.63,	7.0200
473.27,	7.0200
473.91,	7.0200
474.54,	6.9900
475.18,	6.9300
475.82,	6.8800
476.45,	6.8600
477.09,	6.8400
477.73,	6.8000
478.36,	6.7600
479.00,	6.7400
479.63,	6.7200
480.27,	6.6900
480.91,	6.6500
481.54,	6.6300
482.18,	6.6300
482.81,	6.6100
483.45,	6.6000
484.08,	6.5900
484.72,	6.5800
485.36,	6.5700
485.99,	6.5700
486.63,	6.5600
487.26,	6.5600
487.90,	6.5500
488.53,	6.5500
489.17,	6.5400
489.80,	6.5300
490.44,	6.5200
491.07,	6.5100
491.71,	6.5000
492.34,	6.4900
492.98,	6.4800
493.62,	6.4700
494.25,	6.4400
494.89,	6.4100
495.52,	6.3900
496.15,	6.3900
496.79,	6.3800
497.42,	6.3900
498.06,	6.3800
498.69,	6.3800
499.33,	6.3800
499.96,	6.3800
500.60,	6.3800
501.23,	6.3600
501.87,	6.3300
502.50,	6.3100
503.14,	6.3000
503.77,	6.3000
504.40,	6.2900
505.04,	6.2900
505.67,	6.2800
506.31,	6.2700
506.94,	6.2400
507.57,	6.2200
508.21,	6.2000
508.84,	6.1900
509.48,	6.1800
510.11,	6.1700
510.74,	6.1600
511.38,	6.1600
512.01,	6.1500
512.65,	6.1400
513.28,	6.1400
513.91,	6.1200
514.55,	6.1100
515.18,	6.1100
515.81,	6.1000
516.45,	6.1000
517.08,	6.0800
517.71,	6.0600
518.35,	6.0400
518.98,	6.0300
519.61,	6.0200
520.25,	6.0100
520.88,	6.0000
521.51,	6.0000
522.15,	5.9800
522.78,	5.9700
523.41,	5.9600
524.04,	5.9500
524.68,	5.9400
525.31,	5.9300
525.94,	5.9400
526.58,	5.9300
527.21,	5.9300
527.84,	5.9300
528.47,	5.9300
529.11,	5.9200
529.74,	5.9200
530.37,	5.9100
531.00,	5.9000
531.64,	5.8900
532.27,	5.8700
532.90,	5.8600
533.53,	5.8500
534.17,	5.8400
534.80,	5.8300
535.43,	5.8300
536.06,	5.8200
536.69,	5.8100
537.33,	5.8000
537.96,	5.7900
538.59,	5.7800
539.22,	5.7600
539.85,	5.7200
540.48,	5.6900
541.12,	5.6700
541.75,	5.6600
542.38,	5.6600
543.01,	5.6500
543.64,	5.6400
544.27,	5.6200
544.91,	5.6100
545.54,	5.6100
546.17,	5.6100
546.80,	5.6200
547.43,	5.6200
548.06,	5.6300
548.69,	5.6400
549.32,	5.6300
549.95,	5.6100
550.59,	5.6000
551.22,	5.6000
551.85,	5.6000
552.48,	5.6000
553.11,	5.6000
553.74,	5.6000
554.37,	5.6000
555.00,	5.6000
555.63,	5.6000
556.26,	5.6100
556.89,	5.6100
557.52,	5.6100
558.15,	5.6100
558.78,	5.6100
559.42,	5.5900
560.05,	5.5800
560.68,	5.5800
561.31,	5.5700
561.94,	5.5700
562.57,	5.5600
563.20,	5.5600
563.83,	5.5600
564.46,	5.5500
565.09,	5.5500
565.72,	5.5400
566.35,	5.5400
566.98,	5.5300
567.61,	5.5300
568.24,	5.5300
568.87,	5.5200
569.50,	5.5200
570.12,	5.5100
570.75,	5.5000
571.38,	5.4900
572.01,	5.5000
572.64,	5.5000
573.27,	5.5000
573.90,	5.5000
574.53,	5.4900
575.16,	5.4800
575.79,	5.4700
576.42,	5.4500
577.05,	5.4500
577.68,	5.4400
578.31,	5.4400
578.93,	5.4400
579.56,	5.4400
580.19,	5.4400
580.82,	5.4400
581.45,	5.4400
582.08,	5.4400
582.71,	5.4400
583.34,	5.4400
583.97,	5.4400
584.59,	5.4200
585.22,	5.4000
585.85,	5.3900
586.48,	5.4000
587.11,	5.4100
587.74,	5.4200
588.36,	5.4100
588.99,	5.4100
589.62,	5.4000
590.25,	5.3900
590.88,	5.3800
591.50,	5.3700
592.13,	5.3600
592.76,	5.3600
593.39,	5.3600
594.02,	5.3600
594.64,	5.3500
595.27,	5.3500
595.90,	5.3300
596.53,	5.3200
597.16,	5.3100
597.78,	5.3100
598.41,	5.3000
599.04,	5.2800
599.67,	5.2800
600.29,	5.2700
600.92,	5.2700
601.55,	5.2700
602.18,	5.2600
602.80,	5.2500
603.43,	5.2400
604.06,	5.2300
604.68,	5.2200
605.31,	5.2100
605.94,	5.2100
606.57,	5.2100
607.19,	5.2100
607.82,	5.2100
608.45,	5.2000
609.07,	5.2000
609.70,	5.2000
610.33,	5.1900
610.95,	5.1700
611.58,	5.1400
612.21,	5.1300
612.83,	5.1300
613.46,	5.1200
614.09,	5.1200
614.71,	5.1100
615.34,	5.0900
615.97,	5.0700
616.59,	5.0700
617.22,	5.0700
617.84,	5.0700
618.47,	5.0700
619.10,	5.0600
619.72,	5.0600
620.35,	5.0600
620.97,	5.0600
621.60,	5.0600
622.23,	5.0500
622.85,	5.0500
623.48,	5.0500
624.10,	5.0600
624.73,	5.0600
625.35,	5.0500
625.98,	5.0500
626.61,	5.0400
627.23,	5.0400
627.86,	5.0400
628.48,	5.0400
629.11,	5.0400
629.73,	5.0400
630.36,	5.0400
630.98,	5.0400
631.61,	5.0300
632.23,	5.0300
632.86,	5.0100
633.48,	5.0000
634.11,	5.0000
634.73,	4.9900
635.36,	4.9800
635.98,	4.9800
636.61,	4.9800
637.23,	4.9700
637.86,	4.9700
638.48,	4.9700
639.11,	4.9700
639.73,	4.9400
640.36,	4.9100
640.98,	4.8900
641.61,	4.8900
642.23,	4.9000
642.85,	4.9100
643.48,	4.9100
644.10,	4.9100
644.73,	4.9100
645.35,	4.9100
645.98,	4.9100
646.60,	4.9100
647.22,	4.9100
647.85,	4.9200
648.47,	4.9200
649.10,	4.9100
649.72,	4.9000
650.34,	4.8900
650.97,	4.8800
651.59,	4.8800
652.22,	4.8800
652.84,	4.8700
653.46,	4.8700
654.09,	4.8600
654.71,	4.8600
655.33,	4.8600
655.96,	4.8600
656.58,	4.8500
657.20,	4.8400
657.83,	4.8200
658.45,	4.8100
659.07,	4.8000
659.70,	4.7900
660.32,	4.7700
660.94,	4.7500
661.57,	4.7300
662.19,	4.7100
662.81,	4.6900
663.43,	4.6900
664.06,	4.6800
664.68,	4.6800
665.30,	4.6800
665.93,	4.6900
666.55,	4.7000
667.17,	4.7000
667.79,	4.7100
668.42,	4.7100
669.04,	4.7100
669.66,	4.7000
670.28,	4.6800
670.91,	4.6600
671.53,	4.6200
672.15,	4.6000
672.77,	4.5900
673.39,	4.5900
674.02,	4.5900
674.64,	4.5900
675.26,	4.5900
675.88,	4.6000
676.50,	4.6000
677.13,	4.6000
677.75,	4.5900
678.37,	4.5900
678.99,	4.5800
679.61,	4.5700
680.24,	4.5600
680.86,	4.5600
681.48,	4.5600
682.10,	4.5600
682.72,	4.5600
683.34,	4.5600
683.96,	4.5600
684.59,	4.5600
685.21,	4.5600
685.83,	4.5600
686.45,	4.5600
687.07,	4.5600
687.69,	4.5700
688.31,	4.5800
688.93,	4.5900
689.56,	4.5900
690.18,	4.5900
690.80,	4.5900
691.42,	4.5900
692.04,	4.5900
692.66,	4.5900
693.28,	4.5800
693.90,	4.5800
694.52,	4.5800
695.14,	4.5800
695.76,	4.5800
696.38,	4.5800
697.00,	4.5800
697.62,	4.5800
698.25,	4.5800
698.87,	4.5800
699.49,	4.5800
700.11,	4.5800
700.73,	4.5800
701.35,	4.5700
701.97,	4.5600
702.59,	4.5500
703.21,	4.5500
703.83,	4.5500
704.45,	4.5500
705.07,	4.5500
705.69,	4.5500
706.31,	4.5500
706.93,	4.5500
707.55,	4.5500
708.17,	4.5500
708.79,	4.5500
709.40,	4.5500
710.02,	4.5400
710.64,	4.5400
711.26,	4.5400
711.88,	4.5400
712.50,	4.5400
713.12,	4.5400
713.74,	4.5300
714.36,	4.5300
714.98,	4.5200
715.60,	4.5200
716.22,	4.5200
716.84,	4.5100
717.45,	4.5100
718.07,	4.5100
718.69,	4.5100
719.31,	4.5100
719.93,	4.5100
720.55,	4.5000
721.17,	4.5000
721.79,	4.4900
722.41,	4.4900
723.02,	4.4800
723.64,	4.4800
724.26,	4.4800
724.88,	4.4700
725.50,	4.4700
726.12,	4.4700
726.73,	4.4700
727.35,	4.4700
727.97,	4.4700
728.59,	4.4700
729.21,	4.4700
729.83,	4.4700
730.44,	4.4700
731.06,	4.4700
731.68,	4.4700
732.30,	4.4600
732.92,	4.4500
733.53,	4.4500
734.15,	4.4500
734.77,	4.4500
735.39,	4.4400
736.00,	4.4400
736.62,	4.4400
737.24,	4.4400
737.86,	4.4300
738.47,	4.4300
739.09,	4.4200
739.71,	4.4100
740.33,	4.4100
740.94,	4.4000
741.56,	4.4000
742.18,	4.4000
742.79,	4.4000
743.41,	4.4000
744.03,	4.3900
744.65,	4.3900
745.26,	4.3800
745.88,	4.3800
746.50,	4.3800
747.11,	4.3800
747.73,	4.3800
748.35,	4.3700
748.96,	4.3700
749.58,	4.3700
750.20,	4.3700
750.81,	4.3700
751.43,	4.3700
752.05,	4.3700
752.66,	4.3700
753.28,	4.3600
753.90,	4.3600
754.51,	4.3500
755.13,	4.3500
755.74,	4.3500
756.36,	4.3500
756.98,	4.3500
757.59,	4.3500
758.21,	4.3500
758.82,	4.3500
759.44,	4.3500
760.06,	4.3400
760.67,	4.3400
761.29,	4.3400
761.90,	4.3400
762.52,	4.3300
763.14,	4.3200
763.75,	4.3100
764.37,	4.3000
764.98,	4.2900
765.60,	4.2800
766.21,	4.2700
766.83,	4.2700
767.44,	4.2800
768.06,	4.2800
768.67,	4.2700
769.29,	4.2800
769.90,	4.2700
770.52,	4.2700
771.14,	4.2700
771.75,	4.2700
772.37,	4.2700
772.98,	4.2700
773.59,	4.2700
774.21,	4.2700
774.82,	4.2600
775.44,	4.2600
776.05,	4.2500
776.67,	4.2400
777.28,	4.2400
777.90,	4.2400
778.51,	4.2400
779.13,	4.2400
779.74,	4.2300
780.36,	4.2300
780.97,	4.2300
781.58,	4.2300
782.20,	4.2200
782.81,	4.2200
783.43,	4.2200
784.04,	4.2200
784.66,	4.2200
785.27,	4.2100
785.88,	4.2100
786.50,	4.2100
787.11,	4.2100
787.73,	4.2000
788.34,	4.2000
788.95,	4.2100
789.57,	4.2000
790.18,	4.2000
790.79,	4.2000
791.41,	4.2000
792.02,	4.2000
792.63,	4.2000
793.25,	4.1900
793.86,	4.1900
794.47,	4.1900
795.09,	4.1900
795.70,	4.1800
796.31,	4.1800
796.93,	4.1800
797.54,	4.1700
798.15,	4.1700
798.77,	4.1700
799.38,	4.1700
799.99,	4.1700
800.61,	4.1700
801.22,	4.1700
801.83,	4.1700
802.44,	4.1700
803.06,	4.1600
803.67,	4.1600
804.28,	4.1600
804.90,	4.1500
805.51,	4.1500
806.12,	4.1500
806.73,	4.1500
807.34,	4.1400
807.96,	4.1400
808.57,	4.1300
809.18,	4.1200
809.79,	4.1200
810.41,	4.1200
811.02,	4.1100
811.63,	4.1100
812.24,	4.1000
812.85,	4.0900
813.47,	4.0800
814.08,	4.0800
814.69,	4.0800
815.30,	4.0800
815.91,	4.0800
816.53,	4.0700
817.14,	4.0600
817.75,	4.0600
818.36,	4.0600
818.97,	4.0600
819.58,	4.0600
820.20,	4.0600
820.81,	4.0500
821.42,	4.0400
822.03,	4.0400
822.64,	4.0400
823.25,	4.0300
823.86,	4.0300
824.47,	4.0300
825.09,	4.0200
825.70,	4.0200
826.31,	4.0200
826.92,	4.0200
827.53,	4.0100
828.14,	4.0100
828.75,	4.0000
829.36,	4.0000
829.97,	3.9900
830.58,	3.9900
831.19,	3.9900
831.80,	3.9900
832.42,	3.9900
833.03,	3.9900
833.64,	3.9900
834.25,	3.9800
834.86,	3.9800
835.47,	3.9700
836.08,	3.9600
836.69,	3.9400
837.30,	3.9300
837.91,	3.9300
838.52,	3.9300
839.13,	3.9300
839.74,	3.9200
840.35,	3.9200
840.96,	3.9200
841.57,	3.9200
842.18,	3.9200
842.79,	3.9200
843.40,	3.9200
844.01,	3.9200
844.62,	3.9200
845.23,	3.9200
845.84,	3.9200
846.45,	3.9200
847.06,	3.9200
847.67,	3.9200
848.27,	3.9200
848.88,	3.9200
849.49,	3.9200
850.10,	3.9200
850.71,	3.9200
851.32,	3.9200
851.93,	3.9100
852.54,	3.9100
853.15,	3.9200
853.76,	3.9100
854.37,	3.9100
854.98,	3.9100
855.58,	3.9200
856.19,	3.9100
856.80,	3.9100
857.41,	3.9100
858.02,	3.9000
858.63,	3.9000
859.24,	3.9000
859.85,	3.9000
860.45,	3.9000
861.06,	3.9000
861.67,	3.9000
862.28,	3.9000
862.89,	3.9000
863.50,	3.9000
864.10,	3.9100
864.71,	3.9000
865.32,	3.9000
865.93,	3.9000
866.54,	3.9000
867.14,	3.9000
867.75,	3.9000
868.36,	3.9100
868.97,	3.9100
869.58,	3.9000
870.18,	3.9000
870.79,	3.9000
871.40,	3.9000
872.01,	3.9000
872.61,	3.9000
873.22,	3.9100
873.83,	3.9100
874.44,	3.9100
875.04,	3.9000
875.65,	3.9000
876.26,	3.9000
876.87,	3.9000
877.47,	3.9000
878.08,	3.9000
878.69,	3.9000
879.29,	3.9000
879.90,	3.9000
880.51,	3.8900
881.12,	3.8900
881.72,	3.8800
882.33,	3.8700
882.94,	3.8600
883.54,	3.8600
884.15,	3.8600
884.76,	3.8500
885.36,	3.8500
885.97,	3.8500
886.58,	3.8500
887.18,	3.8500
887.79,	3.8500
888.40,	3.8400
889.00,	3.8400
889.61,	3.8400
890.22,	3.8500
890.82,	3.8600
891.43,	3.8700
892.03,	3.8700
892.64,	3.8700
893.25,	3.8600
893.85,	3.8600
894.46,	3.8600
895.06,	3.8600
895.67,	3.8500
896.28,	3.8500
896.88,	3.8400
897.49,	3.8300
898.09,	3.8200
898.70,	3.8200
899.30,	3.8200
899.91,	3.8200
900.52,	3.8100
901.12,	3.8100
901.73,	3.8100
902.33,	3.8100
902.94,	3.8000
903.54,	3.7800
904.15,	3.7700
904.75,	3.7700
905.36,	3.7800
905.96,	3.8100
906.57,	3.8900
907.17,	4.0600
907.78,	4.2400
908.38,	4.3000
908.99,	4.3000
909.59,	4.3400
910.20,	4.6200
910.80,	5.0600
911.41,	5.5300
912.01,	6.0500
912.62,	6.8400
913.22,	7.2000
913.83,	-2.5200
914.43,	-2.5200
915.03,	-2.5200
915.64,	-2.5200
916.24,	-2.5200
916.85,	-2.5200
917.45,	-2.5200
918.06,	-2.5200
918.66,	-2.5200
919.26,	-2.5200
919.87,	-2.5200
920.47,	-2.5200
921.08,	-2.5200
921.68,	-2.5200
922.28,	-2.5200
922.89,	-2.5200
923.49,	-2.5200
924.10,	-2.5200
924.70,	-2.5200
925.30,	-2.5200
925.91,	-2.5200
926.51,	-2.5200
927.11,	-2.5200
927.72,	-2.5200
928.32,	-2.5200
928.92,	-2.5200
929.53,	-2.5200
930.13,	-2.5200
930.74,	-2.5200
931.34,	-2.5200
931.94,	-2.5200
932.54,	-2.5200
933.15,	-2.5200
933.75,	-2.5200
934.35,	-2.5200
934.96,	-2.5200
935.56,	-2.5200
936.16,	-2.5200
936.77,	-2.5200
937.37,	-2.5200
937.97,	-2.5200
938.57,	-2.5200
939.18,	-2.5200
939.78,	-2.5200
940.38,	-2.5200
940.98,	-2.5200
941.59,	-2.5200
942.19,	-2.5200
942.79,	-2.5200
943.39,	-2.5200
944.00,	-2.5200
944.60,	-2.5200
945.20,	-2.5200
945.80,	-2.5200
946.40,	-2.5200
947.01,	-2.5200
947.61,	-2.5200
948.21,	-2.5200
948.81,	-2.5200
949.41,	-2.5200
950.02,	-2.5200
950.62,	-2.5200
951.22,	-2.5200
951.82,	-2.5200
952.42,	-2.5200
953.02,	-2.5200
953.63,	-2.5200
954.23,	-2.5200
954.83,	-2.5200
955.43,	-2.5200
956.03,	-2.5200
956.63,	-2.5200
957.24,	-2.5200
957.84,	-2.5200
958.44,	-2.5200
959.04,	-2.5200
959.64,	-2.5200
960.24,	-2.5200
960.84,	-2.5200
961.44,	-2.5200
962.04,	-2.5200
962.64,	-2.5200
963.25,	-2.5200
963.85,	-2.5200
964.45,	-2.5200
965.05,	-2.5200
965.65,	-2.5200
966.25,	-2.5200
966.85,	-2.5200
967.45,	-2.5200
968.05,	-2.5200
968.65,	-2.5200
969.25,	-2.5200
969.85,	-2.5200
970.45,	-2.5200
971.05,	-2.5200
971.65,	-2.5200
972.25,	-2.5200
972.85,	-2.5200
973.45,	-2.5200
974.05,	-2.5200
974.65,	-2.5200
975.25,	-2.5200
975.85,	-2.5200
976.45,	-2.5200
977.05,	-2.5200
977.65,	-2.5200
978.25,	-2.5200
978.85,	-2.5200
979.45,	-2.5200
980.05,	-2.5200
980.65,	-2.5200
981.25,	-2.5200
981.85,	-2.5200
982.45,	-2.5200
983.05,	-2.5200
983.65,	-2.5200
984.25,	-2.5200
984.85,	-2.5200
985.45,	-2.5200
986.04,	-2.5200
986.64,	-2.5200
987.24,	-2.5200
987.84,	-2.5200
988.44,	-2.5200
989.04,	-2.5200
989.64,	-2.5200
990.24,	-2.5200
990.84,	-2.5200
991.44,	-2.5200
992.03,	-2.5200
992.63,	-2.5200
993.23,	-2.5200
993.83,	-2.5200
994.43,	-2.5200
995.03,	-2.5200
995.63,	-2.5200
996.22,	-2.5200
996.82,	-2.5200
997.42,	-2.5200
998.02,	-2.5200
998.62,	-2.5200
999.21,	-2.5200
999.81,	-2.5200
1000.41,	-2.5200
