Call Sign = ZSDA,	Ship Name = SA Agulhas,	Lloyds Num = 0
Date = 12/03/2016,	Time = 20:03,	
Latitude = 43 43.21  S,	Longitude = 008 03.69  E
Instr = Sippican Deep Blue,	Card Type = Sippican MK-21,	
Wind Instr = ,	Measur Method = 
Probe Serial Num = -1,	Ship Dir = -1,	Ship Speed = -1.00
Wind Dir = 252,	Wind Speed = 29.40
Dry Bulb Temp = 6.00,	Total Water Depth = -1.00

Full Resolution Values
Depth,	 Temp
0.67,	8.0200
1.34,	7.9200
2.01,	7.8500
2.68,	7.8300
3.34,	7.8600
4.01,	7.8600
4.68,	7.8600
5.35,	7.8700
6.02,	7.8700
6.69,	7.8700
7.36,	7.8700
8.03,	7.8800
8.69,	7.8700
9.36,	7.8800
10.03,	7.8800
10.70,	7.8700
11.37,	7.8800
12.04,	7.8600
12.70,	7.8700
13.37,	7.8600
14.04,	7.8600
14.71,	7.8600
15.38,	7.8600
16.05,	7.8600
16.71,	7.8600
17.38,	7.8500
18.05,	7.8600
18.72,	7.8600
19.38,	7.8500
20.05,	7.8500
20.72,	7.8600
21.39,	7.8600
22.06,	7.8600
22.72,	7.8600
23.39,	7.8600
24.06,	7.8600
24.73,	7.8600
25.39,	7.8600
26.06,	7.8600
26.73,	7.8600
27.40,	7.8600
28.06,	7.8500
28.73,	7.8600
29.40,	7.8500
30.06,	7.8500
30.73,	7.8600
31.40,	7.8600
32.06,	7.8500
32.73,	7.8400
33.40,	7.8500
34.07,	7.8500
34.73,	7.8500
35.40,	7.8500
36.07,	7.8400
36.73,	7.8400
37.40,	7.8500
38.07,	7.8500
38.73,	7.8400
39.40,	7.8400
40.06,	7.8400
40.73,	7.8300
41.40,	7.8200
42.06,	7.8300
42.73,	7.8300
43.40,	7.8300
44.06,	7.8200
44.73,	7.8200
45.39,	7.8200
46.06,	7.8200
46.73,	7.8100
47.39,	7.8100
48.06,	7.8100
48.72,	7.8100
49.39,	7.8000
50.06,	7.7900
50.72,	7.7900
51.39,	7.7800
52.05,	7.7800
52.72,	7.7300
53.38,	7.6900
54.05,	7.6700
54.71,	7.6700
55.38,	7.6400
56.05,	7.6000
56.71,	7.5700
57.38,	7.5800
58.04,	7.5700
58.71,	7.5400
59.37,	7.5200
60.04,	7.4900
60.70,	7.4900
61.37,	7.4900
62.03,	7.4400
62.70,	7.3800
63.36,	7.3300
64.03,	7.3100
64.69,	7.2900
65.36,	7.2500
66.02,	7.2000
66.69,	7.1500
67.35,	7.1300
68.01,	7.1200
68.68,	7.1000
69.34,	7.0800
70.01,	7.0300
70.67,	6.9700
71.34,	6.9100
72.00,	6.8800
72.66,	6.8600
73.33,	6.8500
73.99,	6.8300
74.66,	6.8300
75.32,	6.8200
75.98,	6.8000
76.65,	6.7700
77.31,	6.7400
77.98,	6.7600
78.64,	6.8000
79.30,	6.8400
79.97,	6.8800
80.63,	6.9200
81.30,	6.9400
81.96,	6.9700
82.62,	7.0400
83.29,	7.1500
83.95,	7.2000
84.61,	7.2200
85.28,	7.2200
85.94,	7.2200
86.60,	7.2100
87.27,	7.2100
87.93,	7.2000
88.59,	7.2000
89.26,	7.2100
89.92,	7.2200
90.58,	7.2300
91.24,	7.2200
91.91,	7.2200
92.57,	7.2100
93.23,	7.2100
93.90,	7.2000
94.56,	7.1900
95.22,	7.1900
95.88,	7.1900
96.55,	7.1900
97.21,	7.1800
97.87,	7.1600
98.53,	7.1500
99.20,	7.1500
99.86,	7.1400
100.52,	7.1300
101.18,	7.1300
101.85,	7.1200
102.51,	7.1000
103.17,	7.0800
103.83,	7.0700
104.49,	7.0600
105.16,	7.0500
105.82,	7.0400
106.48,	7.0300
107.14,	7.0300
107.80,	7.0300
108.47,	7.0300
109.13,	7.0300
109.79,	7.0200
110.45,	7.0200
111.11,	7.0100
111.77,	7.0000
112.44,	7.0000
113.10,	7.0000
113.76,	6.9900
114.42,	6.9900
115.08,	6.9900
115.74,	6.9900
116.40,	6.9800
117.06,	6.9800
117.73,	6.9700
118.39,	6.9700
119.05,	6.9700
119.71,	6.9700
120.37,	6.9600
121.03,	6.9500
121.69,	6.9500
122.35,	6.9400
123.01,	6.9400
123.67,	6.9300
124.33,	6.9300
125.00,	6.9200
125.66,	6.9300
126.32,	6.9300
126.98,	6.9200
127.64,	6.9100
128.30,	6.9000
128.96,	6.8900
129.62,	6.8600
130.28,	6.8200
130.94,	6.8200
131.60,	6.8000
132.26,	6.7900
132.92,	6.8000
133.58,	6.8100
134.24,	6.8100
134.90,	6.8000
135.56,	6.7800
136.22,	6.7700
136.88,	6.7700
137.54,	6.7600
138.20,	6.7600
138.86,	6.7600
139.52,	6.7600
140.18,	6.7500
140.84,	6.7400
141.50,	6.7400
142.16,	6.7400
142.82,	6.7300
143.48,	6.7200
144.14,	6.7300
144.79,	6.7200
145.45,	6.7200
146.11,	6.7200
146.77,	6.7200
147.43,	6.7200
148.09,	6.7200
148.75,	6.7100
149.41,	6.7100
150.07,	6.7200
150.73,	6.7100
151.39,	6.7100
152.04,	6.7200
152.70,	6.7000
153.36,	6.6800
154.02,	6.6500
154.68,	6.6200
155.34,	6.5900
156.00,	6.5700
156.65,	6.5600
157.31,	6.5300
157.97,	6.5000
158.63,	6.4800
159.29,	6.4800
159.95,	6.4800
160.60,	6.4800
161.26,	6.4600
161.92,	6.4600
162.58,	6.4600
163.24,	6.4700
163.90,	6.5000
164.55,	6.5100
165.21,	6.5000
165.87,	6.4900
166.53,	6.5200
167.18,	6.5500
167.84,	6.5600
168.50,	6.5500
169.16,	6.5400
169.82,	6.5400
170.47,	6.5400
171.13,	6.5400
171.79,	6.5300
172.44,	6.5300
173.10,	6.5300
173.76,	6.5400
174.42,	6.5500
175.07,	6.5700
175.73,	6.5700
176.39,	6.6000
177.05,	6.6700
177.70,	6.7000
178.36,	6.7100
179.02,	6.7100
179.67,	6.7100
180.33,	6.6900
180.99,	6.6900
181.64,	6.6900
182.30,	6.6900
182.96,	6.6800
183.61,	6.6700
184.27,	6.6600
184.93,	6.6600
185.58,	6.6500
186.24,	6.6400
186.90,	6.6300
187.55,	6.6100
188.21,	6.5800
188.87,	6.5600
189.52,	6.5500
190.18,	6.5400
190.83,	6.5400
191.49,	6.5200
192.15,	6.5100
192.80,	6.5000
193.46,	6.5000
194.11,	6.5100
194.77,	6.5200
195.43,	6.5300
196.08,	6.5300
196.74,	6.5200
197.39,	6.5100
198.05,	6.5100
198.70,	6.5100
199.36,	6.5100
200.02,	6.5000
200.67,	6.5000
201.33,	6.4900
201.98,	6.4900
202.64,	6.4800
203.29,	6.4800
203.95,	6.4800
204.60,	6.4600
205.26,	6.4300
205.91,	6.4000
206.57,	6.3700
207.22,	6.3700
207.88,	6.3500
208.53,	6.3400
209.19,	6.3400
209.84,	6.3400
210.50,	6.3300
211.15,	6.3100
211.81,	6.2900
212.46,	6.2900
213.12,	6.2800
213.77,	6.2700
214.43,	6.2700
215.08,	6.2600
215.74,	6.2600
216.39,	6.2600
217.04,	6.2600
217.70,	6.2500
218.35,	6.2300
219.01,	6.2000
219.66,	6.1700
220.32,	6.1500
220.97,	6.1300
221.62,	6.1200
222.28,	6.1200
222.93,	6.1200
223.59,	6.1100
224.24,	6.1000
224.89,	6.1000
225.55,	6.1000
226.20,	6.1000
226.85,	6.1100
227.51,	6.1300
228.16,	6.1500
228.81,	6.1600
229.47,	6.1600
230.12,	6.1700
230.78,	6.1900
231.43,	6.2100
232.08,	6.2100
232.74,	6.2200
233.39,	6.2300
234.04,	6.2300
234.69,	6.2300
235.35,	6.2300
236.00,	6.2200
236.65,	6.2100
237.31,	6.2000
237.96,	6.1900
238.61,	6.1800
239.27,	6.1700
239.92,	6.1500
240.57,	6.1400
241.22,	6.1300
241.88,	6.1200
242.53,	6.1100
243.18,	6.1000
243.83,	6.0800
244.49,	6.0600
245.14,	6.0300
245.79,	6.0200
246.44,	6.0100
247.10,	6.0000
247.75,	5.9900
248.40,	5.9800
249.05,	5.9700
249.70,	5.9600
250.36,	5.9400
251.01,	5.9200
251.66,	5.9100
252.31,	5.9000
252.96,	5.8800
253.62,	5.8800
254.27,	5.8700
254.92,	5.8600
255.57,	5.8700
256.22,	5.8700
256.88,	5.8600
257.53,	5.8500
258.18,	5.8400
258.83,	5.8400
259.48,	5.8300
260.13,	5.8200
260.78,	5.8100
261.44,	5.7900
262.09,	5.7700
262.74,	5.7700
263.39,	5.7600
264.04,	5.7500
264.69,	5.7400
265.34,	5.7100
265.99,	5.7000
266.64,	5.6800
267.29,	5.6700
267.95,	5.6600
268.60,	5.6500
269.25,	5.6400
269.90,	5.6200
270.55,	5.6100
271.20,	5.6000
271.85,	5.6000
272.50,	5.6000
273.15,	5.6000
273.80,	5.6000
274.45,	5.6000
275.10,	5.6000
275.75,	5.5900
276.40,	5.5800
277.05,	5.5800
277.70,	5.5800
278.35,	5.5900
279.00,	5.5900
279.65,	5.5900
280.30,	5.6000
280.95,	5.6000
281.60,	5.6100
282.25,	5.6100
282.90,	5.6100
283.55,	5.6200
284.20,	5.6100
284.85,	5.6200
285.50,	5.6200
286.15,	5.6200
286.80,	5.6200
287.45,	5.6200
288.10,	5.6300
288.75,	5.6400
289.40,	5.6400
290.05,	5.6400
290.70,	5.6300
291.35,	5.6300
292.00,	5.6200
292.64,	5.6200
293.29,	5.6300
293.94,	5.6200
294.59,	5.6200
295.24,	5.6200
295.89,	5.6200
296.54,	5.6200
297.19,	5.6300
297.84,	5.6300
298.49,	5.6400
299.13,	5.6400
299.78,	5.6400
300.43,	5.6500
301.08,	5.6400
301.73,	5.6300
302.38,	5.6300
303.02,	5.6200
303.67,	5.6100
304.32,	5.6100
304.97,	5.6200
305.62,	5.6200
306.27,	5.6200
306.91,	5.6000
307.56,	5.5900
308.21,	5.5800
308.86,	5.5600
309.51,	5.5500
310.15,	5.5300
310.80,	5.5300
311.45,	5.5200
312.10,	5.5200
312.75,	5.5200
313.39,	5.5200
314.04,	5.5100
314.69,	5.5100
315.34,	5.5100
315.98,	5.5000
316.63,	5.4900
317.28,	5.4800
317.93,	5.4700
318.57,	5.4600
319.22,	5.4600
319.87,	5.4600
320.52,	5.4400
321.16,	5.4200
321.81,	5.4000
322.46,	5.3900
323.10,	5.3900
323.75,	5.3900
324.40,	5.3900
325.04,	5.3800
325.69,	5.3700
326.34,	5.3600
326.99,	5.3600
327.63,	5.3500
328.28,	5.3500
328.93,	5.3400
329.57,	5.3200
330.22,	5.3100
330.86,	5.3100
331.51,	5.2900
332.16,	5.2900
332.80,	5.2800
333.45,	5.2700
334.10,	5.2600
334.74,	5.2500
335.39,	5.2400
336.03,	5.2300
336.68,	5.2200
337.33,	5.2200
337.97,	5.2100
338.62,	5.1900
339.26,	5.1900
339.91,	5.1700
340.56,	5.1700
341.20,	5.1600
341.85,	5.1500
342.49,	5.1400
343.14,	5.1300
343.78,	5.1200
344.43,	5.1100
345.08,	5.1100
345.72,	5.1100
346.37,	5.1000
347.01,	5.0800
347.66,	5.0700
348.30,	5.0600
348.95,	5.0400
349.59,	5.0400
350.24,	5.0300
350.88,	5.0300
351.53,	5.0100
352.17,	4.9900
352.82,	4.9900
353.46,	4.9800
354.11,	4.9800
354.75,	4.9600
355.40,	4.9500
356.04,	4.9300
356.69,	4.9100
357.33,	4.9000
357.98,	4.9000
358.62,	4.9000
359.27,	4.8900
359.91,	4.8900
360.55,	4.8900
361.20,	4.8800
361.84,	4.8700
362.49,	4.8700
363.13,	4.8700
363.78,	4.8700
364.42,	4.8600
365.06,	4.8600
365.71,	4.8700
366.35,	4.8600
367.00,	4.8600
367.64,	4.8600
368.28,	4.8600
368.93,	4.8600
369.57,	4.8500
370.22,	4.8400
370.86,	4.8300
371.50,	4.8300
372.15,	4.8300
372.79,	4.8200
373.43,	4.8100
374.08,	4.8100
374.72,	4.8100
375.36,	4.8000
376.01,	4.8000
376.65,	4.7900
377.29,	4.7800
377.94,	4.7800
378.58,	4.7700
379.22,	4.7700
379.87,	4.7800
380.51,	4.7700
381.15,	4.7700
381.79,	4.7600
382.44,	4.7500
383.08,	4.7400
383.72,	4.7400
384.37,	4.7300
385.01,	4.7200
385.65,	4.7100
386.29,	4.7100
386.94,	4.7100
387.58,	4.7000
388.22,	4.7000
388.86,	4.6900
389.51,	4.6800
390.15,	4.6700
390.79,	4.6500
391.43,	4.6200
392.08,	4.6000
392.72,	4.5900
393.36,	4.5900
394.00,	4.5800
394.64,	4.5700
395.29,	4.5800
395.93,	4.5700
396.57,	4.5700
397.21,	4.5600
397.85,	4.5600
398.50,	4.5700
399.14,	4.5500
399.78,	4.5600
400.42,	4.5500
401.06,	4.5400
401.70,	4.5400
402.34,	4.5400
402.99,	4.5300
403.63,	4.5300
404.27,	4.5300
404.91,	4.5400
405.55,	4.5600
406.19,	4.5700
406.83,	4.5800
407.48,	4.5900
408.12,	4.5900
408.76,	4.5800
409.40,	4.5800
410.04,	4.5800
410.68,	4.5800
411.32,	4.5800
411.96,	4.5800
412.60,	4.6000
413.24,	4.6000
413.88,	4.6000
414.52,	4.5900
415.17,	4.5900
415.81,	4.5900
416.45,	4.6000
417.09,	4.5800
417.73,	4.5600
418.37,	4.5600
419.01,	4.5600
419.65,	4.5400
420.29,	4.5400
420.93,	4.5300
421.57,	4.5300
422.21,	4.5300
422.85,	4.5300
423.49,	4.5300
424.13,	4.5200
424.77,	4.5200
425.41,	4.5100
426.05,	4.5000
426.69,	4.4900
427.33,	4.4800
427.97,	4.4700
428.61,	4.4700
429.25,	4.4700
429.89,	4.4600
430.53,	4.4700
431.17,	4.4600
431.80,	4.4600
432.44,	4.4500
433.08,	4.4500
433.72,	4.4500
434.36,	4.4300
435.00,	4.4100
435.64,	4.3800
436.28,	4.3700
436.92,	4.3800
437.56,	4.3800
438.20,	4.3900
438.84,	4.3900
439.47,	4.4000
440.11,	4.4000
440.75,	4.4000
441.39,	4.4000
442.03,	4.3900
442.67,	4.3800
443.31,	4.3900
443.95,	4.3800
444.58,	4.3800
445.22,	4.3800
445.86,	4.3700
446.50,	4.3700
447.14,	4.3700
447.78,	4.3600
448.41,	4.3400
449.05,	4.3300
449.69,	4.3300
450.33,	4.3200
450.97,	4.3100
451.60,	4.3200
452.24,	4.3200
452.88,	4.3200
453.52,	4.3100
454.16,	4.3000
454.79,	4.3000
455.43,	4.3000
456.07,	4.3000
456.71,	4.2900
457.35,	4.2900
457.98,	4.2900
458.62,	4.2800
459.26,	4.2800
459.90,	4.2700
460.53,	4.2800
461.17,	4.2700
461.81,	4.2800
462.44,	4.2800
463.08,	4.2800
463.72,	4.2800
464.36,	4.2800
464.99,	4.2800
465.63,	4.2800
466.27,	4.2800
466.90,	4.2700
467.54,	4.2600
468.18,	4.2600
468.81,	4.2700
469.45,	4.2600
470.09,	4.2600
470.72,	4.2500
471.36,	4.2500
472.00,	4.2500
472.63,	4.2400
473.27,	4.2300
473.91,	4.2200
474.54,	4.2200
475.18,	4.2200
475.82,	4.2200
476.45,	4.2100
477.09,	4.2100
477.73,	4.2000
478.36,	4.2000
479.00,	4.2000
479.63,	4.2100
480.27,	4.2000
480.91,	4.2000
481.54,	4.2000
482.18,	4.1900
482.81,	4.1900
483.45,	4.1800
484.08,	4.1800
484.72,	4.1900
485.36,	4.1800
485.99,	4.1700
486.63,	4.1700
487.26,	4.1700
487.90,	4.1600
488.53,	4.1500
489.17,	4.1500
489.80,	4.1500
490.44,	4.1500
491.07,	4.1400
491.71,	4.1300
492.34,	4.1200
492.98,	4.1100
493.62,	4.1100
494.25,	4.1000
494.89,	4.0900
495.52,	4.0900
496.15,	4.0900
496.79,	4.0900
497.42,	4.1000
498.06,	4.1100
498.69,	4.1000
499.33,	4.1000
499.96,	4.1000
500.60,	4.0900
501.23,	4.0900
501.87,	4.0900
502.50,	4.1000
503.14,	4.1200
503.77,	4.1100
504.40,	4.1100
505.04,	4.1100
505.67,	4.1100
506.31,	4.1100
506.94,	4.1000
507.57,	4.1000
508.21,	4.1000
508.84,	4.1000
509.48,	4.1000
510.11,	4.0900
510.74,	4.0800
511.38,	4.0800
512.01,	4.0800
512.65,	4.0700
513.28,	4.0700
513.91,	4.0700
514.55,	4.0600
515.18,	4.0600
515.81,	4.0500
516.45,	4.0500
517.08,	4.0500
517.71,	4.0500
518.35,	4.0500
518.98,	4.0400
519.61,	4.0400
520.25,	4.0400
520.88,	4.0500
521.51,	4.0400
522.15,	4.0400
522.78,	4.0500
523.41,	4.0400
524.04,	4.0300
524.68,	4.0300
525.31,	4.0300
525.94,	4.0200
526.58,	4.0100
527.21,	4.0000
527.84,	4.0000
528.47,	4.0000
529.11,	4.0000
529.74,	4.0000
530.37,	4.0000
531.00,	3.9900
531.64,	3.9900
532.27,	3.9900
532.90,	4.0000
533.53,	3.9900
534.17,	3.9900
534.80,	3.9800
535.43,	3.9800
536.06,	3.9800
536.69,	3.9800
537.33,	3.9900
537.96,	3.9800
538.59,	3.9700
539.22,	3.9700
539.85,	3.9700
540.48,	3.9600
541.12,	3.9600
541.75,	3.9600
542.38,	3.9500
543.01,	3.9400
543.64,	3.9500
544.27,	3.9400
544.91,	3.9400
545.54,	3.9300
546.17,	3.9300
546.80,	3.9300
547.43,	3.9300
548.06,	3.9300
548.69,	3.9200
549.32,	3.9200
549.95,	3.9300
550.59,	3.9300
551.22,	3.9200
551.85,	3.9200
552.48,	3.9200
553.11,	3.9100
553.74,	3.9100
554.37,	3.9100
555.00,	3.9000
555.63,	3.9000
556.26,	3.9000
556.89,	3.9000
557.52,	3.8900
558.15,	3.8900
558.78,	3.8900
559.42,	3.8900
560.05,	3.8900
560.68,	3.8800
561.31,	3.8800
561.94,	3.8800
562.57,	3.8800
563.20,	3.8700
563.83,	3.8700
564.46,	3.8700
565.09,	3.8700
565.72,	3.8600
566.35,	3.8600
566.98,	3.8600
567.61,	3.8600
568.24,	3.8600
568.87,	3.8600
569.50,	3.8500
570.12,	3.8600
570.75,	3.8600
571.38,	3.8600
572.01,	3.8600
572.64,	3.8600
573.27,	3.8600
573.90,	3.8600
574.53,	3.8600
575.16,	3.8600
575.79,	3.8500
576.42,	3.8600
577.05,	3.8600
577.68,	3.8500
578.31,	3.8500
578.93,	3.8600
579.56,	3.8500
580.19,	3.8600
580.82,	3.8600
581.45,	3.8500
582.08,	3.8400
582.71,	3.8400
583.34,	3.8300
583.97,	3.8400
584.59,	3.8300
585.22,	3.8400
585.85,	3.8400
586.48,	3.8400
587.11,	3.8300
587.74,	3.8300
588.36,	3.8400
588.99,	3.8300
589.62,	3.8400
590.25,	3.8300
590.88,	3.8300
591.50,	3.8300
592.13,	3.8200
592.76,	3.8100
593.39,	3.8000
594.02,	3.8000
594.64,	3.7900
595.27,	3.7900
595.90,	3.7800
596.53,	3.7800
597.16,	3.7900
597.78,	3.7800
598.41,	3.7800
599.04,	3.7800
599.67,	3.7700
600.29,	3.7600
600.92,	3.7600
601.55,	3.7600
602.18,	3.7500
602.80,	3.7500
603.43,	3.7400
604.06,	3.7400
604.68,	3.7300
605.31,	3.7200
605.94,	3.7300
606.57,	3.7300
607.19,	3.7200
607.82,	3.7200
608.45,	3.7100
609.07,	3.7100
609.70,	3.7100
610.33,	3.7000
610.95,	3.7000
611.58,	3.6900
612.21,	3.7000
612.83,	3.7100
613.46,	3.7200
614.09,	3.7300
614.71,	3.7200
615.34,	3.7200
615.97,	3.7200
616.59,	3.7200
617.22,	3.7200
617.84,	3.7200
618.47,	3.7100
619.10,	3.7000
619.72,	3.7000
620.35,	3.7000
620.97,	3.7000
621.60,	3.6900
622.23,	3.6900
622.85,	3.6900
623.48,	3.6900
624.10,	3.6900
624.73,	3.6900
625.35,	3.6800
625.98,	3.6800
626.61,	3.6800
627.23,	3.6700
627.86,	3.6600
628.48,	3.6500
629.11,	3.6400
629.73,	3.6400
630.36,	3.6400
630.98,	3.6300
631.61,	3.6300
632.23,	3.6200
632.86,	3.6100
633.48,	3.6100
634.11,	3.6100
634.73,	3.6100
635.36,	3.6000
635.98,	3.6000
636.61,	3.6000
637.23,	3.6000
637.86,	3.5900
638.48,	3.5900
639.11,	3.5900
639.73,	3.5800
640.36,	3.5800
640.98,	3.5800
641.61,	3.5800
642.23,	3.5700
642.85,	3.5700
643.48,	3.5800
644.10,	3.5700
644.73,	3.5700
645.35,	3.5700
645.98,	3.5700
646.60,	3.5700
647.22,	3.5700
647.85,	3.5600
648.47,	3.5600
649.10,	3.5600
649.72,	3.5600
650.34,	3.5500
650.97,	3.5500
651.59,	3.5500
652.22,	3.5400
652.84,	3.5400
653.46,	3.5400
654.09,	3.5400
654.71,	3.5300
655.33,	3.5400
655.96,	3.5400
656.58,	3.5200
657.20,	3.5200
657.83,	3.5100
658.45,	3.5100
659.07,	3.5100
659.70,	3.5100
660.32,	3.5100
660.94,	3.5000
661.57,	3.4900
662.19,	3.4900
662.81,	3.4800
663.43,	3.4800
664.06,	3.4700
664.68,	3.4600
665.30,	3.4600
665.93,	3.4500
666.55,	3.4600
667.17,	3.4600
667.79,	3.4600
668.42,	3.4600
669.04,	3.4500
669.66,	3.4500
670.28,	3.4500
670.91,	3.4500
671.53,	3.4500
672.15,	3.4500
672.77,	3.4500
673.39,	3.4500
674.02,	3.4500
674.64,	3.4500
675.26,	3.4500
675.88,	3.4600
676.50,	3.4500
677.13,	3.4600
677.75,	3.4500
678.37,	3.4400
678.99,	3.4400
679.61,	3.4400
680.24,	3.4500
680.86,	3.4500
681.48,	3.4400
682.10,	3.4400
682.72,	3.4400
683.34,	3.4400
683.96,	3.4400
684.59,	3.4400
685.21,	3.4300
685.83,	3.4300
686.45,	3.4300
687.07,	3.4200
687.69,	3.4200
688.31,	3.4300
688.93,	3.4100
689.56,	3.4200
690.18,	3.4200
690.80,	3.4200
691.42,	3.4200
692.04,	3.4200
692.66,	3.4200
693.28,	3.4200
693.90,	3.4200
694.52,	3.4100
695.14,	3.4100
695.76,	3.4100
696.38,	3.4100
697.00,	3.4100
697.62,	3.4100
698.25,	3.4000
698.87,	3.4000
699.49,	3.3900
700.11,	3.3900
700.73,	3.3900
701.35,	3.3900
701.97,	3.3800
702.59,	3.3900
703.21,	3.3900
703.83,	3.3900
704.45,	3.3800
705.07,	3.3600
705.69,	3.3600
706.31,	3.3600
706.93,	3.3600
707.55,	3.3600
708.17,	3.3500
708.79,	3.3500
709.40,	3.3500
710.02,	3.3500
710.64,	3.3600
711.26,	3.3500
711.88,	3.3500
712.50,	3.3600
713.12,	3.3600
713.74,	3.3600
714.36,	3.3600
714.98,	3.3600
715.60,	3.3600
716.22,	3.3600
716.84,	3.3700
717.45,	3.3700
718.07,	3.3600
718.69,	3.3600
719.31,	3.3600
719.93,	3.3700
720.55,	3.3700
721.17,	3.3800
721.79,	3.3800
722.41,	3.3800
723.02,	3.3900
723.64,	3.3900
724.26,	3.3800
724.88,	3.3800
725.50,	3.3800
726.12,	3.3800
726.73,	3.3800
727.35,	3.3900
727.97,	3.3800
728.59,	3.3900
729.21,	3.3900
729.83,	3.3900
730.44,	3.3900
731.06,	3.3800
731.68,	3.3900
732.30,	3.3900
732.92,	3.3900
733.53,	3.3900
734.15,	3.3900
734.77,	3.3800
735.39,	3.3800
736.00,	3.3700
736.62,	3.3600
737.24,	3.3700
737.86,	3.3600
738.47,	3.3500
739.09,	3.3600
739.71,	3.3600
740.33,	3.3600
740.94,	3.3600
741.56,	3.3600
742.18,	3.3600
742.79,	3.3600
743.41,	3.3600
744.03,	3.3600
744.65,	3.3600
745.26,	3.3600
745.88,	3.3500
746.50,	3.3600
747.11,	3.3600
747.73,	3.3600
748.35,	3.3600
748.96,	3.3600
749.58,	3.3600
750.20,	3.3600
750.81,	3.3500
751.43,	3.3300
752.05,	3.3200
752.66,	3.3200
753.28,	3.3200
753.90,	3.3200
754.51,	3.3100
755.13,	3.3000
755.74,	3.3000
756.36,	3.3000
756.98,	3.3000
757.59,	3.2900
758.21,	3.2900
758.82,	3.2900
759.44,	3.2900
760.06,	3.2800
760.67,	3.2800
761.29,	3.2800
761.90,	3.2800
762.52,	3.2800
763.14,	3.2800
763.75,	3.2900
764.37,	3.2900
764.98,	3.2900
765.60,	3.2900
766.21,	3.2900
766.83,	3.2900
767.44,	3.2900
768.06,	3.2800
768.67,	3.2900
769.29,	3.3000
769.90,	3.2900
770.52,	3.2900
771.14,	3.2800
771.75,	3.2800
772.37,	3.2800
772.98,	3.2800
773.59,	3.2700
774.21,	3.2600
774.82,	3.2500
775.44,	3.2400
776.05,	3.2300
776.67,	3.2300
777.28,	3.2300
777.90,	3.2200
778.51,	3.2200
779.13,	3.2200
779.74,	3.2000
780.36,	3.2100
780.97,	3.2100
781.58,	3.2000
782.20,	3.1900
782.81,	3.1900
783.43,	3.1900
784.04,	3.1900
784.66,	3.1800
785.27,	3.1800
785.88,	3.1800
786.50,	3.1900
787.11,	3.1900
787.73,	3.1800
788.34,	3.1800
788.95,	3.1700
789.57,	3.1700
790.18,	3.1700
790.79,	3.1600
791.41,	3.1700
792.02,	3.1700
792.63,	3.1700
793.25,	3.1700
793.86,	3.1700
794.47,	3.1700
795.09,	3.1600
795.70,	3.1700
796.31,	3.1700
796.93,	3.1700
797.54,	3.1700
798.15,	3.1700
798.77,	3.1700
799.38,	3.1700
799.99,	3.1700
800.61,	3.1800
801.22,	3.1700
801.83,	3.1700
802.44,	3.1700
803.06,	3.1700
803.67,	3.1700
804.28,	3.1700
804.90,	3.1700
805.51,	3.1600
806.12,	3.1600
806.73,	3.1600
807.34,	3.1600
807.96,	3.1500
808.57,	3.1600
809.18,	3.1600
809.79,	3.1600
810.41,	3.1600
811.02,	3.1600
811.63,	3.1600
812.24,	3.1500
812.85,	3.1400
813.47,	3.1300
814.08,	3.1300
814.69,	3.1200
815.30,	3.1200
815.91,	3.1100
816.53,	3.1100
817.14,	3.1100
817.75,	3.1100
818.36,	3.1000
818.97,	3.1000
819.58,	3.1000
820.20,	3.1000
820.81,	3.0900
821.42,	3.0900
822.03,	3.0900
822.64,	3.0900
823.25,	3.0900
823.86,	3.0900
824.47,	3.0900
825.09,	3.0800
825.70,	3.0900
826.31,	3.0800
826.92,	3.0800
827.53,	3.0800
828.14,	3.0800
828.75,	3.0800
829.36,	3.0800
829.97,	3.0800
830.58,	3.0900
831.19,	3.0800
831.80,	3.0800
832.42,	3.0800
833.03,	3.0800
833.64,	3.0800
834.25,	3.0800
834.86,	3.0800
835.47,	3.0800
836.08,	3.0800
836.69,	3.0800
837.30,	3.0800
837.91,	3.0800
838.52,	3.0700
839.13,	3.0700
839.74,	3.0700
840.35,	3.0800
840.96,	3.0800
841.57,	3.0800
842.18,	3.0800
842.79,	3.0700
843.40,	3.0700
844.01,	3.0700
844.62,	3.0700
845.23,	3.0700
845.84,	3.0700
846.45,	3.0800
847.06,	3.0700
847.67,	3.0700
848.27,	3.0700
848.88,	3.0700
849.49,	3.0800
850.10,	3.0700
850.71,	3.0700
851.32,	3.0600
851.93,	3.0700
852.54,	3.0700
853.15,	3.0600
853.76,	3.0600
854.37,	3.0600
854.98,	3.0600
855.58,	3.0600
856.19,	3.0600
856.80,	3.0600
857.41,	3.0600
858.02,	3.0600
858.63,	3.0600
859.24,	3.0500
859.85,	3.0500
860.45,	3.0500
861.06,	3.0500
861.67,	3.0400
862.28,	3.0500
862.89,	3.0500
863.50,	3.0400
864.10,	3.0400
864.71,	3.0400
865.32,	3.0400
865.93,	3.0400
866.54,	3.0400
867.14,	3.0400
867.75,	3.0400
868.36,	3.0400
868.97,	3.0400
869.58,	3.0300
870.18,	3.0300
870.79,	3.0300
871.40,	3.0300
872.01,	3.0400
872.61,	3.0400
873.22,	3.0300
873.83,	3.0300
874.44,	3.0300
875.04,	3.0300
875.65,	3.0300
876.26,	3.0300
876.87,	3.0300
877.47,	3.0200
878.08,	3.0200
878.69,	3.0200
879.29,	3.0200
879.90,	3.0200
880.51,	3.0200
881.12,	3.0200
881.72,	3.0200
882.33,	3.0200
882.94,	3.0100
883.54,	3.0100
884.15,	3.0200
884.76,	3.0100
885.36,	3.0100
885.97,	3.0200
886.58,	3.0200
887.18,	3.0200
887.79,	3.0200
888.40,	3.0100
889.00,	3.0200
889.61,	3.0100
890.22,	3.0200
890.82,	3.0100
891.43,	3.0000
892.03,	3.0000
892.64,	3.0000
893.25,	2.9900
893.85,	2.9900
894.46,	2.9900
895.06,	2.9900
895.67,	2.9900
896.28,	2.9800
896.88,	2.9800
897.49,	2.9800
898.09,	2.9800
898.70,	2.9800
899.30,	2.9700
899.91,	2.9700
900.52,	2.9800
901.12,	2.9700
901.73,	2.9700
902.33,	2.9700
902.94,	2.9700
903.54,	2.9700
904.15,	2.9600
904.75,	2.9600
905.36,	2.9700
905.96,	2.9700
906.57,	2.9700
907.17,	2.9700
907.78,	2.9700
908.38,	2.9600
908.99,	2.9700
909.59,	2.9700
910.20,	2.9700
910.80,	2.9700
911.41,	2.9700
912.01,	2.9700
912.62,	2.9700
913.22,	2.9700
913.83,	2.9700
914.43,	2.9800
915.03,	2.9700
915.64,	2.9800
916.24,	2.9800
916.85,	2.9800
917.45,	2.9800
918.06,	2.9800
918.66,	2.9800
919.26,	2.9700
919.87,	2.9700
920.47,	2.9700
921.08,	2.9700
921.68,	2.9700
922.28,	2.9700
922.89,	2.9900
923.49,	3.0800
924.10,	3.6100
924.70,	6.9300
925.30,	32.6300
925.91,	35.5000
926.51,	35.5000
927.11,	35.5000
927.72,	35.5000
928.32,	35.5000
928.92,	35.5000
929.53,	35.5000
930.13,	35.5000
930.74,	35.5000
931.34,	35.5000
931.94,	35.5000
932.54,	35.5000
933.15,	35.5000
933.75,	35.5000
934.35,	35.5000
934.96,	35.5000
935.56,	35.5000
936.16,	35.5000
936.77,	35.5000
937.37,	35.5000
937.97,	35.5000
938.57,	35.5000
939.18,	35.5000
939.78,	35.5000
940.38,	35.5000
940.98,	35.5000
941.59,	35.5000
942.19,	35.5000
942.79,	35.5000
943.39,	35.5000
944.00,	35.5000
944.60,	35.5000
945.20,	35.5000
945.80,	35.5000
946.40,	35.5000
947.01,	35.5000
947.61,	35.5000
948.21,	35.5000
948.81,	35.5000
949.41,	35.5000
950.02,	35.5000
950.62,	35.5000
951.22,	35.5000
951.82,	35.5000
952.42,	35.5000
953.02,	35.5000
953.63,	35.5000
954.23,	35.5000
954.83,	35.5000
955.43,	35.5000
956.03,	35.5000
956.63,	35.5000
957.24,	35.5000
957.84,	35.5000
958.44,	35.5000
959.04,	35.5000
959.64,	35.5000
960.24,	35.5000
960.84,	35.5000
961.44,	35.5000
962.04,	35.5000
962.64,	35.5000
963.25,	35.5000
963.85,	35.5000
964.45,	35.5000
965.05,	35.5000
965.65,	35.5000
966.25,	35.5000
966.85,	35.5000
967.45,	35.5000
968.05,	35.5000
968.65,	35.5000
969.25,	35.5000
969.85,	35.5000
970.45,	35.5000
971.05,	35.5000
971.65,	35.5000
972.25,	35.5000
972.85,	35.5000
973.45,	35.5000
974.05,	35.5000
974.65,	35.5000
975.25,	35.5000
975.85,	35.5000
976.45,	35.5000
977.05,	35.5000
977.65,	35.5000
978.25,	20.6500
978.85,	-2.5200
979.45,	-2.5200
980.05,	-2.5200
980.65,	-2.5200
981.25,	-2.5200
981.85,	-2.5200
982.45,	-2.5200
983.05,	-2.5200
983.65,	-2.5200
984.25,	-2.5200
984.85,	-2.5200
985.45,	-2.5200
986.04,	-2.5200
986.64,	-2.5200
987.24,	-2.5200
987.84,	-2.5200
988.44,	-2.5200
989.04,	-2.5200
989.64,	-2.5200
990.24,	-2.5200
990.84,	-2.5200
991.44,	-2.5200
992.03,	-2.5200
992.63,	-2.5200
993.23,	-2.5200
993.83,	-2.5200
994.43,	-2.5200
995.03,	-2.5200
995.63,	-2.5200
996.22,	-2.5200
996.82,	-2.5200
997.42,	-2.5200
998.02,	-2.5200
998.62,	-2.5200
999.21,	-2.5200
999.81,	-2.5200
1000.41,	-2.5200
