Call Sign = ZSDA,	Ship Name = SA Agulhas,	Lloyds Num = 0
Date = 12/05/2016,	Time = 13:59,	
Latitude = 49 27.00  S,	Longitude = 002 08.73  E
Instr = Sippican Deep Blue,	Card Type = Sippican MK-21,	
Wind Instr = ,	Measur Method = 
Probe Serial Num = -1,	Ship Dir = -1,	Ship Speed = -1.00
Wind Dir = 13,	Wind Speed = 24.50
Dry Bulb Temp = 4.20,	Total Water Depth = -1.00

Full Resolution Values
Depth,	 Temp
0.67,	3.8100
1.34,	3.6400
2.01,	3.5900
2.68,	3.5500
3.34,	3.5200
4.01,	3.5000
4.68,	3.5100
5.35,	3.5100
6.02,	3.5300
6.69,	3.5400
7.36,	3.5500
8.03,	3.5500
8.69,	3.5500
9.36,	3.5400
10.03,	3.5400
10.70,	3.5400
11.37,	3.5200
12.04,	3.5000
12.70,	3.5000
13.37,	3.5000
14.04,	3.5000
14.71,	3.4900
15.38,	3.4900
16.05,	3.4900
16.71,	3.4900
17.38,	3.4900
18.05,	3.4800
18.72,	3.4500
19.38,	3.4200
20.05,	3.4100
20.72,	3.4000
21.39,	3.4000
22.06,	3.4000
22.72,	3.3700
23.39,	3.3400
24.06,	3.3300
24.73,	3.3200
25.39,	3.3000
26.06,	3.2900
26.73,	3.2800
27.40,	3.2600
28.06,	3.2500
28.73,	3.2500
29.40,	3.2300
30.06,	3.2200
30.73,	3.2100
31.40,	3.2000
32.06,	3.2000
32.73,	3.1900
33.40,	3.1900
34.07,	3.1800
34.73,	3.1600
35.40,	3.1600
36.07,	3.1600
36.73,	3.1600
37.40,	3.1500
38.07,	3.1500
38.73,	3.1400
39.40,	3.1300
40.06,	3.1300
40.73,	3.1200
41.40,	3.1200
42.06,	3.1100
42.73,	3.0900
43.40,	3.0800
44.06,	3.0500
44.73,	3.0200
45.39,	3.0000
46.06,	3.0000
46.73,	3.0000
47.39,	3.0100
48.06,	3.0100
48.72,	3.0000
49.39,	3.0000
50.06,	3.0000
50.72,	3.0000
51.39,	3.0000
52.05,	3.0000
52.72,	3.0000
53.38,	3.0000
54.05,	3.0000
54.71,	3.0000
55.38,	2.9900
56.05,	2.9900
56.71,	2.9900
57.38,	2.9900
58.04,	3.0000
58.71,	2.9900
59.37,	2.9900
60.04,	2.9900
60.70,	2.9800
61.37,	2.9800
62.03,	2.9800
62.70,	2.9800
63.36,	2.9800
64.03,	2.9800
64.69,	2.9900
65.36,	2.9900
66.02,	2.9900
66.69,	2.9900
67.35,	2.9900
68.01,	2.9900
68.68,	2.9900
69.34,	2.9900
70.01,	2.9900
70.67,	2.9900
71.34,	2.9900
72.00,	2.9900
72.66,	2.9800
73.33,	2.9800
73.99,	2.9700
74.66,	2.9700
75.32,	2.9600
75.98,	2.9500
76.65,	2.9400
77.31,	2.9300
77.98,	2.9200
78.64,	2.9100
79.30,	2.8900
79.97,	2.8800
80.63,	2.8800
81.30,	2.8700
81.96,	2.8600
82.62,	2.8600
83.29,	2.8500
83.95,	2.8300
84.61,	2.8100
85.28,	2.7800
85.94,	2.7600
86.60,	2.7400
87.27,	2.7000
87.93,	2.6800
88.59,	2.6700
89.26,	2.6600
89.92,	2.6500
90.58,	2.6500
91.24,	2.6500
91.91,	2.6500
92.57,	2.6500
93.23,	2.6500
93.90,	2.6500
94.56,	2.6500
95.22,	2.6200
95.88,	2.6000
96.55,	2.5700
97.21,	2.5600
97.87,	2.5500
98.53,	2.5400
99.20,	2.5100
99.86,	2.4900
100.52,	2.4800
101.18,	2.4700
101.85,	2.4600
102.51,	2.4300
103.17,	2.4200
103.83,	2.4300
104.49,	2.4300
105.16,	2.4100
105.82,	2.3900
106.48,	2.3800
107.14,	2.3700
107.80,	2.3700
108.47,	2.3700
109.13,	2.3700
109.79,	2.3800
110.45,	2.3800
111.11,	2.3900
111.77,	2.3900
112.44,	2.3900
113.10,	2.4000
113.76,	2.4000
114.42,	2.4000
115.08,	2.4000
115.74,	2.3900
116.40,	2.4000
117.06,	2.3900
117.73,	2.3900
118.39,	2.3900
119.05,	2.3900
119.71,	2.3900
120.37,	2.3800
121.03,	2.3700
121.69,	2.3600
122.35,	2.3400
123.01,	2.3400
123.67,	2.3400
124.33,	2.3400
125.00,	2.3400
125.66,	2.3300
126.32,	2.3300
126.98,	2.3200
127.64,	2.3000
128.30,	2.3000
128.96,	2.2900
129.62,	2.2800
130.28,	2.2800
130.94,	2.2800
131.60,	2.2800
132.26,	2.2700
132.92,	2.2700
133.58,	2.2700
134.24,	2.2800
134.90,	2.3000
135.56,	2.3100
136.22,	2.3200
136.88,	2.3200
137.54,	2.3100
138.20,	2.3100
138.86,	2.3200
139.52,	2.3200
140.18,	2.3100
140.84,	2.3200
141.50,	2.3200
142.16,	2.3200
142.82,	2.3200
143.48,	2.3200
144.14,	2.3200
144.79,	2.3200
145.45,	2.3200
146.11,	2.3300
146.77,	2.3300
147.43,	2.3100
148.09,	2.3100
148.75,	2.3000
149.41,	2.3000
150.07,	2.3000
150.73,	2.3000
151.39,	2.3000
152.04,	2.3000
152.70,	2.3000
153.36,	2.2900
154.02,	2.2900
154.68,	2.3000
155.34,	2.2900
156.00,	2.2900
156.65,	2.2900
157.31,	2.2900
157.97,	2.2900
158.63,	2.2900
159.29,	2.2900
159.95,	2.2900
160.60,	2.2900
161.26,	2.2900
161.92,	2.2800
162.58,	2.2800
163.24,	2.2700
163.90,	2.2700
164.55,	2.2700
165.21,	2.2700
165.87,	2.2700
166.53,	2.2600
167.18,	2.2600
167.84,	2.2600
168.50,	2.2600
169.16,	2.2600
169.82,	2.2600
170.47,	2.2600
171.13,	2.2700
171.79,	2.2700
172.44,	2.2700
173.10,	2.2700
173.76,	2.2700
174.42,	2.2600
175.07,	2.2500
175.73,	2.2500
176.39,	2.2500
177.05,	2.2500
177.70,	2.2400
178.36,	2.2400
179.02,	2.2400
179.67,	2.2400
180.33,	2.2400
180.99,	2.2400
181.64,	2.2400
182.30,	2.2400
182.96,	2.2500
183.61,	2.2400
184.27,	2.2400
184.93,	2.2300
185.58,	2.2300
186.24,	2.2300
186.90,	2.2300
187.55,	2.2300
188.21,	2.2300
188.87,	2.2300
189.52,	2.2400
190.18,	2.2500
190.83,	2.2500
191.49,	2.2500
192.15,	2.2500
192.80,	2.2400
193.46,	2.2500
194.11,	2.2500
194.77,	2.2600
195.43,	2.2800
196.08,	2.2900
196.74,	2.3100
197.39,	2.3300
198.05,	2.3500
198.70,	2.3500
199.36,	2.3600
200.02,	2.3600
200.67,	2.3600
201.33,	2.3600
201.98,	2.3600
202.64,	2.3400
203.29,	2.3400
203.95,	2.3300
204.60,	2.3300
205.26,	2.3200
205.91,	2.3200
206.57,	2.3200
207.22,	2.3300
207.88,	2.3200
208.53,	2.3200
209.19,	2.3200
209.84,	2.3100
210.50,	2.3100
211.15,	2.3200
211.81,	2.3200
212.46,	2.3100
213.12,	2.3000
213.77,	2.2700
214.43,	2.2300
215.08,	2.2000
215.74,	2.1800
216.39,	2.1700
217.04,	2.1500
217.70,	2.1300
218.35,	2.1300
219.01,	2.1600
219.66,	2.1800
220.32,	2.2000
220.97,	2.2300
221.62,	2.2500
222.28,	2.2800
222.93,	2.3000
223.59,	2.2900
224.24,	2.2800
224.89,	2.2800
225.55,	2.2700
226.20,	2.2700
226.85,	2.2600
227.51,	2.2500
228.16,	2.2500
228.81,	2.2500
229.47,	2.2300
230.12,	2.2200
230.78,	2.2100
231.43,	2.2100
232.08,	2.2100
232.74,	2.2100
233.39,	2.2100
234.04,	2.2000
234.69,	2.1600
235.35,	2.1400
236.00,	2.1300
236.65,	2.1300
237.31,	2.1300
237.96,	2.1300
238.61,	2.1300
239.27,	2.1300
239.92,	2.1300
240.57,	2.1200
241.22,	2.1200
241.88,	2.1200
242.53,	2.1200
243.18,	2.1100
243.83,	2.1200
244.49,	2.1200
245.14,	2.1200
245.79,	2.1100
246.44,	2.1100
247.10,	2.1100
247.75,	2.1100
248.40,	2.1100
249.05,	2.1200
249.70,	2.1200
250.36,	2.1100
251.01,	2.1200
251.66,	2.1200
252.31,	2.1200
252.96,	2.1100
253.62,	2.1100
254.27,	2.1100
254.92,	2.1100
255.57,	2.1100
256.22,	2.1100
256.88,	2.1100
257.53,	2.1100
258.18,	2.1100
258.83,	2.1200
259.48,	2.1200
260.13,	2.1200
260.78,	2.1300
261.44,	2.1500
262.09,	2.1800
262.74,	2.1900
263.39,	2.1900
264.04,	2.1900
264.69,	2.2000
265.34,	2.2000
265.99,	2.2200
266.64,	2.2300
267.29,	2.2400
267.95,	2.2500
268.60,	2.2400
269.25,	2.2500
269.90,	2.2500
270.55,	2.2500
271.20,	2.2500
271.85,	2.2500
272.50,	2.2500
273.15,	2.2500
273.80,	2.2600
274.45,	2.2600
275.10,	2.2700
275.75,	2.2700
276.40,	2.2800
277.05,	2.2800
277.70,	2.2800
278.35,	2.2800
279.00,	2.2800
279.65,	2.2800
280.30,	2.2800
280.95,	2.2800
281.60,	2.2900
282.25,	2.2900
282.90,	2.2900
283.55,	2.2900
284.20,	2.2900
284.85,	2.2900
285.50,	2.2900
286.15,	2.2900
286.80,	2.2900
287.45,	2.3000
288.10,	2.3000
288.75,	2.3000
289.40,	2.3000
290.05,	2.2900
290.70,	2.2900
291.35,	2.2900
292.00,	2.2900
292.64,	2.2900
293.29,	2.2900
293.94,	2.2900
294.59,	2.3000
295.24,	2.3100
295.89,	2.3000
296.54,	2.3100
297.19,	2.3100
297.84,	2.3100
298.49,	2.3100
299.13,	2.3000
299.78,	2.3000
300.43,	2.3100
301.08,	2.3100
301.73,	2.3100
302.38,	2.3200
303.02,	2.3100
303.67,	2.3100
304.32,	2.3200
304.97,	2.3200
305.62,	2.3200
306.27,	2.3200
306.91,	2.3200
307.56,	2.3300
308.21,	2.3300
308.86,	2.3400
309.51,	2.3400
310.15,	2.3400
310.80,	2.3400
311.45,	2.3400
312.10,	2.3400
312.75,	2.3500
313.39,	2.3500
314.04,	2.3500
314.69,	2.3400
315.34,	2.3500
315.98,	2.3500
316.63,	2.3500
317.28,	2.3500
317.93,	2.3500
318.57,	2.3500
319.22,	2.3500
319.87,	2.3500
320.52,	2.3600
321.16,	2.3600
321.81,	2.3600
322.46,	2.3500
323.10,	2.3500
323.75,	2.3500
324.40,	2.3600
325.04,	2.3500
325.69,	2.3500
326.34,	2.3600
326.99,	2.3600
327.63,	2.3600
328.28,	2.3700
328.93,	2.3700
329.57,	2.3700
330.22,	2.3700
330.86,	2.3700
331.51,	2.3700
332.16,	2.3700
332.80,	2.3800
333.45,	2.3800
334.10,	2.3800
334.74,	2.3800
335.39,	2.3800
336.03,	2.3900
336.68,	2.3900
337.33,	2.4000
337.97,	2.3900
338.62,	2.4000
339.26,	2.4000
339.91,	2.3900
340.56,	2.4000
341.20,	2.4000
341.85,	2.4000
342.49,	2.4000
343.14,	2.4100
343.78,	2.4100
344.43,	2.4100
345.08,	2.4100
345.72,	2.4100
346.37,	2.4100
347.01,	2.4100
347.66,	2.4100
348.30,	2.4100
348.95,	2.4100
349.59,	2.4100
350.24,	2.4100
350.88,	2.4200
351.53,	2.4100
352.17,	2.4100
352.82,	2.4100
353.46,	2.4100
354.11,	2.4100
354.75,	2.4100
355.40,	2.4100
356.04,	2.4100
356.69,	2.4100
357.33,	2.4100
357.98,	2.4100
358.62,	2.4100
359.27,	2.4100
359.91,	2.4100
360.55,	2.4100
361.20,	2.4100
361.84,	2.4000
362.49,	2.4100
363.13,	2.4100
363.78,	2.4100
364.42,	2.4100
365.06,	2.4100
365.71,	2.4100
366.35,	2.4000
367.00,	2.4000
367.64,	2.4100
368.28,	2.4000
368.93,	2.4000
369.57,	2.4000
370.22,	2.4000
370.86,	2.4000
371.50,	2.4000
372.15,	2.4000
372.79,	2.4000
373.43,	2.4000
374.08,	2.4000
374.72,	2.4000
375.36,	2.4000
376.01,	2.4000
376.65,	2.4000
377.29,	2.4000
377.94,	2.4000
378.58,	2.4000
379.22,	2.4000
379.87,	2.4100
380.51,	2.4100
381.15,	2.4100
381.79,	2.4100
382.44,	2.4100
383.08,	2.4100
383.72,	2.4100
384.37,	2.4100
385.01,	2.4000
385.65,	2.4000
386.29,	2.3900
386.94,	2.4000
387.58,	2.3900
388.22,	2.3900
388.86,	2.3900
389.51,	2.3900
390.15,	2.3900
390.79,	2.3900
391.43,	2.3900
392.08,	2.3900
392.72,	2.3900
393.36,	2.3900
394.00,	2.3900
394.64,	2.3900
395.29,	2.3900
395.93,	2.3900
396.57,	2.3900
397.21,	2.4000
397.85,	2.4000
398.50,	2.4000
399.14,	2.4000
399.78,	2.4000
400.42,	2.4000
401.06,	2.4000
401.70,	2.4000
402.34,	2.4000
402.99,	2.4000
403.63,	2.4000
404.27,	2.4000
404.91,	2.4100
405.55,	2.4200
406.19,	2.4200
406.83,	2.4200
407.48,	2.4200
408.12,	2.4200
408.76,	2.4200
409.40,	2.4200
410.04,	2.4300
410.68,	2.4300
411.32,	2.4300
411.96,	2.4300
412.60,	2.4400
413.24,	2.4300
413.88,	2.4300
414.52,	2.4400
415.17,	2.4400
415.81,	2.4400
416.45,	2.4400
417.09,	2.4400
417.73,	2.4400
418.37,	2.4500
419.01,	2.4600
419.65,	2.4600
420.29,	2.4600
420.93,	2.4700
421.57,	2.4600
422.21,	2.4600
422.85,	2.4700
423.49,	2.4700
424.13,	2.4700
424.77,	2.4700
425.41,	2.4600
426.05,	2.4700
426.69,	2.4700
427.33,	2.4700
427.97,	2.4700
428.61,	2.4700
429.25,	2.4800
429.89,	2.4800
430.53,	2.4800
431.17,	2.4800
431.80,	2.4800
432.44,	2.4800
433.08,	2.4800
433.72,	2.4800
434.36,	2.4800
435.00,	2.4800
435.64,	2.4800
436.28,	2.4800
436.92,	2.4800
437.56,	2.4800
438.20,	2.4900
438.84,	2.4800
439.47,	2.4800
440.11,	2.4800
440.75,	2.4800
441.39,	2.4800
442.03,	2.4800
442.67,	2.4800
443.31,	2.4800
443.95,	2.4800
444.58,	2.4800
445.22,	2.4800
445.86,	2.4800
446.50,	2.4800
447.14,	2.4800
447.78,	2.4800
448.41,	2.4900
449.05,	2.4900
449.69,	2.4800
450.33,	2.4800
450.97,	2.4900
451.60,	2.4900
452.24,	2.4900
452.88,	2.4900
453.52,	2.4900
454.16,	2.4900
454.79,	2.4900
455.43,	2.4900
456.07,	2.4900
456.71,	2.4900
457.35,	2.5000
457.98,	2.5000
458.62,	2.5000
459.26,	2.5000
459.90,	2.4900
460.53,	2.5000
461.17,	2.5000
461.81,	2.5000
462.44,	2.5100
463.08,	2.5100
463.72,	2.5200
464.36,	2.5200
464.99,	2.5200
465.63,	2.5300
466.27,	2.5300
466.90,	2.5300
467.54,	2.5300
468.18,	2.5300
468.81,	2.5300
469.45,	2.5300
470.09,	2.5300
470.72,	2.5300
471.36,	2.5300
472.00,	2.5300
472.63,	2.5300
473.27,	2.5300
473.91,	2.5300
474.54,	2.5400
475.18,	2.5400
475.82,	2.5300
476.45,	2.5300
477.09,	2.5400
477.73,	2.5400
478.36,	2.5300
479.00,	2.5300
479.63,	2.5400
480.27,	2.5400
480.91,	2.5400
481.54,	2.5400
482.18,	2.5400
482.81,	2.5400
483.45,	2.5300
484.08,	2.5300
484.72,	2.5400
485.36,	2.5400
485.99,	2.5400
486.63,	2.5400
487.26,	2.5400
487.90,	2.5400
488.53,	2.5400
489.17,	2.5400
489.80,	2.5400
490.44,	2.5400
491.07,	2.5400
491.71,	2.5400
492.34,	2.5400
492.98,	2.5400
493.62,	2.5400
494.25,	2.5400
494.89,	2.5500
495.52,	2.5400
496.15,	2.5400
496.79,	2.5400
497.42,	2.5400
498.06,	2.5400
498.69,	2.5400
499.33,	2.5400
499.96,	2.5400
500.60,	2.5500
501.23,	2.5400
501.87,	2.5400
502.50,	2.5400
503.14,	2.5400
503.77,	2.5400
504.40,	2.5400
505.04,	2.5400
505.67,	2.5400
506.31,	2.5400
506.94,	2.5500
507.57,	2.5400
508.21,	2.5500
508.84,	2.5500
509.48,	2.5500
510.11,	2.5400
510.74,	2.5400
511.38,	2.5400
512.01,	2.5400
512.65,	2.5400
513.28,	2.5500
513.91,	2.5500
514.55,	2.5500
515.18,	2.5500
515.81,	2.5400
516.45,	2.5400
517.08,	2.5500
517.71,	2.5400
518.35,	2.5500
518.98,	2.5500
519.61,	2.5500
520.25,	2.5500
520.88,	2.5500
521.51,	2.5500
522.15,	2.5500
522.78,	2.5500
523.41,	2.5500
524.04,	2.5500
524.68,	2.5500
525.31,	2.5500
525.94,	2.5500
526.58,	2.5600
527.21,	2.5600
527.84,	2.5600
528.47,	2.5600
529.11,	2.5600
529.74,	2.5600
530.37,	2.5700
531.00,	2.5600
531.64,	2.5600
532.27,	2.5600
532.90,	2.5600
533.53,	2.5700
534.17,	2.5700
534.80,	2.5600
535.43,	2.5700
536.06,	2.5700
536.69,	2.5700
537.33,	2.5600
537.96,	2.5600
538.59,	2.5700
539.22,	2.5700
539.85,	2.5700
540.48,	2.5700
541.12,	2.5700
541.75,	2.5700
542.38,	2.5600
543.01,	2.5700
543.64,	2.5700
544.27,	2.5700
544.91,	2.5700
545.54,	2.5800
546.17,	2.5800
546.80,	2.5800
547.43,	2.5900
548.06,	2.5800
548.69,	2.5800
549.32,	2.5900
549.95,	2.5900
550.59,	2.5900
551.22,	2.5900
551.85,	2.5900
552.48,	2.5900
553.11,	2.5900
553.74,	2.5900
554.37,	2.5900
555.00,	2.5900
555.63,	2.5900
556.26,	2.5900
556.89,	2.6000
557.52,	2.6000
558.15,	2.6100
558.78,	2.6000
559.42,	2.6000
560.05,	2.6000
560.68,	2.6000
561.31,	2.6000
561.94,	2.6000
562.57,	2.6000
563.20,	2.6000
563.83,	2.6000
564.46,	2.6000
565.09,	2.6000
565.72,	2.6000
566.35,	2.5900
566.98,	2.6000
567.61,	2.6000
568.24,	2.6000
568.87,	2.6000
569.50,	2.6000
570.12,	2.6100
570.75,	2.6000
571.38,	2.6000
572.01,	2.6000
572.64,	2.6000
573.27,	2.6000
573.90,	2.6000
574.53,	2.6100
575.16,	2.6000
575.79,	2.6000
576.42,	2.6100
577.05,	2.6100
577.68,	2.6000
578.31,	2.6000
578.93,	2.6000
579.56,	2.6000
580.19,	2.6000
580.82,	2.6000
581.45,	2.6000
582.08,	2.6000
582.71,	2.6100
583.34,	2.6100
583.97,	2.6000
584.59,	2.6000
585.22,	2.6000
585.85,	2.5900
586.48,	2.5900
587.11,	2.5900
587.74,	2.5900
588.36,	2.5900
588.99,	2.5800
589.62,	2.5800
590.25,	2.5800
590.88,	2.5800
591.50,	2.5800
592.13,	2.5800
592.76,	2.5800
593.39,	2.5700
594.02,	2.5800
594.64,	2.5800
595.27,	2.5800
595.90,	2.5800
596.53,	2.5800
597.16,	2.5800
597.78,	2.5800
598.41,	2.5800
599.04,	2.5800
599.67,	2.5700
600.29,	2.5800
600.92,	2.5800
601.55,	2.5800
602.18,	2.5700
602.80,	2.5700
603.43,	2.5800
604.06,	2.5800
604.68,	2.5800
605.31,	2.5700
605.94,	2.5700
606.57,	2.5700
607.19,	2.5700
607.82,	2.5700
608.45,	2.5700
609.07,	2.5700
609.70,	2.5700
610.33,	2.5600
610.95,	2.5600
611.58,	2.5600
612.21,	2.5600
612.83,	2.5600
613.46,	2.5600
614.09,	2.5600
614.71,	2.5600
615.34,	2.5600
615.97,	2.5600
616.59,	2.5600
617.22,	2.5600
617.84,	2.5600
618.47,	2.5600
619.10,	2.5500
619.72,	2.5500
620.35,	2.5500
620.97,	2.5500
621.60,	2.5600
622.23,	2.5500
622.85,	2.5600
623.48,	2.5500
624.10,	2.5600
624.73,	2.5600
625.35,	2.5600
625.98,	2.5500
626.61,	2.5600
627.23,	2.5600
627.86,	2.5600
628.48,	2.5500
629.11,	2.5600
629.73,	2.5600
630.36,	2.5600
630.98,	2.5600
631.61,	2.5600
632.23,	2.5500
632.86,	2.5600
633.48,	2.5600
634.11,	2.5600
634.73,	2.5600
635.36,	2.5600
635.98,	2.5600
636.61,	2.5600
637.23,	2.5600
637.86,	2.5700
638.48,	2.5600
639.11,	2.5600
639.73,	2.5600
640.36,	2.5600
640.98,	2.5600
641.61,	2.5700
642.23,	2.5600
642.85,	2.5600
643.48,	2.5600
644.10,	2.5600
644.73,	2.5600
645.35,	2.5600
645.98,	2.5600
646.60,	2.5600
647.22,	2.5600
647.85,	2.5600
648.47,	2.5600
649.10,	2.5600
649.72,	2.5600
650.34,	2.5600
650.97,	2.5600
651.59,	2.5500
652.22,	2.5600
652.84,	2.5600
653.46,	2.5500
654.09,	2.5500
654.71,	2.5500
655.33,	2.5500
655.96,	2.5500
656.58,	2.5600
657.20,	2.5500
657.83,	2.5500
658.45,	2.5400
659.07,	2.5400
659.70,	2.5400
660.32,	2.5400
660.94,	2.5400
661.57,	2.5400
662.19,	2.5500
662.81,	2.5500
663.43,	2.5500
664.06,	2.5500
664.68,	2.5500
665.30,	2.5500
665.93,	2.5500
666.55,	2.5400
667.17,	2.5400
667.79,	2.5300
668.42,	2.5400
669.04,	2.5400
669.66,	2.5400
670.28,	2.5400
670.91,	2.5300
671.53,	2.5300
672.15,	2.5400
672.77,	2.5400
673.39,	2.5300
674.02,	2.5300
674.64,	2.5400
675.26,	2.5300
675.88,	2.5300
676.50,	2.5300
677.13,	2.5300
677.75,	2.5300
678.37,	2.5300
678.99,	2.5300
679.61,	2.5300
680.24,	2.5300
680.86,	2.5300
681.48,	2.5300
682.10,	2.5300
682.72,	2.5300
683.34,	2.5300
683.96,	2.5300
684.59,	2.5300
685.21,	2.5300
685.83,	2.5300
686.45,	2.5300
687.07,	2.5300
687.69,	2.5300
688.31,	2.5300
688.93,	2.5300
689.56,	2.5300
690.18,	2.5300
690.80,	2.5300
691.42,	2.5300
692.04,	2.5300
692.66,	2.5300
693.28,	2.5300
693.90,	2.5300
694.52,	2.5300
695.14,	2.5300
695.76,	2.5300
696.38,	2.5300
697.00,	2.5400
697.62,	2.5400
698.25,	2.5400
698.87,	2.5400
699.49,	2.5300
700.11,	2.5300
700.73,	2.5300
701.35,	2.5300
701.97,	2.5300
702.59,	2.5300
703.21,	2.5300
703.83,	2.5300
704.45,	2.5300
705.07,	2.5200
705.69,	2.5200
706.31,	2.5300
706.93,	2.5200
707.55,	2.5300
708.17,	2.5300
708.79,	2.5300
709.40,	2.5300
710.02,	2.5300
710.64,	2.5300
711.26,	2.5200
711.88,	2.5200
712.50,	2.5200
713.12,	2.5200
713.74,	2.5200
714.36,	2.5200
714.98,	2.5200
715.60,	2.5200
716.22,	2.5200
716.84,	2.5200
717.45,	2.5200
718.07,	2.5200
718.69,	2.5200
719.31,	2.5200
719.93,	2.5200
720.55,	2.5200
721.17,	2.5200
721.79,	2.5200
722.41,	2.5100
723.02,	2.5100
723.64,	2.5200
724.26,	2.5100
724.88,	2.5100
725.50,	2.5100
726.12,	2.5200
726.73,	2.5200
727.35,	2.5100
727.97,	2.5200
728.59,	2.5200
729.21,	2.5100
729.83,	2.5100
730.44,	2.5100
731.06,	2.5100
731.68,	2.5100
732.30,	2.5100
732.92,	2.5100
733.53,	2.5100
734.15,	2.5000
734.77,	2.5000
735.39,	2.5000
736.00,	2.5100
736.62,	2.5000
737.24,	2.5000
737.86,	2.5000
738.47,	2.5000
739.09,	2.5100
739.71,	2.5000
740.33,	2.5000
740.94,	2.5000
741.56,	2.5000
742.18,	2.5000
742.79,	2.5000
743.41,	2.5000
744.03,	2.5000
744.65,	2.5000
745.26,	2.5000
745.88,	2.5000
746.50,	2.5000
747.11,	2.5000
747.73,	2.5100
748.35,	2.5000
748.96,	2.5000
749.58,	2.5000
750.20,	2.5000
750.81,	2.5000
751.43,	2.5000
752.05,	2.4900
752.66,	2.4900
753.28,	2.4900
753.90,	2.4900
754.51,	2.4900
755.13,	2.4900
755.74,	2.4900
756.36,	2.4900
756.98,	2.5000
757.59,	2.4900
758.21,	2.4900
758.82,	2.4900
759.44,	2.4900
760.06,	2.4900
760.67,	2.5000
761.29,	2.5000
761.90,	2.5100
762.52,	2.5100
763.14,	2.5100
763.75,	2.5200
764.37,	2.5200
764.98,	2.5200
765.60,	2.5200
766.21,	2.5200
766.83,	2.5200
767.44,	2.5200
768.06,	2.5200
768.67,	2.5200
769.29,	2.5200
769.90,	2.5200
770.52,	2.5200
771.14,	2.5200
771.75,	2.5200
772.37,	2.5200
772.98,	2.5200
773.59,	2.5200
774.21,	2.5200
774.82,	2.5300
775.44,	2.5200
776.05,	2.5200
776.67,	2.5200
777.28,	2.5200
777.90,	2.5200
778.51,	2.5200
779.13,	2.5200
779.74,	2.5200
780.36,	2.5200
780.97,	2.5300
781.58,	2.5300
782.20,	2.5200
782.81,	2.5300
783.43,	2.5300
784.04,	2.5200
784.66,	2.5300
785.27,	2.5300
785.88,	2.5200
786.50,	2.5200
787.11,	2.5300
787.73,	2.5300
788.34,	2.5300
788.95,	2.5300
789.57,	2.5300
790.18,	2.5300
790.79,	2.5300
791.41,	2.5300
792.02,	2.5300
792.63,	2.5400
793.25,	2.5400
793.86,	2.5400
794.47,	2.5400
795.09,	2.5400
795.70,	2.5400
796.31,	2.5400
796.93,	2.5400
797.54,	2.5400
798.15,	2.5300
798.77,	2.5300
799.38,	2.5300
799.99,	2.5300
800.61,	2.5300
801.22,	2.5400
801.83,	2.5400
802.44,	2.5300
803.06,	2.5300
803.67,	2.5300
804.28,	2.5400
804.90,	2.5300
805.51,	2.5300
806.12,	2.5300
806.73,	2.5300
807.34,	2.5400
807.96,	2.5300
808.57,	2.5300
809.18,	2.5200
809.79,	2.5200
810.41,	2.5300
811.02,	2.5300
811.63,	2.5300
812.24,	2.5300
812.85,	2.5300
813.47,	2.5300
814.08,	2.5300
814.69,	2.5300
815.30,	2.5300
815.91,	2.5200
816.53,	2.5300
817.14,	2.5300
817.75,	2.5300
818.36,	2.5300
818.97,	2.5300
819.58,	2.5200
820.20,	2.5200
820.81,	2.5200
821.42,	2.5200
822.03,	2.5200
822.64,	2.5100
823.25,	2.5100
823.86,	2.5100
824.47,	2.5100
825.09,	2.5100
825.70,	2.5100
826.31,	2.5000
826.92,	2.5000
827.53,	2.5100
828.14,	2.5100
828.75,	2.5000
829.36,	2.5100
829.97,	2.5100
830.58,	2.5100
831.19,	2.5100
831.80,	2.5100
832.42,	2.5100
833.03,	2.5200
833.64,	2.5200
834.25,	2.5200
834.86,	2.5200
835.47,	2.5200
836.08,	2.5200
836.69,	2.5200
837.30,	2.5200
837.91,	2.5200
838.52,	2.5200
839.13,	2.5200
839.74,	2.5200
840.35,	2.5200
840.96,	2.5200
841.57,	2.5200
842.18,	2.5200
842.79,	2.5200
843.40,	2.5300
844.01,	2.5300
844.62,	2.5300
845.23,	2.5300
845.84,	2.5300
846.45,	2.5300
847.06,	2.5300
847.67,	2.5200
848.27,	2.5200
848.88,	2.5200
849.49,	2.5300
850.10,	2.5200
850.71,	2.5200
851.32,	2.5300
851.93,	2.5300
852.54,	2.5300
853.15,	2.5200
853.76,	2.5200
854.37,	2.5200
854.98,	2.5200
855.58,	2.5100
856.19,	2.5200
856.80,	2.5200
857.41,	2.5100
858.02,	2.5200
858.63,	2.5200
859.24,	2.5100
859.85,	2.5200
860.45,	2.5200
861.06,	2.5200
861.67,	2.5200
862.28,	2.5200
862.89,	2.5200
863.50,	2.5200
864.10,	2.5200
864.71,	2.5200
865.32,	2.5300
865.93,	2.5300
866.54,	2.5300
867.14,	2.5300
867.75,	2.5300
868.36,	2.5200
868.97,	2.5300
869.58,	2.5300
870.18,	2.5300
870.79,	2.5300
871.40,	2.5200
872.01,	2.5200
872.61,	2.5300
873.22,	2.5300
873.83,	2.5300
874.44,	2.5300
875.04,	2.5300
875.65,	2.5300
876.26,	2.5300
876.87,	2.5300
877.47,	2.5300
878.08,	2.5300
878.69,	2.5300
879.29,	2.5300
879.90,	2.5300
880.51,	2.5300
881.12,	2.5200
881.72,	2.5200
882.33,	2.5200
882.94,	2.5200
883.54,	2.5200
884.15,	2.5200
884.76,	2.5200
885.36,	2.5100
885.97,	2.5100
886.58,	2.5100
887.18,	2.5100
887.79,	2.5200
888.40,	2.5100
889.00,	2.5100
889.61,	2.5200
890.22,	2.5300
890.82,	2.5200
891.43,	2.5200
892.03,	2.5200
892.64,	2.5200
893.25,	2.5200
893.85,	2.5100
894.46,	2.5100
895.06,	2.5900
895.67,	5.7000
896.28,	15.1000
896.88,	21.2500
897.49,	25.0000
898.09,	27.7400
898.70,	29.8500
899.30,	31.5300
899.91,	32.8600
900.52,	35.5000
901.12,	35.5000
901.73,	35.5000
902.33,	35.5000
902.94,	35.5000
903.54,	35.5000
904.15,	35.5000
904.75,	35.5000
905.36,	35.5000
905.96,	35.5000
906.57,	35.5000
907.17,	35.5000
907.78,	35.5000
908.38,	35.5000
908.99,	35.5000
909.59,	35.5000
910.20,	35.5000
910.80,	35.5000
911.41,	35.5000
912.01,	35.5000
912.62,	35.5000
913.22,	35.5000
913.83,	35.5000
914.43,	35.5000
915.03,	35.5000
915.64,	35.5000
916.24,	35.5000
916.85,	35.5000
917.45,	35.5000
918.06,	35.5000
918.66,	35.5000
919.26,	35.5000
919.87,	35.5000
920.47,	35.5000
921.08,	35.5000
921.68,	35.5000
922.28,	35.5000
922.89,	35.5000
923.49,	35.5000
924.10,	35.5000
924.70,	35.5000
925.30,	35.5000
925.91,	35.5000
926.51,	35.5000
927.11,	35.5000
927.72,	35.5000
928.32,	35.5000
928.92,	35.5000
929.53,	35.5000
930.13,	35.5000
930.74,	35.5000
931.34,	35.5000
931.94,	35.5000
932.54,	35.5000
933.15,	35.5000
933.75,	35.5000
934.35,	35.5000
934.96,	35.5000
935.56,	35.5000
936.16,	35.5000
936.77,	35.5000
937.37,	35.5000
937.97,	35.5000
938.57,	35.5000
939.18,	35.5000
939.78,	35.5000
940.38,	35.5000
940.98,	35.5000
941.59,	35.5000
942.19,	35.5000
942.79,	35.5000
943.39,	35.5000
944.00,	35.5000
944.60,	35.5000
945.20,	35.5000
945.80,	35.5000
946.40,	35.5000
947.01,	35.5000
947.61,	35.5000
948.21,	35.5000
948.81,	35.5000
949.41,	35.5000
950.02,	35.5000
950.62,	35.5000
951.22,	35.5000
951.82,	35.5000
952.42,	35.5000
953.02,	35.5000
953.63,	35.5000
954.23,	35.5000
954.83,	35.5000
955.43,	35.5000
956.03,	35.5000
956.63,	35.5000
957.24,	35.5000
957.84,	35.5000
958.44,	35.5000
959.04,	35.5000
959.64,	35.5000
960.24,	35.5000
960.84,	35.5000
961.44,	35.5000
962.04,	35.5000
962.64,	35.5000
963.25,	35.5000
963.85,	35.5000
964.45,	35.5000
965.05,	35.5000
965.65,	35.5000
966.25,	35.5000
966.85,	35.5000
967.45,	35.5000
968.05,	35.5000
968.65,	35.5000
969.25,	35.5000
969.85,	35.5000
970.45,	35.5000
971.05,	35.5000
971.65,	35.5000
972.25,	35.5000
972.85,	35.5000
973.45,	35.5000
974.05,	35.5000
974.65,	35.5000
975.25,	35.5000
975.85,	35.5000
976.45,	35.5000
977.05,	35.5000
977.65,	35.5000
978.25,	35.5000
978.85,	35.5000
979.45,	35.5000
980.05,	35.5000
980.65,	35.5000
981.25,	1.5600
981.85,	-2.5200
982.45,	-2.5200
983.05,	-2.5200
983.65,	-2.5200
984.25,	-2.5200
984.85,	-2.5200
985.45,	-2.5200
986.04,	-2.5200
986.64,	-2.5200
987.24,	-2.5200
987.84,	-2.5200
988.44,	-2.5200
989.04,	21.9500
989.64,	6.4700
990.24,	-2.5200
990.84,	17.8500
991.44,	32.5300
992.03,	35.5000
992.63,	35.5000
993.23,	35.5000
993.83,	35.5000
994.43,	35.5000
995.03,	35.5000
995.63,	35.5000
996.22,	35.5000
996.82,	35.5000
997.42,	35.5000
998.02,	-2.5200
998.62,	-2.5200
999.21,	-2.5200
999.81,	-2.5200
1000.41,	-2.5200
