Call Sign = ZSDA,	Ship Name = SA Agulhas,	Lloyds Num = 0
Date = 12/05/2016,	Time = 22:01,	
Latitude = 50 59.89  S,	Longitude = 002 28.09  E
Instr = Sippican Deep Blue,	Card Type = Sippican MK-21,	
Wind Instr = ,	Measur Method = 
Probe Serial Num = -1,	Ship Dir = -1,	Ship Speed = -1.00
Wind Dir = 353,	Wind Speed = 28.40
Dry Bulb Temp = 1.70,	Total Water Depth = -1.00

Full Resolution Values
Depth,	 Temp
0.67,	2.3900
1.34,	2.0300
2.01,	2.0300
2.68,	2.0300
3.34,	2.0300
4.01,	2.0300
4.68,	2.0300
5.35,	2.0300
6.02,	2.0500
6.69,	2.0500
7.36,	2.0400
8.03,	2.0400
8.69,	2.0400
9.36,	2.0300
10.03,	2.0300
10.70,	2.0400
11.37,	2.0300
12.04,	2.0400
12.70,	2.0400
13.37,	2.0300
14.04,	2.0300
14.71,	2.0200
15.38,	2.0200
16.05,	2.0200
16.71,	2.0200
17.38,	2.0100
18.05,	2.0100
18.72,	2.0100
19.38,	2.0000
20.05,	2.0100
20.72,	2.0100
21.39,	2.0000
22.06,	2.0100
22.72,	2.0100
23.39,	2.0100
24.06,	2.0100
24.73,	2.0100
25.39,	2.0100
26.06,	2.0000
26.73,	2.0000
27.40,	2.0000
28.06,	2.0000
28.73,	2.0000
29.40,	2.0000
30.06,	2.0000
30.73,	2.0000
31.40,	2.0100
32.06,	2.0100
32.73,	2.0000
33.40,	2.0000
34.07,	2.0000
34.73,	1.9500
35.40,	1.9100
36.07,	1.8600
36.73,	1.8300
37.40,	1.8200
38.07,	1.8300
38.73,	1.8100
39.40,	1.8000
40.06,	1.8100
40.73,	1.8200
41.40,	1.8100
42.06,	1.8000
42.73,	1.7900
43.40,	1.7900
44.06,	1.7700
44.73,	1.7700
45.39,	1.7700
46.06,	1.7700
46.73,	1.7700
47.39,	1.7700
48.06,	1.7700
48.72,	1.7700
49.39,	1.7700
50.06,	1.7700
50.72,	1.7700
51.39,	1.7700
52.05,	1.7600
52.72,	1.7600
53.38,	1.7600
54.05,	1.7600
54.71,	1.7600
55.38,	1.7600
56.05,	1.7700
56.71,	1.7600
57.38,	1.7500
58.04,	1.7500
58.71,	1.7500
59.37,	1.7500
60.04,	1.7400
60.70,	1.7500
61.37,	1.7500
62.03,	1.7400
62.70,	1.7500
63.36,	1.7500
64.03,	1.7500
64.69,	1.7500
65.36,	1.7500
66.02,	1.7500
66.69,	1.7500
67.35,	1.7500
68.01,	1.7400
68.68,	1.7400
69.34,	1.7400
70.01,	1.7400
70.67,	1.7400
71.34,	1.7500
72.00,	1.7400
72.66,	1.7400
73.33,	1.7400
73.99,	1.7400
74.66,	1.7400
75.32,	1.7300
75.98,	1.7300
76.65,	1.7200
77.31,	1.7200
77.98,	1.7300
78.64,	1.7300
79.30,	1.7300
79.97,	1.7300
80.63,	1.7200
81.30,	1.7000
81.96,	1.6800
82.62,	1.6600
83.29,	1.6400
83.95,	1.6200
84.61,	1.6100
85.28,	1.5900
85.94,	1.5800
86.60,	1.5700
87.27,	1.5800
87.93,	1.5800
88.59,	1.5600
89.26,	1.5500
89.92,	1.5600
90.58,	1.5600
91.24,	1.5500
91.91,	1.5400
92.57,	1.5200
93.23,	1.4900
93.90,	1.4700
94.56,	1.4500
95.22,	1.4400
95.88,	1.4400
96.55,	1.4300
97.21,	1.4300
97.87,	1.4300
98.53,	1.4200
99.20,	1.4200
99.86,	1.4100
100.52,	1.4000
101.18,	1.3800
101.85,	1.3700
102.51,	1.3600
103.17,	1.3500
103.83,	1.3400
104.49,	1.3200
105.16,	1.3000
105.82,	1.2800
106.48,	1.2500
107.14,	1.2400
107.80,	1.2200
108.47,	1.2100
109.13,	1.2000
109.79,	1.1900
110.45,	1.1700
111.11,	1.1500
111.77,	1.1300
112.44,	1.1200
113.10,	1.1100
113.76,	1.0900
114.42,	1.0600
115.08,	1.0400
115.74,	1.0200
116.40,	1.0200
117.06,	1.0100
117.73,	1.0100
118.39,	1.0100
119.05,	1.0000
119.71,	1.0000
120.37,	0.9900
121.03,	0.9700
121.69,	0.9700
122.35,	0.9600
123.01,	0.9600
123.67,	0.9500
124.33,	0.9400
125.00,	0.9300
125.66,	0.9200
126.32,	0.9000
126.98,	0.9000
127.64,	0.9000
128.30,	0.8800
128.96,	0.8800
129.62,	0.8900
130.28,	0.8900
130.94,	0.8700
131.60,	0.8600
132.26,	0.8600
132.92,	0.8400
133.58,	0.8300
134.24,	0.8200
134.90,	0.8300
135.56,	0.8300
136.22,	0.8200
136.88,	0.8200
137.54,	0.8100
138.20,	0.7900
138.86,	0.7800
139.52,	0.7900
140.18,	0.8000
140.84,	0.7900
141.50,	0.7900
142.16,	0.7700
142.82,	0.7700
143.48,	0.7700
144.14,	0.7800
144.79,	0.7700
145.45,	0.7600
146.11,	0.7500
146.77,	0.7500
147.43,	0.7500
148.09,	0.7500
148.75,	0.7600
149.41,	0.7600
150.07,	0.7700
150.73,	0.7800
151.39,	0.7800
152.04,	0.7800
152.70,	0.7800
153.36,	0.7900
154.02,	0.7900
154.68,	0.8000
155.34,	0.8100
156.00,	0.8000
156.65,	0.7900
157.31,	0.7900
157.97,	0.7900
158.63,	0.7800
159.29,	0.7700
159.95,	0.7600
160.60,	0.7700
161.26,	0.7800
161.92,	0.7900
162.58,	0.8000
163.24,	0.8500
163.90,	0.8800
164.55,	0.9000
165.21,	0.9100
165.87,	0.9200
166.53,	0.9200
167.18,	0.9200
167.84,	0.9300
168.50,	0.9300
169.16,	0.9400
169.82,	0.9400
170.47,	0.9400
171.13,	0.9400
171.79,	0.9600
172.44,	0.9600
173.10,	0.9700
173.76,	0.9800
174.42,	0.9800
175.07,	0.9900
175.73,	0.9900
176.39,	1.0000
177.05,	1.0200
177.70,	1.0300
178.36,	1.0500
179.02,	1.0500
179.67,	1.0700
180.33,	1.0800
180.99,	1.0900
181.64,	1.1000
182.30,	1.1100
182.96,	1.1200
183.61,	1.1200
184.27,	1.1200
184.93,	1.1300
185.58,	1.1300
186.24,	1.1300
186.90,	1.1400
187.55,	1.1500
188.21,	1.1400
188.87,	1.1500
189.52,	1.1400
190.18,	1.1500
190.83,	1.1500
191.49,	1.1600
192.15,	1.1600
192.80,	1.1600
193.46,	1.1800
194.11,	1.1900
194.77,	1.2100
195.43,	1.2300
196.08,	1.2500
196.74,	1.2700
197.39,	1.2800
198.05,	1.3000
198.70,	1.2900
199.36,	1.2800
200.02,	1.2500
200.67,	1.2400
201.33,	1.2300
201.98,	1.2200
202.64,	1.2300
203.29,	1.2200
203.95,	1.2100
204.60,	1.2200
205.26,	1.2300
205.91,	1.2500
206.57,	1.2700
207.22,	1.2600
207.88,	1.2600
208.53,	1.2700
209.19,	1.2800
209.84,	1.2800
210.50,	1.2900
211.15,	1.3000
211.81,	1.3000
212.46,	1.3100
213.12,	1.3300
213.77,	1.3600
214.43,	1.4000
215.08,	1.4300
215.74,	1.4500
216.39,	1.4700
217.04,	1.4800
217.70,	1.4800
218.35,	1.5000
219.01,	1.5400
219.66,	1.5600
220.32,	1.5800
220.97,	1.5800
221.62,	1.5800
222.28,	1.5900
222.93,	1.6000
223.59,	1.6100
224.24,	1.6200
224.89,	1.6200
225.55,	1.6200
226.20,	1.6300
226.85,	1.6300
227.51,	1.6300
228.16,	1.6300
228.81,	1.6400
229.47,	1.6600
230.12,	1.6600
230.78,	1.6600
231.43,	1.6500
232.08,	1.6500
232.74,	1.6500
233.39,	1.6500
234.04,	1.6600
234.69,	1.6600
235.35,	1.6600
236.00,	1.6600
236.65,	1.6600
237.31,	1.6700
237.96,	1.6700
238.61,	1.6800
239.27,	1.7000
239.92,	1.7000
240.57,	1.7000
241.22,	1.7100
241.88,	1.7300
242.53,	1.7400
243.18,	1.7600
243.83,	1.7800
244.49,	1.7900
245.14,	1.8100
245.79,	1.8200
246.44,	1.8500
247.10,	1.8600
247.75,	1.8600
248.40,	1.8700
249.05,	1.8800
249.70,	1.8800
250.36,	1.8900
251.01,	1.8900
251.66,	1.8900
252.31,	1.8900
252.96,	1.9000
253.62,	1.9000
254.27,	1.9000
254.92,	1.9000
255.57,	1.9000
256.22,	1.9000
256.88,	1.9200
257.53,	1.9300
258.18,	1.9300
258.83,	1.9400
259.48,	1.9500
260.13,	1.9600
260.78,	1.9700
261.44,	1.9800
262.09,	1.9900
262.74,	1.9900
263.39,	1.9900
264.04,	1.9900
264.69,	2.0000
265.34,	2.0100
265.99,	2.0200
266.64,	2.0400
267.29,	2.0500
267.95,	2.0600
268.60,	2.0600
269.25,	2.0600
269.90,	2.0600
270.55,	2.0600
271.20,	2.0700
271.85,	2.0700
272.50,	2.0800
273.15,	2.0900
273.80,	2.1000
274.45,	2.0900
275.10,	2.0900
275.75,	2.1100
276.40,	2.1100
277.05,	2.1100
277.70,	2.1100
278.35,	2.1100
279.00,	2.1200
279.65,	2.1200
280.30,	2.1200
280.95,	2.1200
281.60,	2.1200
282.25,	2.1200
282.90,	2.1300
283.55,	2.1300
284.20,	2.1300
284.85,	2.1300
285.50,	2.1300
286.15,	2.1400
286.80,	2.1400
287.45,	2.1400
288.10,	2.1400
288.75,	2.1400
289.40,	2.1300
290.05,	2.1300
290.70,	2.1400
291.35,	2.1400
292.00,	2.1400
292.64,	2.1400
293.29,	2.1400
293.94,	2.1400
294.59,	2.1400
295.24,	2.1400
295.89,	2.1400
296.54,	2.1500
297.19,	2.1500
297.84,	2.1600
298.49,	2.1700
299.13,	2.1700
299.78,	2.1600
300.43,	2.1600
301.08,	2.1500
301.73,	2.1600
302.38,	2.1800
303.02,	2.1900
303.67,	2.1900
304.32,	2.2000
304.97,	2.2100
305.62,	2.2200
306.27,	2.2200
306.91,	2.2100
307.56,	2.2200
308.21,	2.2300
308.86,	2.2300
309.51,	2.2300
310.15,	2.2200
310.80,	2.2300
311.45,	2.2400
312.10,	2.2200
312.75,	2.2400
313.39,	2.2400
314.04,	2.2300
314.69,	2.2300
315.34,	2.2300
315.98,	2.2300
316.63,	2.2400
317.28,	2.2300
317.93,	2.2300
318.57,	2.2400
319.22,	2.2400
319.87,	2.2500
320.52,	2.2500
321.16,	2.2500
321.81,	2.2600
322.46,	2.2700
323.10,	2.2600
323.75,	2.2600
324.40,	2.2500
325.04,	2.2600
325.69,	2.2600
326.34,	2.2600
326.99,	2.2600
327.63,	2.2700
328.28,	2.2700
328.93,	2.2700
329.57,	2.2700
330.22,	2.2900
330.86,	2.3100
331.51,	2.3200
332.16,	2.3200
332.80,	2.3200
333.45,	2.3100
334.10,	2.3200
334.74,	2.3200
335.39,	2.3100
336.03,	2.3100
336.68,	2.3100
337.33,	2.3100
337.97,	2.3100
338.62,	2.3100
339.26,	2.3100
339.91,	2.3400
340.56,	2.3500
341.20,	2.3600
341.85,	2.3600
342.49,	2.3600
343.14,	2.3700
343.78,	2.3600
344.43,	2.3700
345.08,	2.3800
345.72,	2.3900
346.37,	2.4000
347.01,	2.4000
347.66,	2.4000
348.30,	2.3900
348.95,	2.3900
349.59,	2.3900
350.24,	2.3900
350.88,	2.4000
351.53,	2.3900
352.17,	2.3800
352.82,	2.3900
353.46,	2.3900
354.11,	2.3900
354.75,	2.3900
355.40,	2.3900
356.04,	2.3900
356.69,	2.3900
357.33,	2.3900
357.98,	2.4100
358.62,	2.4100
359.27,	2.4000
359.91,	2.4000
360.55,	2.4100
361.20,	2.4000
361.84,	2.4000
362.49,	2.4000
363.13,	2.4000
363.78,	2.4000
364.42,	2.3900
365.06,	2.4000
365.71,	2.4000
366.35,	2.3700
367.00,	2.3600
367.64,	2.3600
368.28,	2.3500
368.93,	2.3400
369.57,	2.3400
370.22,	2.3500
370.86,	2.3600
371.50,	2.3500
372.15,	2.3600
372.79,	2.3600
373.43,	2.3600
374.08,	2.3500
374.72,	2.3500
375.36,	2.3500
376.01,	2.3400
376.65,	2.3500
377.29,	2.3500
377.94,	2.3500
378.58,	2.3500
379.22,	2.3400
379.87,	2.3400
380.51,	2.3500
381.15,	2.3500
381.79,	2.3500
382.44,	2.3500
383.08,	2.3500
383.72,	2.3500
384.37,	2.3500
385.01,	2.3500
385.65,	2.3500
386.29,	2.3500
386.94,	2.3500
387.58,	2.3500
388.22,	2.3500
388.86,	2.3600
389.51,	2.3600
390.15,	2.3500
390.79,	2.3500
391.43,	2.3500
392.08,	2.3600
392.72,	2.3600
393.36,	2.3600
394.00,	2.3600
394.64,	2.3500
395.29,	2.3500
395.93,	2.3500
396.57,	2.3500
397.21,	2.3500
397.85,	2.3500
398.50,	2.3600
399.14,	2.3600
399.78,	2.3500
400.42,	2.3500
401.06,	2.3500
401.70,	2.3500
402.34,	2.3600
402.99,	2.3500
403.63,	2.3500
404.27,	2.3600
404.91,	2.3600
405.55,	2.3600
406.19,	2.3600
406.83,	2.3600
407.48,	2.3600
408.12,	2.3700
408.76,	2.3700
409.40,	2.3600
410.04,	2.3600
410.68,	2.3600
411.32,	2.3600
411.96,	2.3600
412.60,	2.3800
413.24,	2.3700
413.88,	2.3700
414.52,	2.3600
415.17,	2.3500
415.81,	2.3600
416.45,	2.3600
417.09,	2.3600
417.73,	2.3500
418.37,	2.3500
419.01,	2.3500
419.65,	2.3500
420.29,	2.3400
420.93,	2.3400
421.57,	2.3400
422.21,	2.3300
422.85,	2.3400
423.49,	2.3300
424.13,	2.3300
424.77,	2.3200
425.41,	2.3300
426.05,	2.3300
426.69,	2.3200
427.33,	2.3300
427.97,	2.3300
428.61,	2.3300
429.25,	2.3400
429.89,	2.3400
430.53,	2.3400
431.17,	2.3400
431.80,	2.3300
432.44,	2.3400
433.08,	2.3400
433.72,	2.3400
434.36,	2.3500
435.00,	2.3400
435.64,	2.3400
436.28,	2.3400
436.92,	2.3500
437.56,	2.3400
438.20,	2.3500
438.84,	2.3500
439.47,	2.3500
440.11,	2.3600
440.75,	2.3600
441.39,	2.3600
442.03,	2.3500
442.67,	2.3600
443.31,	2.3600
443.95,	2.3600
444.58,	2.3700
445.22,	2.3700
445.86,	2.3600
446.50,	2.3600
447.14,	2.3600
447.78,	2.3600
448.41,	2.3600
449.05,	2.3500
449.69,	2.3400
450.33,	2.3500
450.97,	2.3400
451.60,	2.3400
452.24,	2.3400
452.88,	2.3500
453.52,	2.3500
454.16,	2.3500
454.79,	2.3500
455.43,	2.3400
456.07,	2.3400
456.71,	2.3400
457.35,	2.3500
457.98,	2.3400
458.62,	2.3500
459.26,	2.3500
459.90,	2.3500
460.53,	2.3500
461.17,	2.3500
461.81,	2.3600
462.44,	2.3700
463.08,	2.3600
463.72,	2.3600
464.36,	2.3600
464.99,	2.3600
465.63,	2.3700
466.27,	2.3700
466.90,	2.3600
467.54,	2.3600
468.18,	2.3600
468.81,	2.3500
469.45,	2.3500
470.09,	2.3500
470.72,	2.3500
471.36,	2.3500
472.00,	2.3600
472.63,	2.3600
473.27,	2.3600
473.91,	2.3600
474.54,	2.3600
475.18,	2.3600
475.82,	2.3600
476.45,	2.3500
477.09,	2.3500
477.73,	2.3600
478.36,	2.3600
479.00,	2.3700
479.63,	2.3600
480.27,	2.3700
480.91,	2.3700
481.54,	2.3700
482.18,	2.3700
482.81,	2.3600
483.45,	2.3700
484.08,	2.3800
484.72,	2.3800
485.36,	2.3900
485.99,	2.3900
486.63,	2.3800
487.26,	2.3800
487.90,	2.3800
488.53,	2.3700
489.17,	2.3600
489.80,	2.3600
490.44,	2.3600
491.07,	2.3600
491.71,	2.3700
492.34,	2.3700
492.98,	2.3700
493.62,	2.3900
494.25,	2.4000
494.89,	2.4000
495.52,	2.4000
496.15,	2.3900
496.79,	2.4000
497.42,	2.4100
498.06,	2.4100
498.69,	2.4100
499.33,	2.4000
499.96,	2.4100
500.60,	2.4100
501.23,	2.4200
501.87,	2.4200
502.50,	2.4100
503.14,	2.4100
503.77,	2.4000
504.40,	2.4000
505.04,	2.4000
505.67,	2.3900
506.31,	2.3800
506.94,	2.3900
507.57,	2.4100
508.21,	2.4000
508.84,	2.3900
509.48,	2.3900
510.11,	2.3900
510.74,	2.3800
511.38,	2.3800
512.01,	2.3900
512.65,	2.3800
513.28,	2.3700
513.91,	2.3600
514.55,	2.3700
515.18,	2.3800
515.81,	2.3800
516.45,	2.3800
517.08,	2.3800
517.71,	2.3800
518.35,	2.3800
518.98,	2.3800
519.61,	2.3800
520.25,	2.3800
520.88,	2.3800
521.51,	2.3800
522.15,	2.3800
522.78,	2.3900
523.41,	2.3900
524.04,	2.3900
524.68,	2.3900
525.31,	2.3800
525.94,	2.3800
526.58,	2.3900
527.21,	2.3800
527.84,	2.3800
528.47,	2.3900
529.11,	2.3900
529.74,	2.3900
530.37,	2.3900
531.00,	2.3900
531.64,	2.3900
532.27,	2.3900
532.90,	2.4000
533.53,	2.4000
534.17,	2.4000
534.80,	2.3900
535.43,	2.3800
536.06,	2.3900
536.69,	2.3900
537.33,	2.4000
537.96,	2.4000
538.59,	2.3900
539.22,	2.3800
539.85,	2.3800
540.48,	2.3900
541.12,	2.3800
541.75,	2.3700
542.38,	2.3700
543.01,	2.3700
543.64,	2.3700
544.27,	2.3900
544.91,	2.3900
545.54,	2.3900
546.17,	2.3800
546.80,	2.3800
547.43,	2.3600
548.06,	2.3700
548.69,	2.3800
549.32,	2.3600
549.95,	2.3600
550.59,	2.3700
551.22,	2.3700
551.85,	2.3700
552.48,	2.3800
553.11,	2.3700
553.74,	2.3700
554.37,	2.3800
555.00,	2.3700
555.63,	2.3700
556.26,	2.3600
556.89,	2.3600
557.52,	2.3500
558.15,	2.3500
558.78,	2.3500
559.42,	2.3500
560.05,	2.3500
560.68,	2.3500
561.31,	2.3600
561.94,	2.3500
562.57,	2.3500
563.20,	2.3600
563.83,	2.3600
564.46,	2.3700
565.09,	2.3600
565.72,	2.3700
566.35,	2.3600
566.98,	2.3500
567.61,	2.3500
568.24,	2.3500
568.87,	2.3500
569.50,	2.3400
570.12,	2.3300
570.75,	2.3300
571.38,	2.3300
572.01,	2.3400
572.64,	2.3400
573.27,	2.3300
573.90,	2.3300
574.53,	2.3400
575.16,	2.3400
575.79,	2.3300
576.42,	2.3400
577.05,	2.3400
577.68,	2.3400
578.31,	2.3300
578.93,	2.3300
579.56,	2.3300
580.19,	2.3300
580.82,	2.3300
581.45,	2.3300
582.08,	2.3400
582.71,	2.3400
583.34,	2.3400
583.97,	2.3400
584.59,	2.3400
585.22,	2.3400
585.85,	2.3400
586.48,	2.3400
587.11,	2.3400
587.74,	2.3400
588.36,	2.3400
588.99,	2.3300
589.62,	2.3400
590.25,	2.3400
590.88,	2.3300
591.50,	2.3400
592.13,	2.3400
592.76,	2.3400
593.39,	2.3400
594.02,	2.3400
594.64,	2.3400
595.27,	2.3400
595.90,	2.3400
596.53,	2.3400
597.16,	2.3500
597.78,	2.3500
598.41,	2.3400
599.04,	2.3500
599.67,	2.3600
600.29,	2.3500
600.92,	2.3400
601.55,	2.3400
602.18,	2.3400
602.80,	2.3500
603.43,	2.3500
604.06,	2.3500
604.68,	2.3400
605.31,	2.3400
605.94,	2.3400
606.57,	2.3400
607.19,	2.3400
607.82,	2.3400
608.45,	2.3500
609.07,	2.3600
609.70,	2.3500
610.33,	2.3400
610.95,	2.3300
611.58,	2.3400
612.21,	2.3400
612.83,	2.3400
613.46,	2.3400
614.09,	2.3400
614.71,	2.3300
615.34,	2.3200
615.97,	2.3300
616.59,	2.3400
617.22,	2.3400
617.84,	2.3400
618.47,	2.3400
619.10,	2.3400
619.72,	2.3400
620.35,	2.3500
620.97,	2.3400
621.60,	2.3400
622.23,	2.3500
622.85,	2.3500
623.48,	2.3400
624.10,	2.3400
624.73,	2.3400
625.35,	2.3400
625.98,	2.3400
626.61,	2.3500
627.23,	2.3500
627.86,	2.3500
628.48,	2.3600
629.11,	2.3500
629.73,	2.3500
630.36,	2.3500
630.98,	2.3500
631.61,	2.3500
632.23,	2.3500
632.86,	2.3500
633.48,	2.3500
634.11,	2.3500
634.73,	2.3600
635.36,	2.3500
635.98,	2.3600
636.61,	2.3600
637.23,	2.3600
637.86,	2.3500
638.48,	2.3400
639.11,	2.3400
639.73,	2.3300
640.36,	2.3400
640.98,	2.3400
641.61,	2.3300
642.23,	2.3400
642.85,	2.3500
643.48,	2.3400
644.10,	2.3400
644.73,	2.3400
645.35,	2.3400
645.98,	2.3300
646.60,	2.3300
647.22,	2.3300
647.85,	2.3400
648.47,	2.3400
649.10,	2.3400
649.72,	2.3400
650.34,	2.3500
650.97,	2.3500
651.59,	2.3400
652.22,	2.3400
652.84,	2.3400
653.46,	2.3400
654.09,	2.3400
654.71,	2.3300
655.33,	2.3400
655.96,	2.3300
656.58,	2.3300
657.20,	2.3300
657.83,	2.3300
658.45,	2.3300
659.07,	2.3300
659.70,	2.3300
660.32,	2.3400
660.94,	2.3300
661.57,	2.3400
662.19,	2.3400
662.81,	2.3400
663.43,	2.3300
664.06,	2.3400
664.68,	2.3400
665.30,	2.3400
665.93,	2.3300
666.55,	2.3300
667.17,	2.3400
667.79,	2.3400
668.42,	2.3400
669.04,	2.3300
669.66,	2.3400
670.28,	2.3400
670.91,	2.3400
671.53,	2.3400
672.15,	2.3400
672.77,	2.3400
673.39,	2.3400
674.02,	2.3400
674.64,	2.3400
675.26,	2.3400
675.88,	2.3400
676.50,	2.3300
677.13,	2.3300
677.75,	2.3400
678.37,	2.3400
678.99,	2.3400
679.61,	2.3400
680.24,	2.3400
680.86,	2.3400
681.48,	2.3400
682.10,	2.3400
682.72,	2.3400
683.34,	2.3400
683.96,	2.3300
684.59,	2.3300
685.21,	2.3400
685.83,	2.3500
686.45,	2.3500
687.07,	2.3400
687.69,	2.3400
688.31,	2.3300
688.93,	2.3300
689.56,	2.3400
690.18,	2.3400
690.80,	2.3400
691.42,	2.3300
692.04,	2.3300
692.66,	2.3300
693.28,	2.3400
693.90,	2.3300
694.52,	2.3200
695.14,	2.3200
695.76,	2.3200
696.38,	2.3200
697.00,	2.3200
697.62,	2.3200
698.25,	2.3400
698.87,	2.3300
699.49,	2.3300
700.11,	2.3200
700.73,	2.3300
701.35,	2.3300
701.97,	2.3300
702.59,	2.3300
703.21,	2.3300
703.83,	2.3300
704.45,	2.3400
705.07,	2.3300
705.69,	2.3200
706.31,	2.3200
706.93,	2.3300
707.55,	2.3200
708.17,	2.3300
708.79,	2.3300
709.40,	2.3300
710.02,	2.3300
710.64,	2.3300
711.26,	2.3200
711.88,	2.3200
712.50,	2.3200
713.12,	2.3200
713.74,	2.3200
714.36,	2.3200
714.98,	2.3200
715.60,	2.3200
716.22,	2.3300
716.84,	2.3300
717.45,	2.3200
718.07,	2.3200
718.69,	2.3300
719.31,	2.3300
719.93,	2.3200
720.55,	2.3200
721.17,	2.3300
721.79,	2.3200
722.41,	2.3300
723.02,	2.3300
723.64,	2.3300
724.26,	2.3300
724.88,	2.3300
725.50,	2.3300
726.12,	2.3300
726.73,	2.3400
727.35,	2.3300
727.97,	2.3300
728.59,	2.3300
729.21,	2.3300
729.83,	2.3200
730.44,	2.3300
731.06,	2.3200
731.68,	2.3200
732.30,	2.3100
732.92,	2.3100
733.53,	2.3100
734.15,	2.3200
734.77,	2.3300
735.39,	2.3200
736.00,	2.3100
736.62,	2.3100
737.24,	2.3200
737.86,	2.3200
738.47,	2.3300
739.09,	2.3300
739.71,	2.3200
740.33,	2.3100
740.94,	2.3100
741.56,	2.3200
742.18,	2.3100
742.79,	2.3200
743.41,	2.3200
744.03,	2.3200
744.65,	2.3200
745.26,	2.3200
745.88,	2.3300
746.50,	2.3400
747.11,	2.3200
747.73,	2.3200
748.35,	2.3200
748.96,	2.3200
749.58,	2.3200
750.20,	2.3300
750.81,	2.3300
751.43,	2.3200
752.05,	2.3200
752.66,	2.3200
753.28,	2.3200
753.90,	2.3200
754.51,	2.3100
755.13,	2.3200
755.74,	2.3200
756.36,	2.3300
756.98,	2.3300
757.59,	2.3300
758.21,	2.3300
758.82,	2.3300
759.44,	2.3300
760.06,	2.3300
760.67,	2.3300
761.29,	2.3200
761.90,	2.3300
762.52,	2.3400
763.14,	2.3400
763.75,	2.3400
764.37,	2.3300
764.98,	2.3300
765.60,	2.3200
766.21,	2.3300
766.83,	2.3400
767.44,	2.3300
768.06,	2.3200
768.67,	2.3300
769.29,	2.3200
769.90,	2.3200
770.52,	2.3200
771.14,	2.3200
771.75,	2.3300
772.37,	2.3200
772.98,	2.3300
773.59,	2.3300
774.21,	2.3300
774.82,	2.3200
775.44,	2.3100
776.05,	2.3200
776.67,	2.3200
777.28,	2.3200
777.90,	2.3200
778.51,	2.3200
779.13,	2.3200
779.74,	2.3200
780.36,	2.3300
780.97,	2.3300
781.58,	2.3400
782.20,	2.3400
782.81,	2.3400
783.43,	2.3400
784.04,	2.3500
784.66,	2.3400
785.27,	2.3400
785.88,	2.3400
786.50,	2.3400
787.11,	2.3400
787.73,	2.3400
788.34,	2.3500
788.95,	2.3500
789.57,	2.3500
790.18,	2.3500
790.79,	2.3400
791.41,	2.3400
792.02,	2.3400
792.63,	2.3300
793.25,	2.3400
793.86,	2.3400
794.47,	2.3400
795.09,	2.3300
795.70,	2.3200
796.31,	2.3200
796.93,	2.3200
797.54,	2.3100
798.15,	2.3100
798.77,	2.3200
799.38,	2.3100
799.99,	2.3100
800.61,	2.3100
801.22,	2.3100
801.83,	2.3000
802.44,	2.3000
803.06,	2.3100
803.67,	2.3100
804.28,	2.3000
804.90,	2.2900
805.51,	2.2900
806.12,	2.2900
806.73,	2.2900
807.34,	2.3000
807.96,	2.3000
808.57,	2.3100
809.18,	2.3100
809.79,	2.3100
810.41,	2.3100
811.02,	2.3100
811.63,	2.3100
812.24,	2.3000
812.85,	2.3000
813.47,	2.3000
814.08,	2.3000
814.69,	2.3000
815.30,	2.3000
815.91,	2.3000
816.53,	2.3000
817.14,	2.2900
817.75,	2.2900
818.36,	2.2900
818.97,	2.3000
819.58,	2.3100
820.20,	2.3000
820.81,	2.3000
821.42,	2.3000
822.03,	2.3100
822.64,	2.3000
823.25,	2.3000
823.86,	2.3000
824.47,	2.3000
825.09,	2.3000
825.70,	2.3000
826.31,	2.3000
826.92,	2.3100
827.53,	2.3000
828.14,	2.3000
828.75,	2.3000
829.36,	2.3000
829.97,	2.3000
830.58,	2.3000
831.19,	2.3100
831.80,	2.3200
832.42,	2.3100
833.03,	2.3100
833.64,	2.3100
834.25,	2.3000
834.86,	2.2900
835.47,	2.2800
836.08,	2.2700
836.69,	2.2600
837.30,	2.2600
837.91,	2.2600
838.52,	2.2800
839.13,	2.2700
839.74,	2.2600
840.35,	2.2600
840.96,	2.2700
841.57,	2.2700
842.18,	2.2700
842.79,	2.2800
843.40,	2.2700
844.01,	2.2600
844.62,	2.2700
845.23,	2.2800
845.84,	2.2700
846.45,	2.2700
847.06,	2.2700
847.67,	2.2600
848.27,	2.2600
848.88,	2.2600
849.49,	2.2700
850.10,	2.2700
850.71,	2.2600
851.32,	2.2700
851.93,	2.2600
852.54,	2.2600
853.15,	2.2600
853.76,	2.2600
854.37,	2.2600
854.98,	2.2600
855.58,	2.2600
856.19,	2.2600
856.80,	2.2700
857.41,	2.2700
858.02,	2.2700
858.63,	2.2700
859.24,	2.2800
859.85,	2.3000
860.45,	2.3000
861.06,	2.2900
861.67,	2.2800
862.28,	2.2800
862.89,	2.2800
863.50,	2.2800
864.10,	2.2800
864.71,	2.2900
865.32,	2.3000
865.93,	2.3100
866.54,	2.3200
867.14,	2.3300
867.75,	2.3300
868.36,	2.3400
868.97,	2.3400
869.58,	2.3500
870.18,	2.3500
870.79,	2.3500
871.40,	2.3500
872.01,	2.3400
872.61,	2.3300
873.22,	2.3400
873.83,	2.3400
874.44,	2.3400
875.04,	2.3400
875.65,	2.3300
876.26,	2.3400
876.87,	2.3300
877.47,	2.3300
878.08,	2.3300
878.69,	2.3300
879.29,	2.3300
879.90,	2.3400
880.51,	2.3400
881.12,	2.3400
881.72,	2.3500
882.33,	2.3500
882.94,	2.3400
883.54,	2.3500
884.15,	2.3500
884.76,	2.3600
885.36,	2.3500
885.97,	2.3600
886.58,	2.3600
887.18,	2.3600
887.79,	2.3600
888.40,	2.3600
889.00,	2.3600
889.61,	2.3600
890.22,	2.3500
890.82,	2.3600
891.43,	2.3700
892.03,	2.3700
892.64,	2.3600
893.25,	2.3600
893.85,	2.3600
894.46,	2.3600
895.06,	2.3600
895.67,	2.3600
896.28,	2.3600
896.88,	2.3600
897.49,	2.3600
898.09,	2.3700
898.70,	2.3700
899.30,	2.3700
899.91,	2.3800
900.52,	2.3700
901.12,	2.3600
901.73,	2.3800
902.33,	2.3800
902.94,	2.3800
903.54,	2.3800
904.15,	2.3700
904.75,	2.3700
905.36,	2.3700
905.96,	2.3800
906.57,	2.3800
907.17,	2.3700
907.78,	2.3800
908.38,	2.3700
908.99,	2.3800
909.59,	2.3800
910.20,	2.3700
910.80,	2.3800
911.41,	2.3700
912.01,	2.3700
912.62,	2.3700
913.22,	2.3800
913.83,	2.3800
914.43,	2.3700
915.03,	2.3700
915.64,	2.3700
916.24,	2.3800
916.85,	2.3800
917.45,	2.3800
918.06,	2.3700
918.66,	2.3800
919.26,	2.3800
919.87,	2.3700
920.47,	2.3700
921.08,	2.3800
921.68,	2.3800
922.28,	2.3900
922.89,	2.3900
923.49,	2.3900
924.10,	2.3900
924.70,	2.3900
925.30,	2.3800
925.91,	2.3900
926.51,	2.3800
927.11,	2.3800
927.72,	2.4300
928.32,	5.1900
928.92,	14.8400
929.53,	21.5100
930.13,	25.5600
930.74,	28.5800
931.34,	30.8700
931.94,	32.6800
932.54,	34.1100
933.15,	35.3300
933.75,	35.5000
934.35,	35.5000
934.96,	35.5000
935.56,	35.5000
936.16,	35.5000
936.77,	35.5000
937.37,	35.5000
937.97,	35.5000
938.57,	35.5000
939.18,	35.5000
939.78,	35.5000
940.38,	35.5000
940.98,	35.5000
941.59,	35.5000
942.19,	35.5000
942.79,	35.5000
943.39,	35.5000
944.00,	35.5000
944.60,	35.5000
945.20,	35.5000
945.80,	35.5000
946.40,	35.5000
947.01,	35.5000
947.61,	35.5000
948.21,	35.5000
948.81,	35.5000
949.41,	35.5000
950.02,	35.5000
950.62,	35.5000
951.22,	35.5000
951.82,	35.5000
952.42,	35.5000
953.02,	35.5000
953.63,	35.5000
954.23,	35.5000
954.83,	35.5000
955.43,	35.5000
956.03,	35.5000
956.63,	35.5000
957.24,	35.5000
957.84,	35.5000
958.44,	35.5000
959.04,	35.5000
959.64,	35.5000
960.24,	35.5000
960.84,	35.5000
961.44,	35.5000
962.04,	35.5000
962.64,	35.5000
963.25,	35.5000
963.85,	35.5000
964.45,	35.5000
965.05,	35.5000
965.65,	35.5000
966.25,	35.5000
966.85,	35.5000
967.45,	35.5000
968.05,	35.5000
968.65,	32.1500
969.25,	-2.5200
969.85,	-2.5200
970.45,	-2.5200
971.05,	-2.5200
971.65,	-2.5200
972.25,	-2.5200
972.85,	-2.5200
973.45,	-2.5200
974.05,	-2.5200
974.65,	-2.5200
975.25,	-2.5200
975.85,	-2.5200
976.45,	-2.5200
977.05,	-2.5200
977.65,	-2.5200
978.25,	-2.5200
978.85,	-2.5200
979.45,	-2.5200
980.05,	-2.5200
980.65,	-2.5200
981.25,	-2.5200
981.85,	-2.5200
982.45,	-2.5200
983.05,	-2.5200
983.65,	-2.5200
984.25,	-2.5200
984.85,	-2.5200
985.45,	-2.5200
986.04,	-2.5200
986.64,	-2.5200
987.24,	-2.5200
987.84,	-2.5200
988.44,	-2.5200
989.04,	-2.5200
989.64,	-2.5200
990.24,	-2.5200
990.84,	-2.5200
991.44,	-2.5200
992.03,	-2.5200
992.63,	-2.5200
993.23,	-2.5200
993.83,	-2.5200
994.43,	-2.5200
995.03,	-2.5200
995.63,	-2.5200
996.22,	-2.5200
996.82,	-2.5200
997.42,	-2.5200
998.02,	-2.5200
998.62,	-2.5200
999.21,	-2.5200
999.81,	-2.5200
1000.41,	-2.5200
