Call Sign = ZSDA,	Ship Name = SA Agulhas,	Lloyds Num = 0
Date = 12/02/2016,	Time = 16:01,	
Latitude = 39 56.24  S,	Longitude = 010 49.63  E
Instr = Sippican Deep Blue,	Card Type = Sippican MK-21,	
Wind Instr = ,	Measur Method = 
Probe Serial Num = -1,	Ship Dir = -1,	Ship Speed = -1.00
Wind Dir = 355,	Wind Speed = 24.10
Dry Bulb Temp = 17.10,	Total Water Depth = -1.00

Full Resolution Values
Depth,	 Temp
0.67,	17.1900
1.34,	17.1500
2.01,	17.1200
2.68,	17.1200
3.34,	17.1200
4.01,	17.1200
4.68,	17.1300
5.35,	17.1300
6.02,	17.1300
6.69,	17.1200
7.36,	17.1100
8.03,	17.1000
8.69,	17.1100
9.36,	17.1100
10.03,	17.1000
10.70,	17.1000
11.37,	17.1000
12.04,	17.1000
12.70,	17.1000
13.37,	17.1000
14.04,	17.1000
14.71,	17.1000
15.38,	17.1100
16.05,	17.1000
16.71,	17.0900
17.38,	17.1000
18.05,	17.1000
18.72,	17.0900
19.38,	17.0900
20.05,	17.0900
20.72,	17.0800
21.39,	17.0900
22.06,	17.0900
22.72,	17.0900
23.39,	17.0900
24.06,	17.0800
24.73,	17.0800
25.39,	17.0900
26.06,	17.0900
26.73,	17.1000
27.40,	17.0900
28.06,	17.1000
28.73,	17.0900
29.40,	17.0900
30.06,	17.0900
30.73,	17.0900
31.40,	17.0900
32.06,	17.0900
32.73,	17.0800
33.40,	17.0800
34.07,	17.0700
34.73,	17.0700
35.40,	17.0700
36.07,	17.0700
36.73,	17.0800
37.40,	17.0700
38.07,	17.0700
38.73,	17.0600
39.40,	17.0600
40.06,	17.0600
40.73,	17.0600
41.40,	17.0600
42.06,	17.0600
42.73,	17.0600
43.40,	17.0600
44.06,	17.0500
44.73,	17.0400
45.39,	17.0500
46.06,	17.0500
46.73,	17.0400
47.39,	17.0400
48.06,	17.0300
48.72,	17.0300
49.39,	17.0300
50.06,	17.0200
50.72,	17.0300
51.39,	17.0300
52.05,	17.0300
52.72,	17.0200
53.38,	17.0000
54.05,	17.0000
54.71,	17.0000
55.38,	17.0000
56.05,	16.9900
56.71,	17.0000
57.38,	17.0000
58.04,	16.9800
58.71,	16.9600
59.37,	16.9600
60.04,	16.9500
60.70,	16.9500
61.37,	16.9400
62.03,	16.9400
62.70,	16.9400
63.36,	16.9500
64.03,	16.9500
64.69,	16.9500
65.36,	16.9500
66.02,	16.9500
66.69,	16.9400
67.35,	16.9500
68.01,	16.9500
68.68,	16.9400
69.34,	16.9200
70.01,	16.9100
70.67,	16.9200
71.34,	16.9200
72.00,	16.9200
72.66,	16.9100
73.33,	16.9000
73.99,	16.9100
74.66,	16.9100
75.32,	16.8900
75.98,	16.9000
76.65,	16.9100
77.31,	16.9100
77.98,	16.9000
78.64,	16.9000
79.30,	16.9000
79.97,	16.9100
80.63,	16.9000
81.30,	16.9000
81.96,	16.9100
82.62,	16.9100
83.29,	16.9100
83.95,	16.9100
84.61,	16.9100
85.28,	16.9100
85.94,	16.9200
86.60,	16.9100
87.27,	16.9100
87.93,	16.9100
88.59,	16.9100
89.26,	16.9000
89.92,	16.9000
90.58,	16.9000
91.24,	16.9100
91.91,	16.9000
92.57,	16.9000
93.23,	16.9000
93.90,	16.9000
94.56,	16.9100
95.22,	16.9000
95.88,	16.9100
96.55,	16.9100
97.21,	16.9100
97.87,	16.9100
98.53,	16.9100
99.20,	16.9100
99.86,	16.9200
100.52,	16.9100
101.18,	16.9000
101.85,	16.9100
102.51,	16.9100
103.17,	16.9000
103.83,	16.9000
104.49,	16.9000
105.16,	16.9000
105.82,	16.9000
106.48,	16.9000
107.14,	16.9000
107.80,	16.8900
108.47,	16.9000
109.13,	16.9000
109.79,	16.8900
110.45,	16.8900
111.11,	16.8900
111.77,	16.8800
112.44,	16.8600
113.10,	16.8100
113.76,	16.7400
114.42,	16.6600
115.08,	16.5900
115.74,	16.5500
116.40,	16.5100
117.06,	16.5000
117.73,	16.4800
118.39,	16.4500
119.05,	16.4200
119.71,	16.4100
120.37,	16.4000
121.03,	16.4000
121.69,	16.3800
122.35,	16.3800
123.01,	16.3800
123.67,	16.3700
124.33,	16.3600
125.00,	16.3600
125.66,	16.3300
126.32,	16.3000
126.98,	16.2700
127.64,	16.2400
128.30,	16.2000
128.96,	16.1200
129.62,	16.0800
130.28,	16.0600
130.94,	16.0300
131.60,	16.0000
132.26,	15.9800
132.92,	15.9700
133.58,	15.9200
134.24,	15.8600
134.90,	15.8300
135.56,	15.8100
136.22,	15.7900
136.88,	15.7700
137.54,	15.7400
138.20,	15.7200
138.86,	15.7100
139.52,	15.7200
140.18,	15.7100
140.84,	15.7100
141.50,	15.6900
142.16,	15.6400
142.82,	15.6200
143.48,	15.6200
144.14,	15.6000
144.79,	15.5900
145.45,	15.5700
146.11,	15.5600
146.77,	15.5500
147.43,	15.5400
148.09,	15.4700
148.75,	15.4200
149.41,	15.3600
150.07,	15.3100
150.73,	15.2700
151.39,	15.2400
152.04,	15.2100
152.70,	15.1600
153.36,	15.1400
154.02,	15.1100
154.68,	15.0700
155.34,	15.0300
156.00,	14.9900
156.65,	14.9900
157.31,	14.9900
157.97,	15.0000
158.63,	15.0100
159.29,	15.0200
159.95,	15.0300
160.60,	15.0300
161.26,	15.0200
161.92,	15.0100
162.58,	15.0100
163.24,	15.0000
163.90,	14.9800
164.55,	14.9400
165.21,	14.8900
165.87,	14.8900
166.53,	14.9100
167.18,	14.9300
167.84,	14.9500
168.50,	14.9600
169.16,	14.9700
169.82,	14.9900
170.47,	15.0000
171.13,	15.0200
171.79,	15.0200
172.44,	15.0200
173.10,	15.0500
173.76,	15.0900
174.42,	15.1200
175.07,	15.1300
175.73,	15.1400
176.39,	15.1500
177.05,	15.1500
177.70,	15.1600
178.36,	15.1600
179.02,	15.1700
179.67,	15.1900
180.33,	15.2300
180.99,	15.2900
181.64,	15.3200
182.30,	15.3400
182.96,	15.3800
183.61,	15.4100
184.27,	15.4400
184.93,	15.4600
185.58,	15.4600
186.24,	15.4700
186.90,	15.4800
187.55,	15.4900
188.21,	15.4900
188.87,	15.4900
189.52,	15.4900
190.18,	15.4800
190.83,	15.4800
191.49,	15.4800
192.15,	15.4800
192.80,	15.4700
193.46,	15.4700
194.11,	15.4700
194.77,	15.4700
195.43,	15.4800
196.08,	15.4800
196.74,	15.4700
197.39,	15.4700
198.05,	15.4700
198.70,	15.4800
199.36,	15.4800
200.02,	15.4700
200.67,	15.4800
201.33,	15.4800
201.98,	15.4800
202.64,	15.4600
203.29,	15.4700
203.95,	15.4600
204.60,	15.4600
205.26,	15.4600
205.91,	15.4500
206.57,	15.4500
207.22,	15.4600
207.88,	15.4600
208.53,	15.4700
209.19,	15.4600
209.84,	15.4500
210.50,	15.4500
211.15,	15.4600
211.81,	15.4600
212.46,	15.4600
213.12,	15.4600
213.77,	15.4500
214.43,	15.4600
215.08,	15.4600
215.74,	15.4500
216.39,	15.4500
217.04,	15.4500
217.70,	15.4400
218.35,	15.4400
219.01,	15.4200
219.66,	15.4000
220.32,	15.3500
220.97,	15.3000
221.62,	15.2700
222.28,	15.2500
222.93,	15.2500
223.59,	15.2400
224.24,	15.2300
224.89,	15.2200
225.55,	15.2100
226.20,	15.2100
226.85,	15.2000
227.51,	15.2000
228.16,	15.1700
228.81,	15.1400
229.47,	15.1100
230.12,	15.0700
230.78,	15.0300
231.43,	14.9800
232.08,	14.9400
232.74,	14.9100
233.39,	14.8900
234.04,	14.8800
234.69,	14.8700
235.35,	14.8700
236.00,	14.8600
236.65,	14.8500
237.31,	14.8400
237.96,	14.8500
238.61,	14.8400
239.27,	14.8200
239.92,	14.8100
240.57,	14.8100
241.22,	14.8000
241.88,	14.7500
242.53,	14.7300
243.18,	14.7300
243.83,	14.7400
244.49,	14.7600
245.14,	14.7700
245.79,	14.7800
246.44,	14.7800
247.10,	14.7700
247.75,	14.7400
248.40,	14.7100
249.05,	14.6800
249.70,	14.6500
250.36,	14.6400
251.01,	14.6100
251.66,	14.6000
252.31,	14.6000
252.96,	14.5900
253.62,	14.5800
254.27,	14.5700
254.92,	14.5700
255.57,	14.5600
256.22,	14.5400
256.88,	14.5300
257.53,	14.5200
258.18,	14.5000
258.83,	14.4700
259.48,	14.4500
260.13,	14.4300
260.78,	14.4200
261.44,	14.4000
262.09,	14.3800
262.74,	14.3700
263.39,	14.3500
264.04,	14.3400
264.69,	14.3500
265.34,	14.3400
265.99,	14.3100
266.64,	14.2700
267.29,	14.2600
267.95,	14.2500
268.60,	14.2200
269.25,	14.2000
269.90,	14.1700
270.55,	14.1400
271.20,	14.0800
271.85,	14.0500
272.50,	14.0200
273.15,	13.9900
273.80,	13.9500
274.45,	13.9400
275.10,	13.9500
275.75,	13.9600
276.40,	13.9800
277.05,	13.9700
277.70,	13.9800
278.35,	13.9700
279.00,	13.9700
279.65,	13.9700
280.30,	13.9700
280.95,	13.9700
281.60,	13.9700
282.25,	13.9700
282.90,	13.9600
283.55,	13.9700
284.20,	13.9600
284.85,	13.9600
285.50,	13.9600
286.15,	13.9500
286.80,	13.9400
287.45,	13.9400
288.10,	13.9500
288.75,	13.9500
289.40,	13.9500
290.05,	13.9300
290.70,	13.8700
291.35,	13.8200
292.00,	13.7700
292.64,	13.7300
293.29,	13.7100
293.94,	13.7100
294.59,	13.7000
295.24,	13.6900
295.89,	13.6900
296.54,	13.6800
297.19,	13.6700
297.84,	13.6600
298.49,	13.6600
299.13,	13.6600
299.78,	13.6500
300.43,	13.6400
301.08,	13.6500
301.73,	13.6300
302.38,	13.6000
303.02,	13.5700
303.67,	13.5600
304.32,	13.5700
304.97,	13.5800
305.62,	13.5900
306.27,	13.6000
306.91,	13.6000
307.56,	13.6100
308.21,	13.6100
308.86,	13.6200
309.51,	13.6100
310.15,	13.6200
310.80,	13.6200
311.45,	13.6300
312.10,	13.6400
312.75,	13.6500
313.39,	13.6500
314.04,	13.6600
314.69,	13.6700
315.34,	13.6700
315.98,	13.6700
316.63,	13.6700
317.28,	13.6800
317.93,	13.6700
318.57,	13.6400
319.22,	13.6300
319.87,	13.6200
320.52,	13.5900
321.16,	13.5700
321.81,	13.5700
322.46,	13.5700
323.10,	13.5600
323.75,	13.5600
324.40,	13.5400
325.04,	13.5100
325.69,	13.4900
326.34,	13.4700
326.99,	13.4500
327.63,	13.4400
328.28,	13.4200
328.93,	13.4000
329.57,	13.3900
330.22,	13.3900
330.86,	13.3700
331.51,	13.3500
332.16,	13.3400
332.80,	13.3200
333.45,	13.3000
334.10,	13.2900
334.74,	13.2800
335.39,	13.2800
336.03,	13.2800
336.68,	13.2700
337.33,	13.2500
337.97,	13.2400
338.62,	13.2200
339.26,	13.2100
339.91,	13.2000
340.56,	13.2000
341.20,	13.2100
341.85,	13.2000
342.49,	13.2000
343.14,	13.1900
343.78,	13.1600
344.43,	13.1300
345.08,	13.1200
345.72,	13.1100
346.37,	13.1000
347.01,	13.0900
347.66,	13.0800
348.30,	13.0700
348.95,	13.0600
349.59,	13.0500
350.24,	13.0300
350.88,	13.0200
351.53,	13.0200
352.17,	13.0100
352.82,	13.0000
353.46,	12.9900
354.11,	12.9800
354.75,	12.9800
355.40,	12.9600
356.04,	12.9600
356.69,	12.9600
357.33,	12.9500
357.98,	12.9600
358.62,	12.9600
359.27,	12.9600
359.91,	12.9700
360.55,	12.9900
361.20,	12.9800
361.84,	12.9700
362.49,	12.9700
363.13,	12.9700
363.78,	12.9700
364.42,	12.9700
365.06,	12.9600
365.71,	12.9500
366.35,	12.9400
367.00,	12.9300
367.64,	12.9200
368.28,	12.9200
368.93,	12.9200
369.57,	12.9100
370.22,	12.9100
370.86,	12.9200
371.50,	12.9200
372.15,	12.9100
372.79,	12.9000
373.43,	12.9000
374.08,	12.8700
374.72,	12.8400
375.36,	12.8000
376.01,	12.7500
376.65,	12.7300
377.29,	12.7100
377.94,	12.6900
378.58,	12.6900
379.22,	12.6800
379.87,	12.6700
380.51,	12.6600
381.15,	12.6200
381.79,	12.6100
382.44,	12.6000
383.08,	12.5800
383.72,	12.5700
384.37,	12.5500
385.01,	12.5500
385.65,	12.5300
386.29,	12.5300
386.94,	12.5400
387.58,	12.5500
388.22,	12.5400
388.86,	12.5600
389.51,	12.5700
390.15,	12.5800
390.79,	12.5700
391.43,	12.5700
392.08,	12.5700
392.72,	12.5800
393.36,	12.5800
394.00,	12.5700
394.64,	12.5700
395.29,	12.5800
395.93,	12.5800
396.57,	12.5800
397.21,	12.5700
397.85,	12.5700
398.50,	12.5500
399.14,	12.5100
399.78,	12.4800
400.42,	12.4600
401.06,	12.4500
401.70,	12.4500
402.34,	12.4400
402.99,	12.4400
403.63,	12.4400
404.27,	12.4300
404.91,	12.4200
405.55,	12.4100
406.19,	12.4100
406.83,	12.4200
407.48,	12.4100
408.12,	12.4100
408.76,	12.4200
409.40,	12.4100
410.04,	12.4100
410.68,	12.4100
411.32,	12.4000
411.96,	12.4000
412.60,	12.3800
413.24,	12.3800
413.88,	12.3800
414.52,	12.3700
415.17,	12.3700
415.81,	12.3700
416.45,	12.3500
417.09,	12.3200
417.73,	12.3200
418.37,	12.3200
419.01,	12.3200
419.65,	12.3200
420.29,	12.3200
420.93,	12.3100
421.57,	12.3000
422.21,	12.2900
422.85,	12.2900
423.49,	12.2800
424.13,	12.2700
424.77,	12.2600
425.41,	12.2500
426.05,	12.2200
426.69,	12.1900
427.33,	12.1800
427.97,	12.1900
428.61,	12.1900
429.25,	12.1800
429.89,	12.1700
430.53,	12.1700
431.17,	12.1700
431.80,	12.1800
432.44,	12.1500
433.08,	12.1200
433.72,	12.1100
434.36,	12.1100
435.00,	12.1100
435.64,	12.1100
436.28,	12.1100
436.92,	12.1000
437.56,	12.1000
438.20,	12.1000
438.84,	12.1000
439.47,	12.1000
440.11,	12.1000
440.75,	12.1000
441.39,	12.1000
442.03,	12.1000
442.67,	12.1100
443.31,	12.1100
443.95,	12.1100
444.58,	12.1100
445.22,	12.1100
445.86,	12.1000
446.50,	12.0800
447.14,	12.0600
447.78,	12.0200
448.41,	11.9700
449.05,	11.9400
449.69,	11.9200
450.33,	11.9100
450.97,	11.9100
451.60,	11.9100
452.24,	11.9000
452.88,	11.9000
453.52,	11.9100
454.16,	11.9100
454.79,	11.9000
455.43,	11.9000
456.07,	11.9000
456.71,	11.9000
457.35,	11.9000
457.98,	11.8900
458.62,	11.8900
459.26,	11.9000
459.90,	11.9000
460.53,	11.9100
461.17,	11.9000
461.81,	11.8900
462.44,	11.8900
463.08,	11.8900
463.72,	11.8800
464.36,	11.8800
464.99,	11.8800
465.63,	11.8800
466.27,	11.8700
466.90,	11.8800
467.54,	11.8800
468.18,	11.8700
468.81,	11.8700
469.45,	11.8700
470.09,	11.8600
470.72,	11.8400
471.36,	11.8300
472.00,	11.8200
472.63,	11.8000
473.27,	11.7700
473.91,	11.7600
474.54,	11.7300
475.18,	11.7200
475.82,	11.7200
476.45,	11.7200
477.09,	11.7000
477.73,	11.7100
478.36,	11.7000
479.00,	11.6900
479.63,	11.6800
480.27,	11.6600
480.91,	11.6300
481.54,	11.6100
482.18,	11.6100
482.81,	11.6000
483.45,	11.5900
484.08,	11.5900
484.72,	11.5800
485.36,	11.5800
485.99,	11.5600
486.63,	11.5400
487.26,	11.5300
487.90,	11.5100
488.53,	11.5000
489.17,	11.4800
489.80,	11.4700
490.44,	11.4700
491.07,	11.4600
491.71,	11.4500
492.34,	11.4500
492.98,	11.4500
493.62,	11.4300
494.25,	11.4200
494.89,	11.4100
495.52,	11.4000
496.15,	11.4000
496.79,	11.3900
497.42,	11.3900
498.06,	11.3900
498.69,	11.3700
499.33,	11.3600
499.96,	11.3500
500.60,	11.3400
501.23,	11.3400
501.87,	11.3300
502.50,	11.3300
503.14,	11.3200
503.77,	11.3100
504.40,	11.3000
505.04,	11.3000
505.67,	11.3000
506.31,	11.2900
506.94,	11.2700
507.57,	11.2600
508.21,	11.2600
508.84,	11.2600
509.48,	11.2500
510.11,	11.2300
510.74,	11.2000
511.38,	11.1700
512.01,	11.1500
512.65,	11.1300
513.28,	11.1200
513.91,	11.0900
514.55,	11.0700
515.18,	11.0600
515.81,	11.0500
516.45,	11.0200
517.08,	11.0000
517.71,	11.0100
518.35,	11.0000
518.98,	10.9900
519.61,	10.9800
520.25,	10.9900
520.88,	10.9800
521.51,	10.9800
522.15,	10.9700
522.78,	10.9600
523.41,	10.9400
524.04,	10.9200
524.68,	10.9200
525.31,	10.9000
525.94,	10.9000
526.58,	10.8900
527.21,	10.8900
527.84,	10.8900
528.47,	10.8800
529.11,	10.8700
529.74,	10.8300
530.37,	10.8100
531.00,	10.8100
531.64,	10.7800
532.27,	10.7600
532.90,	10.7600
533.53,	10.7500
534.17,	10.7400
534.80,	10.7300
535.43,	10.7300
536.06,	10.7300
536.69,	10.7200
537.33,	10.7200
537.96,	10.7200
538.59,	10.7200
539.22,	10.7000
539.85,	10.6900
540.48,	10.6900
541.12,	10.6700
541.75,	10.6500
542.38,	10.6200
543.01,	10.6000
543.64,	10.5900
544.27,	10.5900
544.91,	10.5800
545.54,	10.5600
546.17,	10.5400
546.80,	10.5200
547.43,	10.5100
548.06,	10.5000
548.69,	10.4900
549.32,	10.5000
549.95,	10.4900
550.59,	10.4900
551.22,	10.4900
551.85,	10.4800
552.48,	10.4800
553.11,	10.4700
553.74,	10.4500
554.37,	10.4400
555.00,	10.4100
555.63,	10.3800
556.26,	10.3600
556.89,	10.3400
557.52,	10.3300
558.15,	10.3100
558.78,	10.3000
559.42,	10.2700
560.05,	10.2200
560.68,	10.1700
561.31,	10.1400
561.94,	10.1200
562.57,	10.1200
563.20,	10.1100
563.83,	10.0900
564.46,	10.0900
565.09,	10.0800
565.72,	10.0800
566.35,	10.0800
566.98,	10.0800
567.61,	10.0800
568.24,	10.0700
568.87,	10.0700
569.50,	10.0700
570.12,	10.0600
570.75,	10.0400
571.38,	10.0200
572.01,	10.0100
572.64,	10.0000
573.27,	10.0000
573.90,	9.9900
574.53,	9.9800
575.16,	9.9800
575.79,	9.9800
576.42,	9.9700
577.05,	9.9500
577.68,	9.9400
578.31,	9.9300
578.93,	9.9100
579.56,	9.8900
580.19,	9.8900
580.82,	9.8800
581.45,	9.8700
582.08,	9.8500
582.71,	9.8400
583.34,	9.8300
583.97,	9.8300
584.59,	9.8200
585.22,	9.8200
585.85,	9.8200
586.48,	9.8200
587.11,	9.8200
587.74,	9.8100
588.36,	9.8000
588.99,	9.7800
589.62,	9.7500
590.25,	9.7200
590.88,	9.6800
591.50,	9.6400
592.13,	9.6200
592.76,	9.6000
593.39,	9.5800
594.02,	9.5700
594.64,	9.5700
595.27,	9.5700
595.90,	9.5700
596.53,	9.5700
597.16,	9.5600
597.78,	9.5500
598.41,	9.5600
599.04,	9.5400
599.67,	9.5300
600.29,	9.5100
600.92,	9.4900
601.55,	9.4500
602.18,	9.4200
602.80,	9.4000
603.43,	9.3900
604.06,	9.3800
604.68,	9.3700
605.31,	9.3600
605.94,	9.3400
606.57,	9.3100
607.19,	9.2900
607.82,	9.2900
608.45,	9.2700
609.07,	9.2400
609.70,	9.2100
610.33,	9.1800
610.95,	9.1700
611.58,	9.1600
612.21,	9.1600
612.83,	9.1600
613.46,	9.1700
614.09,	9.1600
614.71,	9.1600
615.34,	9.1600
615.97,	9.1600
616.59,	9.1600
617.22,	9.1600
617.84,	9.1500
618.47,	9.1400
619.10,	9.1300
619.72,	9.1200
620.35,	9.0900
620.97,	9.0800
621.60,	9.0800
622.23,	9.0700
622.85,	9.0400
623.48,	9.0200
624.10,	9.0100
624.73,	8.9900
625.35,	8.9700
625.98,	8.9600
626.61,	8.9400
627.23,	8.9200
627.86,	8.9000
628.48,	8.9000
629.11,	8.8900
629.73,	8.8800
630.36,	8.8600
630.98,	8.8600
631.61,	8.8500
632.23,	8.8600
632.86,	8.8600
633.48,	8.8500
634.11,	8.8400
634.73,	8.8400
635.36,	8.8400
635.98,	8.8300
636.61,	8.8300
637.23,	8.8100
637.86,	8.8100
638.48,	8.7900
639.11,	8.7700
639.73,	8.7600
640.36,	8.7500
640.98,	8.7300
641.61,	8.7300
642.23,	8.7200
642.85,	8.7000
643.48,	8.6800
644.10,	8.6600
644.73,	8.6500
645.35,	8.6400
645.98,	8.6300
646.60,	8.6100
647.22,	8.6000
647.85,	8.5900
648.47,	8.5900
649.10,	8.5700
649.72,	8.5600
650.34,	8.5500
650.97,	8.5500
651.59,	8.5400
652.22,	8.5400
652.84,	8.5400
653.46,	8.5300
654.09,	8.5300
654.71,	8.5200
655.33,	8.5100
655.96,	8.5000
656.58,	8.4900
657.20,	8.4600
657.83,	8.4500
658.45,	8.4400
659.07,	8.4300
659.70,	8.4200
660.32,	8.4100
660.94,	8.3900
661.57,	8.3800
662.19,	8.3900
662.81,	8.3900
663.43,	8.3700
664.06,	8.3300
664.68,	8.2600
665.30,	8.2100
665.93,	8.1700
666.55,	8.1600
667.17,	8.1600
667.79,	8.1600
668.42,	8.1600
669.04,	8.1300
669.66,	8.0900
670.28,	8.0700
670.91,	8.0600
671.53,	8.0400
672.15,	8.0300
672.77,	8.0200
673.39,	8.0100
674.02,	7.9900
674.64,	7.9700
675.26,	7.9600
675.88,	7.9600
676.50,	7.9600
677.13,	7.9500
677.75,	7.9400
678.37,	7.9300
678.99,	7.9200
679.61,	7.9000
680.24,	7.8800
680.86,	7.8700
681.48,	7.8700
682.10,	7.8700
682.72,	7.8600
683.34,	7.8500
683.96,	7.8400
684.59,	7.8300
685.21,	7.8100
685.83,	7.7900
686.45,	7.7800
687.07,	7.7600
687.69,	7.7400
688.31,	7.7200
688.93,	7.6900
689.56,	7.6500
690.18,	7.6200
690.80,	7.6100
691.42,	7.6000
692.04,	7.6000
692.66,	7.5900
693.28,	7.5800
693.90,	7.5800
694.52,	7.5800
695.14,	7.5800
695.76,	7.5700
696.38,	7.5600
697.00,	7.5700
697.62,	7.5600
698.25,	7.5300
698.87,	7.5100
699.49,	7.4900
700.11,	7.4700
700.73,	7.4700
701.35,	7.4700
701.97,	7.4700
702.59,	7.4600
703.21,	7.4500
703.83,	7.4300
704.45,	7.4300
705.07,	7.4200
705.69,	7.4000
706.31,	7.3700
706.93,	7.3600
707.55,	7.3400
708.17,	7.3100
708.79,	7.2800
709.40,	7.2500
710.02,	7.2400
710.64,	7.2200
711.26,	7.2000
711.88,	7.1700
712.50,	7.1300
713.12,	7.1000
713.74,	7.0800
714.36,	7.0800
714.98,	7.0800
715.60,	7.0700
716.22,	7.0700
716.84,	7.0700
717.45,	7.0700
718.07,	7.0600
718.69,	7.0600
719.31,	7.0400
719.93,	7.0100
720.55,	6.9900
721.17,	6.9700
721.79,	6.9600
722.41,	6.9600
723.02,	6.9500
723.64,	6.9600
724.26,	6.9500
724.88,	6.9500
725.50,	6.9400
726.12,	6.9400
726.73,	6.9500
727.35,	6.9500
727.97,	6.9500
728.59,	6.9500
729.21,	6.9500
729.83,	6.9400
730.44,	6.9400
731.06,	6.9300
731.68,	6.9200
732.30,	6.9100
732.92,	6.9000
733.53,	6.8900
734.15,	6.8900
734.77,	6.8800
735.39,	6.8800
736.00,	6.8700
736.62,	6.8800
737.24,	6.8600
737.86,	6.8600
738.47,	6.8600
739.09,	6.8600
739.71,	6.8700
740.33,	6.8700
740.94,	6.8700
741.56,	6.8700
742.18,	6.8600
742.79,	6.8600
743.41,	6.8600
744.03,	6.8600
744.65,	6.8500
745.26,	6.8500
745.88,	6.8500
746.50,	6.8500
747.11,	6.8400
747.73,	6.8300
748.35,	6.8200
748.96,	6.7900
749.58,	6.7700
750.20,	6.7600
750.81,	6.7400
751.43,	6.7000
752.05,	6.6700
752.66,	6.6500
753.28,	6.6200
753.90,	6.5800
754.51,	6.5600
755.13,	6.5600
755.74,	6.5500
756.36,	6.5400
756.98,	6.5300
757.59,	6.5100
758.21,	6.4700
758.82,	6.4300
759.44,	6.4100
760.06,	6.3800
760.67,	6.3500
761.29,	6.3200
761.90,	6.2900
762.52,	6.2500
763.14,	6.2000
763.75,	6.1700
764.37,	6.1600
764.98,	6.1500
765.60,	6.1400
766.21,	6.1400
766.83,	6.1300
767.44,	6.1200
768.06,	6.1100
768.67,	6.1000
769.29,	6.0700
769.90,	6.0400
770.52,	6.0000
771.14,	5.9700
771.75,	5.9500
772.37,	5.9300
772.98,	5.9200
773.59,	5.9200
774.21,	5.9100
774.82,	5.9100
775.44,	5.9100
776.05,	5.9000
776.67,	5.9000
777.28,	5.9000
777.90,	5.9000
778.51,	5.8900
779.13,	5.8900
779.74,	5.8900
780.36,	5.8900
780.97,	5.8800
781.58,	5.8700
782.20,	5.8700
782.81,	5.8700
783.43,	5.8500
784.04,	5.8300
784.66,	5.8100
785.27,	5.7900
785.88,	5.7800
786.50,	5.7700
787.11,	5.7700
787.73,	5.7700
788.34,	5.7700
788.95,	5.7700
789.57,	5.7600
790.18,	5.7600
790.79,	5.7600
791.41,	5.7600
792.02,	5.7600
792.63,	5.7600
793.25,	5.7800
793.86,	5.7900
794.47,	5.8000
795.09,	5.8200
795.70,	5.8500
796.31,	5.8700
796.93,	5.8800
797.54,	5.8800
798.15,	5.8800
798.77,	5.8800
799.38,	5.8600
799.99,	5.8400
800.61,	5.8100
801.22,	5.7900
801.83,	5.7800
802.44,	5.7900
803.06,	5.7900
803.67,	5.7900
804.28,	5.7900
804.90,	5.7800
805.51,	5.7800
806.12,	5.7700
806.73,	5.7700
807.34,	5.7700
807.96,	5.7700
808.57,	5.7600
809.18,	5.7600
809.79,	5.7400
810.41,	5.7400
811.02,	5.7300
811.63,	5.7300
812.24,	5.7200
812.85,	5.7100
813.47,	5.7100
814.08,	5.7000
814.69,	5.7000
815.30,	5.6900
815.91,	5.6900
816.53,	5.7000
817.14,	5.7000
817.75,	5.7000
818.36,	5.6900
818.97,	5.7000
819.58,	5.7000
820.20,	5.7000
820.81,	5.7000
821.42,	5.7000
822.03,	5.7100
822.64,	5.7100
823.25,	5.7100
823.86,	5.7200
824.47,	5.7100
825.09,	5.7100
825.70,	5.7100
826.31,	5.7000
826.92,	5.7100
827.53,	5.7100
828.14,	5.7100
828.75,	5.7000
829.36,	5.7000
829.97,	5.7000
830.58,	5.6900
831.19,	5.6900
831.80,	5.6900
832.42,	5.6900
833.03,	5.6800
833.64,	5.6600
834.25,	5.6300
834.86,	5.6100
835.47,	5.5900
836.08,	5.5700
836.69,	5.5700
837.30,	5.5500
837.91,	5.5400
838.52,	5.5300
839.13,	5.5200
839.74,	5.5100
840.35,	5.5000
840.96,	5.4900
841.57,	5.4900
842.18,	5.4800
842.79,	5.4800
843.40,	5.4800
844.01,	5.4800
844.62,	5.4800
845.23,	5.4700
845.84,	5.4600
846.45,	5.4600
847.06,	5.4600
847.67,	5.4500
848.27,	5.4400
848.88,	5.4300
849.49,	5.4200
850.10,	5.4200
850.71,	5.4100
851.32,	5.4100
851.93,	5.4100
852.54,	5.4000
853.15,	5.4000
853.76,	5.3900
854.37,	5.3800
854.98,	5.3800
855.58,	5.3700
856.19,	5.3600
856.80,	5.3600
857.41,	5.3400
858.02,	5.3200
858.63,	5.3200
859.24,	5.3200
859.85,	5.3100
860.45,	5.3300
861.06,	5.3300
861.67,	5.3400
862.28,	5.3400
862.89,	5.3400
863.50,	5.3300
864.10,	5.3300
864.71,	5.3300
865.32,	5.3200
865.93,	5.3300
866.54,	5.3300
867.14,	5.3200
867.75,	5.3100
868.36,	5.3000
868.97,	5.2900
869.58,	5.2700
870.18,	5.2500
870.79,	5.2300
871.40,	5.2200
872.01,	5.2100
872.61,	5.1900
873.22,	5.1600
873.83,	5.1400
874.44,	5.1100
875.04,	5.0700
875.65,	5.0400
876.26,	5.0000
876.87,	4.9600
877.47,	4.8900
878.08,	4.8100
878.69,	4.7500
879.29,	4.7200
879.90,	4.7100
880.51,	4.7000
881.12,	4.7000
881.72,	4.7100
882.33,	4.7100
882.94,	4.7100
883.54,	4.7100
884.15,	4.7200
884.76,	4.7300
885.36,	4.7300
885.97,	4.7500
886.58,	4.7500
887.18,	4.7600
887.79,	4.7600
888.40,	4.7600
889.00,	4.7500
889.61,	4.7500
890.22,	4.7600
890.82,	4.7600
891.43,	4.7600
892.03,	4.7600
892.64,	4.7600
893.25,	4.7600
893.85,	4.7500
894.46,	4.7500
895.06,	4.7400
895.67,	4.7200
896.28,	4.7000
896.88,	4.6900
897.49,	4.6800
898.09,	4.6800
898.70,	4.6700
899.30,	4.6600
899.91,	4.6600
900.52,	4.6500
901.12,	4.6400
901.73,	4.6400
902.33,	4.6400
902.94,	4.6300
903.54,	4.6100
904.15,	4.5900
904.75,	4.5800
905.36,	4.5800
905.96,	4.5700
906.57,	4.5700
907.17,	4.5700
907.78,	4.5700
908.38,	4.5600
908.99,	4.5600
909.59,	4.5500
910.20,	4.5500
910.80,	4.5500
911.41,	4.5500
912.01,	4.5500
912.62,	4.5500
913.22,	4.5500
913.83,	4.5500
914.43,	4.5500
915.03,	4.5500
915.64,	4.5500
916.24,	4.5400
916.85,	4.5500
917.45,	4.5400
918.06,	4.5400
918.66,	4.5300
919.26,	4.5300
919.87,	4.5200
920.47,	4.5300
921.08,	4.5300
921.68,	4.5300
922.28,	4.5300
922.89,	4.5300
923.49,	4.5400
924.10,	4.5800
924.70,	5.3400
925.30,	8.4900
925.91,	12.8000
926.51,	15.2300
927.11,	16.2400
927.72,	16.8600
928.32,	17.3200
928.92,	17.7000
929.53,	18.0400
930.13,	18.3500
930.74,	18.6300
931.34,	18.8900
931.94,	19.1400
932.54,	19.3700
933.15,	19.5800
933.75,	19.7600
934.35,	19.9400
934.96,	20.1100
935.56,	20.2700
936.16,	20.5100
936.77,	30.3300
937.37,	35.5000
937.97,	35.5000
938.57,	35.5000
939.18,	35.5000
939.78,	35.5000
940.38,	35.5000
940.98,	35.5000
941.59,	35.5000
942.19,	35.5000
942.79,	35.5000
943.39,	35.5000
944.00,	35.5000
944.60,	35.5000
945.20,	35.5000
945.80,	35.5000
946.40,	35.5000
947.01,	35.5000
947.61,	35.5000
948.21,	35.5000
948.81,	35.5000
949.41,	35.5000
950.02,	35.5000
950.62,	35.5000
951.22,	35.5000
951.82,	35.5000
952.42,	35.5000
953.02,	35.5000
953.63,	35.5000
954.23,	35.5000
954.83,	35.5000
955.43,	35.5000
956.03,	35.5000
956.63,	35.5000
957.24,	35.5000
957.84,	35.5000
958.44,	35.5000
959.04,	35.5000
959.64,	35.5000
960.24,	35.5000
960.84,	35.5000
961.44,	35.5000
962.04,	35.5000
962.64,	35.5000
963.25,	35.5000
963.85,	35.5000
964.45,	35.5000
965.05,	35.5000
965.65,	35.5000
966.25,	35.5000
966.85,	35.5000
967.45,	35.5000
968.05,	35.5000
968.65,	35.5000
969.25,	35.5000
969.85,	35.5000
970.45,	35.5000
971.05,	35.5000
971.65,	35.5000
972.25,	35.5000
972.85,	35.5000
973.45,	35.5000
974.05,	35.5000
974.65,	35.5000
975.25,	35.5000
975.85,	35.5000
976.45,	35.5000
977.05,	35.5000
977.65,	35.5000
978.25,	35.5000
978.85,	35.5000
979.45,	35.5000
980.05,	35.5000
980.65,	35.5000
981.25,	35.5000
981.85,	35.5000
982.45,	35.5000
983.05,	35.5000
983.65,	35.5000
984.25,	35.5000
984.85,	35.5000
985.45,	35.5000
986.04,	35.5000
986.64,	35.5000
987.24,	35.5000
987.84,	0.9600
988.44,	-2.5200
989.04,	-2.5200
989.64,	-2.5200
990.24,	-2.5200
990.84,	-2.5200
991.44,	-2.5200
992.03,	-2.5200
992.63,	-2.5200
993.23,	-2.5200
993.83,	-2.5200
994.43,	-2.5200
995.03,	-2.5200
995.63,	-2.5200
996.22,	-2.5200
996.82,	-2.5200
997.42,	-2.5200
998.02,	-2.5200
998.62,	-2.5200
999.21,	-2.5200
999.81,	-2.5200
1000.41,	-2.5200
