Call Sign = ZSDA,	Ship Name = SA Agulhas,	Lloyds Num = 0
Date = 12/02/2016,	Time = 15:02,	
Latitude = 39 44.55  S,	Longitude = 010 58.11  E
Instr = Sippican Deep Blue,	Card Type = Sippican MK-21,	
Wind Instr = ,	Measur Method = 
Probe Serial Num = -1,	Ship Dir = -1,	Ship Speed = -1.00
Wind Dir = 352,	Wind Speed = 25.10
Dry Bulb Temp = 15.50,	Total Water Depth = -1.00

Full Resolution Values
Depth,	 Temp
0.67,	17.2500
1.34,	17.1500
2.01,	17.1600
2.68,	17.1500
3.34,	17.1600
4.01,	17.1500
4.68,	17.1500
5.35,	17.1500
6.02,	17.1500
6.69,	17.1500
7.36,	17.1400
8.03,	17.1400
8.69,	17.1600
9.36,	17.1700
10.03,	17.1600
10.70,	17.1700
11.37,	17.1700
12.04,	17.1600
12.70,	17.1600
13.37,	17.1600
14.04,	17.1500
14.71,	17.1500
15.38,	17.1500
16.05,	17.1400
16.71,	17.1400
17.38,	17.1500
18.05,	17.1600
18.72,	17.1500
19.38,	17.1500
20.05,	17.1600
20.72,	17.1500
21.39,	17.1500
22.06,	17.1400
22.72,	17.1400
23.39,	17.1500
24.06,	17.1500
24.73,	17.1500
25.39,	17.1500
26.06,	17.1400
26.73,	17.1500
27.40,	17.1500
28.06,	17.1400
28.73,	17.1500
29.40,	17.1500
30.06,	17.1500
30.73,	17.1500
31.40,	17.1500
32.06,	17.1500
32.73,	17.1500
33.40,	17.1500
34.07,	17.1400
34.73,	17.1400
35.40,	17.1500
36.07,	17.1500
36.73,	17.1600
37.40,	17.1500
38.07,	17.1500
38.73,	17.1500
39.40,	17.1400
40.06,	17.1400
40.73,	17.1400
41.40,	17.1400
42.06,	17.1500
42.73,	17.1500
43.40,	17.1400
44.06,	17.1400
44.73,	17.1500
45.39,	17.1500
46.06,	17.1600
46.73,	17.1600
47.39,	17.1500
48.06,	17.1500
48.72,	17.1400
49.39,	17.1400
50.06,	17.1300
50.72,	17.1400
51.39,	17.1500
52.05,	17.1500
52.72,	17.1500
53.38,	17.1500
54.05,	17.1500
54.71,	17.1500
55.38,	17.1400
56.05,	17.1500
56.71,	17.1600
57.38,	17.1500
58.04,	17.1500
58.71,	17.1500
59.37,	17.1500
60.04,	17.1500
60.70,	17.1300
61.37,	17.1400
62.03,	17.1500
62.70,	17.1500
63.36,	17.1600
64.03,	17.1600
64.69,	17.1400
65.36,	17.1400
66.02,	17.1400
66.69,	17.1500
67.35,	17.1600
68.01,	17.1600
68.68,	17.1500
69.34,	17.1400
70.01,	17.1400
70.67,	17.1400
71.34,	17.1300
72.00,	17.1400
72.66,	17.1500
73.33,	17.1400
73.99,	17.1300
74.66,	17.1300
75.32,	17.1300
75.98,	17.1400
76.65,	17.1400
77.31,	17.1400
77.98,	17.1400
78.64,	17.1300
79.30,	17.1300
79.97,	17.1400
80.63,	17.1400
81.30,	17.1500
81.96,	17.1500
82.62,	17.1500
83.29,	17.1500
83.95,	17.1500
84.61,	17.1400
85.28,	17.1500
85.94,	17.1400
86.60,	17.1400
87.27,	17.1300
87.93,	17.1200
88.59,	17.1200
89.26,	17.1400
89.92,	17.1300
90.58,	17.1300
91.24,	17.1400
91.91,	17.1300
92.57,	17.1300
93.23,	17.1200
93.90,	17.1100
94.56,	17.1200
95.22,	17.1200
95.88,	17.1000
96.55,	17.1200
97.21,	17.1300
97.87,	17.1200
98.53,	17.1200
99.20,	17.1200
99.86,	17.1100
100.52,	17.1100
101.18,	17.1200
101.85,	17.1200
102.51,	17.1300
103.17,	17.1300
103.83,	17.1300
104.49,	17.1200
105.16,	17.1100
105.82,	17.1200
106.48,	17.1200
107.14,	17.1100
107.80,	17.1200
108.47,	17.1100
109.13,	17.1100
109.79,	17.1200
110.45,	17.1200
111.11,	17.1300
111.77,	17.1200
112.44,	17.1200
113.10,	17.1200
113.76,	17.1300
114.42,	17.1100
115.08,	17.1100
115.74,	17.1200
116.40,	17.1100
117.06,	17.1000
117.73,	17.1100
118.39,	17.1100
119.05,	17.1100
119.71,	17.1100
120.37,	17.1100
121.03,	17.1100
121.69,	17.1100
122.35,	17.1200
123.01,	17.1200
123.67,	17.1200
124.33,	17.1100
125.00,	17.1100
125.66,	17.1100
126.32,	17.1000
126.98,	17.1000
127.64,	17.1000
128.30,	17.1000
128.96,	17.1000
129.62,	17.0900
130.28,	17.0700
130.94,	17.0400
131.60,	17.0200
132.26,	17.0000
132.92,	16.9700
133.58,	16.9400
134.24,	16.9200
134.90,	16.9000
135.56,	16.8400
136.22,	16.8100
136.88,	16.7800
137.54,	16.7500
138.20,	16.7400
138.86,	16.7300
139.52,	16.7300
140.18,	16.7200
140.84,	16.7100
141.50,	16.7100
142.16,	16.7000
142.82,	16.6900
143.48,	16.6700
144.14,	16.6500
144.79,	16.6500
145.45,	16.6400
146.11,	16.6200
146.77,	16.6200
147.43,	16.6200
148.09,	16.6000
148.75,	16.5900
149.41,	16.5700
150.07,	16.5500
150.73,	16.5400
151.39,	16.5200
152.04,	16.4700
152.70,	16.4300
153.36,	16.3900
154.02,	16.3700
154.68,	16.3200
155.34,	16.2600
156.00,	16.2400
156.65,	16.2300
157.31,	16.2000
157.97,	16.1900
158.63,	16.1700
159.29,	16.1400
159.95,	16.1000
160.60,	16.0800
161.26,	16.0700
161.92,	16.0400
162.58,	16.0000
163.24,	15.9800
163.90,	15.9700
164.55,	15.9700
165.21,	15.9700
165.87,	15.9500
166.53,	15.9300
167.18,	15.9400
167.84,	15.9200
168.50,	15.9100
169.16,	15.9100
169.82,	15.9000
170.47,	15.8600
171.13,	15.8300
171.79,	15.8100
172.44,	15.7900
173.10,	15.7700
173.76,	15.7600
174.42,	15.7400
175.07,	15.7200
175.73,	15.6800
176.39,	15.6600
177.05,	15.6300
177.70,	15.5900
178.36,	15.5700
179.02,	15.5400
179.67,	15.5100
180.33,	15.5000
180.99,	15.5000
181.64,	15.4900
182.30,	15.4700
182.96,	15.4700
183.61,	15.4600
184.27,	15.4400
184.93,	15.4300
185.58,	15.4300
186.24,	15.4200
186.90,	15.4200
187.55,	15.4300
188.21,	15.4300
188.87,	15.4400
189.52,	15.4400
190.18,	15.4600
190.83,	15.4900
191.49,	15.5100
192.15,	15.5200
192.80,	15.5300
193.46,	15.5200
194.11,	15.5000
194.77,	15.4800
195.43,	15.4700
196.08,	15.4700
196.74,	15.4900
197.39,	15.5000
198.05,	15.4900
198.70,	15.4900
199.36,	15.4800
200.02,	15.4700
200.67,	15.4500
201.33,	15.4200
201.98,	15.4200
202.64,	15.4200
203.29,	15.4200
203.95,	15.4300
204.60,	15.4400
205.26,	15.4400
205.91,	15.4500
206.57,	15.4500
207.22,	15.4400
207.88,	15.4300
208.53,	15.4300
209.19,	15.4300
209.84,	15.4200
210.50,	15.4300
211.15,	15.4300
211.81,	15.4300
212.46,	15.4300
213.12,	15.4300
213.77,	15.4300
214.43,	15.4200
215.08,	15.4100
215.74,	15.4100
216.39,	15.4000
217.04,	15.3900
217.70,	15.3900
218.35,	15.3900
219.01,	15.3900
219.66,	15.3900
220.32,	15.3900
220.97,	15.3900
221.62,	15.3900
222.28,	15.3800
222.93,	15.3700
223.59,	15.3700
224.24,	15.3700
224.89,	15.3800
225.55,	15.3700
226.20,	15.3800
226.85,	15.3700
227.51,	15.3500
228.16,	15.3500
228.81,	15.3100
229.47,	15.2900
230.12,	15.2800
230.78,	15.2900
231.43,	15.2800
232.08,	15.2600
232.74,	15.2700
233.39,	15.2700
234.04,	15.2700
234.69,	15.2700
235.35,	15.2500
236.00,	15.2400
236.65,	15.2500
237.31,	15.2400
237.96,	15.2500
238.61,	15.2400
239.27,	15.2400
239.92,	15.2400
240.57,	15.2300
241.22,	15.2200
241.88,	15.2100
242.53,	15.1800
243.18,	15.1500
243.83,	15.1300
244.49,	15.1000
245.14,	15.0700
245.79,	15.0500
246.44,	15.0500
247.10,	15.0300
247.75,	15.0200
248.40,	15.0100
249.05,	15.0000
249.70,	15.0000
250.36,	14.9800
251.01,	14.9700
251.66,	14.9400
252.31,	14.9200
252.96,	14.9200
253.62,	14.8900
254.27,	14.8600
254.92,	14.8400
255.57,	14.8100
256.22,	14.6900
256.88,	14.5700
257.53,	14.5000
258.18,	14.4900
258.83,	14.4900
259.48,	14.4800
260.13,	14.4700
260.78,	14.4700
261.44,	14.4700
262.09,	14.4600
262.74,	14.4600
263.39,	14.4400
264.04,	14.4000
264.69,	14.3600
265.34,	14.3300
265.99,	14.3100
266.64,	14.3000
267.29,	14.2800
267.95,	14.2800
268.60,	14.2700
269.25,	14.2300
269.90,	14.1900
270.55,	14.1600
271.20,	14.1300
271.85,	14.1300
272.50,	14.1300
273.15,	14.1100
273.80,	14.0700
274.45,	14.0500
275.10,	14.0300
275.75,	14.0100
276.40,	14.0000
277.05,	14.0100
277.70,	14.0100
278.35,	14.0000
279.00,	13.9900
279.65,	13.9900
280.30,	13.9800
280.95,	13.9400
281.60,	13.9100
282.25,	13.9100
282.90,	13.9500
283.55,	13.9700
284.20,	13.9800
284.85,	13.9800
285.50,	13.9800
286.15,	13.9700
286.80,	13.9600
287.45,	13.9400
288.10,	13.9300
288.75,	13.9100
289.40,	13.8600
290.05,	13.8000
290.70,	13.7600
291.35,	13.7400
292.00,	13.7200
292.64,	13.7200
293.29,	13.7000
293.94,	13.6700
294.59,	13.6400
295.24,	13.6300
295.89,	13.6300
296.54,	13.6200
297.19,	13.6100
297.84,	13.6100
298.49,	13.5800
299.13,	13.5400
299.78,	13.5100
300.43,	13.4900
301.08,	13.4800
301.73,	13.4800
302.38,	13.4800
303.02,	13.4800
303.67,	13.5000
304.32,	13.5100
304.97,	13.5100
305.62,	13.5100
306.27,	13.5000
306.91,	13.4800
307.56,	13.4700
308.21,	13.4600
308.86,	13.4500
309.51,	13.4500
310.15,	13.4400
310.80,	13.4300
311.45,	13.4300
312.10,	13.4200
312.75,	13.4100
313.39,	13.3800
314.04,	13.3600
314.69,	13.3200
315.34,	13.2800
315.98,	13.2600
316.63,	13.2400
317.28,	13.2400
317.93,	13.2300
318.57,	13.2300
319.22,	13.2200
319.87,	13.2100
320.52,	13.2100
321.16,	13.2100
321.81,	13.2000
322.46,	13.1900
323.10,	13.1900
323.75,	13.1600
324.40,	13.1400
325.04,	13.1300
325.69,	13.1100
326.34,	13.0900
326.99,	13.0800
327.63,	13.0700
328.28,	13.0700
328.93,	13.0500
329.57,	13.0400
330.22,	13.0500
330.86,	13.0600
331.51,	13.0600
332.16,	13.0600
332.80,	13.0600
333.45,	13.0500
334.10,	13.0200
334.74,	13.0100
335.39,	13.0000
336.03,	13.0100
336.68,	13.0100
337.33,	13.0300
337.97,	13.0500
338.62,	13.0600
339.26,	13.0700
339.91,	13.0700
340.56,	13.0600
341.20,	13.0500
341.85,	13.0400
342.49,	13.0300
343.14,	13.0200
343.78,	13.0200
344.43,	13.0300
345.08,	13.0300
345.72,	13.0300
346.37,	13.0300
347.01,	13.0300
347.66,	13.0500
348.30,	13.0500
348.95,	13.0400
349.59,	13.0200
350.24,	13.0200
350.88,	13.0200
351.53,	13.0100
352.17,	13.0100
352.82,	12.9900
353.46,	12.9800
354.11,	12.9700
354.75,	12.9300
355.40,	12.8900
356.04,	12.8500
356.69,	12.8200
357.33,	12.8100
357.98,	12.7800
358.62,	12.7800
359.27,	12.7800
359.91,	12.7700
360.55,	12.7600
361.20,	12.7600
361.84,	12.7700
362.49,	12.7600
363.13,	12.7600
363.78,	12.7700
364.42,	12.7500
365.06,	12.7500
365.71,	12.7400
366.35,	12.7400
367.00,	12.7400
367.64,	12.7300
368.28,	12.7300
368.93,	12.7400
369.57,	12.7400
370.22,	12.7400
370.86,	12.7400
371.50,	12.7200
372.15,	12.7200
372.79,	12.6900
373.43,	12.6800
374.08,	12.6800
374.72,	12.6700
375.36,	12.6700
376.01,	12.6700
376.65,	12.6500
377.29,	12.6500
377.94,	12.6500
378.58,	12.6400
379.22,	12.6200
379.87,	12.6000
380.51,	12.5600
381.15,	12.5400
381.79,	12.5200
382.44,	12.5000
383.08,	12.5000
383.72,	12.4900
384.37,	12.4800
385.01,	12.4700
385.65,	12.4700
386.29,	12.4600
386.94,	12.4500
387.58,	12.4300
388.22,	12.4300
388.86,	12.4300
389.51,	12.3900
390.15,	12.3600
390.79,	12.3300
391.43,	12.3200
392.08,	12.3000
392.72,	12.2900
393.36,	12.2900
394.00,	12.2900
394.64,	12.2800
395.29,	12.2800
395.93,	12.2700
396.57,	12.2600
397.21,	12.2500
397.85,	12.2400
398.50,	12.2200
399.14,	12.2100
399.78,	12.1800
400.42,	12.1800
401.06,	12.1700
401.70,	12.1600
402.34,	12.1600
402.99,	12.1500
403.63,	12.1500
404.27,	12.1400
404.91,	12.1300
405.55,	12.1200
406.19,	12.1100
406.83,	12.1000
407.48,	12.1100
408.12,	12.0900
408.76,	12.0600
409.40,	12.0500
410.04,	12.0400
410.68,	12.0300
411.32,	12.0300
411.96,	12.0200
412.60,	12.0200
413.24,	12.0200
413.88,	12.0100
414.52,	12.0000
415.17,	11.9900
415.81,	11.9700
416.45,	11.9600
417.09,	11.9400
417.73,	11.9300
418.37,	11.9200
419.01,	11.9200
419.65,	11.9000
420.29,	11.9000
420.93,	11.8900
421.57,	11.8700
422.21,	11.8600
422.85,	11.8600
423.49,	11.8400
424.13,	11.8400
424.77,	11.8300
425.41,	11.8300
426.05,	11.8300
426.69,	11.8300
427.33,	11.8200
427.97,	11.8200
428.61,	11.8100
429.25,	11.8100
429.89,	11.8100
430.53,	11.8100
431.17,	11.8100
431.80,	11.8100
432.44,	11.8100
433.08,	11.8000
433.72,	11.8000
434.36,	11.7900
435.00,	11.7900
435.64,	11.7900
436.28,	11.7900
436.92,	11.7800
437.56,	11.7700
438.20,	11.7600
438.84,	11.7500
439.47,	11.7400
440.11,	11.7200
440.75,	11.7000
441.39,	11.6900
442.03,	11.6800
442.67,	11.6600
443.31,	11.6500
443.95,	11.6200
444.58,	11.5800
445.22,	11.5600
445.86,	11.5500
446.50,	11.5500
447.14,	11.5400
447.78,	11.5400
448.41,	11.5400
449.05,	11.5200
449.69,	11.5100
450.33,	11.4900
450.97,	11.4700
451.60,	11.4500
452.24,	11.4400
452.88,	11.4100
453.52,	11.3900
454.16,	11.3900
454.79,	11.3800
455.43,	11.3700
456.07,	11.3600
456.71,	11.3400
457.35,	11.3300
457.98,	11.3200
458.62,	11.3000
459.26,	11.2800
459.90,	11.2600
460.53,	11.2500
461.17,	11.2400
461.81,	11.2500
462.44,	11.2500
463.08,	11.2300
463.72,	11.1900
464.36,	11.1700
464.99,	11.1600
465.63,	11.1600
466.27,	11.1700
466.90,	11.1500
467.54,	11.1500
468.18,	11.1500
468.81,	11.1500
469.45,	11.1600
470.09,	11.1600
470.72,	11.1700
471.36,	11.1800
472.00,	11.1900
472.63,	11.2000
473.27,	11.2000
473.91,	11.1900
474.54,	11.1900
475.18,	11.1800
475.82,	11.1800
476.45,	11.1800
477.09,	11.1600
477.73,	11.1400
478.36,	11.1300
479.00,	11.1200
479.63,	11.1200
480.27,	11.0900
480.91,	11.0500
481.54,	11.0200
482.18,	11.0300
482.81,	11.0300
483.45,	11.0300
484.08,	11.0200
484.72,	11.0100
485.36,	11.0200
485.99,	11.0100
486.63,	11.0100
487.26,	11.0100
487.90,	11.0100
488.53,	11.0100
489.17,	11.0100
489.80,	11.0100
490.44,	11.0100
491.07,	11.0100
491.71,	11.0000
492.34,	11.0000
492.98,	10.9800
493.62,	10.9700
494.25,	10.9600
494.89,	10.9500
495.52,	10.9200
496.15,	10.9100
496.79,	10.8900
497.42,	10.8800
498.06,	10.8900
498.69,	10.8800
499.33,	10.8700
499.96,	10.8600
500.60,	10.8500
501.23,	10.8500
501.87,	10.8500
502.50,	10.8500
503.14,	10.8400
503.77,	10.8300
504.40,	10.8300
505.04,	10.8200
505.67,	10.8100
506.31,	10.8000
506.94,	10.7900
507.57,	10.7700
508.21,	10.7700
508.84,	10.7600
509.48,	10.7700
510.11,	10.7600
510.74,	10.7500
511.38,	10.7400
512.01,	10.7300
512.65,	10.7300
513.28,	10.7300
513.91,	10.7200
514.55,	10.7100
515.18,	10.7100
515.81,	10.7000
516.45,	10.6900
517.08,	10.6900
517.71,	10.6900
518.35,	10.6900
518.98,	10.6900
519.61,	10.6900
520.25,	10.6900
520.88,	10.6800
521.51,	10.6800
522.15,	10.6700
522.78,	10.6800
523.41,	10.6800
524.04,	10.6700
524.68,	10.6700
525.31,	10.6500
525.94,	10.6400
526.58,	10.6300
527.21,	10.6200
527.84,	10.6200
528.47,	10.6100
529.11,	10.6000
529.74,	10.5900
530.37,	10.5800
531.00,	10.5600
531.64,	10.5300
532.27,	10.5300
532.90,	10.5000
533.53,	10.4800
534.17,	10.4600
534.80,	10.4400
535.43,	10.4300
536.06,	10.4400
536.69,	10.4400
537.33,	10.4300
537.96,	10.4300
538.59,	10.4300
539.22,	10.4300
539.85,	10.4300
540.48,	10.4300
541.12,	10.4200
541.75,	10.4200
542.38,	10.4200
543.01,	10.4200
543.64,	10.4100
544.27,	10.4000
544.91,	10.4000
545.54,	10.3900
546.17,	10.3700
546.80,	10.3500
547.43,	10.3400
548.06,	10.3100
548.69,	10.2800
549.32,	10.2500
549.95,	10.2200
550.59,	10.2000
551.22,	10.1700
551.85,	10.1600
552.48,	10.1500
553.11,	10.1500
553.74,	10.1500
554.37,	10.1500
555.00,	10.1500
555.63,	10.1400
556.26,	10.1300
556.89,	10.1300
557.52,	10.1100
558.15,	10.0900
558.78,	10.0700
559.42,	10.0500
560.05,	10.0400
560.68,	10.0200
561.31,	10.0000
561.94,	10.0000
562.57,	10.0000
563.20,	9.9800
563.83,	9.9800
564.46,	9.9700
565.09,	9.9600
565.72,	9.9700
566.35,	9.9600
566.98,	9.9600
567.61,	9.9500
568.24,	9.9500
568.87,	9.9400
569.50,	9.9300
570.12,	9.9200
570.75,	9.9000
571.38,	9.8900
572.01,	9.8900
572.64,	9.8800
573.27,	9.8800
573.90,	9.8500
574.53,	9.8400
575.16,	9.8300
575.79,	9.8300
576.42,	9.8200
577.05,	9.8100
577.68,	9.7900
578.31,	9.7800
578.93,	9.7600
579.56,	9.7400
580.19,	9.7200
580.82,	9.7000
581.45,	9.6800
582.08,	9.6700
582.71,	9.6600
583.34,	9.6500
583.97,	9.6400
584.59,	9.6400
585.22,	9.6300
585.85,	9.6200
586.48,	9.6100
587.11,	9.6000
587.74,	9.6100
588.36,	9.6100
588.99,	9.6000
589.62,	9.6000
590.25,	9.6000
590.88,	9.5900
591.50,	9.5800
592.13,	9.5800
592.76,	9.5800
593.39,	9.5700
594.02,	9.5600
594.64,	9.5600
595.27,	9.5500
595.90,	9.5400
596.53,	9.5300
597.16,	9.5200
597.78,	9.5100
598.41,	9.5000
599.04,	9.4900
599.67,	9.4800
600.29,	9.4500
600.92,	9.4400
601.55,	9.4300
602.18,	9.4200
602.80,	9.4000
603.43,	9.4000
604.06,	9.3900
604.68,	9.3700
605.31,	9.3500
605.94,	9.3300
606.57,	9.3200
607.19,	9.3100
607.82,	9.3100
608.45,	9.2900
609.07,	9.2700
609.70,	9.2400
610.33,	9.2000
610.95,	9.1700
611.58,	9.1500
612.21,	9.1300
612.83,	9.1300
613.46,	9.1200
614.09,	9.1100
614.71,	9.1000
615.34,	9.1000
615.97,	9.1000
616.59,	9.0900
617.22,	9.0800
617.84,	9.0700
618.47,	9.0500
619.10,	9.0500
619.72,	9.0500
620.35,	9.0300
620.97,	9.0200
621.60,	9.0000
622.23,	8.9900
622.85,	8.9600
623.48,	8.9300
624.10,	8.9000
624.73,	8.8700
625.35,	8.8500
625.98,	8.8200
626.61,	8.8000
627.23,	8.8000
627.86,	8.8000
628.48,	8.7800
629.11,	8.7800
629.73,	8.7800
630.36,	8.7700
630.98,	8.7700
631.61,	8.7700
632.23,	8.7500
632.86,	8.7200
633.48,	8.6900
634.11,	8.6600
634.73,	8.6300
635.36,	8.6100
635.98,	8.6100
636.61,	8.5900
637.23,	8.5800
637.86,	8.5800
638.48,	8.5800
639.11,	8.5800
639.73,	8.5800
640.36,	8.5800
640.98,	8.5700
641.61,	8.5600
642.23,	8.5600
642.85,	8.5600
643.48,	8.5500
644.10,	8.5400
644.73,	8.5300
645.35,	8.5200
645.98,	8.5100
646.60,	8.5100
647.22,	8.5000
647.85,	8.5000
648.47,	8.5000
649.10,	8.4900
649.72,	8.4900
650.34,	8.4800
650.97,	8.4700
651.59,	8.4700
652.22,	8.4700
652.84,	8.4700
653.46,	8.4600
654.09,	8.4500
654.71,	8.4500
655.33,	8.4300
655.96,	8.4200
656.58,	8.4100
657.20,	8.4100
657.83,	8.3900
658.45,	8.3900
659.07,	8.3800
659.70,	8.3700
660.32,	8.3600
660.94,	8.3500
661.57,	8.3500
662.19,	8.3400
662.81,	8.3300
663.43,	8.3300
664.06,	8.3200
664.68,	8.3200
665.30,	8.3100
665.93,	8.3000
666.55,	8.3000
667.17,	8.3000
667.79,	8.2900
668.42,	8.2800
669.04,	8.2400
669.66,	8.2200
670.28,	8.1900
670.91,	8.1800
671.53,	8.1800
672.15,	8.1800
672.77,	8.1600
673.39,	8.1600
674.02,	8.1500
674.64,	8.1400
675.26,	8.1400
675.88,	8.1400
676.50,	8.1300
677.13,	8.1200
677.75,	8.1000
678.37,	8.1000
678.99,	8.0900
679.61,	8.0800
680.24,	8.0800
680.86,	8.0700
681.48,	8.0600
682.10,	8.0500
682.72,	8.0500
683.34,	8.0400
683.96,	8.0400
684.59,	8.0200
685.21,	8.0100
685.83,	8.0100
686.45,	8.0000
687.07,	7.9900
687.69,	7.9700
688.31,	7.9600
688.93,	7.9500
689.56,	7.9500
690.18,	7.9300
690.80,	7.9100
691.42,	7.8900
692.04,	7.8800
692.66,	7.8700
693.28,	7.8400
693.90,	7.8100
694.52,	7.7900
695.14,	7.7700
695.76,	7.7500
696.38,	7.7300
697.00,	7.7200
697.62,	7.7100
698.25,	7.7000
698.87,	7.6800
699.49,	7.6700
700.11,	7.6600
700.73,	7.6500
701.35,	7.6300
701.97,	7.6200
702.59,	7.6100
703.21,	7.6100
703.83,	7.6000
704.45,	7.6000
705.07,	7.5900
705.69,	7.5700
706.31,	7.5700
706.93,	7.5600
707.55,	7.5400
708.17,	7.5400
708.79,	7.5200
709.40,	7.5200
710.02,	7.5100
710.64,	7.5000
711.26,	7.4900
711.88,	7.4800
712.50,	7.4500
713.12,	7.4300
713.74,	7.4100
714.36,	7.4100
714.98,	7.3900
715.60,	7.3900
716.22,	7.3800
716.84,	7.3700
717.45,	7.3300
718.07,	7.2800
718.69,	7.2500
719.31,	7.2300
719.93,	7.2200
720.55,	7.1900
721.17,	7.1700
721.79,	7.1500
722.41,	7.1300
723.02,	7.1200
723.64,	7.1100
724.26,	7.1100
724.88,	7.1000
725.50,	7.1000
726.12,	7.0900
726.73,	7.0600
727.35,	7.0300
727.97,	6.9900
728.59,	6.9700
729.21,	6.9500
729.83,	6.9200
730.44,	6.9000
731.06,	6.8800
731.68,	6.8800
732.30,	6.8600
732.92,	6.8500
733.53,	6.8100
734.15,	6.7600
734.77,	6.7400
735.39,	6.7200
736.00,	6.7200
736.62,	6.7100
737.24,	6.6900
737.86,	6.6900
738.47,	6.6800
739.09,	6.6400
739.71,	6.6000
740.33,	6.5900
740.94,	6.5700
741.56,	6.5700
742.18,	6.5700
742.79,	6.5800
743.41,	6.6000
744.03,	6.6100
744.65,	6.6200
745.26,	6.6400
745.88,	6.6500
746.50,	6.6700
747.11,	6.6800
747.73,	6.6800
748.35,	6.6800
748.96,	6.6800
749.58,	6.6800
750.20,	6.6800
750.81,	6.6800
751.43,	6.6700
752.05,	6.6600
752.66,	6.6400
753.28,	6.6300
753.90,	6.6200
754.51,	6.6100
755.13,	6.5800
755.74,	6.5600
756.36,	6.5600
756.98,	6.5500
757.59,	6.5500
758.21,	6.5400
758.82,	6.5400
759.44,	6.5400
760.06,	6.5400
760.67,	6.5400
761.29,	6.5400
761.90,	6.5300
762.52,	6.5400
763.14,	6.5400
763.75,	6.5400
764.37,	6.5400
764.98,	6.5400
765.60,	6.5300
766.21,	6.5200
766.83,	6.5100
767.44,	6.5200
768.06,	6.5100
768.67,	6.5100
769.29,	6.5000
769.90,	6.4900
770.52,	6.4800
771.14,	6.4700
771.75,	6.4700
772.37,	6.4700
772.98,	6.4600
773.59,	6.4500
774.21,	6.4300
774.82,	6.4200
775.44,	6.3900
776.05,	6.3900
776.67,	6.3900
777.28,	6.3800
777.90,	6.3600
778.51,	6.3400
779.13,	6.3200
779.74,	6.3100
780.36,	6.2900
780.97,	6.2500
781.58,	6.2200
782.20,	6.2100
782.81,	6.1900
783.43,	6.1700
784.04,	6.1500
784.66,	6.1400
785.27,	6.1200
785.88,	6.1100
786.50,	6.1000
787.11,	6.0900
787.73,	6.0800
788.34,	6.0700
788.95,	6.0500
789.57,	6.0300
790.18,	6.0000
790.79,	5.9700
791.41,	5.9700
792.02,	5.9700
792.63,	5.9600
793.25,	5.9500
793.86,	5.9400
794.47,	5.9300
795.09,	5.9100
795.70,	5.8900
796.31,	5.8700
796.93,	5.8400
797.54,	5.8100
798.15,	5.7900
798.77,	5.7800
799.38,	5.7800
799.99,	5.7700
800.61,	5.7700
801.22,	5.7600
801.83,	5.7300
802.44,	5.7000
803.06,	5.6600
803.67,	5.6100
804.28,	5.5800
804.90,	5.5600
805.51,	5.5500
806.12,	5.5500
806.73,	5.5400
807.34,	5.5400
807.96,	5.5500
808.57,	5.5500
809.18,	5.5400
809.79,	5.5400
810.41,	5.5400
811.02,	5.5500
811.63,	5.5700
812.24,	5.5800
812.85,	5.5900
813.47,	5.6000
814.08,	5.6100
814.69,	5.6300
815.30,	5.6400
815.91,	5.6600
816.53,	5.6600
817.14,	5.6600
817.75,	5.6600
818.36,	5.6600
818.97,	5.6700
819.58,	5.6800
820.20,	5.6900
820.81,	5.7000
821.42,	5.7100
822.03,	5.7200
822.64,	5.7200
823.25,	5.7200
823.86,	5.7300
824.47,	5.7400
825.09,	5.7400
825.70,	5.7400
826.31,	5.7400
826.92,	5.7400
827.53,	5.7400
828.14,	5.7500
828.75,	5.7500
829.36,	5.7400
829.97,	5.7500
830.58,	5.7600
831.19,	5.7600
831.80,	5.7600
832.42,	5.7600
833.03,	5.7600
833.64,	5.7600
834.25,	5.7600
834.86,	5.7600
835.47,	5.7600
836.08,	5.7600
836.69,	5.7500
837.30,	5.7500
837.91,	5.7500
838.52,	5.7600
839.13,	5.7500
839.74,	5.7500
840.35,	5.7500
840.96,	5.7500
841.57,	5.7400
842.18,	5.7300
842.79,	5.7300
843.40,	5.7300
844.01,	5.7100
844.62,	5.6900
845.23,	5.6800
845.84,	5.6800
846.45,	5.6700
847.06,	5.6600
847.67,	5.6700
848.27,	5.6600
848.88,	5.6500
849.49,	5.6300
850.10,	5.6200
850.71,	5.6200
851.32,	5.6100
851.93,	5.6000
852.54,	5.5700
853.15,	5.5400
853.76,	5.5100
854.37,	5.4800
854.98,	5.4400
855.58,	5.4200
856.19,	5.4100
856.80,	5.3900
857.41,	5.3700
858.02,	5.3600
858.63,	5.3600
859.24,	5.3600
859.85,	5.3400
860.45,	5.3300
861.06,	5.3200
861.67,	5.3200
862.28,	5.3200
862.89,	5.3100
863.50,	5.3100
864.10,	5.3000
864.71,	5.2700
865.32,	5.2100
865.93,	5.1600
866.54,	5.0900
867.14,	5.0400
867.75,	5.0100
868.36,	5.0000
868.97,	5.0000
869.58,	4.9800
870.18,	4.9700
870.79,	4.9600
871.40,	4.9500
872.01,	4.9400
872.61,	4.9300
873.22,	4.9100
873.83,	4.9000
874.44,	4.8900
875.04,	4.8900
875.65,	4.8800
876.26,	4.8500
876.87,	4.8300
877.47,	4.8200
878.08,	4.8100
878.69,	4.8200
879.29,	4.8200
879.90,	4.8000
880.51,	4.7900
881.12,	4.7800
881.72,	4.7600
882.33,	4.7400
882.94,	4.7100
883.54,	4.6800
884.15,	4.6500
884.76,	4.6400
885.36,	4.6400
885.97,	4.6300
886.58,	4.6400
887.18,	4.6400
887.79,	4.6300
888.40,	4.6300
889.00,	4.6200
889.61,	4.6100
890.22,	4.5900
890.82,	4.5700
891.43,	4.5700
892.03,	4.5600
892.64,	4.5500
893.25,	4.5300
893.85,	4.5100
894.46,	4.4900
895.06,	4.4700
895.67,	4.4400
896.28,	4.4400
896.88,	4.4300
897.49,	4.4300
898.09,	4.4200
898.70,	4.4200
899.30,	4.4100
899.91,	4.4100
900.52,	4.4100
901.12,	4.4000
901.73,	4.3900
902.33,	4.3900
902.94,	4.3800
903.54,	4.3800
904.15,	4.3800
904.75,	4.3800
905.36,	4.3800
905.96,	4.3700
906.57,	4.3700
907.17,	4.3700
907.78,	4.3700
908.38,	4.3700
908.99,	4.3600
909.59,	4.3500
910.20,	4.3500
910.80,	4.3500
911.41,	4.3500
912.01,	4.3500
912.62,	4.3400
913.22,	4.3300
913.83,	4.3300
914.43,	4.3200
915.03,	4.3200
915.64,	4.3100
916.24,	4.3100
916.85,	4.3100
917.45,	4.3000
918.06,	4.3000
918.66,	4.3000
919.26,	4.2900
919.87,	4.2800
920.47,	4.2800
921.08,	4.2700
921.68,	4.2700
922.28,	4.2800
922.89,	4.2800
923.49,	4.2700
924.10,	4.2500
924.70,	4.2400
925.30,	4.2500
925.91,	4.2500
926.51,	4.2600
927.11,	4.2700
927.72,	4.2800
928.32,	4.2700
928.92,	4.2600
929.53,	4.2600
930.13,	4.2600
930.74,	4.2600
931.34,	4.2600
931.94,	4.2500
932.54,	4.2400
933.15,	4.2400
933.75,	4.2400
934.35,	4.2500
934.96,	4.2400
935.56,	4.2400
936.16,	4.2300
936.77,	4.2300
937.37,	4.2400
937.97,	4.2400
938.57,	4.2400
939.18,	4.2500
939.78,	4.2400
940.38,	4.2400
940.98,	4.2400
941.59,	4.2400
942.19,	4.2800
942.79,	4.9000
943.39,	7.1600
944.00,	10.7800
944.60,	13.7700
945.20,	15.2300
945.80,	16.0100
946.40,	16.5500
947.01,	16.9700
947.61,	17.3400
948.21,	17.6800
948.81,	17.9900
949.41,	18.2700
950.02,	18.5300
950.62,	18.7700
951.22,	19.0100
951.82,	19.2300
952.42,	19.4400
953.02,	19.6300
953.63,	19.8800
954.23,	27.6700
954.83,	35.5000
955.43,	35.5000
956.03,	35.5000
956.63,	35.5000
957.24,	35.5000
957.84,	35.5000
958.44,	35.5000
959.04,	35.5000
959.64,	35.5000
960.24,	35.5000
960.84,	35.5000
961.44,	35.5000
962.04,	35.5000
962.64,	35.5000
963.25,	35.5000
963.85,	35.5000
964.45,	35.5000
965.05,	35.5000
965.65,	35.5000
966.25,	35.5000
966.85,	35.5000
967.45,	35.5000
968.05,	35.5000
968.65,	35.5000
969.25,	35.5000
969.85,	35.5000
970.45,	35.5000
971.05,	35.5000
971.65,	35.5000
972.25,	35.5000
972.85,	35.5000
973.45,	35.5000
974.05,	35.5000
974.65,	35.5000
975.25,	35.5000
975.85,	35.5000
976.45,	35.5000
977.05,	35.5000
977.65,	35.5000
978.25,	35.5000
978.85,	35.5000
979.45,	35.5000
980.05,	35.5000
980.65,	35.5000
981.25,	35.5000
981.85,	35.5000
982.45,	35.5000
983.05,	35.5000
983.65,	35.5000
984.25,	35.5000
984.85,	35.5000
985.45,	35.5000
986.04,	35.5000
986.64,	35.5000
987.24,	35.5000
987.84,	9.7900
988.44,	-2.5200
989.04,	-2.5200
989.64,	-2.5200
990.24,	-2.5200
990.84,	-2.5200
991.44,	-2.5200
992.03,	-2.5200
992.63,	-2.5200
993.23,	-2.5200
993.83,	-2.5200
994.43,	-2.5200
995.03,	-2.5200
995.63,	-2.5200
996.22,	-2.5200
996.82,	35.5000
997.42,	35.5000
998.02,	35.5000
998.62,	35.5000
999.21,	35.5000
999.81,	35.5000
1000.41,	35.5000
