Call Sign = ZSDA,	Ship Name = SA Agulhas,	Lloyds Num = 0
Date = 12/02/2016,	Time = 20:01,	
Latitude = 40 43.81  S,	Longitude = 010 17.66  E
Instr = Sippican Deep Blue,	Card Type = Sippican MK-21,	
Wind Instr = ,	Measur Method = 
Probe Serial Num = -1,	Ship Dir = -1,	Ship Speed = -1.00
Wind Dir = 333,	Wind Speed = 15.90
Dry Bulb Temp = 13.20,	Total Water Depth = -1.00

Full Resolution Values
Depth,	 Temp
0.67,	15.2600
1.34,	14.9600
2.01,	14.9500
2.68,	14.9500
3.34,	14.9500
4.01,	14.9500
4.68,	14.9500
5.35,	14.9500
6.02,	14.9400
6.69,	14.9500
7.36,	14.9500
8.03,	14.9500
8.69,	14.9500
9.36,	14.9500
10.03,	14.9500
10.70,	14.9500
11.37,	14.9400
12.04,	14.9300
12.70,	14.9200
13.37,	14.9000
14.04,	14.8800
14.71,	14.8400
15.38,	14.7900
16.05,	14.7600
16.71,	14.7400
17.38,	14.7300
18.05,	14.7300
18.72,	14.7300
19.38,	14.7300
20.05,	14.7300
20.72,	14.7300
21.39,	14.7300
22.06,	14.7300
22.72,	14.7300
23.39,	14.7300
24.06,	14.7300
24.73,	14.7400
25.39,	14.7300
26.06,	14.7300
26.73,	14.7200
27.40,	14.7200
28.06,	14.7300
28.73,	14.7300
29.40,	14.7200
30.06,	14.7200
30.73,	14.7200
31.40,	14.7200
32.06,	14.7200
32.73,	14.7200
33.40,	14.7200
34.07,	14.7200
34.73,	14.7200
35.40,	14.7200
36.07,	14.7200
36.73,	14.7200
37.40,	14.7200
38.07,	14.7200
38.73,	14.7100
39.40,	14.7100
40.06,	14.7100
40.73,	14.7000
41.40,	14.7000
42.06,	14.6900
42.73,	14.6900
43.40,	14.6800
44.06,	14.6700
44.73,	14.6600
45.39,	14.6500
46.06,	14.6400
46.73,	14.6200
47.39,	14.6100
48.06,	14.6000
48.72,	14.5900
49.39,	14.5600
50.06,	14.5300
50.72,	14.4900
51.39,	14.4600
52.05,	14.4400
52.72,	14.4000
53.38,	14.3300
54.05,	14.2300
54.71,	14.0200
55.38,	13.8000
56.05,	13.6600
56.71,	13.5700
57.38,	13.5200
58.04,	13.4900
58.71,	13.4600
59.37,	13.4100
60.04,	13.3500
60.70,	13.3000
61.37,	13.2400
62.03,	13.2000
62.70,	13.1600
63.36,	13.1400
64.03,	13.1400
64.69,	13.1400
65.36,	13.1200
66.02,	13.0900
66.69,	13.0600
67.35,	13.0400
68.01,	13.0000
68.68,	12.9600
69.34,	12.9400
70.01,	12.9200
70.67,	12.9000
71.34,	12.8700
72.00,	12.8100
72.66,	12.7600
73.33,	12.7400
73.99,	12.7300
74.66,	12.7400
75.32,	12.7600
75.98,	12.7900
76.65,	12.8200
77.31,	12.8500
77.98,	12.8500
78.64,	12.8300
79.30,	12.8200
79.97,	12.8100
80.63,	12.8100
81.30,	12.8100
81.96,	12.8000
82.62,	12.7800
83.29,	12.7400
83.95,	12.7000
84.61,	12.6700
85.28,	12.6100
85.94,	12.5500
86.60,	12.5000
87.27,	12.4300
87.93,	12.3000
88.59,	12.1700
89.26,	12.0700
89.92,	11.9900
90.58,	11.9400
91.24,	11.9100
91.91,	11.8900
92.57,	11.9100
93.23,	11.9500
93.90,	11.9700
94.56,	11.9600
95.22,	11.9400
95.88,	11.9000
96.55,	11.8500
97.21,	11.8400
97.87,	11.8400
98.53,	11.8200
99.20,	11.7900
99.86,	11.7700
100.52,	11.7500
101.18,	11.7300
101.85,	11.6900
102.51,	11.6400
103.17,	11.5800
103.83,	11.5400
104.49,	11.5300
105.16,	11.5100
105.82,	11.4900
106.48,	11.4600
107.14,	11.4300
107.80,	11.4000
108.47,	11.3900
109.13,	11.3800
109.79,	11.3700
110.45,	11.3600
111.11,	11.3600
111.77,	11.3600
112.44,	11.3500
113.10,	11.3400
113.76,	11.3100
114.42,	11.2700
115.08,	11.2400
115.74,	11.2300
116.40,	11.2200
117.06,	11.2000
117.73,	11.1900
118.39,	11.1700
119.05,	11.1500
119.71,	11.1400
120.37,	11.1000
121.03,	11.0500
121.69,	11.0200
122.35,	10.9800
123.01,	10.9400
123.67,	10.8800
124.33,	10.8100
125.00,	10.7500
125.66,	10.7100
126.32,	10.7000
126.98,	10.6900
127.64,	10.6900
128.30,	10.6900
128.96,	10.6900
129.62,	10.6900
130.28,	10.6800
130.94,	10.6800
131.60,	10.6700
132.26,	10.6600
132.92,	10.6600
133.58,	10.6500
134.24,	10.6400
134.90,	10.6300
135.56,	10.6200
136.22,	10.6100
136.88,	10.6000
137.54,	10.5900
138.20,	10.5900
138.86,	10.5900
139.52,	10.5800
140.18,	10.5600
140.84,	10.5400
141.50,	10.5300
142.16,	10.5300
142.82,	10.5200
143.48,	10.5100
144.14,	10.5000
144.79,	10.4700
145.45,	10.4500
146.11,	10.4300
146.77,	10.4100
147.43,	10.3800
148.09,	10.3500
148.75,	10.3400
149.41,	10.3300
150.07,	10.3300
150.73,	10.3200
151.39,	10.3100
152.04,	10.3000
152.70,	10.2800
153.36,	10.2700
154.02,	10.2600
154.68,	10.2400
155.34,	10.2100
156.00,	10.1700
156.65,	10.1500
157.31,	10.1300
157.97,	10.1200
158.63,	10.1100
159.29,	10.1000
159.95,	10.1100
160.60,	10.1000
161.26,	10.0900
161.92,	10.0800
162.58,	10.0800
163.24,	10.0700
163.90,	10.0700
164.55,	10.0700
165.21,	10.0700
165.87,	10.0600
166.53,	10.0600
167.18,	10.0500
167.84,	10.0500
168.50,	10.0400
169.16,	10.0400
169.82,	10.0300
170.47,	10.0300
171.13,	10.0300
171.79,	10.0300
172.44,	10.0200
173.10,	10.0100
173.76,	9.9800
174.42,	9.9600
175.07,	9.9400
175.73,	9.9300
176.39,	9.9100
177.05,	9.8900
177.70,	9.8600
178.36,	9.8400
179.02,	9.8200
179.67,	9.7900
180.33,	9.7800
180.99,	9.7800
181.64,	9.7800
182.30,	9.7700
182.96,	9.7700
183.61,	9.7600
184.27,	9.7500
184.93,	9.7400
185.58,	9.7200
186.24,	9.6800
186.90,	9.6400
187.55,	9.6000
188.21,	9.5700
188.87,	9.5400
189.52,	9.5300
190.18,	9.5300
190.83,	9.5400
191.49,	9.5400
192.15,	9.5400
192.80,	9.5300
193.46,	9.5100
194.11,	9.4900
194.77,	9.4600
195.43,	9.4500
196.08,	9.4500
196.74,	9.4400
197.39,	9.4400
198.05,	9.4400
198.70,	9.4300
199.36,	9.4200
200.02,	9.4000
200.67,	9.3800
201.33,	9.3500
201.98,	9.3400
202.64,	9.3300
203.29,	9.3200
203.95,	9.3200
204.60,	9.3000
205.26,	9.3000
205.91,	9.3000
206.57,	9.2800
207.22,	9.2600
207.88,	9.2300
208.53,	9.2100
209.19,	9.2000
209.84,	9.2200
210.50,	9.2700
211.15,	9.3300
211.81,	9.3800
212.46,	9.4200
213.12,	9.4600
213.77,	9.4800
214.43,	9.4800
215.08,	9.4800
215.74,	9.4800
216.39,	9.4800
217.04,	9.4900
217.70,	9.5100
218.35,	9.5200
219.01,	9.5200
219.66,	9.4900
220.32,	9.4200
220.97,	9.3800
221.62,	9.3600
222.28,	9.3500
222.93,	9.3300
223.59,	9.2900
224.24,	9.2200
224.89,	9.1500
225.55,	9.1300
226.20,	9.1200
226.85,	9.1200
227.51,	9.1200
228.16,	9.1200
228.81,	9.1200
229.47,	9.1100
230.12,	9.1100
230.78,	9.1100
231.43,	9.1100
232.08,	9.1100
232.74,	9.1100
233.39,	9.1100
234.04,	9.1100
234.69,	9.1100
235.35,	9.1000
236.00,	9.1000
236.65,	9.1000
237.31,	9.1000
237.96,	9.1100
238.61,	9.1100
239.27,	9.1200
239.92,	9.1200
240.57,	9.1200
241.22,	9.1200
241.88,	9.1200
242.53,	9.1200
243.18,	9.1200
243.83,	9.1300
244.49,	9.1300
245.14,	9.1400
245.79,	9.1400
246.44,	9.1400
247.10,	9.1400
247.75,	9.1400
248.40,	9.1400
249.05,	9.1300
249.70,	9.1300
250.36,	9.1400
251.01,	9.1300
251.66,	9.1200
252.31,	9.1200
252.96,	9.1300
253.62,	9.1200
254.27,	9.1300
254.92,	9.1400
255.57,	9.1600
256.22,	9.1800
256.88,	9.1900
257.53,	9.1800
258.18,	9.1800
258.83,	9.1800
259.48,	9.1800
260.13,	9.1800
260.78,	9.1800
261.44,	9.1800
262.09,	9.1800
262.74,	9.1900
263.39,	9.2100
264.04,	9.2400
264.69,	9.2500
265.34,	9.2600
265.99,	9.2600
266.64,	9.2600
267.29,	9.2500
267.95,	9.2400
268.60,	9.2300
269.25,	9.2300
269.90,	9.2200
270.55,	9.2200
271.20,	9.2100
271.85,	9.2100
272.50,	9.2000
273.15,	9.1900
273.80,	9.1900
274.45,	9.2000
275.10,	9.2200
275.75,	9.2300
276.40,	9.2500
277.05,	9.2500
277.70,	9.2500
278.35,	9.2500
279.00,	9.2400
279.65,	9.2300
280.30,	9.2200
280.95,	9.2200
281.60,	9.2100
282.25,	9.2100
282.90,	9.2100
283.55,	9.2100
284.20,	9.2100
284.85,	9.2100
285.50,	9.2100
286.15,	9.2100
286.80,	9.2000
287.45,	9.2000
288.10,	9.2000
288.75,	9.2000
289.40,	9.2100
290.05,	9.2100
290.70,	9.2000
291.35,	9.2000
292.00,	9.2000
292.64,	9.2000
293.29,	9.1900
293.94,	9.1800
294.59,	9.1800
295.24,	9.1500
295.89,	9.1400
296.54,	9.1300
297.19,	9.1300
297.84,	9.1200
298.49,	9.1200
299.13,	9.1200
299.78,	9.1000
300.43,	9.0900
301.08,	9.0800
301.73,	9.0800
302.38,	9.0700
303.02,	9.0700
303.67,	9.0600
304.32,	9.0600
304.97,	9.0400
305.62,	9.0200
306.27,	8.9900
306.91,	9.0100
307.56,	9.0300
308.21,	9.0400
308.86,	9.0300
309.51,	9.0000
310.15,	8.9800
310.80,	8.9600
311.45,	8.9400
312.10,	8.9100
312.75,	8.8700
313.39,	8.8400
314.04,	8.8300
314.69,	8.8400
315.34,	8.8400
315.98,	8.8400
316.63,	8.8500
317.28,	8.8500
317.93,	8.8400
318.57,	8.8400
319.22,	8.7800
319.87,	8.7100
320.52,	8.6500
321.16,	8.6200
321.81,	8.6100
322.46,	8.6100
323.10,	8.6100
323.75,	8.6100
324.40,	8.6100
325.04,	8.6100
325.69,	8.6100
326.34,	8.6100
326.99,	8.6100
327.63,	8.6100
328.28,	8.6000
328.93,	8.5900
329.57,	8.5800
330.22,	8.5800
330.86,	8.5800
331.51,	8.5800
332.16,	8.5700
332.80,	8.5600
333.45,	8.5600
334.10,	8.5600
334.74,	8.5500
335.39,	8.5500
336.03,	8.5400
336.68,	8.5400
337.33,	8.5300
337.97,	8.5400
338.62,	8.5400
339.26,	8.5300
339.91,	8.5300
340.56,	8.5300
341.20,	8.5400
341.85,	8.5500
342.49,	8.5500
343.14,	8.5500
343.78,	8.5300
344.43,	8.5200
345.08,	8.5200
345.72,	8.5100
346.37,	8.4900
347.01,	8.4700
347.66,	8.4600
348.30,	8.4600
348.95,	8.4600
349.59,	8.4400
350.24,	8.4400
350.88,	8.4500
351.53,	8.4500
352.17,	8.4400
352.82,	8.4200
353.46,	8.3900
354.11,	8.3600
354.75,	8.3300
355.40,	8.3300
356.04,	8.3300
356.69,	8.3300
357.33,	8.3500
357.98,	8.3600
358.62,	8.3700
359.27,	8.3600
359.91,	8.3600
360.55,	8.3600
361.20,	8.3600
361.84,	8.3500
362.49,	8.3500
363.13,	8.3500
363.78,	8.3500
364.42,	8.3400
365.06,	8.3400
365.71,	8.3400
366.35,	8.3300
367.00,	8.3200
367.64,	8.3100
368.28,	8.3000
368.93,	8.2900
369.57,	8.2800
370.22,	8.2800
370.86,	8.2800
371.50,	8.2800
372.15,	8.2800
372.79,	8.2800
373.43,	8.2800
374.08,	8.2800
374.72,	8.2800
375.36,	8.2800
376.01,	8.2800
376.65,	8.2800
377.29,	8.2700
377.94,	8.2700
378.58,	8.2700
379.22,	8.2800
379.87,	8.2800
380.51,	8.2500
381.15,	8.2300
381.79,	8.2200
382.44,	8.2200
383.08,	8.2000
383.72,	8.1800
384.37,	8.1700
385.01,	8.1600
385.65,	8.1400
386.29,	8.1300
386.94,	8.1200
387.58,	8.1000
388.22,	8.0900
388.86,	8.0900
389.51,	8.0900
390.15,	8.1000
390.79,	8.1000
391.43,	8.1000
392.08,	8.1000
392.72,	8.1100
393.36,	8.1000
394.00,	8.1000
394.64,	8.0900
395.29,	8.0800
395.93,	8.0600
396.57,	8.0500
397.21,	8.0500
397.85,	8.0400
398.50,	8.0200
399.14,	8.0200
399.78,	8.0100
400.42,	8.0000
401.06,	7.9900
401.70,	7.9700
402.34,	7.9500
402.99,	7.9300
403.63,	7.9200
404.27,	7.9100
404.91,	7.9000
405.55,	7.9000
406.19,	7.9100
406.83,	7.9200
407.48,	7.9200
408.12,	7.9200
408.76,	7.9200
409.40,	7.9200
410.04,	7.9200
410.68,	7.9100
411.32,	7.8900
411.96,	7.8800
412.60,	7.8800
413.24,	7.8800
413.88,	7.8800
414.52,	7.8800
415.17,	7.8800
415.81,	7.8800
416.45,	7.8700
417.09,	7.8400
417.73,	7.8200
418.37,	7.8200
419.01,	7.8200
419.65,	7.8200
420.29,	7.8100
420.93,	7.7900
421.57,	7.7700
422.21,	7.7600
422.85,	7.7500
423.49,	7.7500
424.13,	7.7400
424.77,	7.7300
425.41,	7.7100
426.05,	7.7000
426.69,	7.6900
427.33,	7.6700
427.97,	7.6500
428.61,	7.6300
429.25,	7.6200
429.89,	7.6100
430.53,	7.5800
431.17,	7.5300
431.80,	7.4900
432.44,	7.4400
433.08,	7.3600
433.72,	7.2600
434.36,	7.1800
435.00,	7.1500
435.64,	7.1400
436.28,	7.1300
436.92,	7.1300
437.56,	7.1300
438.20,	7.1400
438.84,	7.1400
439.47,	7.1400
440.11,	7.1300
440.75,	7.0900
441.39,	7.0400
442.03,	7.0000
442.67,	6.9600
443.31,	6.9300
443.95,	6.9100
444.58,	6.9000
445.22,	6.9000
445.86,	6.9000
446.50,	6.9000
447.14,	6.9000
447.78,	6.8900
448.41,	6.8700
449.05,	6.8500
449.69,	6.8200
450.33,	6.8000
450.97,	6.7800
451.60,	6.7600
452.24,	6.7400
452.88,	6.7300
453.52,	6.7200
454.16,	6.7100
454.79,	6.7000
455.43,	6.7000
456.07,	6.7000
456.71,	6.7100
457.35,	6.7100
457.98,	6.7200
458.62,	6.7000
459.26,	6.6700
459.90,	6.6300
460.53,	6.5900
461.17,	6.5600
461.81,	6.5100
462.44,	6.4800
463.08,	6.4700
463.72,	6.4600
464.36,	6.4700
464.99,	6.4800
465.63,	6.4800
466.27,	6.4800
466.90,	6.4700
467.54,	6.4500
468.18,	6.4200
468.81,	6.4100
469.45,	6.4100
470.09,	6.4200
470.72,	6.4300
471.36,	6.4300
472.00,	6.4300
472.63,	6.4300
473.27,	6.4300
473.91,	6.4200
474.54,	6.4100
475.18,	6.3900
475.82,	6.3700
476.45,	6.3500
477.09,	6.3300
477.73,	6.3100
478.36,	6.2900
479.00,	6.2700
479.63,	6.2700
480.27,	6.2700
480.91,	6.2700
481.54,	6.2700
482.18,	6.2600
482.81,	6.2700
483.45,	6.2800
484.08,	6.2800
484.72,	6.2900
485.36,	6.2900
485.99,	6.2900
486.63,	6.3100
487.26,	6.3200
487.90,	6.3200
488.53,	6.3200
489.17,	6.3200
489.80,	6.3100
490.44,	6.2800
491.07,	6.2400
491.71,	6.2200
492.34,	6.2000
492.98,	6.1700
493.62,	6.1500
494.25,	6.1200
494.89,	6.1300
495.52,	6.1600
496.15,	6.1800
496.79,	6.1900
497.42,	6.1800
498.06,	6.1700
498.69,	6.1400
499.33,	6.1200
499.96,	6.1000
500.60,	6.0800
501.23,	6.0800
501.87,	6.0700
502.50,	6.0500
503.14,	6.0100
503.77,	5.9800
504.40,	5.9700
505.04,	5.9700
505.67,	5.9700
506.31,	5.9600
506.94,	5.9700
507.57,	5.9600
508.21,	5.9300
508.84,	5.9100
509.48,	5.9000
510.11,	5.8900
510.74,	5.8900
511.38,	5.8900
512.01,	5.8900
512.65,	5.8800
513.28,	5.8800
513.91,	5.8600
514.55,	5.8500
515.18,	5.8400
515.81,	5.8300
516.45,	5.8200
517.08,	5.8100
517.71,	5.8000
518.35,	5.8200
518.98,	5.8600
519.61,	5.8800
520.25,	5.8900
520.88,	5.8900
521.51,	5.8900
522.15,	5.8800
522.78,	5.8700
523.41,	5.8400
524.04,	5.7900
524.68,	5.7600
525.31,	5.7300
525.94,	5.7100
526.58,	5.6800
527.21,	5.6500
527.84,	5.6200
528.47,	5.6000
529.11,	5.5800
529.74,	5.5600
530.37,	5.5600
531.00,	5.5600
531.64,	5.5700
532.27,	5.6000
532.90,	5.6300
533.53,	5.6500
534.17,	5.6600
534.80,	5.6700
535.43,	5.6600
536.06,	5.6300
536.69,	5.6100
537.33,	5.5800
537.96,	5.5700
538.59,	5.5600
539.22,	5.5500
539.85,	5.5400
540.48,	5.5400
541.12,	5.5400
541.75,	5.5400
542.38,	5.5400
543.01,	5.5500
543.64,	5.5700
544.27,	5.5800
544.91,	5.5900
545.54,	5.5900
546.17,	5.5900
546.80,	5.5900
547.43,	5.5900
548.06,	5.5900
548.69,	5.5900
549.32,	5.5900
549.95,	5.6000
550.59,	5.6100
551.22,	5.6200
551.85,	5.6200
552.48,	5.6200
553.11,	5.6200
553.74,	5.6200
554.37,	5.6100
555.00,	5.6000
555.63,	5.5800
556.26,	5.5700
556.89,	5.5700
557.52,	5.5600
558.15,	5.5500
558.78,	5.5200
559.42,	5.4800
560.05,	5.4500
560.68,	5.4400
561.31,	5.4300
561.94,	5.4100
562.57,	5.3900
563.20,	5.3400
563.83,	5.2600
564.46,	5.2200
565.09,	5.2200
565.72,	5.2200
566.35,	5.2200
566.98,	5.2100
567.61,	5.2100
568.24,	5.2000
568.87,	5.2000
569.50,	5.2000
570.12,	5.1900
570.75,	5.1900
571.38,	5.1900
572.01,	5.1900
572.64,	5.1900
573.27,	5.1900
573.90,	5.1800
574.53,	5.1400
575.16,	5.1000
575.79,	5.0900
576.42,	5.0900
577.05,	5.0900
577.68,	5.0700
578.31,	5.0600
578.93,	5.0400
579.56,	5.0400
580.19,	5.0200
580.82,	5.0000
581.45,	5.0000
582.08,	5.0200
582.71,	5.0400
583.34,	5.0500
583.97,	5.0600
584.59,	5.0400
585.22,	5.0200
585.85,	5.0200
586.48,	5.0200
587.11,	5.0200
587.74,	5.0200
588.36,	5.0100
588.99,	5.0100
589.62,	5.0000
590.25,	5.0000
590.88,	5.0000
591.50,	5.0000
592.13,	5.0000
592.76,	4.9900
593.39,	4.9900
594.02,	4.9800
594.64,	4.9500
595.27,	4.9300
595.90,	4.9200
596.53,	4.9300
597.16,	4.9400
597.78,	4.9400
598.41,	4.9400
599.04,	4.9400
599.67,	4.9200
600.29,	4.9100
600.92,	4.9000
601.55,	4.9000
602.18,	4.8700
602.80,	4.8500
603.43,	4.8400
604.06,	4.8500
604.68,	4.8500
605.31,	4.8400
605.94,	4.8400
606.57,	4.8300
607.19,	4.8300
607.82,	4.8200
608.45,	4.7900
609.07,	4.7500
609.70,	4.7000
610.33,	4.6500
610.95,	4.6200
611.58,	4.6100
612.21,	4.6100
612.83,	4.6100
613.46,	4.6000
614.09,	4.5900
614.71,	4.5900
615.34,	4.5900
615.97,	4.5800
616.59,	4.5800
617.22,	4.5800
617.84,	4.5800
618.47,	4.5700
619.10,	4.5700
619.72,	4.5600
620.35,	4.5600
620.97,	4.5600
621.60,	4.5500
622.23,	4.5500
622.85,	4.5500
623.48,	4.5400
624.10,	4.5400
624.73,	4.5300
625.35,	4.5300
625.98,	4.5400
626.61,	4.5700
627.23,	4.5800
627.86,	4.5700
628.48,	4.5500
629.11,	4.5400
629.73,	4.5300
630.36,	4.5200
630.98,	4.5100
631.61,	4.5000
632.23,	4.5000
632.86,	4.4800
633.48,	4.4700
634.11,	4.4600
634.73,	4.4400
635.36,	4.4300
635.98,	4.4200
636.61,	4.4200
637.23,	4.4200
637.86,	4.4200
638.48,	4.4300
639.11,	4.4500
639.73,	4.4700
640.36,	4.5000
640.98,	4.5200
641.61,	4.5500
642.23,	4.5700
642.85,	4.5800
643.48,	4.5900
644.10,	4.5900
644.73,	4.5800
645.35,	4.5500
645.98,	4.5000
646.60,	4.4900
647.22,	4.5000
647.85,	4.5200
648.47,	4.5300
649.10,	4.5500
649.72,	4.5500
650.34,	4.5400
650.97,	4.5400
651.59,	4.5400
652.22,	4.5300
652.84,	4.5200
653.46,	4.5100
654.09,	4.4900
654.71,	4.4800
655.33,	4.4900
655.96,	4.4900
656.58,	4.4900
657.20,	4.5000
657.83,	4.5100
658.45,	4.5200
659.07,	4.5300
659.70,	4.5400
660.32,	4.5400
660.94,	4.5500
661.57,	4.5400
662.19,	4.5300
662.81,	4.5100
663.43,	4.4800
664.06,	4.4600
664.68,	4.4400
665.30,	4.4400
665.93,	4.4400
666.55,	4.4400
667.17,	4.4500
667.79,	4.4600
668.42,	4.4600
669.04,	4.4600
669.66,	4.4600
670.28,	4.4600
670.91,	4.4500
671.53,	4.4400
672.15,	4.4300
672.77,	4.4100
673.39,	4.4000
674.02,	4.3900
674.64,	4.3900
675.26,	4.3900
675.88,	4.3900
676.50,	4.3900
677.13,	4.3900
677.75,	4.4000
678.37,	4.4000
678.99,	4.4200
679.61,	4.4400
680.24,	4.4400
680.86,	4.4400
681.48,	4.4400
682.10,	4.4400
682.72,	4.4400
683.34,	4.4400
683.96,	4.4300
684.59,	4.4100
685.21,	4.4000
685.83,	4.3900
686.45,	4.3900
687.07,	4.3900
687.69,	4.3800
688.31,	4.3800
688.93,	4.3800
689.56,	4.3700
690.18,	4.3600
690.80,	4.3600
691.42,	4.3500
692.04,	4.3400
692.66,	4.3300
693.28,	4.3200
693.90,	4.3200
694.52,	4.3100
695.14,	4.3100
695.76,	4.3000
696.38,	4.2900
697.00,	4.2800
697.62,	4.2700
698.25,	4.2600
698.87,	4.2500
699.49,	4.2400
700.11,	4.2300
700.73,	4.2400
701.35,	4.2500
701.97,	4.2500
702.59,	4.2400
703.21,	4.2300
703.83,	4.2200
704.45,	4.2100
705.07,	4.2000
705.69,	4.2100
706.31,	4.2200
706.93,	4.2200
707.55,	4.2200
708.17,	4.2200
708.79,	4.2300
709.40,	4.2500
710.02,	4.2700
710.64,	4.3100
711.26,	4.3600
711.88,	4.4200
712.50,	4.4400
713.12,	4.4400
713.74,	4.4400
714.36,	4.4400
714.98,	4.4400
715.60,	4.4300
716.22,	4.4100
716.84,	4.3900
717.45,	4.3800
718.07,	4.3700
718.69,	4.3700
719.31,	4.3500
719.93,	4.3300
720.55,	4.3200
721.17,	4.3200
721.79,	4.3200
722.41,	4.3300
723.02,	4.3300
723.64,	4.3300
724.26,	4.3300
724.88,	4.3300
725.50,	4.3300
726.12,	4.3300
726.73,	4.3300
727.35,	4.3300
727.97,	4.3400
728.59,	4.3400
729.21,	4.3400
729.83,	4.3500
730.44,	4.3400
731.06,	4.3400
731.68,	4.3400
732.30,	4.3300
732.92,	4.3100
733.53,	4.3000
734.15,	4.2900
734.77,	4.2900
735.39,	4.2900
736.00,	4.2700
736.62,	4.2400
737.24,	4.2400
737.86,	4.2300
738.47,	4.2200
739.09,	4.2100
739.71,	4.2000
740.33,	4.2100
740.94,	4.2000
741.56,	4.2000
742.18,	4.1900
742.79,	4.1900
743.41,	4.1900
744.03,	4.1900
744.65,	4.2000
745.26,	4.2300
745.88,	4.2500
746.50,	4.2600
747.11,	4.2700
747.73,	4.2700
748.35,	4.2700
748.96,	4.2700
749.58,	4.2600
750.20,	4.2600
750.81,	4.2600
751.43,	4.2600
752.05,	4.2600
752.66,	4.2500
753.28,	4.2100
753.90,	4.1600
754.51,	4.1500
755.13,	4.1500
755.74,	4.1600
756.36,	4.1700
756.98,	4.1700
757.59,	4.1600
758.21,	4.1500
758.82,	4.1400
759.44,	4.1200
760.06,	4.1200
760.67,	4.1200
761.29,	4.1300
761.90,	4.1500
762.52,	4.1800
763.14,	4.2000
763.75,	4.2100
764.37,	4.2100
764.98,	4.2100
765.60,	4.2100
766.21,	4.2100
766.83,	4.2200
767.44,	4.2200
768.06,	4.2200
768.67,	4.2100
769.29,	4.2100
769.90,	4.2200
770.52,	4.2200
771.14,	4.2400
771.75,	4.2400
772.37,	4.2400
772.98,	4.2400
773.59,	4.2400
774.21,	4.2500
774.82,	4.2500
775.44,	4.2600
776.05,	4.2500
776.67,	4.2500
777.28,	4.2500
777.90,	4.2500
778.51,	4.2500
779.13,	4.2500
779.74,	4.2600
780.36,	4.2600
780.97,	4.2600
781.58,	4.2600
782.20,	4.2500
782.81,	4.2500
783.43,	4.2500
784.04,	4.2500
784.66,	4.2500
785.27,	4.2500
785.88,	4.2400
786.50,	4.2400
787.11,	4.2500
787.73,	4.2500
788.34,	4.2400
788.95,	4.2400
789.57,	4.2400
790.18,	4.2400
790.79,	4.2400
791.41,	4.2400
792.02,	4.2400
792.63,	4.2400
793.25,	4.2400
793.86,	4.2400
794.47,	4.2400
795.09,	4.2400
795.70,	4.2400
796.31,	4.2400
796.93,	4.2400
797.54,	4.2300
798.15,	4.2300
798.77,	4.2300
799.38,	4.2300
799.99,	4.2300
800.61,	4.2300
801.22,	4.2300
801.83,	4.2300
802.44,	4.2300
803.06,	4.2300
803.67,	4.2300
804.28,	4.2300
804.90,	4.2400
805.51,	4.2400
806.12,	4.2300
806.73,	4.2300
807.34,	4.2300
807.96,	4.2400
808.57,	4.2400
809.18,	4.2400
809.79,	4.2400
810.41,	4.2400
811.02,	4.2300
811.63,	4.2300
812.24,	4.2300
812.85,	4.2200
813.47,	4.2200
814.08,	4.2100
814.69,	4.2100
815.30,	4.2100
815.91,	4.2200
816.53,	4.2300
817.14,	4.2400
817.75,	4.2600
818.36,	4.2600
818.97,	4.2600
819.58,	4.2600
820.20,	4.2500
820.81,	4.2500
821.42,	4.2500
822.03,	4.2400
822.64,	4.2400
823.25,	4.2400
823.86,	4.2400
824.47,	4.2400
825.09,	4.2400
825.70,	4.2400
826.31,	4.2400
826.92,	4.2400
827.53,	4.2400
828.14,	4.2400
828.75,	4.2400
829.36,	4.2400
829.97,	4.2400
830.58,	4.2400
831.19,	4.2400
831.80,	4.2400
832.42,	4.2400
833.03,	4.2300
833.64,	4.2200
834.25,	4.2200
834.86,	4.2300
835.47,	4.2300
836.08,	4.2400
836.69,	4.2500
837.30,	4.2500
837.91,	4.2500
838.52,	4.2400
839.13,	4.2400
839.74,	4.2400
840.35,	4.2500
840.96,	4.2500
841.57,	4.2500
842.18,	4.2500
842.79,	4.2400
843.40,	4.2400
844.01,	4.2400
844.62,	4.2300
845.23,	4.2200
845.84,	4.2100
846.45,	4.2100
847.06,	4.2000
847.67,	4.2000
848.27,	4.1900
848.88,	4.1800
849.49,	4.1800
850.10,	4.1800
850.71,	4.1700
851.32,	4.1600
851.93,	4.1600
852.54,	4.1600
853.15,	4.1600
853.76,	4.1600
854.37,	4.1600
854.98,	4.1600
855.58,	4.1600
856.19,	4.1600
856.80,	4.1500
857.41,	4.1500
858.02,	4.1600
858.63,	4.1600
859.24,	4.1600
859.85,	4.1600
860.45,	4.1600
861.06,	4.1600
861.67,	4.1600
862.28,	4.1600
862.89,	4.1600
863.50,	4.1600
864.10,	4.1600
864.71,	4.1600
865.32,	4.1600
865.93,	4.1600
866.54,	4.1600
867.14,	4.1600
867.75,	4.1600
868.36,	4.1600
868.97,	4.1600
869.58,	4.1600
870.18,	4.1600
870.79,	4.1600
871.40,	4.1600
872.01,	4.1600
872.61,	4.1600
873.22,	4.1600
873.83,	4.1600
874.44,	4.1600
875.04,	4.1600
875.65,	4.1600
876.26,	4.1500
876.87,	4.1500
877.47,	4.1500
878.08,	4.1500
878.69,	4.1500
879.29,	4.1500
879.90,	4.1400
880.51,	4.1400
881.12,	4.1400
881.72,	4.1400
882.33,	4.1400
882.94,	4.1400
883.54,	4.1300
884.15,	4.1200
884.76,	4.1200
885.36,	4.1200
885.97,	4.1200
886.58,	4.1100
887.18,	4.1100
887.79,	4.1100
888.40,	4.1200
889.00,	4.1100
889.61,	4.0900
890.22,	4.0600
890.82,	4.0300
891.43,	4.0200
892.03,	4.0200
892.64,	4.0200
893.25,	4.0200
893.85,	4.0300
894.46,	4.0300
895.06,	4.0300
895.67,	4.0300
896.28,	4.0400
896.88,	4.0300
897.49,	4.0300
898.09,	4.0400
898.70,	4.0300
899.30,	4.0200
899.91,	4.0000
900.52,	3.9900
901.12,	3.9900
901.73,	4.0000
902.33,	4.0300
902.94,	4.0400
903.54,	4.0400
904.15,	4.0500
904.75,	4.0300
905.36,	4.0000
905.96,	3.9800
906.57,	3.9700
907.17,	3.9600
907.78,	3.9600
908.38,	3.9600
908.99,	3.9600
909.59,	3.9600
910.20,	3.9700
910.80,	3.9900
911.41,	3.9900
912.01,	3.9900
912.62,	3.9900
913.22,	3.9800
913.83,	3.9900
914.43,	3.9900
915.03,	4.0000
915.64,	4.0000
916.24,	4.0100
916.85,	4.0100
917.45,	4.0100
918.06,	4.0100
918.66,	4.0100
919.26,	4.0000
919.87,	3.9800
920.47,	3.9700
921.08,	3.9700
921.68,	3.9600
922.28,	4.0000
922.89,	4.7400
923.49,	7.5700
924.10,	12.4600
924.70,	35.5000
925.30,	35.5000
925.91,	35.5000
926.51,	35.5000
927.11,	35.5000
927.72,	35.5000
928.32,	35.5000
928.92,	35.5000
929.53,	35.5000
930.13,	35.5000
930.74,	35.5000
931.34,	35.5000
931.94,	35.5000
932.54,	35.5000
933.15,	35.5000
933.75,	35.5000
934.35,	35.5000
934.96,	35.5000
935.56,	35.5000
936.16,	35.5000
936.77,	35.5000
937.37,	35.5000
937.97,	35.5000
938.57,	35.5000
939.18,	35.5000
939.78,	35.5000
940.38,	35.5000
940.98,	35.5000
941.59,	35.5000
942.19,	35.5000
942.79,	35.5000
943.39,	35.5000
944.00,	35.5000
944.60,	35.5000
945.20,	35.5000
945.80,	35.5000
946.40,	35.5000
947.01,	35.5000
947.61,	35.5000
948.21,	35.5000
948.81,	35.5000
949.41,	35.5000
950.02,	35.5000
950.62,	35.5000
951.22,	35.5000
951.82,	35.5000
952.42,	35.5000
953.02,	35.5000
953.63,	35.5000
954.23,	35.5000
954.83,	35.5000
955.43,	35.5000
956.03,	35.5000
956.63,	35.5000
957.24,	35.5000
957.84,	35.5000
958.44,	35.5000
959.04,	35.5000
959.64,	35.5000
960.24,	35.5000
960.84,	35.5000
961.44,	35.5000
962.04,	35.5000
962.64,	35.5000
963.25,	35.5000
963.85,	35.5000
964.45,	35.5000
965.05,	35.5000
965.65,	35.5000
966.25,	35.5000
966.85,	35.5000
967.45,	35.5000
968.05,	35.5000
968.65,	35.5000
969.25,	35.5000
969.85,	35.5000
970.45,	35.5000
971.05,	35.5000
971.65,	35.5000
972.25,	35.5000
972.85,	35.5000
973.45,	35.5000
974.05,	35.5000
974.65,	35.5000
975.25,	35.5000
975.85,	35.5000
976.45,	35.5000
977.05,	35.5000
977.65,	35.5000
978.25,	35.5000
978.85,	35.5000
979.45,	35.5000
980.05,	35.5000
980.65,	35.5000
981.25,	35.5000
981.85,	35.5000
982.45,	35.5000
983.05,	35.5000
983.65,	35.5000
984.25,	35.5000
984.85,	35.5000
985.45,	-2.5200
986.04,	-2.5200
986.64,	-2.5200
987.24,	-2.5200
987.84,	-2.5200
988.44,	-2.5200
989.04,	-2.5200
989.64,	-2.5200
990.24,	-2.5200
990.84,	-2.5200
991.44,	-2.5200
992.03,	-2.5200
992.63,	-2.5200
993.23,	-2.5200
993.83,	-2.5200
994.43,	-2.5200
995.03,	-2.5200
995.63,	-2.5200
996.22,	-2.5200
996.82,	-2.5200
997.42,	-2.5200
998.02,	-2.5200
998.62,	-2.5200
999.21,	-2.5200
999.81,	-2.5200
1000.41,	-2.5200
