Call Sign = ZSDA,	Ship Name = SA Agulhas,	Lloyds Num = 0
Date = 12/06/2016,	Time = 18:05,	
Latitude = 55 10.10  S,	Longitude = 000 01.15  E
Instr = Sippican Deep Blue,	Card Type = Sippican MK-21,	
Wind Instr = ,	Measur Method = 
Probe Serial Num = -1,	Ship Dir = -1,	Ship Speed = -1.00
Wind Dir = 19,	Wind Speed = 17.30
Dry Bulb Temp = -0.10,	Total Water Depth = -1.00

Full Resolution Values
Depth,	 Temp
0.67,	2.1600
1.34,	0.5800
2.01,	0.0700
2.68,	-0.1000
3.34,	-0.1600
4.01,	-0.1700
4.68,	-0.1900
5.35,	-0.2000
6.02,	-0.2000
6.69,	-0.2200
7.36,	-0.2300
8.03,	-0.2500
8.69,	-0.3000
9.36,	-0.3700
10.03,	-0.4800
10.70,	-0.5500
11.37,	-0.6000
12.04,	-0.6300
12.70,	-0.6600
13.37,	-0.6800
14.04,	-0.6900
14.71,	-0.6900
15.38,	-0.7000
16.05,	-0.7000
16.71,	-0.7000
17.38,	-0.7000
18.05,	-0.7100
18.72,	-0.7100
19.38,	-0.7100
20.05,	-0.7200
20.72,	-0.7200
21.39,	-0.7300
22.06,	-0.7300
22.72,	-0.7300
23.39,	-0.7400
24.06,	-0.7400
24.73,	-0.7600
25.39,	-0.7900
26.06,	-0.7800
26.73,	-0.7600
27.40,	-0.7700
28.06,	-0.7700
28.73,	-0.7700
29.40,	-0.7800
30.06,	-0.7800
30.73,	-0.7900
31.40,	-0.7800
32.06,	-0.7900
32.73,	-0.7900
33.40,	-0.7900
34.07,	-0.8000
34.73,	-0.8100
35.40,	-0.8300
36.07,	-0.8500
36.73,	-0.8600
37.40,	-0.8700
38.07,	-0.8800
38.73,	-0.8900
39.40,	-0.9000
40.06,	-0.9000
40.73,	-0.9100
41.40,	-0.9400
42.06,	-0.9600
42.73,	-0.9700
43.40,	-0.9900
44.06,	-1.0100
44.73,	-1.0200
45.39,	-1.0300
46.06,	-1.0500
46.73,	-1.0600
47.39,	-1.0800
48.06,	-1.0900
48.72,	-1.1100
49.39,	-1.1400
50.06,	-1.1600
50.72,	-1.1800
51.39,	-1.2100
52.05,	-1.2500
52.72,	-1.3000
53.38,	-1.3200
54.05,	-1.3400
54.71,	-1.3400
55.38,	-1.3600
56.05,	-1.3600
56.71,	-1.3700
57.38,	-1.3800
58.04,	-1.3800
58.71,	-1.3800
59.37,	-1.3700
60.04,	-1.3600
60.70,	-1.3500
61.37,	-1.3500
62.03,	-1.3400
62.70,	-1.3400
63.36,	-1.3200
64.03,	-1.2800
64.69,	-1.2600
65.36,	-1.2600
66.02,	-1.2600
66.69,	-1.2700
67.35,	-1.2700
68.01,	-1.2700
68.68,	-1.2700
69.34,	-1.2700
70.01,	-1.2700
70.67,	-1.2700
71.34,	-1.2800
72.00,	-1.2900
72.66,	-1.2900
73.33,	-1.2600
73.99,	-1.2300
74.66,	-1.2200
75.32,	-1.2300
75.98,	-1.2300
76.65,	-1.2400
77.31,	-1.2400
77.98,	-1.2500
78.64,	-1.2500
79.30,	-1.2500
79.97,	-1.2600
80.63,	-1.2800
81.30,	-1.3000
81.96,	-1.3100
82.62,	-1.3100
83.29,	-1.3200
83.95,	-1.3300
84.61,	-1.3400
85.28,	-1.3500
85.94,	-1.3700
86.60,	-1.3800
87.27,	-1.4000
87.93,	-1.4100
88.59,	-1.4300
89.26,	-1.4400
89.92,	-1.4400
90.58,	-1.4400
91.24,	-1.4400
91.91,	-1.4400
92.57,	-1.4400
93.23,	-1.4400
93.90,	-1.4400
94.56,	-1.4400
95.22,	-1.4400
95.88,	-1.4500
96.55,	-1.4600
97.21,	-1.4600
97.87,	-1.4600
98.53,	-1.4600
99.20,	-1.4600
99.86,	-1.4600
100.52,	-1.4600
101.18,	-1.4500
101.85,	-1.4600
102.51,	-1.4600
103.17,	-1.4600
103.83,	-1.4600
104.49,	-1.4600
105.16,	-1.4600
105.82,	-1.4700
106.48,	-1.4700
107.14,	-1.4700
107.80,	-1.4700
108.47,	-1.4700
109.13,	-1.4700
109.79,	-1.4700
110.45,	-1.4700
111.11,	-1.4700
111.77,	-1.4600
112.44,	-1.4600
113.10,	-1.4600
113.76,	-1.4400
114.42,	-1.4300
115.08,	-1.4100
115.74,	-1.3900
116.40,	-1.3600
117.06,	-1.3200
117.73,	-1.2900
118.39,	-1.2500
119.05,	-1.2200
119.71,	-1.2100
120.37,	-1.2000
121.03,	-1.1900
121.69,	-1.1800
122.35,	-1.1700
123.01,	-1.1600
123.67,	-1.1600
124.33,	-1.1500
125.00,	-1.1400
125.66,	-1.1200
126.32,	-1.0900
126.98,	-1.0600
127.64,	-1.0100
128.30,	-0.9500
128.96,	-0.9000
129.62,	-0.8600
130.28,	-0.8400
130.94,	-0.8300
131.60,	-0.8200
132.26,	-0.8200
132.92,	-0.8100
133.58,	-0.8100
134.24,	-0.8000
134.90,	-0.7900
135.56,	-0.7800
136.22,	-0.7700
136.88,	-0.7700
137.54,	-0.7500
138.20,	-0.7400
138.86,	-0.7300
139.52,	-0.7200
140.18,	-0.7100
140.84,	-0.6900
141.50,	-0.6700
142.16,	-0.6600
142.82,	-0.6500
143.48,	-0.6400
144.14,	-0.6300
144.79,	-0.6300
145.45,	-0.6300
146.11,	-0.6200
146.77,	-0.6100
147.43,	-0.5900
148.09,	-0.5700
148.75,	-0.5600
149.41,	-0.5500
150.07,	-0.5400
150.73,	-0.5200
151.39,	-0.4900
152.04,	-0.4800
152.70,	-0.4800
153.36,	-0.4700
154.02,	-0.4600
154.68,	-0.4500
155.34,	-0.4400
156.00,	-0.4400
156.65,	-0.4300
157.31,	-0.4300
157.97,	-0.4100
158.63,	-0.3800
159.29,	-0.3500
159.95,	-0.3400
160.60,	-0.3000
161.26,	-0.2100
161.92,	-0.1500
162.58,	-0.1200
163.24,	-0.1100
163.90,	-0.1000
164.55,	-0.0900
165.21,	-0.0700
165.87,	-0.0600
166.53,	-0.0400
167.18,	-0.0200
167.84,	0.0000
168.50,	0.0300
169.16,	0.0600
169.82,	0.1200
170.47,	0.1700
171.13,	0.1900
171.79,	0.2100
172.44,	0.2300
173.10,	0.2500
173.76,	0.2700
174.42,	0.2800
175.07,	0.3000
175.73,	0.3300
176.39,	0.3500
177.05,	0.3600
177.70,	0.3700
178.36,	0.4000
179.02,	0.4200
179.67,	0.4300
180.33,	0.4500
180.99,	0.4700
181.64,	0.5000
182.30,	0.5200
182.96,	0.5300
183.61,	0.5500
184.27,	0.5600
184.93,	0.5700
185.58,	0.5900
186.24,	0.6200
186.90,	0.6400
187.55,	0.6600
188.21,	0.6700
188.87,	0.6700
189.52,	0.6800
190.18,	0.6900
190.83,	0.6900
191.49,	0.7000
192.15,	0.7000
192.80,	0.7100
193.46,	0.7200
194.11,	0.7300
194.77,	0.7400
195.43,	0.7500
196.08,	0.7600
196.74,	0.7700
197.39,	0.7800
198.05,	0.7900
198.70,	0.8100
199.36,	0.8400
200.02,	0.8700
200.67,	0.9200
201.33,	0.9600
201.98,	1.0000
202.64,	1.0400
203.29,	1.0700
203.95,	1.1000
204.60,	1.1200
205.26,	1.1500
205.91,	1.1800
206.57,	1.2100
207.22,	1.2500
207.88,	1.2900
208.53,	1.3200
209.19,	1.3600
209.84,	1.4000
210.50,	1.4300
211.15,	1.4500
211.81,	1.4600
212.46,	1.4700
213.12,	1.4800
213.77,	1.4700
214.43,	1.4800
215.08,	1.4900
215.74,	1.4900
216.39,	1.5000
217.04,	1.5200
217.70,	1.5300
218.35,	1.5400
219.01,	1.5400
219.66,	1.5600
220.32,	1.5800
220.97,	1.5900
221.62,	1.6000
222.28,	1.6100
222.93,	1.6300
223.59,	1.6400
224.24,	1.6600
224.89,	1.6700
225.55,	1.6800
226.20,	1.6800
226.85,	1.6900
227.51,	1.7000
228.16,	1.7000
228.81,	1.7000
229.47,	1.7000
230.12,	1.7000
230.78,	1.7000
231.43,	1.7000
232.08,	1.7000
232.74,	1.6900
233.39,	1.6700
234.04,	1.6700
234.69,	1.6600
235.35,	1.6700
236.00,	1.6700
236.65,	1.6700
237.31,	1.6700
237.96,	1.6800
238.61,	1.6900
239.27,	1.7000
239.92,	1.7200
240.57,	1.7300
241.22,	1.7300
241.88,	1.7300
242.53,	1.7300
243.18,	1.7300
243.83,	1.7300
244.49,	1.7300
245.14,	1.7300
245.79,	1.7300
246.44,	1.7300
247.10,	1.7300
247.75,	1.7300
248.40,	1.7300
249.05,	1.7300
249.70,	1.7300
250.36,	1.7300
251.01,	1.7300
251.66,	1.7300
252.31,	1.7300
252.96,	1.7300
253.62,	1.7300
254.27,	1.7300
254.92,	1.7400
255.57,	1.7400
256.22,	1.7500
256.88,	1.7500
257.53,	1.7500
258.18,	1.7600
258.83,	1.7600
259.48,	1.7600
260.13,	1.7600
260.78,	1.7600
261.44,	1.7600
262.09,	1.7700
262.74,	1.7700
263.39,	1.7800
264.04,	1.7800
264.69,	1.7900
265.34,	1.8000
265.99,	1.8000
266.64,	1.8000
267.29,	1.8000
267.95,	1.8000
268.60,	1.8000
269.25,	1.8000
269.90,	1.8100
270.55,	1.8200
271.20,	1.8300
271.85,	1.8300
272.50,	1.8300
273.15,	1.8400
273.80,	1.8400
274.45,	1.8400
275.10,	1.8300
275.75,	1.8300
276.40,	1.8300
277.05,	1.8300
277.70,	1.8300
278.35,	1.8300
279.00,	1.8300
279.65,	1.8300
280.30,	1.8300
280.95,	1.8300
281.60,	1.8300
282.25,	1.8300
282.90,	1.8300
283.55,	1.8200
284.20,	1.8200
284.85,	1.8200
285.50,	1.8200
286.15,	1.8200
286.80,	1.8200
287.45,	1.8200
288.10,	1.8300
288.75,	1.8200
289.40,	1.8200
290.05,	1.8300
290.70,	1.8400
291.35,	1.8400
292.00,	1.8400
292.64,	1.8400
293.29,	1.8400
293.94,	1.8400
294.59,	1.8400
295.24,	1.8400
295.89,	1.8400
296.54,	1.8400
297.19,	1.8400
297.84,	1.8400
298.49,	1.8400
299.13,	1.8400
299.78,	1.8400
300.43,	1.8400
301.08,	1.8400
301.73,	1.8400
302.38,	1.8400
303.02,	1.8400
303.67,	1.8400
304.32,	1.8400
304.97,	1.8400
305.62,	1.8400
306.27,	1.8400
306.91,	1.8400
307.56,	1.8400
308.21,	1.8400
308.86,	1.8400
309.51,	1.8400
310.15,	1.8400
310.80,	1.8300
311.45,	1.8300
312.10,	1.8200
312.75,	1.8200
313.39,	1.8100
314.04,	1.8100
314.69,	1.8100
315.34,	1.8100
315.98,	1.8100
316.63,	1.8100
317.28,	1.8100
317.93,	1.8200
318.57,	1.8300
319.22,	1.8400
319.87,	1.8400
320.52,	1.8500
321.16,	1.8500
321.81,	1.8500
322.46,	1.8500
323.10,	1.8500
323.75,	1.8600
324.40,	1.8600
325.04,	1.8600
325.69,	1.8600
326.34,	1.8700
326.99,	1.8700
327.63,	1.8700
328.28,	1.8700
328.93,	1.8700
329.57,	1.8700
330.22,	1.8800
330.86,	1.8800
331.51,	1.8800
332.16,	1.8800
332.80,	1.8800
333.45,	1.8800
334.10,	1.8800
334.74,	1.8900
335.39,	1.8900
336.03,	1.9000
336.68,	1.9000
337.33,	1.9000
337.97,	1.9000
338.62,	1.9000
339.26,	1.9000
339.91,	1.9000
340.56,	1.9000
341.20,	1.9000
341.85,	1.9000
342.49,	1.9000
343.14,	1.9000
343.78,	1.9000
344.43,	1.9000
345.08,	1.9000
345.72,	1.9000
346.37,	1.9000
347.01,	1.9000
347.66,	1.9000
348.30,	1.9100
348.95,	1.9100
349.59,	1.9000
350.24,	1.9000
350.88,	1.9100
351.53,	1.9000
352.17,	1.9100
352.82,	1.9100
353.46,	1.9100
354.11,	1.9100
354.75,	1.9000
355.40,	1.9100
356.04,	1.9100
356.69,	1.9100
357.33,	1.9100
357.98,	1.9100
358.62,	1.9100
359.27,	1.9100
359.91,	1.9100
360.55,	1.9100
361.20,	1.9000
361.84,	1.9000
362.49,	1.9000
363.13,	1.9000
363.78,	1.8900
364.42,	1.8900
365.06,	1.8900
365.71,	1.8900
366.35,	1.8900
367.00,	1.9000
367.64,	1.8900
368.28,	1.8900
368.93,	1.8900
369.57,	1.8900
370.22,	1.8900
370.86,	1.8900
371.50,	1.8900
372.15,	1.8900
372.79,	1.8900
373.43,	1.8900
374.08,	1.8900
374.72,	1.8900
375.36,	1.8900
376.01,	1.8900
376.65,	1.8900
377.29,	1.8900
377.94,	1.8900
378.58,	1.8900
379.22,	1.8900
379.87,	1.8900
380.51,	1.8900
381.15,	1.8800
381.79,	1.8800
382.44,	1.8900
383.08,	1.8900
383.72,	1.8900
384.37,	1.8900
385.01,	1.8900
385.65,	1.8900
386.29,	1.8900
386.94,	1.8900
387.58,	1.8900
388.22,	1.8900
388.86,	1.8900
389.51,	1.8900
390.15,	1.8900
390.79,	1.8900
391.43,	1.9000
392.08,	1.8900
392.72,	1.8900
393.36,	1.8900
394.00,	1.8900
394.64,	1.8900
395.29,	1.9000
395.93,	1.9000
396.57,	1.8900
397.21,	1.8900
397.85,	1.8900
398.50,	1.8900
399.14,	1.8900
399.78,	1.8900
400.42,	1.8900
401.06,	1.8900
401.70,	1.8900
402.34,	1.8900
402.99,	1.8900
403.63,	1.8900
404.27,	1.8900
404.91,	1.8900
405.55,	1.8900
406.19,	1.8900
406.83,	1.8900
407.48,	1.8900
408.12,	1.8800
408.76,	1.8800
409.40,	1.8900
410.04,	1.8900
410.68,	1.8900
411.32,	1.8900
411.96,	1.8800
412.60,	1.8900
413.24,	1.8900
413.88,	1.8900
414.52,	1.8900
415.17,	1.8900
415.81,	1.8900
416.45,	1.8900
417.09,	1.8900
417.73,	1.8800
418.37,	1.8900
419.01,	1.8900
419.65,	1.8900
420.29,	1.8900
420.93,	1.8800
421.57,	1.8800
422.21,	1.8800
422.85,	1.8800
423.49,	1.8800
424.13,	1.8800
424.77,	1.8800
425.41,	1.8800
426.05,	1.8800
426.69,	1.8800
427.33,	1.8800
427.97,	1.8800
428.61,	1.8800
429.25,	1.8800
429.89,	1.8800
430.53,	1.8800
431.17,	1.8800
431.80,	1.8800
432.44,	1.8800
433.08,	1.8800
433.72,	1.8800
434.36,	1.8800
435.00,	1.8800
435.64,	1.8800
436.28,	1.8700
436.92,	1.8700
437.56,	1.8700
438.20,	1.8800
438.84,	1.8700
439.47,	1.8700
440.11,	1.8700
440.75,	1.8700
441.39,	1.8700
442.03,	1.8800
442.67,	1.8700
443.31,	1.8700
443.95,	1.8700
444.58,	1.8700
445.22,	1.8700
445.86,	1.8800
446.50,	1.8800
447.14,	1.8700
447.78,	1.8700
448.41,	1.8700
449.05,	1.8700
449.69,	1.8700
450.33,	1.8700
450.97,	1.8700
451.60,	1.8700
452.24,	1.8700
452.88,	1.8700
453.52,	1.8700
454.16,	1.8700
454.79,	1.8700
455.43,	1.8700
456.07,	1.8700
456.71,	1.8700
457.35,	1.8700
457.98,	1.8700
458.62,	1.8700
459.26,	1.8700
459.90,	1.8700
460.53,	1.8700
461.17,	1.8800
461.81,	1.8700
462.44,	1.8700
463.08,	1.8700
463.72,	1.8800
464.36,	1.8800
464.99,	1.8700
465.63,	1.8700
466.27,	1.8700
466.90,	1.8700
467.54,	1.8700
468.18,	1.8700
468.81,	1.8700
469.45,	1.8700
470.09,	1.8700
470.72,	1.8800
471.36,	1.8800
472.00,	1.8700
472.63,	1.8700
473.27,	1.8700
473.91,	1.8700
474.54,	1.8700
475.18,	1.8700
475.82,	1.8700
476.45,	1.8700
477.09,	1.8700
477.73,	1.8700
478.36,	1.8700
479.00,	1.8700
479.63,	1.8700
480.27,	1.8700
480.91,	1.8700
481.54,	1.8700
482.18,	1.8700
482.81,	1.8700
483.45,	1.8700
484.08,	1.8700
484.72,	1.8700
485.36,	1.8700
485.99,	1.8700
486.63,	1.8700
487.26,	1.8700
487.90,	1.8700
488.53,	1.8700
489.17,	1.8700
489.80,	1.8600
490.44,	1.8600
491.07,	1.8600
491.71,	1.8600
492.34,	1.8600
492.98,	1.8600
493.62,	1.8600
494.25,	1.8600
494.89,	1.8600
495.52,	1.8600
496.15,	1.8600
496.79,	1.8600
497.42,	1.8600
498.06,	1.8500
498.69,	1.8600
499.33,	1.8600
499.96,	1.8600
500.60,	1.8600
501.23,	1.8600
501.87,	1.8600
502.50,	1.8600
503.14,	1.8600
503.77,	1.8600
504.40,	1.8600
505.04,	1.8600
505.67,	1.8600
506.31,	1.8600
506.94,	1.8600
507.57,	1.8600
508.21,	1.8600
508.84,	1.8600
509.48,	1.8600
510.11,	1.8600
510.74,	1.8600
511.38,	1.8600
512.01,	1.8600
512.65,	1.8600
513.28,	1.8600
513.91,	1.8600
514.55,	1.8600
515.18,	1.8600
515.81,	1.8600
516.45,	1.8600
517.08,	1.8600
517.71,	1.8600
518.35,	1.8600
518.98,	1.8600
519.61,	1.8500
520.25,	1.8600
520.88,	1.8600
521.51,	1.8600
522.15,	1.8600
522.78,	1.8600
523.41,	1.8600
524.04,	1.8600
524.68,	1.8700
525.31,	1.8600
525.94,	1.8600
526.58,	1.8600
527.21,	1.8600
527.84,	1.8600
528.47,	1.8600
529.11,	1.8600
529.74,	1.8500
530.37,	1.8600
531.00,	1.8600
531.64,	1.8600
532.27,	1.8500
532.90,	1.8600
533.53,	1.8600
534.17,	1.8500
534.80,	1.8500
535.43,	1.8500
536.06,	1.8600
536.69,	1.8600
537.33,	1.8600
537.96,	1.8600
538.59,	1.8500
539.22,	1.8500
539.85,	1.8500
540.48,	1.8500
541.12,	1.8500
541.75,	1.8500
542.38,	1.8500
543.01,	1.8500
543.64,	1.8500
544.27,	1.8500
544.91,	1.8500
545.54,	1.8500
546.17,	1.8500
546.80,	1.8500
547.43,	1.8500
548.06,	1.8400
548.69,	1.8400
549.32,	1.8500
549.95,	1.8500
550.59,	1.8400
551.22,	1.8500
551.85,	1.8400
552.48,	1.8400
553.11,	1.8500
553.74,	1.8500
554.37,	1.8400
555.00,	1.8400
555.63,	1.8400
556.26,	1.8500
556.89,	1.8500
557.52,	1.8500
558.15,	1.8500
558.78,	1.8500
559.42,	1.8500
560.05,	1.8400
560.68,	1.8400
561.31,	1.8400
561.94,	1.8400
562.57,	1.8400
563.20,	1.8400
563.83,	1.8400
564.46,	1.8400
565.09,	1.8400
565.72,	1.8400
566.35,	1.8400
566.98,	1.8400
567.61,	1.8300
568.24,	1.8400
568.87,	1.8400
569.50,	1.8300
570.12,	1.8300
570.75,	1.8300
571.38,	1.8300
572.01,	1.8300
572.64,	1.8300
573.27,	1.8300
573.90,	1.8300
574.53,	1.8300
575.16,	1.8200
575.79,	1.8200
576.42,	1.8200
577.05,	1.8200
577.68,	1.8200
578.31,	1.8200
578.93,	1.8200
579.56,	1.8200
580.19,	1.8200
580.82,	1.8200
581.45,	1.8200
582.08,	1.8200
582.71,	1.8200
583.34,	1.8300
583.97,	1.8200
584.59,	1.8300
585.22,	1.8300
585.85,	1.8200
586.48,	1.8200
587.11,	1.8300
587.74,	1.8300
588.36,	1.8300
588.99,	1.8200
589.62,	1.8200
590.25,	1.8200
590.88,	1.8200
591.50,	1.8200
592.13,	1.8200
592.76,	1.8200
593.39,	1.8200
594.02,	1.8200
594.64,	1.8200
595.27,	1.8200
595.90,	1.8200
596.53,	1.8200
597.16,	1.8200
597.78,	1.8200
598.41,	1.8200
599.04,	1.8200
599.67,	1.8300
600.29,	1.8200
600.92,	1.8200
601.55,	1.8300
602.18,	1.8200
602.80,	1.8200
603.43,	1.8200
604.06,	1.8200
604.68,	1.8200
605.31,	1.8200
605.94,	1.8100
606.57,	1.8200
607.19,	1.8200
607.82,	1.8200
608.45,	1.8200
609.07,	1.8200
609.70,	1.8200
610.33,	1.8200
610.95,	1.8300
611.58,	1.8400
612.21,	1.8400
612.83,	1.8400
613.46,	1.8400
614.09,	1.8400
614.71,	1.8400
615.34,	1.8400
615.97,	1.8500
616.59,	1.8500
617.22,	1.8500
617.84,	1.8500
618.47,	1.8400
619.10,	1.8400
619.72,	1.8400
620.35,	1.8400
620.97,	1.8400
621.60,	1.8400
622.23,	1.8400
622.85,	1.8300
623.48,	1.8400
624.10,	1.8400
624.73,	1.8400
625.35,	1.8300
625.98,	1.8300
626.61,	1.8300
627.23,	1.8300
627.86,	1.8300
628.48,	1.8300
629.11,	1.8300
629.73,	1.8300
630.36,	1.8300
630.98,	1.8300
631.61,	1.8300
632.23,	1.8300
632.86,	1.8300
633.48,	1.8300
634.11,	1.8400
634.73,	1.8300
635.36,	1.8400
635.98,	1.8300
636.61,	1.8300
637.23,	1.8300
637.86,	1.8200
638.48,	1.8200
639.11,	1.8100
639.73,	1.8100
640.36,	1.8100
640.98,	1.8100
641.61,	1.8100
642.23,	1.8000
642.85,	1.8000
643.48,	1.8000
644.10,	1.8000
644.73,	1.8000
645.35,	1.8000
645.98,	1.8000
646.60,	1.8000
647.22,	1.8000
647.85,	1.8100
648.47,	1.8100
649.10,	1.8200
649.72,	1.8300
650.34,	1.8300
650.97,	1.8300
651.59,	1.8400
652.22,	1.8400
652.84,	1.8400
653.46,	1.8400
654.09,	1.8400
654.71,	1.8300
655.33,	1.8200
655.96,	1.8200
656.58,	1.8100
657.20,	1.8100
657.83,	1.8100
658.45,	1.8100
659.07,	1.8100
659.70,	1.8100
660.32,	1.8200
660.94,	1.8200
661.57,	1.8200
662.19,	1.8300
662.81,	1.8300
663.43,	1.8300
664.06,	1.8300
664.68,	1.8300
665.30,	1.8300
665.93,	1.8300
666.55,	1.8300
667.17,	1.8300
667.79,	1.8300
668.42,	1.8300
669.04,	1.8300
669.66,	1.8300
670.28,	1.8300
670.91,	1.8300
671.53,	1.8300
672.15,	1.8300
672.77,	1.8300
673.39,	1.8200
674.02,	1.8300
674.64,	1.8300
675.26,	1.8200
675.88,	1.8200
676.50,	1.8300
677.13,	1.8300
677.75,	1.8300
678.37,	1.8200
678.99,	1.8200
679.61,	1.8200
680.24,	1.8200
680.86,	1.8200
681.48,	1.8200
682.10,	1.8100
682.72,	1.8200
683.34,	1.8100
683.96,	1.8100
684.59,	1.8100
685.21,	1.8000
685.83,	1.8100
686.45,	1.8100
687.07,	1.8000
687.69,	1.8000
688.31,	1.8000
688.93,	1.8000
689.56,	1.7900
690.18,	1.7900
690.80,	1.7900
691.42,	1.7900
692.04,	1.7800
692.66,	1.7800
693.28,	1.7900
693.90,	1.7900
694.52,	1.7900
695.14,	1.7900
695.76,	1.7900
696.38,	1.7900
697.00,	1.7900
697.62,	1.7900
698.25,	1.7800
698.87,	1.7800
699.49,	1.7800
700.11,	1.7800
700.73,	1.7800
701.35,	1.7800
701.97,	1.7800
702.59,	1.7800
703.21,	1.7800
703.83,	1.7800
704.45,	1.7800
705.07,	1.7800
705.69,	1.7800
706.31,	1.7800
706.93,	1.7800
707.55,	1.7800
708.17,	1.7800
708.79,	1.7700
709.40,	1.7800
710.02,	1.7700
710.64,	1.7700
711.26,	1.7700
711.88,	1.7700
712.50,	1.7700
713.12,	1.7700
713.74,	1.7600
714.36,	1.7600
714.98,	1.7600
715.60,	1.7600
716.22,	1.7600
716.84,	1.7600
717.45,	1.7600
718.07,	1.7600
718.69,	1.7600
719.31,	1.7600
719.93,	1.7600
720.55,	1.7500
721.17,	1.7600
721.79,	1.7500
722.41,	1.7500
723.02,	1.7600
723.64,	1.7500
724.26,	1.7500
724.88,	1.7500
725.50,	1.7500
726.12,	1.7400
726.73,	1.7400
727.35,	1.7300
727.97,	1.7300
728.59,	1.7400
729.21,	1.7300
729.83,	1.7300
730.44,	1.7300
731.06,	1.7300
731.68,	1.7300
732.30,	1.7300
732.92,	1.7300
733.53,	1.7300
734.15,	1.7200
734.77,	1.7300
735.39,	1.7300
736.00,	1.7200
736.62,	1.7200
737.24,	1.7100
737.86,	1.7100
738.47,	1.7100
739.09,	1.7100
739.71,	1.7100
740.33,	1.7000
740.94,	1.7000
741.56,	1.7000
742.18,	1.6900
742.79,	1.6900
743.41,	1.6900
744.03,	1.6900
744.65,	1.6800
745.26,	1.6800
745.88,	1.6800
746.50,	1.6800
747.11,	1.6900
747.73,	1.6900
748.35,	1.6800
748.96,	1.6900
749.58,	1.6900
750.20,	1.6900
750.81,	1.6900
751.43,	1.6900
752.05,	1.6800
752.66,	1.6900
753.28,	1.6900
753.90,	1.6900
754.51,	1.6900
755.13,	1.6800
755.74,	1.6800
756.36,	1.6900
756.98,	1.6900
757.59,	1.6900
758.21,	1.6800
758.82,	1.6800
759.44,	1.6700
760.06,	1.6700
760.67,	1.6700
761.29,	1.6700
761.90,	1.6700
762.52,	1.6700
763.14,	1.6600
763.75,	1.6600
764.37,	1.6600
764.98,	1.6600
765.60,	1.6600
766.21,	1.6600
766.83,	1.6600
767.44,	1.6600
768.06,	1.6600
768.67,	1.6600
769.29,	1.6600
769.90,	1.6600
770.52,	1.6500
771.14,	1.6500
771.75,	1.6600
772.37,	1.6500
772.98,	1.6500
773.59,	1.6500
774.21,	1.6500
774.82,	1.6500
775.44,	1.6500
776.05,	1.6500
776.67,	1.6500
777.28,	1.6500
777.90,	1.6500
778.51,	1.6500
779.13,	1.6600
779.74,	1.6500
780.36,	1.6500
780.97,	1.6500
781.58,	1.6500
782.20,	1.6400
782.81,	1.6400
783.43,	1.6400
784.04,	1.6500
784.66,	1.6400
785.27,	1.6400
785.88,	1.6400
786.50,	1.6400
787.11,	1.6300
787.73,	1.6300
788.34,	1.6400
788.95,	1.6400
789.57,	1.6300
790.18,	1.6300
790.79,	1.6300
791.41,	1.6300
792.02,	1.6300
792.63,	1.6300
793.25,	1.6300
793.86,	1.6300
794.47,	1.6300
795.09,	1.6300
795.70,	1.6300
796.31,	1.6200
796.93,	1.6200
797.54,	1.6300
798.15,	1.6300
798.77,	1.6300
799.38,	1.6200
799.99,	1.6200
800.61,	1.6300
801.22,	1.6200
801.83,	1.6200
802.44,	1.6200
803.06,	1.6200
803.67,	1.6100
804.28,	1.6200
804.90,	1.6100
805.51,	1.6100
806.12,	1.6100
806.73,	1.6100
807.34,	1.6100
807.96,	1.6100
808.57,	1.6100
809.18,	1.6100
809.79,	1.6100
810.41,	1.6100
811.02,	1.6100
811.63,	1.6000
812.24,	1.6000
812.85,	1.5900
813.47,	1.5900
814.08,	1.5900
814.69,	1.6000
815.30,	1.5900
815.91,	1.5900
816.53,	1.6000
817.14,	1.6000
817.75,	1.6000
818.36,	1.5900
818.97,	1.6000
819.58,	1.6000
820.20,	1.6000
820.81,	1.5900
821.42,	1.5900
822.03,	1.5900
822.64,	1.5900
823.25,	1.5900
823.86,	1.5900
824.47,	1.5900
825.09,	1.5900
825.70,	1.5900
826.31,	1.5900
826.92,	1.5800
827.53,	1.5900
828.14,	1.5900
828.75,	1.5900
829.36,	1.5900
829.97,	1.5900
830.58,	1.5900
831.19,	1.5900
831.80,	1.5900
832.42,	1.5900
833.03,	1.6000
833.64,	1.6000
834.25,	1.6000
834.86,	1.6000
835.47,	1.6100
836.08,	1.6100
836.69,	1.6200
837.30,	1.6300
837.91,	1.6400
838.52,	1.6500
839.13,	1.6600
839.74,	1.6600
840.35,	1.6700
840.96,	1.6700
841.57,	1.6700
842.18,	1.6700
842.79,	1.6700
843.40,	1.6600
844.01,	1.6500
844.62,	1.6500
845.23,	1.6500
845.84,	1.6600
846.45,	1.6500
847.06,	1.6500
847.67,	1.6500
848.27,	1.6500
848.88,	1.6500
849.49,	1.6500
850.10,	1.6500
850.71,	1.6500
851.32,	1.6500
851.93,	1.6500
852.54,	1.6600
853.15,	1.6600
853.76,	1.6600
854.37,	1.6600
854.98,	1.6600
855.58,	1.6600
856.19,	1.6600
856.80,	1.6700
857.41,	1.6700
858.02,	1.6700
858.63,	1.6700
859.24,	1.6800
859.85,	1.6800
860.45,	1.6800
861.06,	1.6900
861.67,	1.6800
862.28,	1.6800
862.89,	1.6800
863.50,	1.6800
864.10,	1.6800
864.71,	1.6800
865.32,	1.6800
865.93,	1.6800
866.54,	1.6700
867.14,	1.6800
867.75,	1.6700
868.36,	1.6800
868.97,	1.6800
869.58,	1.6800
870.18,	1.6800
870.79,	1.6800
871.40,	1.6800
872.01,	1.6800
872.61,	1.6700
873.22,	1.6800
873.83,	1.6800
874.44,	1.6800
875.04,	1.6700
875.65,	1.6700
876.26,	1.6700
876.87,	1.6700
877.47,	1.6700
878.08,	1.6600
878.69,	1.6600
879.29,	1.6600
879.90,	1.6600
880.51,	1.6600
881.12,	1.6600
881.72,	1.6600
882.33,	1.6600
882.94,	1.6600
883.54,	1.6700
884.15,	1.6700
884.76,	1.6700
885.36,	1.6700
885.97,	1.6600
886.58,	1.6700
887.18,	1.6600
887.79,	1.6500
888.40,	1.6500
889.00,	1.6500
889.61,	1.6500
890.22,	1.6500
890.82,	1.6500
891.43,	1.6500
892.03,	1.6500
892.64,	1.6500
893.25,	1.6500
893.85,	1.6500
894.46,	1.6400
895.06,	1.6400
895.67,	1.6400
896.28,	1.6400
896.88,	1.6500
897.49,	1.6400
898.09,	1.6400
898.70,	1.6400
899.30,	1.6500
899.91,	1.6500
900.52,	1.6400
901.12,	1.6400
901.73,	1.6400
902.33,	1.6400
902.94,	1.6400
903.54,	1.6400
904.15,	1.6400
904.75,	1.6400
905.36,	1.6400
905.96,	1.6400
906.57,	1.6400
907.17,	1.6400
907.78,	1.6300
908.38,	1.6400
908.99,	1.6400
909.59,	1.6400
910.20,	1.6300
910.80,	1.6400
911.41,	1.6300
912.01,	1.6300
912.62,	1.6300
913.22,	1.6300
913.83,	1.6200
914.43,	1.6200
915.03,	1.6200
915.64,	1.6200
916.24,	1.6200
916.85,	1.6100
917.45,	1.6100
918.06,	1.6100
918.66,	1.6100
919.26,	1.6200
919.87,	1.6200
920.47,	1.6100
921.08,	1.6100
921.68,	1.7300
922.28,	3.9300
922.89,	10.9600
923.49,	15.4000
924.10,	16.8900
924.70,	17.9800
925.30,	18.9700
925.91,	19.8700
926.51,	20.6800
927.11,	21.4300
927.72,	22.1200
928.32,	22.7500
928.92,	23.3300
929.53,	23.8700
930.13,	24.3800
930.74,	24.8500
931.34,	25.3000
931.94,	25.7300
932.54,	26.1300
933.15,	26.5200
933.75,	26.8900
934.35,	27.2500
934.96,	28.1200
935.56,	35.5000
936.16,	35.5000
936.77,	35.5000
937.37,	35.5000
937.97,	35.5000
938.57,	35.5000
939.18,	35.5000
939.78,	35.5000
940.38,	35.5000
940.98,	35.5000
941.59,	35.5000
942.19,	35.5000
942.79,	35.5000
943.39,	35.5000
944.00,	35.5000
944.60,	35.5000
945.20,	35.5000
945.80,	35.5000
946.40,	35.5000
947.01,	35.5000
947.61,	35.5000
948.21,	35.5000
948.81,	35.5000
949.41,	35.5000
950.02,	35.5000
950.62,	35.5000
951.22,	35.5000
951.82,	35.5000
952.42,	35.5000
953.02,	35.5000
953.63,	35.5000
954.23,	35.5000
954.83,	35.5000
955.43,	35.5000
956.03,	35.5000
956.63,	35.5000
957.24,	35.5000
957.84,	35.5000
958.44,	35.5000
959.04,	35.5000
959.64,	35.5000
960.24,	35.5000
960.84,	35.5000
961.44,	35.5000
962.04,	35.5000
962.64,	35.5000
963.25,	35.5000
963.85,	35.5000
964.45,	35.5000
965.05,	35.5000
965.65,	35.5000
966.25,	35.5000
966.85,	35.5000
967.45,	35.5000
968.05,	35.5000
968.65,	35.5000
969.25,	35.5000
969.85,	35.5000
970.45,	35.5000
971.05,	35.5000
971.65,	35.5000
972.25,	35.5000
972.85,	35.5000
973.45,	35.5000
974.05,	35.5000
974.65,	35.5000
975.25,	35.5000
975.85,	35.5000
976.45,	35.5000
977.05,	35.5000
977.65,	35.5000
978.25,	35.5000
978.85,	35.5000
979.45,	35.5000
980.05,	35.5000
980.65,	35.5000
981.25,	35.5000
981.85,	35.5000
982.45,	35.5000
983.05,	35.5000
983.65,	35.5000
984.25,	35.5000
984.85,	35.5000
985.45,	35.5000
986.04,	35.5000
986.64,	35.5000
987.24,	35.5000
987.84,	35.5000
988.44,	35.5000
989.04,	35.5000
989.64,	35.5000
990.24,	35.5000
990.84,	35.5000
991.44,	35.5000
992.03,	35.5000
992.63,	35.5000
993.23,	35.5000
993.83,	35.5000
994.43,	35.5000
995.03,	35.5000
995.63,	35.5000
996.22,	35.5000
996.82,	35.5000
997.42,	35.5000
998.02,	35.5000
998.62,	35.5000
999.21,	35.5000
999.81,	35.5000
1000.41,	35.5000
