Call Sign = ZSDA,	Ship Name = SA Agulhas,	Lloyds Num = 0
Date = 12/03/2016,	Time = 09:05,	
Latitude = 43 01.67  S,	Longitude = 008 07.98  E
Instr = Sippican Deep Blue,	Card Type = Sippican MK-21,	
Wind Instr = ,	Measur Method = 
Probe Serial Num = -1,	Ship Dir = -1,	Ship Speed = -1.00
Wind Dir = 302,	Wind Speed = 26.00
Dry Bulb Temp = 11.90,	Total Water Depth = -1.00

Full Resolution Values
Depth,	 Temp
0.67,	10.4200
1.34,	10.2800
2.01,	10.2200
2.68,	10.2100
3.34,	10.2200
4.01,	10.2100
4.68,	10.2100
5.35,	10.2100
6.02,	10.2100
6.69,	10.2200
7.36,	10.2200
8.03,	10.2200
8.69,	10.2200
9.36,	10.2200
10.03,	10.2200
10.70,	10.2200
11.37,	10.2200
12.04,	10.2100
12.70,	10.2100
13.37,	10.2100
14.04,	10.2100
14.71,	10.2000
15.38,	10.2000
16.05,	10.2000
16.71,	10.2000
17.38,	10.2000
18.05,	10.2000
18.72,	10.2000
19.38,	10.2100
20.05,	10.2100
20.72,	10.2100
21.39,	10.2100
22.06,	10.2000
22.72,	10.2100
23.39,	10.2000
24.06,	10.2000
24.73,	10.2000
25.39,	10.2000
26.06,	10.1900
26.73,	10.1600
27.40,	10.1400
28.06,	10.1100
28.73,	10.0800
29.40,	10.0600
30.06,	10.0500
30.73,	10.0400
31.40,	10.0500
32.06,	10.0300
32.73,	10.0200
33.40,	10.0200
34.07,	10.0000
34.73,	9.9600
35.40,	9.9300
36.07,	9.9100
36.73,	9.8900
37.40,	9.8700
38.07,	9.8500
38.73,	9.8400
39.40,	9.8200
40.06,	9.8200
40.73,	9.8200
41.40,	9.8000
42.06,	9.7300
42.73,	9.6300
43.40,	9.5700
44.06,	9.5200
44.73,	9.5000
45.39,	9.5000
46.06,	9.4900
46.73,	9.4900
47.39,	9.4800
48.06,	9.4800
48.72,	9.4900
49.39,	9.4900
50.06,	9.4900
50.72,	9.4900
51.39,	9.4900
52.05,	9.4900
52.72,	9.4800
53.38,	9.4800
54.05,	9.4800
54.71,	9.4800
55.38,	9.4800
56.05,	9.4700
56.71,	9.4600
57.38,	9.4500
58.04,	9.4200
58.71,	9.3900
59.37,	9.3400
60.04,	9.3000
60.70,	9.2500
61.37,	9.1700
62.03,	9.1000
62.70,	9.0700
63.36,	9.0600
64.03,	9.0500
64.69,	9.0500
65.36,	9.0500
66.02,	9.0300
66.69,	9.0100
67.35,	9.0000
68.01,	9.0000
68.68,	9.0100
69.34,	9.0100
70.01,	9.0000
70.67,	8.9900
71.34,	8.9700
72.00,	8.9600
72.66,	8.9400
73.33,	8.9200
73.99,	8.8900
74.66,	8.8900
75.32,	8.8800
75.98,	8.8700
76.65,	8.8700
77.31,	8.8700
77.98,	8.8700
78.64,	8.8600
79.30,	8.8700
79.97,	8.8700
80.63,	8.8700
81.30,	8.8700
81.96,	8.8600
82.62,	8.8600
83.29,	8.8500
83.95,	8.8400
84.61,	8.8300
85.28,	8.8500
85.94,	8.8600
86.60,	8.8700
87.27,	8.8500
87.93,	8.8500
88.59,	8.8400
89.26,	8.8300
89.92,	8.8300
90.58,	8.8300
91.24,	8.8200
91.91,	8.8200
92.57,	8.8100
93.23,	8.7900
93.90,	8.7800
94.56,	8.7300
95.22,	8.6900
95.88,	8.6700
96.55,	8.6700
97.21,	8.6700
97.87,	8.6600
98.53,	8.6400
99.20,	8.6200
99.86,	8.6000
100.52,	8.5900
101.18,	8.5800
101.85,	8.5600
102.51,	8.5200
103.17,	8.4900
103.83,	8.4600
104.49,	8.4400
105.16,	8.4300
105.82,	8.4300
106.48,	8.4200
107.14,	8.4100
107.80,	8.4100
108.47,	8.4000
109.13,	8.4000
109.79,	8.4000
110.45,	8.4000
111.11,	8.4000
111.77,	8.3900
112.44,	8.3800
113.10,	8.3700
113.76,	8.3700
114.42,	8.3800
115.08,	8.3800
115.74,	8.3800
116.40,	8.3800
117.06,	8.3700
117.73,	8.3600
118.39,	8.3600
119.05,	8.3600
119.71,	8.3500
120.37,	8.3500
121.03,	8.3500
121.69,	8.3500
122.35,	8.3400
123.01,	8.3400
123.67,	8.3400
124.33,	8.3400
125.00,	8.3500
125.66,	8.3500
126.32,	8.3500
126.98,	8.3500
127.64,	8.3600
128.30,	8.3700
128.96,	8.3900
129.62,	8.4000
130.28,	8.4000
130.94,	8.3800
131.60,	8.3800
132.26,	8.3700
132.92,	8.3700
133.58,	8.3700
134.24,	8.3700
134.90,	8.3700
135.56,	8.3600
136.22,	8.3800
136.88,	8.4000
137.54,	8.4100
138.20,	8.4300
138.86,	8.4500
139.52,	8.4700
140.18,	8.5000
140.84,	8.5100
141.50,	8.5000
142.16,	8.5000
142.82,	8.4800
143.48,	8.4200
144.14,	8.3300
144.79,	8.2900
145.45,	8.2800
146.11,	8.2800
146.77,	8.2700
147.43,	8.2400
148.09,	8.1000
148.75,	7.9900
149.41,	7.9400
150.07,	7.9300
150.73,	7.9100
151.39,	7.8900
152.04,	7.8700
152.70,	7.8500
153.36,	7.8300
154.02,	7.8300
154.68,	7.8200
155.34,	7.8100
156.00,	7.8000
156.65,	7.7800
157.31,	7.7800
157.97,	7.7900
158.63,	7.7800
159.29,	7.7800
159.95,	7.7700
160.60,	7.7600
161.26,	7.7600
161.92,	7.7500
162.58,	7.7500
163.24,	7.7500
163.90,	7.7500
164.55,	7.7600
165.21,	7.7500
165.87,	7.7500
166.53,	7.7400
167.18,	7.7300
167.84,	7.7200
168.50,	7.7300
169.16,	7.7200
169.82,	7.7200
170.47,	7.7100
171.13,	7.7100
171.79,	7.7100
172.44,	7.7000
173.10,	7.6800
173.76,	7.6700
174.42,	7.6700
175.07,	7.6700
175.73,	7.6600
176.39,	7.6500
177.05,	7.6400
177.70,	7.6400
178.36,	7.6400
179.02,	7.6300
179.67,	7.6300
180.33,	7.6300
180.99,	7.6300
181.64,	7.6300
182.30,	7.6300
182.96,	7.6300
183.61,	7.6200
184.27,	7.6100
184.93,	7.6000
185.58,	7.6000
186.24,	7.6000
186.90,	7.5900
187.55,	7.5900
188.21,	7.5900
188.87,	7.5800
189.52,	7.5800
190.18,	7.5700
190.83,	7.5600
191.49,	7.5600
192.15,	7.5600
192.80,	7.5500
193.46,	7.5300
194.11,	7.5300
194.77,	7.5200
195.43,	7.5100
196.08,	7.5100
196.74,	7.5000
197.39,	7.5000
198.05,	7.5000
198.70,	7.5100
199.36,	7.5000
200.02,	7.4900
200.67,	7.4900
201.33,	7.5000
201.98,	7.4900
202.64,	7.4800
203.29,	7.4800
203.95,	7.4800
204.60,	7.4800
205.26,	7.4700
205.91,	7.4700
206.57,	7.4700
207.22,	7.4600
207.88,	7.4700
208.53,	7.4600
209.19,	7.4600
209.84,	7.4600
210.50,	7.4500
211.15,	7.4500
211.81,	7.4500
212.46,	7.4500
213.12,	7.4400
213.77,	7.4400
214.43,	7.4400
215.08,	7.4500
215.74,	7.4400
216.39,	7.4400
217.04,	7.4400
217.70,	7.4400
218.35,	7.4300
219.01,	7.4200
219.66,	7.4200
220.32,	7.4200
220.97,	7.4200
221.62,	7.4200
222.28,	7.4100
222.93,	7.4100
223.59,	7.4000
224.24,	7.3900
224.89,	7.3900
225.55,	7.3800
226.20,	7.3800
226.85,	7.3800
227.51,	7.3700
228.16,	7.3700
228.81,	7.3700
229.47,	7.3700
230.12,	7.3700
230.78,	7.3600
231.43,	7.3600
232.08,	7.3600
232.74,	7.3600
233.39,	7.3600
234.04,	7.3600
234.69,	7.3500
235.35,	7.3500
236.00,	7.3500
236.65,	7.3500
237.31,	7.3400
237.96,	7.3400
238.61,	7.3500
239.27,	7.3400
239.92,	7.3300
240.57,	7.3400
241.22,	7.3400
241.88,	7.3300
242.53,	7.3400
243.18,	7.3300
243.83,	7.3300
244.49,	7.3300
245.14,	7.3300
245.79,	7.3300
246.44,	7.3200
247.10,	7.3100
247.75,	7.3100
248.40,	7.3100
249.05,	7.3100
249.70,	7.3100
250.36,	7.3100
251.01,	7.3000
251.66,	7.2900
252.31,	7.3000
252.96,	7.3000
253.62,	7.2900
254.27,	7.2900
254.92,	7.2900
255.57,	7.2800
256.22,	7.2700
256.88,	7.2700
257.53,	7.2600
258.18,	7.2700
258.83,	7.2600
259.48,	7.2600
260.13,	7.2600
260.78,	7.2600
261.44,	7.2600
262.09,	7.2500
262.74,	7.2500
263.39,	7.2500
264.04,	7.2400
264.69,	7.2400
265.34,	7.2500
265.99,	7.2500
266.64,	7.2400
267.29,	7.2300
267.95,	7.2100
268.60,	7.1900
269.25,	7.1800
269.90,	7.1700
270.55,	7.1700
271.20,	7.1500
271.85,	7.1300
272.50,	7.1300
273.15,	7.1200
273.80,	7.1200
274.45,	7.1300
275.10,	7.1300
275.75,	7.1200
276.40,	7.1100
277.05,	7.1100
277.70,	7.1100
278.35,	7.1000
279.00,	7.0900
279.65,	7.0800
280.30,	7.0800
280.95,	7.0800
281.60,	7.0800
282.25,	7.0700
282.90,	7.0600
283.55,	7.0600
284.20,	7.0600
284.85,	7.0600
285.50,	7.0600
286.15,	7.0500
286.80,	7.0400
287.45,	7.0300
288.10,	7.0300
288.75,	7.0300
289.40,	7.0200
290.05,	7.0200
290.70,	7.0200
291.35,	7.0200
292.00,	7.0100
292.64,	7.0200
293.29,	7.0200
293.94,	7.0200
294.59,	7.0200
295.24,	7.0100
295.89,	7.0100
296.54,	7.0000
297.19,	7.0000
297.84,	7.0100
298.49,	7.0100
299.13,	7.0000
299.78,	7.0000
300.43,	7.0100
301.08,	7.0000
301.73,	6.9900
302.38,	6.9900
303.02,	6.9900
303.67,	6.9800
304.32,	6.9800
304.97,	6.9700
305.62,	6.9800
306.27,	6.9700
306.91,	6.9500
307.56,	6.9500
308.21,	6.9500
308.86,	6.9500
309.51,	6.9400
310.15,	6.9400
310.80,	6.9300
311.45,	6.9300
312.10,	6.9200
312.75,	6.9200
313.39,	6.9200
314.04,	6.9100
314.69,	6.8900
315.34,	6.8700
315.98,	6.8600
316.63,	6.8600
317.28,	6.8500
317.93,	6.8500
318.57,	6.8500
319.22,	6.8600
319.87,	6.8700
320.52,	6.8600
321.16,	6.8600
321.81,	6.8400
322.46,	6.8200
323.10,	6.8100
323.75,	6.8000
324.40,	6.8000
325.04,	6.7900
325.69,	6.7900
326.34,	6.7900
326.99,	6.7800
327.63,	6.7700
328.28,	6.7800
328.93,	6.7800
329.57,	6.7700
330.22,	6.7800
330.86,	6.7700
331.51,	6.7700
332.16,	6.7700
332.80,	6.7600
333.45,	6.7600
334.10,	6.7600
334.74,	6.7500
335.39,	6.7400
336.03,	6.7400
336.68,	6.7400
337.33,	6.7400
337.97,	6.7300
338.62,	6.7400
339.26,	6.7300
339.91,	6.7300
340.56,	6.7200
341.20,	6.7200
341.85,	6.7200
342.49,	6.7200
343.14,	6.7100
343.78,	6.7000
344.43,	6.6900
345.08,	6.6600
345.72,	6.6200
346.37,	6.5700
347.01,	6.5500
347.66,	6.5500
348.30,	6.5500
348.95,	6.5600
349.59,	6.5500
350.24,	6.5400
350.88,	6.5300
351.53,	6.5300
352.17,	6.5300
352.82,	6.5400
353.46,	6.5400
354.11,	6.5400
354.75,	6.5400
355.40,	6.5300
356.04,	6.5400
356.69,	6.5300
357.33,	6.5300
357.98,	6.5300
358.62,	6.5100
359.27,	6.4800
359.91,	6.4700
360.55,	6.4700
361.20,	6.4600
361.84,	6.4700
362.49,	6.4800
363.13,	6.4700
363.78,	6.4700
364.42,	6.4700
365.06,	6.4500
365.71,	6.4500
366.35,	6.4500
367.00,	6.4600
367.64,	6.4600
368.28,	6.4500
368.93,	6.4400
369.57,	6.4400
370.22,	6.4400
370.86,	6.4600
371.50,	6.4600
372.15,	6.4600
372.79,	6.4500
373.43,	6.4400
374.08,	6.4300
374.72,	6.4300
375.36,	6.4000
376.01,	6.3700
376.65,	6.3800
377.29,	6.3900
377.94,	6.3800
378.58,	6.3700
379.22,	6.3500
379.87,	6.3300
380.51,	6.3100
381.15,	6.3100
381.79,	6.3200
382.44,	6.3100
383.08,	6.3000
383.72,	6.2900
384.37,	6.2800
385.01,	6.2800
385.65,	6.2700
386.29,	6.2800
386.94,	6.2700
387.58,	6.2700
388.22,	6.2600
388.86,	6.2600
389.51,	6.2500
390.15,	6.2200
390.79,	6.2100
391.43,	6.2000
392.08,	6.2000
392.72,	6.2000
393.36,	6.2000
394.00,	6.2000
394.64,	6.2000
395.29,	6.1900
395.93,	6.1900
396.57,	6.1900
397.21,	6.1900
397.85,	6.1900
398.50,	6.1800
399.14,	6.1800
399.78,	6.1700
400.42,	6.1500
401.06,	6.1300
401.70,	6.1300
402.34,	6.1300
402.99,	6.1300
403.63,	6.1300
404.27,	6.1300
404.91,	6.1300
405.55,	6.1300
406.19,	6.1200
406.83,	6.1300
407.48,	6.1200
408.12,	6.1100
408.76,	6.1100
409.40,	6.1200
410.04,	6.1100
410.68,	6.1200
411.32,	6.1200
411.96,	6.1100
412.60,	6.1100
413.24,	6.1100
413.88,	6.1100
414.52,	6.1000
415.17,	6.1000
415.81,	6.1000
416.45,	6.1000
417.09,	6.0800
417.73,	6.0700
418.37,	6.0600
419.01,	6.0600
419.65,	6.0600
420.29,	6.0400
420.93,	6.0400
421.57,	6.0400
422.21,	6.0300
422.85,	6.0200
423.49,	6.0000
424.13,	5.9800
424.77,	5.9700
425.41,	5.9700
426.05,	5.9600
426.69,	5.9500
427.33,	5.9400
427.97,	5.9300
428.61,	5.9100
429.25,	5.9000
429.89,	5.8900
430.53,	5.8800
431.17,	5.8700
431.80,	5.8600
432.44,	5.8500
433.08,	5.8400
433.72,	5.8400
434.36,	5.8400
435.00,	5.8200
435.64,	5.8100
436.28,	5.8100
436.92,	5.8200
437.56,	5.8100
438.20,	5.8100
438.84,	5.8100
439.47,	5.8100
440.11,	5.8100
440.75,	5.8000
441.39,	5.7700
442.03,	5.7600
442.67,	5.7500
443.31,	5.7300
443.95,	5.7300
444.58,	5.7200
445.22,	5.7000
445.86,	5.6800
446.50,	5.6800
447.14,	5.6700
447.78,	5.6600
448.41,	5.6400
449.05,	5.6200
449.69,	5.6300
450.33,	5.6200
450.97,	5.6000
451.60,	5.5900
452.24,	5.5800
452.88,	5.5700
453.52,	5.5500
454.16,	5.5400
454.79,	5.5400
455.43,	5.5300
456.07,	5.5300
456.71,	5.5200
457.35,	5.5200
457.98,	5.5200
458.62,	5.5200
459.26,	5.5100
459.90,	5.5000
460.53,	5.4800
461.17,	5.4500
461.81,	5.4500
462.44,	5.4500
463.08,	5.4500
463.72,	5.4400
464.36,	5.4300
464.99,	5.4300
465.63,	5.4200
466.27,	5.4200
466.90,	5.4100
467.54,	5.4100
468.18,	5.3900
468.81,	5.3900
469.45,	5.3800
470.09,	5.3800
470.72,	5.3700
471.36,	5.3700
472.00,	5.3700
472.63,	5.3600
473.27,	5.3500
473.91,	5.3200
474.54,	5.3100
475.18,	5.3000
475.82,	5.3000
476.45,	5.2800
477.09,	5.2700
477.73,	5.2600
478.36,	5.2500
479.00,	5.2500
479.63,	5.2500
480.27,	5.2400
480.91,	5.2500
481.54,	5.2400
482.18,	5.2400
482.81,	5.2300
483.45,	5.2300
484.08,	5.2200
484.72,	5.2200
485.36,	5.2000
485.99,	5.2000
486.63,	5.2000
487.26,	5.2000
487.90,	5.1800
488.53,	5.1600
489.17,	5.1300
489.80,	5.1100
490.44,	5.0900
491.07,	5.0900
491.71,	5.0900
492.34,	5.0900
492.98,	5.0800
493.62,	5.0800
494.25,	5.0800
494.89,	5.0700
495.52,	5.0700
496.15,	5.0700
496.79,	5.0700
497.42,	5.0600
498.06,	5.0400
498.69,	5.0300
499.33,	5.0300
499.96,	5.0200
500.60,	5.0100
501.23,	5.0100
501.87,	5.0100
502.50,	5.0100
503.14,	5.0100
503.77,	5.0100
504.40,	5.0000
505.04,	5.0000
505.67,	4.9900
506.31,	4.9700
506.94,	4.9700
507.57,	4.9700
508.21,	4.9700
508.84,	4.9700
509.48,	4.9700
510.11,	4.9500
510.74,	4.9400
511.38,	4.9400
512.01,	4.9300
512.65,	4.9300
513.28,	4.9300
513.91,	4.9200
514.55,	4.9100
515.18,	4.9100
515.81,	4.9000
516.45,	4.8900
517.08,	4.8900
517.71,	4.8900
518.35,	4.8800
518.98,	4.8800
519.61,	4.8800
520.25,	4.8800
520.88,	4.8700
521.51,	4.8600
522.15,	4.8500
522.78,	4.8300
523.41,	4.8200
524.04,	4.8100
524.68,	4.8100
525.31,	4.8100
525.94,	4.8000
526.58,	4.7900
527.21,	4.7800
527.84,	4.7800
528.47,	4.7800
529.11,	4.7700
529.74,	4.7700
530.37,	4.7700
531.00,	4.7600
531.64,	4.7600
532.27,	4.7500
532.90,	4.7400
533.53,	4.7400
534.17,	4.7400
534.80,	4.7400
535.43,	4.7300
536.06,	4.7300
536.69,	4.7300
537.33,	4.7200
537.96,	4.7100
538.59,	4.7000
539.22,	4.6900
539.85,	4.6900
540.48,	4.7000
541.12,	4.7000
541.75,	4.6800
542.38,	4.6700
543.01,	4.6600
543.64,	4.6500
544.27,	4.6500
544.91,	4.6400
545.54,	4.6400
546.17,	4.6300
546.80,	4.6200
547.43,	4.6100
548.06,	4.6100
548.69,	4.6100
549.32,	4.6200
549.95,	4.6200
550.59,	4.6100
551.22,	4.6100
551.85,	4.6100
552.48,	4.6000
553.11,	4.6000
553.74,	4.6000
554.37,	4.6000
555.00,	4.6000
555.63,	4.6000
556.26,	4.5900
556.89,	4.5900
557.52,	4.5900
558.15,	4.5800
558.78,	4.5700
559.42,	4.5600
560.05,	4.5500
560.68,	4.5500
561.31,	4.5400
561.94,	4.5400
562.57,	4.5400
563.20,	4.5500
563.83,	4.5500
564.46,	4.5500
565.09,	4.5400
565.72,	4.5500
566.35,	4.5500
566.98,	4.5500
567.61,	4.5400
568.24,	4.5400
568.87,	4.5400
569.50,	4.5300
570.12,	4.5200
570.75,	4.5100
571.38,	4.5100
572.01,	4.5100
572.64,	4.5000
573.27,	4.5000
573.90,	4.5000
574.53,	4.5000
575.16,	4.5000
575.79,	4.4900
576.42,	4.4900
577.05,	4.4900
577.68,	4.4900
578.31,	4.4800
578.93,	4.4800
579.56,	4.4800
580.19,	4.4800
580.82,	4.4700
581.45,	4.4800
582.08,	4.4800
582.71,	4.4800
583.34,	4.4800
583.97,	4.4700
584.59,	4.4700
585.22,	4.4600
585.85,	4.4500
586.48,	4.4300
587.11,	4.4300
587.74,	4.4200
588.36,	4.4100
588.99,	4.4100
589.62,	4.4200
590.25,	4.4200
590.88,	4.4100
591.50,	4.4100
592.13,	4.4000
592.76,	4.4100
593.39,	4.4100
594.02,	4.4100
594.64,	4.4000
595.27,	4.4000
595.90,	4.4000
596.53,	4.3900
597.16,	4.3900
597.78,	4.3900
598.41,	4.3800
599.04,	4.3800
599.67,	4.3800
600.29,	4.3800
600.92,	4.3700
601.55,	4.3700
602.18,	4.3700
602.80,	4.3600
603.43,	4.3700
604.06,	4.3700
604.68,	4.3600
605.31,	4.3700
605.94,	4.3600
606.57,	4.3600
607.19,	4.3600
607.82,	4.3600
608.45,	4.3600
609.07,	4.3500
609.70,	4.3500
610.33,	4.3400
610.95,	4.3400
611.58,	4.3400
612.21,	4.3500
612.83,	4.3500
613.46,	4.3400
614.09,	4.3400
614.71,	4.3400
615.34,	4.3300
615.97,	4.3300
616.59,	4.3300
617.22,	4.3300
617.84,	4.3300
618.47,	4.3300
619.10,	4.3300
619.72,	4.3300
620.35,	4.3300
620.97,	4.3300
621.60,	4.3200
622.23,	4.3300
622.85,	4.3300
623.48,	4.3200
624.10,	4.3100
624.73,	4.3100
625.35,	4.3100
625.98,	4.3000
626.61,	4.3100
627.23,	4.3000
627.86,	4.2900
628.48,	4.2900
629.11,	4.2900
629.73,	4.2900
630.36,	4.2700
630.98,	4.2700
631.61,	4.2700
632.23,	4.2600
632.86,	4.2500
633.48,	4.2400
634.11,	4.2300
634.73,	4.2300
635.36,	4.2300
635.98,	4.2400
636.61,	4.2300
637.23,	4.2300
637.86,	4.2200
638.48,	4.2200
639.11,	4.2200
639.73,	4.2200
640.36,	4.2000
640.98,	4.2000
641.61,	4.1900
642.23,	4.1800
642.85,	4.1800
643.48,	4.1800
644.10,	4.1800
644.73,	4.1800
645.35,	4.1800
645.98,	4.1600
646.60,	4.1500
647.22,	4.1400
647.85,	4.1400
648.47,	4.1500
649.10,	4.1400
649.72,	4.1300
650.34,	4.1300
650.97,	4.1400
651.59,	4.1400
652.22,	4.1400
652.84,	4.1500
653.46,	4.1600
654.09,	4.1500
654.71,	4.1500
655.33,	4.1500
655.96,	4.1500
656.58,	4.1500
657.20,	4.1500
657.83,	4.1500
658.45,	4.1500
659.07,	4.1500
659.70,	4.1500
660.32,	4.1500
660.94,	4.1500
661.57,	4.1500
662.19,	4.1500
662.81,	4.1400
663.43,	4.1400
664.06,	4.1300
664.68,	4.1300
665.30,	4.1200
665.93,	4.1100
666.55,	4.1100
667.17,	4.1100
667.79,	4.1000
668.42,	4.1000
669.04,	4.1000
669.66,	4.1000
670.28,	4.0900
670.91,	4.1000
671.53,	4.1000
672.15,	4.1000
672.77,	4.0900
673.39,	4.0900
674.02,	4.0900
674.64,	4.0900
675.26,	4.0900
675.88,	4.0800
676.50,	4.0900
677.13,	4.0900
677.75,	4.0800
678.37,	4.0700
678.99,	4.0700
679.61,	4.0600
680.24,	4.0400
680.86,	4.0300
681.48,	4.0200
682.10,	4.0300
682.72,	4.0200
683.34,	4.0100
683.96,	3.9900
684.59,	3.9800
685.21,	3.9700
685.83,	3.9700
686.45,	3.9700
687.07,	3.9600
687.69,	3.9500
688.31,	3.9300
688.93,	3.9300
689.56,	3.9300
690.18,	3.9200
690.80,	3.9200
691.42,	3.9200
692.04,	3.9200
692.66,	3.9300
693.28,	3.9300
693.90,	3.9300
694.52,	3.9200
695.14,	3.9100
695.76,	3.9200
696.38,	3.9100
697.00,	3.9100
697.62,	3.9000
698.25,	3.9000
698.87,	3.9000
699.49,	3.8900
700.11,	3.9000
700.73,	3.8900
701.35,	3.8800
701.97,	3.8800
702.59,	3.8800
703.21,	3.8800
703.83,	3.8700
704.45,	3.8800
705.07,	3.8700
705.69,	3.8700
706.31,	3.8600
706.93,	3.8600
707.55,	3.8600
708.17,	3.8600
708.79,	3.8600
709.40,	3.8500
710.02,	3.8400
710.64,	3.8400
711.26,	3.8300
711.88,	3.8200
712.50,	3.8200
713.12,	3.8200
713.74,	3.8300
714.36,	3.8200
714.98,	3.8100
715.60,	3.8100
716.22,	3.8200
716.84,	3.8100
717.45,	3.8100
718.07,	3.8000
718.69,	3.8000
719.31,	3.8000
719.93,	3.8000
720.55,	3.7900
721.17,	3.7900
721.79,	3.7900
722.41,	3.7900
723.02,	3.7800
723.64,	3.7800
724.26,	3.7800
724.88,	3.7700
725.50,	3.7700
726.12,	3.7600
726.73,	3.7500
727.35,	3.7500
727.97,	3.7500
728.59,	3.7500
729.21,	3.7400
729.83,	3.7500
730.44,	3.7500
731.06,	3.7400
731.68,	3.7400
732.30,	3.7300
732.92,	3.7300
733.53,	3.7300
734.15,	3.7300
734.77,	3.7300
735.39,	3.7300
736.00,	3.7300
736.62,	3.7400
737.24,	3.7300
737.86,	3.7300
738.47,	3.7300
739.09,	3.7300
739.71,	3.7300
740.33,	3.7300
740.94,	3.7300
741.56,	3.7300
742.18,	3.7200
742.79,	3.7200
743.41,	3.7200
744.03,	3.7200
744.65,	3.7200
745.26,	3.7200
745.88,	3.7200
746.50,	3.7100
747.11,	3.7100
747.73,	3.7100
748.35,	3.7000
748.96,	3.7000
749.58,	3.7000
750.20,	3.7000
750.81,	3.7000
751.43,	3.7000
752.05,	3.7000
752.66,	3.7000
753.28,	3.7000
753.90,	3.7000
754.51,	3.6900
755.13,	3.6900
755.74,	3.6900
756.36,	3.7000
756.98,	3.6900
757.59,	3.6900
758.21,	3.6900
758.82,	3.6900
759.44,	3.6800
760.06,	3.6700
760.67,	3.6700
761.29,	3.6700
761.90,	3.6700
762.52,	3.6800
763.14,	3.6700
763.75,	3.6700
764.37,	3.6600
764.98,	3.6600
765.60,	3.6700
766.21,	3.6600
766.83,	3.6600
767.44,	3.6600
768.06,	3.6500
768.67,	3.6500
769.29,	3.6500
769.90,	3.6400
770.52,	3.6400
771.14,	3.6400
771.75,	3.6400
772.37,	3.6500
772.98,	3.6600
773.59,	3.6700
774.21,	3.6600
774.82,	3.6500
775.44,	3.6500
776.05,	3.6400
776.67,	3.6300
777.28,	3.6200
777.90,	3.6200
778.51,	3.6100
779.13,	3.6200
779.74,	3.6200
780.36,	3.6200
780.97,	3.6200
781.58,	3.6100
782.20,	3.6000
782.81,	3.6000
783.43,	3.6000
784.04,	3.6000
784.66,	3.6000
785.27,	3.6000
785.88,	3.6000
786.50,	3.6000
787.11,	3.6000
787.73,	3.6100
788.34,	3.6000
788.95,	3.5900
789.57,	3.6000
790.18,	3.6000
790.79,	3.6100
791.41,	3.6100
792.02,	3.6100
792.63,	3.6100
793.25,	3.6100
793.86,	3.5900
794.47,	3.5800
795.09,	3.5700
795.70,	3.5700
796.31,	3.5700
796.93,	3.5700
797.54,	3.5600
798.15,	3.5600
798.77,	3.5500
799.38,	3.5500
799.99,	3.5500
800.61,	3.5500
801.22,	3.5400
801.83,	3.5500
802.44,	3.5500
803.06,	3.5500
803.67,	3.5600
804.28,	3.5600
804.90,	3.5500
805.51,	3.5500
806.12,	3.5400
806.73,	3.5300
807.34,	3.5200
807.96,	3.5300
808.57,	3.5200
809.18,	3.5200
809.79,	3.5100
810.41,	3.5100
811.02,	3.5000
811.63,	3.5100
812.24,	3.5000
812.85,	3.5000
813.47,	3.5000
814.08,	3.4900
814.69,	3.4900
815.30,	3.4900
815.91,	3.5000
816.53,	3.4900
817.14,	3.4900
817.75,	3.5000
818.36,	3.5000
818.97,	3.4900
819.58,	3.4900
820.20,	3.5000
820.81,	3.5000
821.42,	3.5000
822.03,	3.5000
822.64,	3.5000
823.25,	3.5000
823.86,	3.5100
824.47,	3.5100
825.09,	3.5100
825.70,	3.5000
826.31,	3.5000
826.92,	3.4900
827.53,	3.4900
828.14,	3.4900
828.75,	3.4800
829.36,	3.4700
829.97,	3.4700
830.58,	3.4700
831.19,	3.4700
831.80,	3.4700
832.42,	3.4700
833.03,	3.4600
833.64,	3.4600
834.25,	3.4600
834.86,	3.4500
835.47,	3.4500
836.08,	3.4400
836.69,	3.4300
837.30,	3.4200
837.91,	3.4100
838.52,	3.4100
839.13,	3.4000
839.74,	3.4000
840.35,	3.4100
840.96,	3.4000
841.57,	3.4000
842.18,	3.4000
842.79,	3.4000
843.40,	3.4000
844.01,	3.4000
844.62,	3.4000
845.23,	3.4000
845.84,	3.4000
846.45,	3.4000
847.06,	3.4000
847.67,	3.3900
848.27,	3.4000
848.88,	3.4000
849.49,	3.3900
850.10,	3.3800
850.71,	3.3700
851.32,	3.3600
851.93,	3.3700
852.54,	3.3700
853.15,	3.3700
853.76,	3.3700
854.37,	3.3600
854.98,	3.3600
855.58,	3.3600
856.19,	3.3700
856.80,	3.3600
857.41,	3.3600
858.02,	3.3600
858.63,	3.3600
859.24,	3.3600
859.85,	3.3600
860.45,	3.3500
861.06,	3.3600
861.67,	3.3500
862.28,	3.3400
862.89,	3.3400
863.50,	3.3500
864.10,	3.3400
864.71,	3.3500
865.32,	3.3500
865.93,	3.3400
866.54,	3.3500
867.14,	3.3500
867.75,	3.3400
868.36,	3.3500
868.97,	3.3500
869.58,	3.3500
870.18,	3.3500
870.79,	3.3400
871.40,	3.3400
872.01,	3.3300
872.61,	3.3300
873.22,	3.3300
873.83,	3.3300
874.44,	3.3300
875.04,	3.3300
875.65,	3.3300
876.26,	3.3300
876.87,	3.3300
877.47,	3.3300
878.08,	3.3300
878.69,	3.3200
879.29,	3.3200
879.90,	3.3200
880.51,	3.3300
881.12,	3.3200
881.72,	3.3200
882.33,	3.3100
882.94,	3.3100
883.54,	3.3100
884.15,	3.3200
884.76,	3.3200
885.36,	3.3100
885.97,	3.3100
886.58,	3.3100
887.18,	3.3100
887.79,	3.3100
888.40,	3.3100
889.00,	3.3100
889.61,	3.3100
890.22,	3.3100
890.82,	3.3000
891.43,	3.3100
892.03,	3.3100
892.64,	3.3000
893.25,	3.3000
893.85,	3.3000
894.46,	3.3000
895.06,	3.3000
895.67,	3.3000
896.28,	3.2900
896.88,	3.2900
897.49,	3.2900
898.09,	3.2900
898.70,	3.2800
899.30,	3.2900
899.91,	3.2800
900.52,	3.2800
901.12,	3.2800
901.73,	3.2800
902.33,	3.2800
902.94,	3.2800
903.54,	3.2800
904.15,	3.2800
904.75,	3.2900
905.36,	3.2800
905.96,	3.2800
906.57,	3.2800
907.17,	3.2800
907.78,	3.2700
908.38,	3.2700
908.99,	3.2700
909.59,	3.2700
910.20,	3.2700
910.80,	3.2700
911.41,	3.2700
912.01,	3.2700
912.62,	3.2700
913.22,	3.2600
913.83,	3.2600
914.43,	3.2600
915.03,	3.2600
915.64,	3.2600
916.24,	3.2600
916.85,	3.2600
917.45,	3.2500
918.06,	3.2500
918.66,	3.2400
919.26,	3.2500
919.87,	3.2400
920.47,	3.2400
921.08,	3.2400
921.68,	3.2400
922.28,	3.2300
922.89,	3.2400
923.49,	3.2300
924.10,	3.2300
924.70,	3.2400
925.30,	3.3700
925.91,	4.0800
926.51,	5.8400
927.11,	8.4600
927.72,	11.1400
928.32,	12.9700
928.92,	14.0000
929.53,	14.7000
930.13,	15.2300
930.74,	15.6700
931.34,	16.0400
931.94,	16.4000
932.54,	16.7200
933.15,	17.0300
933.75,	17.3200
934.35,	17.6100
934.96,	17.8800
935.56,	18.1300
936.16,	18.3900
936.77,	22.0200
937.37,	35.5000
937.97,	35.5000
938.57,	35.5000
939.18,	35.5000
939.78,	35.5000
940.38,	35.5000
940.98,	35.5000
941.59,	35.5000
942.19,	35.5000
942.79,	35.5000
943.39,	35.5000
944.00,	35.5000
944.60,	35.5000
945.20,	35.5000
945.80,	35.5000
946.40,	35.5000
947.01,	35.5000
947.61,	35.5000
948.21,	35.5000
948.81,	35.5000
949.41,	35.5000
950.02,	35.5000
950.62,	35.5000
951.22,	35.5000
951.82,	35.5000
952.42,	35.5000
953.02,	35.5000
953.63,	35.5000
954.23,	35.5000
954.83,	35.5000
955.43,	35.5000
956.03,	35.5000
956.63,	35.5000
957.24,	35.5000
957.84,	35.5000
958.44,	35.5000
959.04,	35.5000
959.64,	35.5000
960.24,	35.5000
960.84,	35.5000
961.44,	35.5000
962.04,	35.5000
962.64,	35.5000
963.25,	35.5000
963.85,	35.5000
964.45,	35.5000
965.05,	35.5000
965.65,	35.5000
966.25,	35.5000
966.85,	35.5000
967.45,	35.5000
968.05,	35.5000
968.65,	35.5000
969.25,	35.5000
969.85,	35.5000
970.45,	35.5000
971.05,	35.5000
971.65,	35.5000
972.25,	35.5000
972.85,	35.5000
973.45,	35.5000
974.05,	35.5000
974.65,	35.5000
975.25,	35.5000
975.85,	35.5000
976.45,	35.5000
977.05,	35.5000
977.65,	35.5000
978.25,	35.5000
978.85,	35.5000
979.45,	35.5000
980.05,	35.5000
980.65,	35.5000
981.25,	35.5000
981.85,	35.5000
982.45,	35.5000
983.05,	35.5000
983.65,	35.5000
984.25,	35.5000
984.85,	35.5000
985.45,	35.5000
986.04,	35.5000
986.64,	35.5000
987.24,	35.5000
987.84,	35.5000
988.44,	35.5000
989.04,	35.5000
989.64,	35.5000
990.24,	35.5000
990.84,	35.5000
991.44,	35.5000
992.03,	35.5000
992.63,	35.5000
993.23,	35.5000
993.83,	35.5000
994.43,	35.5000
995.03,	35.5000
995.63,	35.5000
996.22,	35.5000
996.82,	35.5000
997.42,	35.5000
998.02,	35.5000
998.62,	35.5000
999.21,	35.5000
999.81,	35.5000
1000.41,	35.5000
