Call Sign = ZSDA,	Ship Name = SA Agulhas,	Lloyds Num = 0
Date = 12/04/2016,	Time = 15:00,	
Latitude = 45 43.38  S,	Longitude = 005 45.69  E
Instr = Sippican Deep Blue,	Card Type = Sippican MK-21,	
Wind Instr = ,	Measur Method = 
Probe Serial Num = -1,	Ship Dir = -1,	Ship Speed = -1.00
Wind Dir = 354,	Wind Speed = 29.50
Dry Bulb Temp = 8.30,	Total Water Depth = -1.00

Full Resolution Values
Depth,	 Temp
0.67,	6.1100
1.34,	5.6200
2.01,	5.5000
2.68,	5.4600
3.34,	5.4400
4.01,	5.4700
4.68,	5.4800
5.35,	5.4700
6.02,	5.4700
6.69,	5.4900
7.36,	5.4900
8.03,	5.4700
8.69,	5.4600
9.36,	5.4600
10.03,	5.4600
10.70,	5.4500
11.37,	5.4500
12.04,	5.4600
12.70,	5.4600
13.37,	5.4600
14.04,	5.4600
14.71,	5.4600
15.38,	5.4600
16.05,	5.4700
16.71,	5.4700
17.38,	5.4800
18.05,	5.4700
18.72,	5.4600
19.38,	5.4600
20.05,	5.4700
20.72,	5.4700
21.39,	5.4700
22.06,	5.4700
22.72,	5.4600
23.39,	5.4700
24.06,	5.4600
24.73,	5.4700
25.39,	5.4700
26.06,	5.4700
26.73,	5.4700
27.40,	5.4700
28.06,	5.4700
28.73,	5.4700
29.40,	5.4700
30.06,	5.4800
30.73,	5.4800
31.40,	5.4700
32.06,	5.4700
32.73,	5.4800
33.40,	5.4900
34.07,	5.5000
34.73,	5.5100
35.40,	5.5300
36.07,	5.5500
36.73,	5.5600
37.40,	5.5700
38.07,	5.5800
38.73,	5.5900
39.40,	5.6000
40.06,	5.6200
40.73,	5.6200
41.40,	5.6300
42.06,	5.6400
42.73,	5.6400
43.40,	5.6300
44.06,	5.6300
44.73,	5.6400
45.39,	5.6600
46.06,	5.6600
46.73,	5.6600
47.39,	5.6700
48.06,	5.6800
48.72,	5.6800
49.39,	5.6700
50.06,	5.6700
50.72,	5.6900
51.39,	5.7000
52.05,	5.7000
52.72,	5.7100
53.38,	5.7300
54.05,	5.7300
54.71,	5.7200
55.38,	5.7200
56.05,	5.7200
56.71,	5.7100
57.38,	5.7100
58.04,	5.7200
58.71,	5.7300
59.37,	5.7100
60.04,	5.7000
60.70,	5.7000
61.37,	5.7100
62.03,	5.7200
62.70,	5.7100
63.36,	5.6900
64.03,	5.7100
64.69,	5.7100
65.36,	5.7100
66.02,	5.7000
66.69,	5.7000
67.35,	5.7100
68.01,	5.7100
68.68,	5.7000
69.34,	5.7000
70.01,	5.7000
70.67,	5.7000
71.34,	5.6900
72.00,	5.6900
72.66,	5.6900
73.33,	5.6900
73.99,	5.7000
74.66,	5.7000
75.32,	5.7000
75.98,	5.7000
76.65,	5.7100
77.31,	5.6900
77.98,	5.6800
78.64,	5.6800
79.30,	5.6800
79.97,	5.6800
80.63,	5.6700
81.30,	5.6700
81.96,	5.6700
82.62,	5.6700
83.29,	5.6600
83.95,	5.6700
84.61,	5.6800
85.28,	5.6700
85.94,	5.6700
86.60,	5.6700
87.27,	5.6800
87.93,	5.6600
88.59,	5.6600
89.26,	5.6400
89.92,	5.6200
90.58,	5.6100
91.24,	5.5900
91.91,	5.5800
92.57,	5.5800
93.23,	5.5500
93.90,	5.5200
94.56,	5.4600
95.22,	5.4200
95.88,	5.4100
96.55,	5.3500
97.21,	5.2900
97.87,	5.2200
98.53,	5.1600
99.20,	5.1000
99.86,	5.0800
100.52,	5.0600
101.18,	5.0500
101.85,	5.0300
102.51,	5.0200
103.17,	4.9900
103.83,	4.9400
104.49,	4.9300
105.16,	4.9200
105.82,	4.9000
106.48,	4.8400
107.14,	4.7800
107.80,	4.7600
108.47,	4.7300
109.13,	4.7000
109.79,	4.6800
110.45,	4.6600
111.11,	4.6200
111.77,	4.5800
112.44,	4.5600
113.10,	4.5500
113.76,	4.5400
114.42,	4.5300
115.08,	4.5300
115.74,	4.5300
116.40,	4.5100
117.06,	4.4900
117.73,	4.4800
118.39,	4.4600
119.05,	4.4700
119.71,	4.4600
120.37,	4.4600
121.03,	4.4600
121.69,	4.4600
122.35,	4.4500
123.01,	4.4400
123.67,	4.4300
124.33,	4.4300
125.00,	4.4200
125.66,	4.4100
126.32,	4.4200
126.98,	4.4200
127.64,	4.4200
128.30,	4.4200
128.96,	4.4300
129.62,	4.4200
130.28,	4.4300
130.94,	4.4200
131.60,	4.4200
132.26,	4.4300
132.92,	4.4300
133.58,	4.4200
134.24,	4.4200
134.90,	4.4200
135.56,	4.4200
136.22,	4.4200
136.88,	4.4100
137.54,	4.4100
138.20,	4.4000
138.86,	4.4000
139.52,	4.3900
140.18,	4.3900
140.84,	4.3900
141.50,	4.3700
142.16,	4.3500
142.82,	4.3300
143.48,	4.3200
144.14,	4.3200
144.79,	4.3100
145.45,	4.3100
146.11,	4.3100
146.77,	4.3200
147.43,	4.3100
148.09,	4.3000
148.75,	4.2800
149.41,	4.2600
150.07,	4.2600
150.73,	4.2600
151.39,	4.2500
152.04,	4.2600
152.70,	4.2500
153.36,	4.2400
154.02,	4.2400
154.68,	4.2400
155.34,	4.2400
156.00,	4.2300
156.65,	4.2300
157.31,	4.2200
157.97,	4.2200
158.63,	4.2200
159.29,	4.2300
159.95,	4.2200
160.60,	4.2200
161.26,	4.2100
161.92,	4.1900
162.58,	4.1900
163.24,	4.1900
163.90,	4.1800
164.55,	4.1700
165.21,	4.1700
165.87,	4.1700
166.53,	4.1700
167.18,	4.1700
167.84,	4.1600
168.50,	4.1700
169.16,	4.1600
169.82,	4.1500
170.47,	4.1600
171.13,	4.1600
171.79,	4.1400
172.44,	4.1300
173.10,	4.1300
173.76,	4.1200
174.42,	4.1200
175.07,	4.1200
175.73,	4.1100
176.39,	4.1100
177.05,	4.1200
177.70,	4.1200
178.36,	4.1000
179.02,	4.0900
179.67,	4.0900
180.33,	4.0800
180.99,	4.0700
181.64,	4.0600
182.30,	4.0500
182.96,	4.0300
183.61,	4.0200
184.27,	4.0200
184.93,	4.0100
185.58,	4.0100
186.24,	4.0200
186.90,	4.0100
187.55,	4.0100
188.21,	4.0100
188.87,	4.0200
189.52,	4.0300
190.18,	4.0400
190.83,	4.0400
191.49,	4.0400
192.15,	4.0400
192.80,	4.0600
193.46,	4.0800
194.11,	4.1000
194.77,	4.1100
195.43,	4.1200
196.08,	4.1200
196.74,	4.1300
197.39,	4.1200
198.05,	4.1200
198.70,	4.1200
199.36,	4.1200
200.02,	4.1200
200.67,	4.1200
201.33,	4.1100
201.98,	4.1200
202.64,	4.1200
203.29,	4.1200
203.95,	4.1100
204.60,	4.1200
205.26,	4.1200
205.91,	4.1100
206.57,	4.1100
207.22,	4.1100
207.88,	4.0900
208.53,	4.0800
209.19,	4.0100
209.84,	3.9200
210.50,	3.8600
211.15,	3.8100
211.81,	3.7700
212.46,	3.7500
213.12,	3.7200
213.77,	3.7100
214.43,	3.6900
215.08,	3.6600
215.74,	3.6300
216.39,	3.6200
217.04,	3.6100
217.70,	3.6100
218.35,	3.6400
219.01,	3.6200
219.66,	3.5500
220.32,	3.5000
220.97,	3.5000
221.62,	3.5200
222.28,	3.5300
222.93,	3.5300
223.59,	3.5300
224.24,	3.5400
224.89,	3.5800
225.55,	3.6500
226.20,	3.7300
226.85,	3.8400
227.51,	3.9400
228.16,	4.0100
228.81,	4.0800
229.47,	4.1300
230.12,	4.1500
230.78,	4.1700
231.43,	4.1800
232.08,	4.1900
232.74,	4.1900
233.39,	4.2000
234.04,	4.2100
234.69,	4.2500
235.35,	4.2700
236.00,	4.2800
236.65,	4.2700
237.31,	4.2000
237.96,	4.1000
238.61,	4.0400
239.27,	4.0700
239.92,	4.1200
240.57,	4.1000
241.22,	4.0800
241.88,	4.1000
242.53,	4.1400
243.18,	4.1500
243.83,	4.1900
244.49,	4.2500
245.14,	4.2900
245.79,	4.3100
246.44,	4.3300
247.10,	4.3500
247.75,	4.3800
248.40,	4.3900
249.05,	4.4000
249.70,	4.4000
250.36,	4.4000
251.01,	4.3900
251.66,	4.3800
252.31,	4.3800
252.96,	4.3800
253.62,	4.3600
254.27,	4.3400
254.92,	4.3300
255.57,	4.3000
256.22,	4.2800
256.88,	4.2600
257.53,	4.2400
258.18,	4.2300
258.83,	4.2200
259.48,	4.2100
260.13,	4.2100
260.78,	4.2100
261.44,	4.2000
262.09,	4.1900
262.74,	4.1900
263.39,	4.1900
264.04,	4.1800
264.69,	4.1700
265.34,	4.1700
265.99,	4.1600
266.64,	4.1600
267.29,	4.1700
267.95,	4.1600
268.60,	4.1500
269.25,	4.1600
269.90,	4.1500
270.55,	4.1500
271.20,	4.1500
271.85,	4.1500
272.50,	4.1400
273.15,	4.1400
273.80,	4.1500
274.45,	4.1500
275.10,	4.1500
275.75,	4.1400
276.40,	4.1400
277.05,	4.1400
277.70,	4.1400
278.35,	4.1300
279.00,	4.1300
279.65,	4.1300
280.30,	4.1200
280.95,	4.1200
281.60,	4.1200
282.25,	4.1200
282.90,	4.1300
283.55,	4.1200
284.20,	4.1200
284.85,	4.1300
285.50,	4.1300
286.15,	4.1300
286.80,	4.1200
287.45,	4.1000
288.10,	4.0900
288.75,	4.0900
289.40,	4.0800
290.05,	4.0700
290.70,	4.0500
291.35,	4.0200
292.00,	4.0100
292.64,	4.0000
293.29,	3.9900
293.94,	3.9800
294.59,	3.9600
295.24,	3.9600
295.89,	3.9700
296.54,	3.9800
297.19,	3.9900
297.84,	3.9900
298.49,	3.9900
299.13,	3.9900
299.78,	3.9700
300.43,	3.9500
301.08,	3.9400
301.73,	3.9000
302.38,	3.8700
303.02,	3.8600
303.67,	3.8600
304.32,	3.8600
304.97,	3.8600
305.62,	3.8500
306.27,	3.8500
306.91,	3.8400
307.56,	3.8400
308.21,	3.8200
308.86,	3.8100
309.51,	3.8200
310.15,	3.8000
310.80,	3.7900
311.45,	3.7900
312.10,	3.7900
312.75,	3.8000
313.39,	3.7900
314.04,	3.7900
314.69,	3.7900
315.34,	3.7900
315.98,	3.7900
316.63,	3.7800
317.28,	3.7800
317.93,	3.7800
318.57,	3.7800
319.22,	3.7700
319.87,	3.7700
320.52,	3.7700
321.16,	3.7700
321.81,	3.7800
322.46,	3.7700
323.10,	3.7700
323.75,	3.7700
324.40,	3.7700
325.04,	3.7600
325.69,	3.7600
326.34,	3.7600
326.99,	3.7600
327.63,	3.7600
328.28,	3.7500
328.93,	3.7500
329.57,	3.7500
330.22,	3.7300
330.86,	3.7200
331.51,	3.7100
332.16,	3.7100
332.80,	3.7100
333.45,	3.7100
334.10,	3.7100
334.74,	3.6900
335.39,	3.7000
336.03,	3.6900
336.68,	3.6900
337.33,	3.6900
337.97,	3.6800
338.62,	3.6800
339.26,	3.6800
339.91,	3.6900
340.56,	3.6800
341.20,	3.6800
341.85,	3.6700
342.49,	3.6800
343.14,	3.6700
343.78,	3.6700
344.43,	3.6800
345.08,	3.6800
345.72,	3.6900
346.37,	3.6900
347.01,	3.6900
347.66,	3.6900
348.30,	3.6900
348.95,	3.6900
349.59,	3.6900
350.24,	3.6800
350.88,	3.6800
351.53,	3.6800
352.17,	3.6800
352.82,	3.6900
353.46,	3.6800
354.11,	3.6900
354.75,	3.6800
355.40,	3.6800
356.04,	3.6800
356.69,	3.6800
357.33,	3.6800
357.98,	3.7000
358.62,	3.7200
359.27,	3.7300
359.91,	3.7200
360.55,	3.7200
361.20,	3.7100
361.84,	3.7000
362.49,	3.6900
363.13,	3.6900
363.78,	3.6800
364.42,	3.6800
365.06,	3.6800
365.71,	3.6800
366.35,	3.6800
367.00,	3.6800
367.64,	3.6800
368.28,	3.6800
368.93,	3.6800
369.57,	3.6800
370.22,	3.6700
370.86,	3.6600
371.50,	3.6500
372.15,	3.6500
372.79,	3.6500
373.43,	3.6700
374.08,	3.6700
374.72,	3.6600
375.36,	3.6600
376.01,	3.6600
376.65,	3.6500
377.29,	3.6500
377.94,	3.6500
378.58,	3.6500
379.22,	3.6600
379.87,	3.6500
380.51,	3.6400
381.15,	3.6500
381.79,	3.6400
382.44,	3.6500
383.08,	3.6500
383.72,	3.6500
384.37,	3.6500
385.01,	3.6400
385.65,	3.6400
386.29,	3.6400
386.94,	3.6500
387.58,	3.6500
388.22,	3.6400
388.86,	3.6400
389.51,	3.6400
390.15,	3.6400
390.79,	3.6300
391.43,	3.6400
392.08,	3.6400
392.72,	3.6300
393.36,	3.6400
394.00,	3.6300
394.64,	3.6300
395.29,	3.6200
395.93,	3.6200
396.57,	3.6200
397.21,	3.6100
397.85,	3.6100
398.50,	3.6100
399.14,	3.6100
399.78,	3.6100
400.42,	3.6000
401.06,	3.6000
401.70,	3.6000
402.34,	3.5900
402.99,	3.5800
403.63,	3.5800
404.27,	3.5800
404.91,	3.5700
405.55,	3.5900
406.19,	3.5900
406.83,	3.5800
407.48,	3.5800
408.12,	3.5800
408.76,	3.5700
409.40,	3.5600
410.04,	3.5600
410.68,	3.5600
411.32,	3.5500
411.96,	3.5500
412.60,	3.5400
413.24,	3.5400
413.88,	3.5300
414.52,	3.5300
415.17,	3.5200
415.81,	3.5200
416.45,	3.5300
417.09,	3.5100
417.73,	3.5000
418.37,	3.5000
419.01,	3.4900
419.65,	3.4900
420.29,	3.4800
420.93,	3.4800
421.57,	3.4800
422.21,	3.4700
422.85,	3.4600
423.49,	3.4500
424.13,	3.4200
424.77,	3.4100
425.41,	3.4000
426.05,	3.4000
426.69,	3.4000
427.33,	3.3900
427.97,	3.3900
428.61,	3.3900
429.25,	3.3900
429.89,	3.3900
430.53,	3.3700
431.17,	3.3800
431.80,	3.3800
432.44,	3.3700
433.08,	3.3700
433.72,	3.3800
434.36,	3.3700
435.00,	3.3600
435.64,	3.3600
436.28,	3.3500
436.92,	3.3600
437.56,	3.3500
438.20,	3.3400
438.84,	3.3400
439.47,	3.3300
440.11,	3.3300
440.75,	3.3300
441.39,	3.3300
442.03,	3.3300
442.67,	3.3100
443.31,	3.3100
443.95,	3.3200
444.58,	3.3100
445.22,	3.3100
445.86,	3.3300
446.50,	3.3200
447.14,	3.3200
447.78,	3.3200
448.41,	3.3200
449.05,	3.3200
449.69,	3.3100
450.33,	3.3100
450.97,	3.3100
451.60,	3.3100
452.24,	3.3100
452.88,	3.3000
453.52,	3.3000
454.16,	3.2900
454.79,	3.2900
455.43,	3.3000
456.07,	3.3000
456.71,	3.3000
457.35,	3.2900
457.98,	3.3000
458.62,	3.3000
459.26,	3.3000
459.90,	3.2900
460.53,	3.2900
461.17,	3.2800
461.81,	3.2900
462.44,	3.2900
463.08,	3.2900
463.72,	3.2800
464.36,	3.2800
464.99,	3.2800
465.63,	3.2700
466.27,	3.2600
466.90,	3.2700
467.54,	3.2700
468.18,	3.2600
468.81,	3.2600
469.45,	3.2600
470.09,	3.2600
470.72,	3.2600
471.36,	3.2700
472.00,	3.2700
472.63,	3.2700
473.27,	3.2700
473.91,	3.2700
474.54,	3.2700
475.18,	3.2700
475.82,	3.2700
476.45,	3.2500
477.09,	3.2500
477.73,	3.2500
478.36,	3.2400
479.00,	3.2400
479.63,	3.2400
480.27,	3.2300
480.91,	3.2200
481.54,	3.2200
482.18,	3.2200
482.81,	3.2200
483.45,	3.2200
484.08,	3.2100
484.72,	3.2100
485.36,	3.2000
485.99,	3.1900
486.63,	3.1900
487.26,	3.1900
487.90,	3.1900
488.53,	3.1800
489.17,	3.1800
489.80,	3.1900
490.44,	3.1900
491.07,	3.1800
491.71,	3.1800
492.34,	3.1700
492.98,	3.1800
493.62,	3.1900
494.25,	3.1800
494.89,	3.1800
495.52,	3.1800
496.15,	3.1800
496.79,	3.1800
497.42,	3.1800
498.06,	3.1700
498.69,	3.1700
499.33,	3.1800
499.96,	3.1800
500.60,	3.1800
501.23,	3.1800
501.87,	3.1800
502.50,	3.1800
503.14,	3.1700
503.77,	3.1700
504.40,	3.1700
505.04,	3.1600
505.67,	3.1600
506.31,	3.1600
506.94,	3.1600
507.57,	3.1500
508.21,	3.1500
508.84,	3.1500
509.48,	3.1400
510.11,	3.1400
510.74,	3.1400
511.38,	3.1400
512.01,	3.1400
512.65,	3.1500
513.28,	3.1400
513.91,	3.1500
514.55,	3.1400
515.18,	3.1300
515.81,	3.1300
516.45,	3.1300
517.08,	3.1300
517.71,	3.1300
518.35,	3.1200
518.98,	3.1400
519.61,	3.1400
520.25,	3.1300
520.88,	3.1400
521.51,	3.1400
522.15,	3.1300
522.78,	3.1300
523.41,	3.1300
524.04,	3.1400
524.68,	3.1400
525.31,	3.1400
525.94,	3.1400
526.58,	3.1500
527.21,	3.1500
527.84,	3.1500
528.47,	3.1500
529.11,	3.1400
529.74,	3.1400
530.37,	3.1400
531.00,	3.1500
531.64,	3.1400
532.27,	3.1400
532.90,	3.1400
533.53,	3.1300
534.17,	3.1300
534.80,	3.1300
535.43,	3.1300
536.06,	3.1300
536.69,	3.1300
537.33,	3.1300
537.96,	3.1300
538.59,	3.1200
539.22,	3.1200
539.85,	3.1200
540.48,	3.1200
541.12,	3.1200
541.75,	3.1200
542.38,	3.1100
543.01,	3.1000
543.64,	3.1100
544.27,	3.1100
544.91,	3.1100
545.54,	3.1100
546.17,	3.1100
546.80,	3.1100
547.43,	3.1100
548.06,	3.1100
548.69,	3.1000
549.32,	3.1000
549.95,	3.1100
550.59,	3.1000
551.22,	3.1100
551.85,	3.1100
552.48,	3.1100
553.11,	3.1100
553.74,	3.1100
554.37,	3.1000
555.00,	3.1000
555.63,	3.1100
556.26,	3.1100
556.89,	3.1100
557.52,	3.1100
558.15,	3.1100
558.78,	3.1000
559.42,	3.1000
560.05,	3.1000
560.68,	3.1000
561.31,	3.1000
561.94,	3.1000
562.57,	3.1100
563.20,	3.1000
563.83,	3.1000
564.46,	3.1000
565.09,	3.1100
565.72,	3.1100
566.35,	3.1100
566.98,	3.1100
567.61,	3.1100
568.24,	3.1100
568.87,	3.1100
569.50,	3.1100
570.12,	3.1100
570.75,	3.1100
571.38,	3.1100
572.01,	3.1100
572.64,	3.1100
573.27,	3.1100
573.90,	3.1100
574.53,	3.1100
575.16,	3.1100
575.79,	3.1000
576.42,	3.1000
577.05,	3.1100
577.68,	3.1000
578.31,	3.1000
578.93,	3.1000
579.56,	3.1000
580.19,	3.0900
580.82,	3.0900
581.45,	3.1000
582.08,	3.1000
582.71,	3.1000
583.34,	3.0900
583.97,	3.0800
584.59,	3.0800
585.22,	3.0800
585.85,	3.0800
586.48,	3.0800
587.11,	3.0800
587.74,	3.0700
588.36,	3.0800
588.99,	3.0700
589.62,	3.0600
590.25,	3.0600
590.88,	3.0700
591.50,	3.0800
592.13,	3.0700
592.76,	3.0700
593.39,	3.0700
594.02,	3.0700
594.64,	3.0700
595.27,	3.0700
595.90,	3.0600
596.53,	3.0600
597.16,	3.0700
597.78,	3.0600
598.41,	3.0600
599.04,	3.0600
599.67,	3.0500
600.29,	3.0600
600.92,	3.0500
601.55,	3.0500
602.18,	3.0500
602.80,	3.0400
603.43,	3.0500
604.06,	3.0400
604.68,	3.0400
605.31,	3.0300
605.94,	3.0300
606.57,	3.0200
607.19,	3.0300
607.82,	3.0200
608.45,	3.0200
609.07,	3.0200
609.70,	3.0200
610.33,	3.0100
610.95,	3.0200
611.58,	3.0200
612.21,	3.0200
612.83,	3.0200
613.46,	3.0100
614.09,	3.0200
614.71,	3.0100
615.34,	3.0100
615.97,	3.0100
616.59,	3.0100
617.22,	3.0100
617.84,	3.0000
618.47,	2.9900
619.10,	2.9900
619.72,	2.9900
620.35,	2.9900
620.97,	2.9900
621.60,	2.9800
622.23,	2.9800
622.85,	2.9800
623.48,	2.9800
624.10,	2.9800
624.73,	2.9900
625.35,	2.9800
625.98,	2.9800
626.61,	2.9900
627.23,	2.9900
627.86,	2.9900
628.48,	2.9800
629.11,	2.9900
629.73,	2.9800
630.36,	2.9800
630.98,	2.9800
631.61,	2.9800
632.23,	2.9800
632.86,	2.9800
633.48,	2.9800
634.11,	2.9700
634.73,	2.9700
635.36,	2.9700
635.98,	2.9700
636.61,	2.9700
637.23,	2.9700
637.86,	2.9700
638.48,	2.9800
639.11,	2.9700
639.73,	2.9800
640.36,	2.9700
640.98,	2.9700
641.61,	2.9700
642.23,	2.9700
642.85,	2.9700
643.48,	2.9700
644.10,	2.9700
644.73,	2.9800
645.35,	2.9700
645.98,	2.9600
646.60,	2.9700
647.22,	2.9700
647.85,	2.9700
648.47,	2.9700
649.10,	2.9700
649.72,	2.9700
650.34,	2.9600
650.97,	2.9600
651.59,	2.9600
652.22,	2.9700
652.84,	2.9600
653.46,	2.9600
654.09,	2.9700
654.71,	2.9700
655.33,	2.9800
655.96,	2.9800
656.58,	2.9800
657.20,	2.9600
657.83,	2.9600
658.45,	2.9600
659.07,	2.9700
659.70,	2.9700
660.32,	2.9700
660.94,	2.9600
661.57,	2.9600
662.19,	2.9700
662.81,	2.9700
663.43,	2.9600
664.06,	2.9600
664.68,	2.9600
665.30,	2.9600
665.93,	2.9600
666.55,	2.9600
667.17,	2.9700
667.79,	2.9700
668.42,	2.9600
669.04,	2.9600
669.66,	2.9600
670.28,	2.9600
670.91,	2.9600
671.53,	2.9600
672.15,	2.9500
672.77,	2.9500
673.39,	2.9500
674.02,	2.9600
674.64,	2.9500
675.26,	2.9500
675.88,	2.9500
676.50,	2.9500
677.13,	2.9500
677.75,	2.9600
678.37,	2.9600
678.99,	2.9600
679.61,	2.9600
680.24,	2.9600
680.86,	2.9600
681.48,	2.9600
682.10,	2.9600
682.72,	2.9600
683.34,	2.9600
683.96,	2.9600
684.59,	2.9600
685.21,	2.9600
685.83,	2.9600
686.45,	2.9600
687.07,	2.9600
687.69,	2.9600
688.31,	2.9600
688.93,	2.9600
689.56,	2.9600
690.18,	2.9500
690.80,	2.9600
691.42,	2.9500
692.04,	2.9600
692.66,	2.9600
693.28,	2.9600
693.90,	2.9600
694.52,	2.9500
695.14,	2.9500
695.76,	2.9600
696.38,	2.9600
697.00,	2.9600
697.62,	2.9600
698.25,	2.9600
698.87,	2.9600
699.49,	2.9500
700.11,	2.9500
700.73,	2.9500
701.35,	2.9400
701.97,	2.9500
702.59,	2.9500
703.21,	2.9500
703.83,	2.9500
704.45,	2.9400
705.07,	2.9500
705.69,	2.9500
706.31,	2.9500
706.93,	2.9500
707.55,	2.9500
708.17,	2.9500
708.79,	2.9500
709.40,	2.9500
710.02,	2.9500
710.64,	2.9400
711.26,	2.9500
711.88,	2.9500
712.50,	2.9500
713.12,	2.9500
713.74,	2.9500
714.36,	2.9400
714.98,	2.9500
715.60,	2.9500
716.22,	2.9400
716.84,	2.9400
717.45,	2.9500
718.07,	2.9400
718.69,	2.9400
719.31,	2.9400
719.93,	2.9500
720.55,	2.9500
721.17,	2.9400
721.79,	2.9400
722.41,	2.9500
723.02,	2.9400
723.64,	2.9400
724.26,	2.9500
724.88,	2.9500
725.50,	2.9500
726.12,	2.9400
726.73,	2.9500
727.35,	2.9600
727.97,	2.9500
728.59,	2.9400
729.21,	2.9400
729.83,	2.9500
730.44,	2.9500
731.06,	2.9500
731.68,	2.9500
732.30,	2.9500
732.92,	2.9500
733.53,	2.9500
734.15,	2.9500
734.77,	2.9400
735.39,	2.9400
736.00,	2.9500
736.62,	2.9500
737.24,	2.9600
737.86,	2.9500
738.47,	2.9600
739.09,	2.9500
739.71,	2.9500
740.33,	2.9500
740.94,	2.9500
741.56,	2.9400
742.18,	2.9400
742.79,	2.9400
743.41,	2.9400
744.03,	2.9400
744.65,	2.9400
745.26,	2.9400
745.88,	2.9400
746.50,	2.9400
747.11,	2.9400
747.73,	2.9500
748.35,	2.9400
748.96,	2.9300
749.58,	2.9500
750.20,	2.9400
750.81,	2.9400
751.43,	2.9400
752.05,	2.9400
752.66,	2.9400
753.28,	2.9400
753.90,	2.9300
754.51,	2.9300
755.13,	2.9300
755.74,	2.9300
756.36,	2.9300
756.98,	2.9300
757.59,	2.9200
758.21,	2.9200
758.82,	2.9200
759.44,	2.9200
760.06,	2.9200
760.67,	2.9100
761.29,	2.9100
761.90,	2.9200
762.52,	2.9200
763.14,	2.9200
763.75,	2.9200
764.37,	2.9200
764.98,	2.9100
765.60,	2.9100
766.21,	2.9100
766.83,	2.9200
767.44,	2.9200
768.06,	2.9200
768.67,	2.9100
769.29,	2.9200
769.90,	2.9200
770.52,	2.9200
771.14,	2.9200
771.75,	2.9200
772.37,	2.9200
772.98,	2.9200
773.59,	2.9200
774.21,	2.9200
774.82,	2.9100
775.44,	2.9100
776.05,	2.9100
776.67,	2.9100
777.28,	2.9200
777.90,	2.9100
778.51,	2.9100
779.13,	2.9100
779.74,	2.9100
780.36,	2.9100
780.97,	2.9100
781.58,	2.9100
782.20,	2.9200
782.81,	2.9200
783.43,	2.9100
784.04,	2.9200
784.66,	2.9100
785.27,	2.9100
785.88,	2.9100
786.50,	2.9100
787.11,	2.9100
787.73,	2.9100
788.34,	2.9100
788.95,	2.9100
789.57,	2.9100
790.18,	2.9100
790.79,	2.9200
791.41,	2.9100
792.02,	2.9100
792.63,	2.9200
793.25,	2.9200
793.86,	2.9200
794.47,	2.9200
795.09,	2.9200
795.70,	2.9200
796.31,	2.9200
796.93,	2.9200
797.54,	2.9300
798.15,	2.9300
798.77,	2.9200
799.38,	2.9300
799.99,	2.9300
800.61,	2.9300
801.22,	2.9200
801.83,	2.9200
802.44,	2.9200
803.06,	2.9300
803.67,	2.9300
804.28,	2.9200
804.90,	2.9200
805.51,	2.9200
806.12,	2.9200
806.73,	2.9300
807.34,	2.9200
807.96,	2.9200
808.57,	2.9200
809.18,	2.9200
809.79,	2.9200
810.41,	2.9200
811.02,	2.9200
811.63,	2.9200
812.24,	2.9200
812.85,	2.9200
813.47,	2.9200
814.08,	2.9200
814.69,	2.9200
815.30,	2.9200
815.91,	2.9200
816.53,	2.9200
817.14,	2.9200
817.75,	2.9200
818.36,	2.9100
818.97,	2.9200
819.58,	2.9200
820.20,	2.9100
820.81,	2.9200
821.42,	2.9200
822.03,	2.9200
822.64,	2.9100
823.25,	2.9100
823.86,	2.9100
824.47,	2.9100
825.09,	2.9100
825.70,	2.9100
826.31,	2.9100
826.92,	2.9100
827.53,	2.9200
828.14,	2.9200
828.75,	2.9200
829.36,	2.9200
829.97,	2.9100
830.58,	2.9100
831.19,	2.9200
831.80,	2.9300
832.42,	2.9200
833.03,	2.9200
833.64,	2.9200
834.25,	2.9100
834.86,	2.9100
835.47,	2.9200
836.08,	2.9100
836.69,	2.9100
837.30,	2.9200
837.91,	2.9200
838.52,	2.9200
839.13,	2.9200
839.74,	2.9200
840.35,	2.9200
840.96,	2.9200
841.57,	2.9100
842.18,	2.9200
842.79,	2.9200
843.40,	2.9300
844.01,	2.9200
844.62,	2.9200
845.23,	2.9200
845.84,	2.9200
846.45,	2.9200
847.06,	2.9100
847.67,	2.9200
848.27,	2.9200
848.88,	2.9100
849.49,	2.9200
850.10,	2.9200
850.71,	2.9100
851.32,	2.9100
851.93,	2.9200
852.54,	2.9100
853.15,	2.9200
853.76,	2.9200
854.37,	2.9100
854.98,	2.9100
855.58,	2.9100
856.19,	2.9100
856.80,	2.9100
857.41,	2.9100
858.02,	2.9200
858.63,	2.9200
859.24,	2.9100
859.85,	2.9100
860.45,	2.9100
861.06,	2.9100
861.67,	2.9100
862.28,	2.9100
862.89,	2.9300
863.50,	2.9200
864.10,	2.9200
864.71,	2.9200
865.32,	2.9200
865.93,	2.9200
866.54,	2.9200
867.14,	2.9200
867.75,	2.9200
868.36,	2.9200
868.97,	2.9200
869.58,	2.9200
870.18,	2.9200
870.79,	2.9200
871.40,	2.9300
872.01,	2.9200
872.61,	2.9200
873.22,	2.9300
873.83,	2.9200
874.44,	2.9300
875.04,	2.9200
875.65,	2.9100
876.26,	2.9100
876.87,	2.9200
877.47,	2.9200
878.08,	2.9200
878.69,	2.9100
879.29,	2.9200
879.90,	2.9100
880.51,	2.9100
881.12,	2.9100
881.72,	2.9100
882.33,	2.9100
882.94,	2.9100
883.54,	2.9100
884.15,	2.9000
884.76,	2.9100
885.36,	2.9200
885.97,	2.9100
886.58,	2.9100
887.18,	2.9100
887.79,	2.9100
888.40,	2.9000
889.00,	2.9100
889.61,	2.9000
890.22,	2.9000
890.82,	2.9000
891.43,	2.9100
892.03,	2.9100
892.64,	2.9100
893.25,	2.9100
893.85,	2.9100
894.46,	2.9000
895.06,	2.9000
895.67,	2.9000
896.28,	2.9000
896.88,	2.9000
897.49,	2.9700
898.09,	4.0800
898.70,	8.0700
899.30,	12.3700
899.91,	14.2700
900.52,	15.1700
901.12,	15.8100
901.73,	16.3700
902.33,	16.8500
902.94,	17.3200
903.54,	17.7400
904.15,	18.1100
904.75,	18.4500
905.36,	18.7700
905.96,	22.9800
906.57,	35.5000
907.17,	35.5000
907.78,	35.5000
908.38,	35.5000
908.99,	35.5000
909.59,	35.5000
910.20,	35.5000
910.80,	35.5000
911.41,	35.5000
912.01,	35.5000
912.62,	35.5000
913.22,	35.5000
913.83,	35.5000
914.43,	35.5000
915.03,	35.5000
915.64,	35.5000
916.24,	35.5000
916.85,	35.5000
917.45,	35.5000
918.06,	35.5000
918.66,	35.5000
919.26,	35.5000
919.87,	35.5000
920.47,	35.5000
921.08,	35.5000
921.68,	35.5000
922.28,	35.5000
922.89,	35.5000
923.49,	35.5000
924.10,	35.5000
924.70,	35.5000
925.30,	35.5000
925.91,	35.5000
926.51,	35.5000
927.11,	35.5000
927.72,	35.5000
928.32,	35.5000
928.92,	35.5000
929.53,	35.5000
930.13,	35.5000
930.74,	35.5000
931.34,	35.5000
931.94,	35.5000
932.54,	35.5000
933.15,	35.5000
933.75,	35.5000
934.35,	35.5000
934.96,	35.5000
935.56,	35.5000
936.16,	35.5000
936.77,	35.5000
937.37,	35.5000
937.97,	35.5000
938.57,	35.5000
939.18,	35.5000
939.78,	35.5000
940.38,	35.5000
940.98,	35.5000
941.59,	35.5000
942.19,	35.5000
942.79,	35.5000
943.39,	35.5000
944.00,	35.5000
944.60,	35.5000
945.20,	35.5000
945.80,	35.5000
946.40,	35.5000
947.01,	35.5000
947.61,	35.5000
948.21,	35.5000
948.81,	35.5000
949.41,	35.5000
950.02,	35.5000
950.62,	35.5000
951.22,	35.5000
951.82,	35.5000
952.42,	35.5000
953.02,	35.5000
953.63,	35.5000
954.23,	35.5000
954.83,	35.5000
955.43,	35.5000
956.03,	35.5000
956.63,	35.5000
957.24,	35.5000
957.84,	35.5000
958.44,	35.5000
959.04,	35.5000
959.64,	35.5000
960.24,	35.5000
960.84,	35.5000
961.44,	35.5000
962.04,	35.5000
962.64,	35.5000
963.25,	35.5000
963.85,	35.5000
964.45,	35.5000
965.05,	35.5000
965.65,	35.5000
966.25,	35.5000
966.85,	35.5000
967.45,	35.5000
968.05,	35.5000
968.65,	35.5000
969.25,	35.5000
969.85,	35.5000
970.45,	35.5000
971.05,	35.5000
971.65,	35.5000
972.25,	35.5000
972.85,	35.5000
973.45,	35.5000
974.05,	35.5000
974.65,	35.5000
975.25,	35.5000
975.85,	35.5000
976.45,	35.5000
977.05,	35.5000
977.65,	35.5000
978.25,	35.5000
978.85,	35.5000
979.45,	35.5000
980.05,	35.5000
980.65,	35.5000
981.25,	35.5000
981.85,	35.5000
982.45,	35.5000
983.05,	35.5000
983.65,	35.5000
984.25,	35.5000
984.85,	35.5000
985.45,	35.5000
986.04,	35.5000
986.64,	35.5000
987.24,	35.5000
987.84,	35.5000
988.44,	35.5000
989.04,	35.5000
989.64,	35.5000
990.24,	35.5000
990.84,	35.5000
991.44,	-2.5200
992.03,	-2.5200
992.63,	-2.5200
993.23,	-2.5200
993.83,	-2.5200
994.43,	-2.5200
995.03,	-2.5200
995.63,	-2.5200
996.22,	-2.5200
996.82,	-2.5200
997.42,	-2.5200
998.02,	-2.5200
998.62,	-2.5200
999.21,	-2.5200
999.81,	-2.5200
1000.41,	-2.5200
