Call Sign = ZSDA,	Ship Name = SA Agulhas,	Lloyds Num = 0
Date = 12/05/2016,	Time = 18:03,	
Latitude = 50 14.10  S,	Longitude = 001 17.30  E
Instr = Sippican Deep Blue,	Card Type = Sippican MK-21,	
Wind Instr = ,	Measur Method = 
Probe Serial Num = -1,	Ship Dir = -1,	Ship Speed = -1.00
Wind Dir = 358,	Wind Speed = 33.00
Dry Bulb Temp = 3.20,	Total Water Depth = -1.00

Full Resolution Values
Depth,	 Temp
0.67,	3.9500
1.34,	3.6800
2.01,	3.6100
2.68,	3.5800
3.34,	3.5600
4.01,	3.5600
4.68,	3.5600
5.35,	3.5700
6.02,	3.5800
6.69,	3.5600
7.36,	3.5600
8.03,	3.5500
8.69,	3.5500
9.36,	3.5500
10.03,	3.5500
10.70,	3.5500
11.37,	3.5500
12.04,	3.5500
12.70,	3.5500
13.37,	3.5500
14.04,	3.5500
14.71,	3.5500
15.38,	3.5400
16.05,	3.5400
16.71,	3.5500
17.38,	3.5400
18.05,	3.5400
18.72,	3.5400
19.38,	3.5500
20.05,	3.5400
20.72,	3.5500
21.39,	3.5400
22.06,	3.5200
22.72,	3.5000
23.39,	3.4700
24.06,	3.4500
24.73,	3.4500
25.39,	3.4500
26.06,	3.4500
26.73,	3.4300
27.40,	3.4100
28.06,	3.3900
28.73,	3.3800
29.40,	3.3700
30.06,	3.3800
30.73,	3.3800
31.40,	3.3700
32.06,	3.3700
32.73,	3.3700
33.40,	3.3700
34.07,	3.3700
34.73,	3.3700
35.40,	3.3700
36.07,	3.3700
36.73,	3.3700
37.40,	3.3700
38.07,	3.3700
38.73,	3.3800
39.40,	3.3700
40.06,	3.3700
40.73,	3.3700
41.40,	3.3600
42.06,	3.3600
42.73,	3.3700
43.40,	3.3600
44.06,	3.3600
44.73,	3.3600
45.39,	3.3600
46.06,	3.3600
46.73,	3.3500
47.39,	3.3500
48.06,	3.3500
48.72,	3.3400
49.39,	3.3400
50.06,	3.3400
50.72,	3.3300
51.39,	3.3300
52.05,	3.3300
52.72,	3.3200
53.38,	3.3200
54.05,	3.3200
54.71,	3.3200
55.38,	3.3200
56.05,	3.3200
56.71,	3.3200
57.38,	3.3200
58.04,	3.3200
58.71,	3.3200
59.37,	3.3100
60.04,	3.3100
60.70,	3.3100
61.37,	3.3100
62.03,	3.3000
62.70,	3.3000
63.36,	3.3000
64.03,	3.3000
64.69,	3.3100
65.36,	3.3100
66.02,	3.3100
66.69,	3.3100
67.35,	3.3000
68.01,	3.3100
68.68,	3.3100
69.34,	3.3000
70.01,	3.3100
70.67,	3.3100
71.34,	3.3000
72.00,	3.3000
72.66,	3.3000
73.33,	3.3000
73.99,	3.3000
74.66,	3.3000
75.32,	3.3000
75.98,	3.3000
76.65,	3.2900
77.31,	3.2900
77.98,	3.2800
78.64,	3.2800
79.30,	3.2900
79.97,	3.2900
80.63,	3.2800
81.30,	3.2700
81.96,	3.2600
82.62,	3.2600
83.29,	3.2600
83.95,	3.2400
84.61,	3.2400
85.28,	3.2300
85.94,	3.2100
86.60,	3.2000
87.27,	3.2000
87.93,	3.2000
88.59,	3.2000
89.26,	3.1900
89.92,	3.1900
90.58,	3.1800
91.24,	3.1600
91.91,	3.1600
92.57,	3.1600
93.23,	3.1600
93.90,	3.1500
94.56,	3.1500
95.22,	3.1500
95.88,	3.1500
96.55,	3.1300
97.21,	3.1100
97.87,	3.0800
98.53,	3.0500
99.20,	3.0000
99.86,	2.9700
100.52,	2.9500
101.18,	2.9300
101.85,	2.9100
102.51,	2.8900
103.17,	2.8700
103.83,	2.8500
104.49,	2.8400
105.16,	2.8300
105.82,	2.8300
106.48,	2.8200
107.14,	2.8100
107.80,	2.7900
108.47,	2.7700
109.13,	2.7600
109.79,	2.7500
110.45,	2.7400
111.11,	2.7300
111.77,	2.7300
112.44,	2.7100
113.10,	2.7000
113.76,	2.6900
114.42,	2.6800
115.08,	2.6600
115.74,	2.6500
116.40,	2.6400
117.06,	2.6200
117.73,	2.5800
118.39,	2.5200
119.05,	2.4800
119.71,	2.4500
120.37,	2.4300
121.03,	2.4200
121.69,	2.4000
122.35,	2.3700
123.01,	2.3300
123.67,	2.3000
124.33,	2.2700
125.00,	2.2500
125.66,	2.2400
126.32,	2.2400
126.98,	2.2300
127.64,	2.2200
128.30,	2.2100
128.96,	2.1900
129.62,	2.1800
130.28,	2.1600
130.94,	2.1400
131.60,	2.1200
132.26,	2.1100
132.92,	2.1000
133.58,	2.0900
134.24,	2.0700
134.90,	2.0500
135.56,	2.0400
136.22,	2.0400
136.88,	2.0400
137.54,	2.0400
138.20,	2.0400
138.86,	2.0400
139.52,	2.0300
140.18,	2.0300
140.84,	2.0300
141.50,	2.0300
142.16,	2.0300
142.82,	2.0100
143.48,	2.0000
144.14,	1.9900
144.79,	1.9900
145.45,	1.9900
146.11,	1.9800
146.77,	1.9800
147.43,	1.9800
148.09,	1.9900
148.75,	1.9800
149.41,	1.9800
150.07,	1.9800
150.73,	1.9800
151.39,	1.9600
152.04,	1.9400
152.70,	1.9100
153.36,	1.8900
154.02,	1.8800
154.68,	1.8700
155.34,	1.8600
156.00,	1.8400
156.65,	1.8400
157.31,	1.8300
157.97,	1.8100
158.63,	1.8000
159.29,	1.8000
159.95,	1.7900
160.60,	1.7800
161.26,	1.7800
161.92,	1.7700
162.58,	1.7700
163.24,	1.7700
163.90,	1.7700
164.55,	1.7700
165.21,	1.7600
165.87,	1.7700
166.53,	1.7800
167.18,	1.7800
167.84,	1.7900
168.50,	1.8000
169.16,	1.8100
169.82,	1.8100
170.47,	1.8100
171.13,	1.8100
171.79,	1.8000
172.44,	1.8000
173.10,	1.8000
173.76,	1.8000
174.42,	1.8000
175.07,	1.8000
175.73,	1.8300
176.39,	1.8600
177.05,	1.8800
177.70,	1.8900
178.36,	1.9000
179.02,	1.9300
179.67,	1.9700
180.33,	1.9600
180.99,	1.9300
181.64,	1.9100
182.30,	1.9100
182.96,	1.9100
183.61,	1.9000
184.27,	1.8900
184.93,	1.9000
185.58,	1.9200
186.24,	1.9300
186.90,	1.9400
187.55,	1.9400
188.21,	1.9500
188.87,	1.9500
189.52,	1.9500
190.18,	1.9600
190.83,	1.9600
191.49,	1.9700
192.15,	1.9600
192.80,	1.9700
193.46,	1.9700
194.11,	1.9500
194.77,	1.9600
195.43,	1.9600
196.08,	1.9600
196.74,	1.9600
197.39,	1.9600
198.05,	1.9600
198.70,	1.9600
199.36,	1.9400
200.02,	1.9100
200.67,	1.8800
201.33,	1.8600
201.98,	1.8500
202.64,	1.8500
203.29,	1.8500
203.95,	1.8500
204.60,	1.8600
205.26,	1.8800
205.91,	1.9200
206.57,	1.9500
207.22,	1.9700
207.88,	1.9800
208.53,	1.9900
209.19,	2.0100
209.84,	2.0100
210.50,	2.0100
211.15,	2.0100
211.81,	2.0000
212.46,	2.0100
213.12,	2.0200
213.77,	2.0200
214.43,	2.0200
215.08,	2.0300
215.74,	2.0300
216.39,	2.0400
217.04,	2.0500
217.70,	2.0600
218.35,	2.0700
219.01,	2.0800
219.66,	2.0800
220.32,	2.0800
220.97,	2.0900
221.62,	2.1000
222.28,	2.1000
222.93,	2.1000
223.59,	2.1000
224.24,	2.1100
224.89,	2.1100
225.55,	2.1100
226.20,	2.1100
226.85,	2.1100
227.51,	2.1100
228.16,	2.1100
228.81,	2.1200
229.47,	2.1200
230.12,	2.1100
230.78,	2.1100
231.43,	2.1100
232.08,	2.1200
232.74,	2.1200
233.39,	2.1200
234.04,	2.1300
234.69,	2.1300
235.35,	2.1400
236.00,	2.1500
236.65,	2.1700
237.31,	2.1800
237.96,	2.1800
238.61,	2.1700
239.27,	2.1800
239.92,	2.1800
240.57,	2.1800
241.22,	2.1900
241.88,	2.2000
242.53,	2.2100
243.18,	2.2100
243.83,	2.2200
244.49,	2.2200
245.14,	2.2200
245.79,	2.2300
246.44,	2.2300
247.10,	2.2400
247.75,	2.2500
248.40,	2.2600
249.05,	2.2600
249.70,	2.2600
250.36,	2.2700
251.01,	2.2800
251.66,	2.2800
252.31,	2.2900
252.96,	2.3000
253.62,	2.3200
254.27,	2.3300
254.92,	2.3300
255.57,	2.3400
256.22,	2.3400
256.88,	2.3400
257.53,	2.3400
258.18,	2.3400
258.83,	2.3400
259.48,	2.3400
260.13,	2.3400
260.78,	2.3400
261.44,	2.3500
262.09,	2.3500
262.74,	2.3500
263.39,	2.3500
264.04,	2.3600
264.69,	2.3600
265.34,	2.3600
265.99,	2.3600
266.64,	2.3700
267.29,	2.3600
267.95,	2.3500
268.60,	2.3500
269.25,	2.3300
269.90,	2.3200
270.55,	2.3200
271.20,	2.3200
271.85,	2.3300
272.50,	2.3100
273.15,	2.2600
273.80,	2.2100
274.45,	2.1800
275.10,	2.1700
275.75,	2.1700
276.40,	2.1600
277.05,	2.1600
277.70,	2.1500
278.35,	2.1500
279.00,	2.1400
279.65,	2.1400
280.30,	2.1400
280.95,	2.1400
281.60,	2.1400
282.25,	2.1400
282.90,	2.1400
283.55,	2.1400
284.20,	2.1400
284.85,	2.1300
285.50,	2.1200
286.15,	2.1200
286.80,	2.1200
287.45,	2.1300
288.10,	2.1200
288.75,	2.1100
289.40,	2.1100
290.05,	2.1100
290.70,	2.1000
291.35,	2.1000
292.00,	2.1000
292.64,	2.1100
293.29,	2.1100
293.94,	2.1000
294.59,	2.1000
295.24,	2.1000
295.89,	2.1000
296.54,	2.1000
297.19,	2.1000
297.84,	2.1000
298.49,	2.1000
299.13,	2.1000
299.78,	2.0900
300.43,	2.1000
301.08,	2.1000
301.73,	2.1000
302.38,	2.1000
303.02,	2.1000
303.67,	2.0900
304.32,	2.0900
304.97,	2.0900
305.62,	2.0900
306.27,	2.0900
306.91,	2.1000
307.56,	2.0900
308.21,	2.1000
308.86,	2.0900
309.51,	2.0900
310.15,	2.0900
310.80,	2.1000
311.45,	2.1000
312.10,	2.1000
312.75,	2.1000
313.39,	2.1000
314.04,	2.1000
314.69,	2.1000
315.34,	2.1000
315.98,	2.1000
316.63,	2.1100
317.28,	2.1100
317.93,	2.1000
318.57,	2.1000
319.22,	2.1000
319.87,	2.1000
320.52,	2.1000
321.16,	2.1100
321.81,	2.1000
322.46,	2.1100
323.10,	2.1100
323.75,	2.1100
324.40,	2.1200
325.04,	2.1200
325.69,	2.1300
326.34,	2.1300
326.99,	2.1300
327.63,	2.1300
328.28,	2.1300
328.93,	2.1400
329.57,	2.1400
330.22,	2.1600
330.86,	2.1600
331.51,	2.1600
332.16,	2.1800
332.80,	2.2000
333.45,	2.2100
334.10,	2.2200
334.74,	2.2200
335.39,	2.2200
336.03,	2.2200
336.68,	2.2300
337.33,	2.2300
337.97,	2.2300
338.62,	2.2300
339.26,	2.2300
339.91,	2.2300
340.56,	2.2300
341.20,	2.2300
341.85,	2.2300
342.49,	2.2400
343.14,	2.2400
343.78,	2.2400
344.43,	2.2400
345.08,	2.2400
345.72,	2.2500
346.37,	2.2500
347.01,	2.2600
347.66,	2.2600
348.30,	2.2700
348.95,	2.2700
349.59,	2.2700
350.24,	2.2700
350.88,	2.2700
351.53,	2.2700
352.17,	2.2700
352.82,	2.2800
353.46,	2.2800
354.11,	2.2800
354.75,	2.2900
355.40,	2.2800
356.04,	2.2900
356.69,	2.2900
357.33,	2.2900
357.98,	2.2900
358.62,	2.2900
359.27,	2.3000
359.91,	2.3000
360.55,	2.3100
361.20,	2.3100
361.84,	2.3100
362.49,	2.3100
363.13,	2.3100
363.78,	2.3200
364.42,	2.3100
365.06,	2.3100
365.71,	2.3100
366.35,	2.3100
367.00,	2.3100
367.64,	2.3100
368.28,	2.3200
368.93,	2.3200
369.57,	2.3200
370.22,	2.3200
370.86,	2.3200
371.50,	2.3200
372.15,	2.3200
372.79,	2.3200
373.43,	2.3200
374.08,	2.3300
374.72,	2.3300
375.36,	2.3300
376.01,	2.3300
376.65,	2.3300
377.29,	2.3400
377.94,	2.3400
378.58,	2.3400
379.22,	2.3400
379.87,	2.3400
380.51,	2.3500
381.15,	2.3500
381.79,	2.3500
382.44,	2.3500
383.08,	2.3500
383.72,	2.3500
384.37,	2.3500
385.01,	2.3600
385.65,	2.3500
386.29,	2.3500
386.94,	2.3500
387.58,	2.3600
388.22,	2.3600
388.86,	2.3700
389.51,	2.3700
390.15,	2.3700
390.79,	2.3700
391.43,	2.3700
392.08,	2.3700
392.72,	2.3700
393.36,	2.3700
394.00,	2.3700
394.64,	2.3700
395.29,	2.3800
395.93,	2.3800
396.57,	2.3800
397.21,	2.3800
397.85,	2.3800
398.50,	2.3800
399.14,	2.3900
399.78,	2.3900
400.42,	2.3900
401.06,	2.3900
401.70,	2.4000
402.34,	2.4000
402.99,	2.4000
403.63,	2.4000
404.27,	2.4000
404.91,	2.4000
405.55,	2.4000
406.19,	2.4000
406.83,	2.4000
407.48,	2.4000
408.12,	2.4000
408.76,	2.4100
409.40,	2.4100
410.04,	2.4100
410.68,	2.4100
411.32,	2.4100
411.96,	2.4000
412.60,	2.4000
413.24,	2.4000
413.88,	2.4000
414.52,	2.4000
415.17,	2.4100
415.81,	2.4100
416.45,	2.4100
417.09,	2.4200
417.73,	2.4100
418.37,	2.4100
419.01,	2.4200
419.65,	2.4200
420.29,	2.4200
420.93,	2.4200
421.57,	2.4200
422.21,	2.4200
422.85,	2.4200
423.49,	2.4200
424.13,	2.4300
424.77,	2.4300
425.41,	2.4300
426.05,	2.4400
426.69,	2.4400
427.33,	2.4400
427.97,	2.4400
428.61,	2.4400
429.25,	2.4500
429.89,	2.4500
430.53,	2.4400
431.17,	2.4500
431.80,	2.4500
432.44,	2.4500
433.08,	2.4500
433.72,	2.4500
434.36,	2.4500
435.00,	2.4600
435.64,	2.4600
436.28,	2.4600
436.92,	2.4600
437.56,	2.4500
438.20,	2.4600
438.84,	2.4600
439.47,	2.4600
440.11,	2.4600
440.75,	2.4600
441.39,	2.4600
442.03,	2.4600
442.67,	2.4600
443.31,	2.4600
443.95,	2.4600
444.58,	2.4600
445.22,	2.4600
445.86,	2.4600
446.50,	2.4700
447.14,	2.4700
447.78,	2.4700
448.41,	2.4700
449.05,	2.4700
449.69,	2.4700
450.33,	2.4800
450.97,	2.4700
451.60,	2.4700
452.24,	2.4700
452.88,	2.4800
453.52,	2.4800
454.16,	2.4900
454.79,	2.4900
455.43,	2.4900
456.07,	2.4900
456.71,	2.4900
457.35,	2.4900
457.98,	2.4900
458.62,	2.4900
459.26,	2.5000
459.90,	2.5100
460.53,	2.5100
461.17,	2.5200
461.81,	2.5200
462.44,	2.5200
463.08,	2.5200
463.72,	2.5300
464.36,	2.5200
464.99,	2.5100
465.63,	2.5200
466.27,	2.5200
466.90,	2.5300
467.54,	2.5200
468.18,	2.5300
468.81,	2.5300
469.45,	2.5400
470.09,	2.5400
470.72,	2.5400
471.36,	2.5400
472.00,	2.5400
472.63,	2.5400
473.27,	2.5400
473.91,	2.5500
474.54,	2.5500
475.18,	2.5500
475.82,	2.5600
476.45,	2.5600
477.09,	2.5600
477.73,	2.5600
478.36,	2.5600
479.00,	2.5700
479.63,	2.5700
480.27,	2.5700
480.91,	2.5700
481.54,	2.5700
482.18,	2.5800
482.81,	2.5800
483.45,	2.5800
484.08,	2.5800
484.72,	2.5900
485.36,	2.5900
485.99,	2.5900
486.63,	2.5900
487.26,	2.5900
487.90,	2.5900
488.53,	2.6000
489.17,	2.6000
489.80,	2.6000
490.44,	2.6100
491.07,	2.6200
491.71,	2.6200
492.34,	2.6300
492.98,	2.6300
493.62,	2.6300
494.25,	2.6200
494.89,	2.6300
495.52,	2.6300
496.15,	2.6400
496.79,	2.6400
497.42,	2.6400
498.06,	2.6400
498.69,	2.6500
499.33,	2.6400
499.96,	2.6500
500.60,	2.6500
501.23,	2.6500
501.87,	2.6500
502.50,	2.6500
503.14,	2.6500
503.77,	2.6500
504.40,	2.6500
505.04,	2.6500
505.67,	2.6600
506.31,	2.6500
506.94,	2.6500
507.57,	2.6500
508.21,	2.6400
508.84,	2.6500
509.48,	2.6500
510.11,	2.6500
510.74,	2.6500
511.38,	2.6500
512.01,	2.6500
512.65,	2.6500
513.28,	2.6500
513.91,	2.6500
514.55,	2.6500
515.18,	2.6500
515.81,	2.6500
516.45,	2.6500
517.08,	2.6500
517.71,	2.6600
518.35,	2.6500
518.98,	2.6600
519.61,	2.6600
520.25,	2.6600
520.88,	2.6500
521.51,	2.6600
522.15,	2.6600
522.78,	2.6600
523.41,	2.6600
524.04,	2.6600
524.68,	2.6600
525.31,	2.6600
525.94,	2.6600
526.58,	2.6600
527.21,	2.6600
527.84,	2.6600
528.47,	2.6600
529.11,	2.6600
529.74,	2.6600
530.37,	2.6600
531.00,	2.6600
531.64,	2.6600
532.27,	2.6600
532.90,	2.6600
533.53,	2.6600
534.17,	2.6600
534.80,	2.6600
535.43,	2.6600
536.06,	2.6600
536.69,	2.6600
537.33,	2.6600
537.96,	2.6600
538.59,	2.6600
539.22,	2.6600
539.85,	2.6500
540.48,	2.6600
541.12,	2.6500
541.75,	2.6600
542.38,	2.6600
543.01,	2.6600
543.64,	2.6700
544.27,	2.6600
544.91,	2.6600
545.54,	2.6500
546.17,	2.6500
546.80,	2.6500
547.43,	2.6500
548.06,	2.6500
548.69,	2.6500
549.32,	2.6400
549.95,	2.6400
550.59,	2.6400
551.22,	2.6400
551.85,	2.6400
552.48,	2.6400
553.11,	2.6400
553.74,	2.6400
554.37,	2.6400
555.00,	2.6400
555.63,	2.6400
556.26,	2.6400
556.89,	2.6400
557.52,	2.6400
558.15,	2.6400
558.78,	2.6300
559.42,	2.6400
560.05,	2.6400
560.68,	2.6400
561.31,	2.6400
561.94,	2.6400
562.57,	2.6400
563.20,	2.6400
563.83,	2.6400
564.46,	2.6400
565.09,	2.6400
565.72,	2.6400
566.35,	2.6300
566.98,	2.6300
567.61,	2.6400
568.24,	2.6400
568.87,	2.6400
569.50,	2.6400
570.12,	2.6400
570.75,	2.6400
571.38,	2.6400
572.01,	2.6400
572.64,	2.6400
573.27,	2.6400
573.90,	2.6400
574.53,	2.6400
575.16,	2.6400
575.79,	2.6400
576.42,	2.6400
577.05,	2.6400
577.68,	2.6500
578.31,	2.6500
578.93,	2.6400
579.56,	2.6500
580.19,	2.6400
580.82,	2.6400
581.45,	2.6400
582.08,	2.6400
582.71,	2.6400
583.34,	2.6400
583.97,	2.6400
584.59,	2.6400
585.22,	2.6500
585.85,	2.6500
586.48,	2.6400
587.11,	2.6400
587.74,	2.6400
588.36,	2.6400
588.99,	2.6400
589.62,	2.6400
590.25,	2.6400
590.88,	2.6300
591.50,	2.6400
592.13,	2.6400
592.76,	2.6400
593.39,	2.6400
594.02,	2.6400
594.64,	2.6400
595.27,	2.6400
595.90,	2.6400
596.53,	2.6400
597.16,	2.6300
597.78,	2.6400
598.41,	2.6400
599.04,	2.6400
599.67,	2.6400
600.29,	2.6400
600.92,	2.6400
601.55,	2.6400
602.18,	2.6500
602.80,	2.6400
603.43,	2.6400
604.06,	2.6500
604.68,	2.6400
605.31,	2.6400
605.94,	2.6400
606.57,	2.6400
607.19,	2.6400
607.82,	2.6400
608.45,	2.6400
609.07,	2.6500
609.70,	2.6500
610.33,	2.6500
610.95,	2.6500
611.58,	2.6500
612.21,	2.6500
612.83,	2.6500
613.46,	2.6500
614.09,	2.6500
614.71,	2.6400
615.34,	2.6400
615.97,	2.6400
616.59,	2.6400
617.22,	2.6400
617.84,	2.6500
618.47,	2.6500
619.10,	2.6400
619.72,	2.6400
620.35,	2.6500
620.97,	2.6500
621.60,	2.6400
622.23,	2.6400
622.85,	2.6400
623.48,	2.6400
624.10,	2.6500
624.73,	2.6500
625.35,	2.6500
625.98,	2.6500
626.61,	2.6500
627.23,	2.6400
627.86,	2.6300
628.48,	2.6200
629.11,	2.6300
629.73,	2.6300
630.36,	2.6300
630.98,	2.6300
631.61,	2.6200
632.23,	2.6200
632.86,	2.6200
633.48,	2.6300
634.11,	2.6300
634.73,	2.6200
635.36,	2.6200
635.98,	2.6300
636.61,	2.6300
637.23,	2.6300
637.86,	2.6300
638.48,	2.6300
639.11,	2.6300
639.73,	2.6300
640.36,	2.6300
640.98,	2.6300
641.61,	2.6400
642.23,	2.6400
642.85,	2.6400
643.48,	2.6400
644.10,	2.6400
644.73,	2.6300
645.35,	2.6300
645.98,	2.6300
646.60,	2.6200
647.22,	2.6200
647.85,	2.6200
648.47,	2.6200
649.10,	2.6200
649.72,	2.6200
650.34,	2.6100
650.97,	2.6100
651.59,	2.6100
652.22,	2.6100
652.84,	2.6100
653.46,	2.6000
654.09,	2.6000
654.71,	2.5900
655.33,	2.5900
655.96,	2.5800
656.58,	2.5800
657.20,	2.5800
657.83,	2.5800
658.45,	2.5800
659.07,	2.5800
659.70,	2.5800
660.32,	2.5800
660.94,	2.5800
661.57,	2.5800
662.19,	2.5800
662.81,	2.5800
663.43,	2.5800
664.06,	2.5800
664.68,	2.5800
665.30,	2.5800
665.93,	2.5800
666.55,	2.5800
667.17,	2.5800
667.79,	2.5800
668.42,	2.5800
669.04,	2.5900
669.66,	2.5900
670.28,	2.5900
670.91,	2.5800
671.53,	2.5800
672.15,	2.5900
672.77,	2.5900
673.39,	2.5900
674.02,	2.5900
674.64,	2.5800
675.26,	2.5800
675.88,	2.5800
676.50,	2.5800
677.13,	2.5800
677.75,	2.5800
678.37,	2.5900
678.99,	2.5900
679.61,	2.5900
680.24,	2.5800
680.86,	2.5900
681.48,	2.5800
682.10,	2.5800
682.72,	2.5800
683.34,	2.5700
683.96,	2.5700
684.59,	2.5700
685.21,	2.5700
685.83,	2.5700
686.45,	2.5700
687.07,	2.5700
687.69,	2.5700
688.31,	2.5700
688.93,	2.5700
689.56,	2.5700
690.18,	2.5700
690.80,	2.5700
691.42,	2.5800
692.04,	2.5700
692.66,	2.5600
693.28,	2.5700
693.90,	2.5800
694.52,	2.5800
695.14,	2.5800
695.76,	2.5700
696.38,	2.5700
697.00,	2.5600
697.62,	2.5600
698.25,	2.5600
698.87,	2.5700
699.49,	2.5700
700.11,	2.5600
700.73,	2.5600
701.35,	2.5600
701.97,	2.5600
702.59,	2.5700
703.21,	2.5600
703.83,	2.5600
704.45,	2.5600
705.07,	2.5600
705.69,	2.5600
706.31,	2.5600
706.93,	2.5600
707.55,	2.5600
708.17,	2.5600
708.79,	2.5600
709.40,	2.5700
710.02,	2.5700
710.64,	2.5600
711.26,	2.5600
711.88,	2.5600
712.50,	2.5600
713.12,	2.5600
713.74,	2.5600
714.36,	2.5600
714.98,	2.5600
715.60,	2.5600
716.22,	2.5600
716.84,	2.5600
717.45,	2.5600
718.07,	2.5600
718.69,	2.5600
719.31,	2.5600
719.93,	2.5600
720.55,	2.5600
721.17,	2.5600
721.79,	2.5600
722.41,	2.5600
723.02,	2.5600
723.64,	2.5600
724.26,	2.5600
724.88,	2.5500
725.50,	2.5600
726.12,	2.5600
726.73,	2.5600
727.35,	2.5600
727.97,	2.5600
728.59,	2.5600
729.21,	2.5600
729.83,	2.5600
730.44,	2.5600
731.06,	2.5600
731.68,	2.5600
732.30,	2.5600
732.92,	2.5600
733.53,	2.5600
734.15,	2.5600
734.77,	2.5600
735.39,	2.5600
736.00,	2.5600
736.62,	2.5700
737.24,	2.5600
737.86,	2.5600
738.47,	2.5600
739.09,	2.5600
739.71,	2.5600
740.33,	2.5600
740.94,	2.5600
741.56,	2.5700
742.18,	2.5700
742.79,	2.5700
743.41,	2.5600
744.03,	2.5600
744.65,	2.5600
745.26,	2.5600
745.88,	2.5600
746.50,	2.5600
747.11,	2.5600
747.73,	2.5600
748.35,	2.5600
748.96,	2.5600
749.58,	2.5600
750.20,	2.5600
750.81,	2.5500
751.43,	2.5500
752.05,	2.5600
752.66,	2.5600
753.28,	2.5500
753.90,	2.5500
754.51,	2.5600
755.13,	2.5600
755.74,	2.5500
756.36,	2.5500
756.98,	2.5500
757.59,	2.5600
758.21,	2.5500
758.82,	2.5600
759.44,	2.5600
760.06,	2.5600
760.67,	2.5600
761.29,	2.5600
761.90,	2.5600
762.52,	2.5600
763.14,	2.5600
763.75,	2.5600
764.37,	2.5600
764.98,	2.5500
765.60,	2.5600
766.21,	2.5600
766.83,	2.5500
767.44,	2.5500
768.06,	2.5500
768.67,	2.5500
769.29,	2.5500
769.90,	2.5500
770.52,	2.5500
771.14,	2.5500
771.75,	2.5400
772.37,	2.5500
772.98,	2.5400
773.59,	2.5500
774.21,	2.5500
774.82,	2.5500
775.44,	2.5500
776.05,	2.5500
776.67,	2.5500
777.28,	2.5500
777.90,	2.5500
778.51,	2.5500
779.13,	2.5500
779.74,	2.5500
780.36,	2.5400
780.97,	2.5400
781.58,	2.5500
782.20,	2.5400
782.81,	2.5400
783.43,	2.5500
784.04,	2.5500
784.66,	2.5500
785.27,	2.5500
785.88,	2.5500
786.50,	2.5500
787.11,	2.5500
787.73,	2.5400
788.34,	2.5500
788.95,	2.5500
789.57,	2.5400
790.18,	2.5400
790.79,	2.5500
791.41,	2.5500
792.02,	2.5400
792.63,	2.5400
793.25,	2.5500
793.86,	2.5500
794.47,	2.5400
795.09,	2.5500
795.70,	2.5500
796.31,	2.5500
796.93,	2.5500
797.54,	2.5400
798.15,	2.5400
798.77,	2.5400
799.38,	2.5500
799.99,	2.5500
800.61,	2.5500
801.22,	2.5500
801.83,	2.5500
802.44,	2.5400
803.06,	2.5400
803.67,	2.5400
804.28,	2.5400
804.90,	2.5400
805.51,	2.5400
806.12,	2.5400
806.73,	2.5500
807.34,	2.5500
807.96,	2.5500
808.57,	2.5500
809.18,	2.5500
809.79,	2.5500
810.41,	2.5400
811.02,	2.5400
811.63,	2.5400
812.24,	2.5400
812.85,	2.5500
813.47,	2.5500
814.08,	2.5400
814.69,	2.5400
815.30,	2.5400
815.91,	2.5400
816.53,	2.5400
817.14,	2.5400
817.75,	2.5400
818.36,	2.5400
818.97,	2.5400
819.58,	2.5400
820.20,	2.5400
820.81,	2.5400
821.42,	2.5500
822.03,	2.5400
822.64,	2.5400
823.25,	2.5400
823.86,	2.5400
824.47,	2.5400
825.09,	2.5400
825.70,	2.5400
826.31,	2.5400
826.92,	2.5400
827.53,	2.5400
828.14,	2.5400
828.75,	2.5400
829.36,	2.5400
829.97,	2.5300
830.58,	2.5400
831.19,	2.5400
831.80,	2.5400
832.42,	2.5400
833.03,	2.5400
833.64,	2.5300
834.25,	2.5300
834.86,	2.5400
835.47,	2.5400
836.08,	2.5400
836.69,	2.5400
837.30,	2.5300
837.91,	2.5300
838.52,	2.5300
839.13,	2.5300
839.74,	2.5300
840.35,	2.5300
840.96,	2.5400
841.57,	2.5400
842.18,	2.5300
842.79,	2.5300
843.40,	2.5300
844.01,	2.5400
844.62,	2.5400
845.23,	2.5400
845.84,	2.5300
846.45,	2.5400
847.06,	2.5400
847.67,	2.5400
848.27,	2.5400
848.88,	2.5400
849.49,	2.5400
850.10,	2.5300
850.71,	2.5400
851.32,	2.5300
851.93,	2.5300
852.54,	2.5300
853.15,	2.5300
853.76,	2.5300
854.37,	2.5300
854.98,	2.5300
855.58,	2.5300
856.19,	2.5300
856.80,	2.5300
857.41,	2.5300
858.02,	2.5300
858.63,	2.5300
859.24,	2.5300
859.85,	2.5300
860.45,	2.5300
861.06,	2.5300
861.67,	2.5200
862.28,	2.5300
862.89,	2.5300
863.50,	2.5300
864.10,	2.5300
864.71,	2.5300
865.32,	2.5300
865.93,	2.5300
866.54,	2.5300
867.14,	2.5300
867.75,	2.5300
868.36,	2.5300
868.97,	2.5300
869.58,	2.5300
870.18,	2.5300
870.79,	2.5300
871.40,	2.5300
872.01,	2.5200
872.61,	2.5300
873.22,	2.5300
873.83,	2.5300
874.44,	2.5300
875.04,	2.5300
875.65,	2.5300
876.26,	2.5300
876.87,	2.5300
877.47,	2.5400
878.08,	2.5300
878.69,	2.5300
879.29,	2.5300
879.90,	2.5300
880.51,	2.5300
881.12,	2.5300
881.72,	2.5300
882.33,	2.5300
882.94,	2.5400
883.54,	2.5400
884.15,	2.5400
884.76,	2.5400
885.36,	2.5400
885.97,	2.5400
886.58,	2.5500
887.18,	2.5400
887.79,	2.5400
888.40,	2.5400
889.00,	2.5400
889.61,	2.5400
890.22,	2.5400
890.82,	2.5400
891.43,	2.5400
892.03,	2.5400
892.64,	2.5300
893.25,	2.5400
893.85,	2.5400
894.46,	2.5400
895.06,	2.5400
895.67,	2.5300
896.28,	2.5400
896.88,	2.5400
897.49,	2.5400
898.09,	2.5400
898.70,	2.5400
899.30,	2.5400
899.91,	2.5400
900.52,	2.5400
901.12,	2.5500
901.73,	2.5400
902.33,	2.5400
902.94,	2.5400
903.54,	2.5500
904.15,	2.5500
904.75,	2.5500
905.36,	2.5500
905.96,	2.5600
906.57,	2.5600
907.17,	2.5600
907.78,	2.5600
908.38,	2.5600
908.99,	2.5500
909.59,	2.5500
910.20,	2.5500
910.80,	2.5500
911.41,	2.5500
912.01,	2.5600
912.62,	2.5500
913.22,	2.5500
913.83,	2.5500
914.43,	2.5500
915.03,	2.5600
915.64,	2.5600
916.24,	2.5500
916.85,	2.5500
917.45,	2.5500
918.06,	2.5500
918.66,	2.5500
919.26,	2.5500
919.87,	2.5600
920.47,	2.5600
921.08,	2.5500
921.68,	2.5500
922.28,	2.5500
922.89,	2.5600
923.49,	2.5600
924.10,	2.5600
924.70,	2.5600
925.30,	2.5500
925.91,	2.5500
926.51,	2.5500
927.11,	2.5500
927.72,	2.5500
928.32,	2.5500
928.92,	2.5500
929.53,	2.5500
930.13,	2.5500
930.74,	2.5600
931.34,	2.5500
931.94,	2.5500
932.54,	2.5500
933.15,	2.5500
933.75,	2.5500
934.35,	2.5500
934.96,	2.5500
935.56,	2.5500
936.16,	2.5500
936.77,	2.5500
937.37,	2.5500
937.97,	2.5500
938.57,	2.5600
939.18,	2.5500
939.78,	2.5500
940.38,	2.5500
940.98,	2.5500
941.59,	2.5500
942.19,	2.5500
942.79,	2.5500
943.39,	2.5500
944.00,	2.5500
944.60,	2.5500
945.20,	2.5500
945.80,	2.5500
946.40,	2.5400
947.01,	2.5600
947.61,	4.1000
948.21,	13.1500
948.81,	22.0800
949.41,	26.7800
950.02,	30.2600
950.62,	32.9500
951.22,	35.2800
951.82,	35.5000
952.42,	35.5000
953.02,	35.5000
953.63,	35.5000
954.23,	35.5000
954.83,	35.5000
955.43,	35.5000
956.03,	35.5000
956.63,	35.5000
957.24,	35.5000
957.84,	35.5000
958.44,	35.5000
959.04,	35.5000
959.64,	35.5000
960.24,	35.5000
960.84,	35.5000
961.44,	35.5000
962.04,	35.5000
962.64,	35.5000
963.25,	35.5000
963.85,	35.5000
964.45,	35.5000
965.05,	35.5000
965.65,	35.5000
966.25,	35.5000
966.85,	35.5000
967.45,	35.5000
968.05,	35.5000
968.65,	35.5000
969.25,	35.5000
969.85,	35.5000
970.45,	35.5000
971.05,	35.5000
971.65,	35.5000
972.25,	35.5000
972.85,	35.5000
973.45,	35.5000
974.05,	35.5000
974.65,	35.5000
975.25,	35.5000
975.85,	-2.5200
976.45,	-2.5200
977.05,	-2.5200
977.65,	-2.5200
978.25,	-2.5200
978.85,	-2.5200
979.45,	-2.5200
980.05,	-2.5200
980.65,	-2.5200
981.25,	-2.5200
981.85,	-2.5200
982.45,	-2.5200
983.05,	-2.5200
983.65,	-2.5200
984.25,	-2.5200
984.85,	-2.5200
985.45,	-2.5200
986.04,	-2.5200
986.64,	-2.5200
987.24,	-2.5200
987.84,	-2.5200
988.44,	-2.5200
989.04,	-2.5200
989.64,	-2.5200
990.24,	-2.5200
990.84,	-2.5200
991.44,	-2.5200
992.03,	-2.5200
992.63,	-2.5200
993.23,	-2.5200
993.83,	-2.5200
994.43,	-2.5200
995.03,	-2.5200
995.63,	-2.5200
996.22,	-2.5200
996.82,	-2.5200
997.42,	-2.5200
998.02,	-2.5200
998.62,	-2.5200
999.21,	-2.5200
999.81,	-2.5200
1000.41,	-2.5200
