Call Sign = ZSDA,	Ship Name = SA Agulhas,	Lloyds Num = 0
Date = 12/01/2016,	Time = 08:01,	
Latitude = 34 29.79  S,	Longitude = 015 37.90  E
Instr = Sippican Deep Blue,	Card Type = Sippican MK-21,	
Wind Instr = ,	Measur Method = 
Probe Serial Num = -1,	Ship Dir = -1,	Ship Speed = -1.00
Wind Dir = 174,	Wind Speed = 16.90
Dry Bulb Temp = 17.90,	Total Water Depth = -1.00

Full Resolution Values
Depth,	 Temp
0.67,	21.4200
1.34,	21.6100
2.01,	21.6400
2.68,	21.6500
3.34,	21.6500
4.01,	21.6500
4.68,	21.6400
5.35,	21.6500
6.02,	21.6500
6.69,	21.6600
7.36,	21.6600
8.03,	21.6600
8.69,	21.6600
9.36,	21.6500
10.03,	21.6600
10.70,	21.6700
11.37,	21.6600
12.04,	21.6600
12.70,	21.6600
13.37,	21.6600
14.04,	21.6600
14.71,	21.6700
15.38,	21.6600
16.05,	21.6500
16.71,	21.6500
17.38,	21.6600
18.05,	21.6600
18.72,	21.6600
19.38,	21.6500
20.05,	21.6500
20.72,	21.6500
21.39,	21.6500
22.06,	21.6400
22.72,	21.6100
23.39,	21.5500
24.06,	21.4000
24.73,	21.2100
25.39,	21.0100
26.06,	20.8300
26.73,	20.6300
27.40,	20.3600
28.06,	19.9700
28.73,	19.6800
29.40,	19.5500
30.06,	19.5100
30.73,	19.4900
31.40,	19.4600
32.06,	19.4500
32.73,	19.4300
33.40,	19.4100
34.07,	19.4100
34.73,	19.4000
35.40,	19.4100
36.07,	19.4000
36.73,	19.3900
37.40,	19.3700
38.07,	19.3600
38.73,	19.3500
39.40,	19.3400
40.06,	19.3200
40.73,	19.3000
41.40,	19.2700
42.06,	19.2300
42.73,	19.2200
43.40,	19.2000
44.06,	19.1800
44.73,	19.1700
45.39,	19.1600
46.06,	19.1400
46.73,	19.1400
47.39,	19.1300
48.06,	19.1200
48.72,	19.1100
49.39,	19.1000
50.06,	19.0900
50.72,	19.0700
51.39,	19.0400
52.05,	19.0100
52.72,	18.9800
53.38,	18.9500
54.05,	18.9100
54.71,	18.8600
55.38,	18.8000
56.05,	18.7400
56.71,	18.7000
57.38,	18.6400
58.04,	18.5200
58.71,	18.3900
59.37,	18.2900
60.04,	18.2300
60.70,	18.1800
61.37,	18.1400
62.03,	18.1200
62.70,	18.1100
63.36,	18.1100
64.03,	18.0900
64.69,	18.0500
65.36,	18.0000
66.02,	17.9100
66.69,	17.8100
67.35,	17.7000
68.01,	17.5200
68.68,	17.3700
69.34,	17.2700
70.01,	17.1800
70.67,	17.0700
71.34,	16.9300
72.00,	16.8000
72.66,	16.6800
73.33,	16.6000
73.99,	16.5500
74.66,	16.4900
75.32,	16.4400
75.98,	16.4100
76.65,	16.3700
77.31,	16.3100
77.98,	16.2300
78.64,	16.1600
79.30,	16.0800
79.97,	16.0200
80.63,	15.9800
81.30,	15.9500
81.96,	15.9200
82.62,	15.8600
83.29,	15.7600
83.95,	15.6800
84.61,	15.6000
85.28,	15.5500
85.94,	15.5000
86.60,	15.4600
87.27,	15.4300
87.93,	15.4100
88.59,	15.3800
89.26,	15.3100
89.92,	15.2600
90.58,	15.2200
91.24,	15.1800
91.91,	15.1500
92.57,	15.1300
93.23,	15.1200
93.90,	15.1200
94.56,	15.1000
95.22,	15.0600
95.88,	15.0400
96.55,	15.0300
97.21,	15.0100
97.87,	15.0000
98.53,	14.9900
99.20,	14.9700
99.86,	14.9500
100.52,	14.8700
101.18,	14.7900
101.85,	14.7300
102.51,	14.6900
103.17,	14.6700
103.83,	14.6500
104.49,	14.6100
105.16,	14.6000
105.82,	14.5900
106.48,	14.5700
107.14,	14.5500
107.80,	14.5100
108.47,	14.4700
109.13,	14.4100
109.79,	14.3800
110.45,	14.3500
111.11,	14.3100
111.77,	14.2700
112.44,	14.2500
113.10,	14.2500
113.76,	14.2500
114.42,	14.2300
115.08,	14.1900
115.74,	14.1600
116.40,	14.1400
117.06,	14.1200
117.73,	14.1100
118.39,	14.1000
119.05,	14.0900
119.71,	14.0900
120.37,	14.0700
121.03,	14.0400
121.69,	14.0000
122.35,	13.9800
123.01,	13.9500
123.67,	13.9300
124.33,	13.9200
125.00,	13.9200
125.66,	13.9200
126.32,	13.9200
126.98,	13.9100
127.64,	13.9100
128.30,	13.9100
128.96,	13.9300
129.62,	13.9300
130.28,	13.9400
130.94,	13.9600
131.60,	13.9600
132.26,	13.9600
132.92,	13.9700
133.58,	13.9600
134.24,	13.9600
134.90,	13.9700
135.56,	13.9600
136.22,	13.9500
136.88,	13.9300
137.54,	13.9200
138.20,	13.9100
138.86,	13.8800
139.52,	13.8700
140.18,	13.8600
140.84,	13.8500
141.50,	13.8500
142.16,	13.8400
142.82,	13.8200
143.48,	13.8100
144.14,	13.8000
144.79,	13.8000
145.45,	13.7900
146.11,	13.7800
146.77,	13.7700
147.43,	13.7500
148.09,	13.7000
148.75,	13.6700
149.41,	13.6400
150.07,	13.6300
150.73,	13.6000
151.39,	13.5400
152.04,	13.4800
152.70,	13.4400
153.36,	13.3800
154.02,	13.3100
154.68,	13.2600
155.34,	13.2100
156.00,	13.1700
156.65,	13.1600
157.31,	13.1500
157.97,	13.1200
158.63,	13.1000
159.29,	13.0800
159.95,	13.0600
160.60,	13.0500
161.26,	13.0500
161.92,	13.0500
162.58,	13.0400
163.24,	13.0200
163.90,	13.0100
164.55,	13.0000
165.21,	13.0000
165.87,	12.9900
166.53,	12.9900
167.18,	13.0000
167.84,	13.0000
168.50,	13.0000
169.16,	12.9900
169.82,	12.9900
170.47,	12.9600
171.13,	12.9300
171.79,	12.9100
172.44,	12.9000
173.10,	12.9000
173.76,	12.9000
174.42,	12.8900
175.07,	12.8800
175.73,	12.8500
176.39,	12.8400
177.05,	12.8400
177.70,	12.8600
178.36,	12.9000
179.02,	12.9100
179.67,	12.9000
180.33,	12.8900
180.99,	12.8800
181.64,	12.8600
182.30,	12.8100
182.96,	12.7600
183.61,	12.7300
184.27,	12.7000
184.93,	12.6900
185.58,	12.6800
186.24,	12.6800
186.90,	12.6800
187.55,	12.6700
188.21,	12.6600
188.87,	12.6600
189.52,	12.6700
190.18,	12.6700
190.83,	12.6700
191.49,	12.6700
192.15,	12.6600
192.80,	12.6600
193.46,	12.6500
194.11,	12.6300
194.77,	12.5900
195.43,	12.5600
196.08,	12.5400
196.74,	12.4900
197.39,	12.4500
198.05,	12.4300
198.70,	12.4200
199.36,	12.3800
200.02,	12.3400
200.67,	12.3000
201.33,	12.2800
201.98,	12.2700
202.64,	12.2600
203.29,	12.2600
203.95,	12.2600
204.60,	12.2500
205.26,	12.2500
205.91,	12.2500
206.57,	12.2500
207.22,	12.2400
207.88,	12.2400
208.53,	12.2300
209.19,	12.2300
209.84,	12.2300
210.50,	12.2200
211.15,	12.2200
211.81,	12.2100
212.46,	12.2100
213.12,	12.2100
213.77,	12.2100
214.43,	12.2100
215.08,	12.2000
215.74,	12.1900
216.39,	12.1800
217.04,	12.1700
217.70,	12.1800
218.35,	12.1800
219.01,	12.1700
219.66,	12.1700
220.32,	12.1700
220.97,	12.1800
221.62,	12.1700
222.28,	12.1600
222.93,	12.1700
223.59,	12.1800
224.24,	12.1700
224.89,	12.1500
225.55,	12.1200
226.20,	12.1100
226.85,	12.0900
227.51,	12.0500
228.16,	12.0100
228.81,	11.9900
229.47,	11.9700
230.12,	11.9300
230.78,	11.8900
231.43,	11.8800
232.08,	11.8700
232.74,	11.8400
233.39,	11.8200
234.04,	11.8000
234.69,	11.7900
235.35,	11.7900
236.00,	11.7900
236.65,	11.7800
237.31,	11.7500
237.96,	11.6900
238.61,	11.6200
239.27,	11.5800
239.92,	11.5500
240.57,	11.5500
241.22,	11.5400
241.88,	11.5200
242.53,	11.4900
243.18,	11.4400
243.83,	11.4300
244.49,	11.4300
245.14,	11.4200
245.79,	11.4200
246.44,	11.4200
247.10,	11.3900
247.75,	11.3500
248.40,	11.3100
249.05,	11.2900
249.70,	11.2900
250.36,	11.2800
251.01,	11.2800
251.66,	11.2700
252.31,	11.2600
252.96,	11.2500
253.62,	11.2300
254.27,	11.2000
254.92,	11.1500
255.57,	11.0900
256.22,	11.0500
256.88,	11.0100
257.53,	10.9800
258.18,	10.9500
258.83,	10.9300
259.48,	10.9200
260.13,	10.9100
260.78,	10.8900
261.44,	10.8800
262.09,	10.8700
262.74,	10.8500
263.39,	10.8200
264.04,	10.7800
264.69,	10.7600
265.34,	10.7500
265.99,	10.7400
266.64,	10.7200
267.29,	10.6900
267.95,	10.6800
268.60,	10.6800
269.25,	10.6700
269.90,	10.6700
270.55,	10.6700
271.20,	10.6600
271.85,	10.6500
272.50,	10.6300
273.15,	10.6200
273.80,	10.6100
274.45,	10.6000
275.10,	10.5800
275.75,	10.5700
276.40,	10.5600
277.05,	10.5500
277.70,	10.5400
278.35,	10.5300
279.00,	10.5300
279.65,	10.5300
280.30,	10.5200
280.95,	10.5000
281.60,	10.5000
282.25,	10.4900
282.90,	10.4800
283.55,	10.4800
284.20,	10.4700
284.85,	10.4500
285.50,	10.4000
286.15,	10.3500
286.80,	10.3100
287.45,	10.2700
288.10,	10.2600
288.75,	10.2400
289.40,	10.2200
290.05,	10.2100
290.70,	10.2000
291.35,	10.1900
292.00,	10.1800
292.64,	10.1700
293.29,	10.1700
293.94,	10.1600
294.59,	10.1400
295.24,	10.1200
295.89,	10.1000
296.54,	10.0900
297.19,	10.0700
297.84,	10.0500
298.49,	10.0300
299.13,	10.0100
299.78,	10.0000
300.43,	10.0000
301.08,	10.0000
301.73,	10.0100
302.38,	10.0200
303.02,	10.0200
303.67,	10.0300
304.32,	10.0500
304.97,	10.0600
305.62,	10.0700
306.27,	10.0700
306.91,	10.0900
307.56,	10.1400
308.21,	10.1900
308.86,	10.2400
309.51,	10.2500
310.15,	10.2500
310.80,	10.2500
311.45,	10.2500
312.10,	10.2500
312.75,	10.2500
313.39,	10.2500
314.04,	10.2300
314.69,	10.1900
315.34,	10.1600
315.98,	10.1400
316.63,	10.1300
317.28,	10.1100
317.93,	10.0800
318.57,	10.0700
319.22,	10.0700
319.87,	10.0700
320.52,	10.0600
321.16,	10.0400
321.81,	10.0300
322.46,	10.0200
323.10,	10.0000
323.75,	9.9800
324.40,	9.9800
325.04,	9.9700
325.69,	9.9700
326.34,	9.9700
326.99,	9.9700
327.63,	9.9600
328.28,	9.9600
328.93,	9.9500
329.57,	9.9400
330.22,	9.9300
330.86,	9.9300
331.51,	9.9300
332.16,	9.9300
332.80,	9.9500
333.45,	9.9800
334.10,	9.9800
334.74,	9.9900
335.39,	9.9800
336.03,	9.9900
336.68,	9.9900
337.33,	9.9800
337.97,	9.9600
338.62,	9.9400
339.26,	9.9300
339.91,	9.9200
340.56,	9.9200
341.20,	9.9100
341.85,	9.9000
342.49,	9.8600
343.14,	9.8300
343.78,	9.8100
344.43,	9.8000
345.08,	9.7900
345.72,	9.7800
346.37,	9.7900
347.01,	9.8100
347.66,	9.8500
348.30,	9.8700
348.95,	9.8800
349.59,	9.8700
350.24,	9.8800
350.88,	9.8800
351.53,	9.8900
352.17,	9.9000
352.82,	9.9300
353.46,	9.9500
354.11,	9.9800
354.75,	10.0100
355.40,	10.0300
356.04,	10.0300
356.69,	10.0400
357.33,	10.0400
357.98,	10.0400
358.62,	10.0400
359.27,	10.0500
359.91,	10.0400
360.55,	10.0400
361.20,	10.0500
361.84,	10.0400
362.49,	10.0400
363.13,	10.0500
363.78,	10.0500
364.42,	10.0500
365.06,	10.0500
365.71,	10.0500
366.35,	10.0600
367.00,	10.0600
367.64,	10.0500
368.28,	10.0200
368.93,	10.0100
369.57,	10.0000
370.22,	10.0000
370.86,	10.0000
371.50,	10.0000
372.15,	9.9900
372.79,	9.9900
373.43,	9.9800
374.08,	9.9800
374.72,	9.9800
375.36,	9.9700
376.01,	9.9700
376.65,	9.9600
377.29,	9.9500
377.94,	9.9500
378.58,	9.9300
379.22,	9.9100
379.87,	9.9000
380.51,	9.8900
381.15,	9.8800
381.79,	9.8700
382.44,	9.8600
383.08,	9.8500
383.72,	9.8400
384.37,	9.8300
385.01,	9.8200
385.65,	9.8100
386.29,	9.8100
386.94,	9.8000
387.58,	9.7800
388.22,	9.7800
388.86,	9.7700
389.51,	9.7700
390.15,	9.7600
390.79,	9.7600
391.43,	9.7500
392.08,	9.7400
392.72,	9.7300
393.36,	9.7300
394.00,	9.7300
394.64,	9.7300
395.29,	9.7300
395.93,	9.7200
396.57,	9.7100
397.21,	9.7100
397.85,	9.7100
398.50,	9.7000
399.14,	9.7000
399.78,	9.7100
400.42,	9.7100
401.06,	9.7100
401.70,	9.7000
402.34,	9.6900
402.99,	9.6900
403.63,	9.6900
404.27,	9.6800
404.91,	9.6700
405.55,	9.6700
406.19,	9.6700
406.83,	9.6600
407.48,	9.6500
408.12,	9.6400
408.76,	9.6300
409.40,	9.6300
410.04,	9.6200
410.68,	9.6000
411.32,	9.5900
411.96,	9.5700
412.60,	9.5500
413.24,	9.5500
413.88,	9.5400
414.52,	9.5300
415.17,	9.5300
415.81,	9.5300
416.45,	9.5300
417.09,	9.5200
417.73,	9.5100
418.37,	9.5000
419.01,	9.4900
419.65,	9.4800
420.29,	9.4700
420.93,	9.4500
421.57,	9.4200
422.21,	9.4000
422.85,	9.3900
423.49,	9.3700
424.13,	9.3700
424.77,	9.3600
425.41,	9.3700
426.05,	9.3700
426.69,	9.3600
427.33,	9.3500
427.97,	9.3500
428.61,	9.3500
429.25,	9.3500
429.89,	9.3500
430.53,	9.3400
431.17,	9.3400
431.80,	9.3400
432.44,	9.3400
433.08,	9.3400
433.72,	9.3300
434.36,	9.3200
435.00,	9.3100
435.64,	9.3100
436.28,	9.3000
436.92,	9.2900
437.56,	9.2800
438.20,	9.2700
438.84,	9.2400
439.47,	9.2100
440.11,	9.1900
440.75,	9.1500
441.39,	9.1000
442.03,	9.0600
442.67,	9.0400
443.31,	9.0300
443.95,	9.0100
444.58,	8.9900
445.22,	8.9800
445.86,	8.9700
446.50,	8.9600
447.14,	8.9300
447.78,	8.9200
448.41,	8.8900
449.05,	8.8700
449.69,	8.8600
450.33,	8.8500
450.97,	8.8500
451.60,	8.8400
452.24,	8.8300
452.88,	8.8200
453.52,	8.8200
454.16,	8.8300
454.79,	8.8300
455.43,	8.8200
456.07,	8.8000
456.71,	8.7800
457.35,	8.7600
457.98,	8.7600
458.62,	8.7600
459.26,	8.7600
459.90,	8.7400
460.53,	8.7100
461.17,	8.6700
461.81,	8.6400
462.44,	8.6200
463.08,	8.6200
463.72,	8.6100
464.36,	8.6100
464.99,	8.6100
465.63,	8.6100
466.27,	8.6100
466.90,	8.6100
467.54,	8.5800
468.18,	8.5500
468.81,	8.5100
469.45,	8.4800
470.09,	8.4600
470.72,	8.4600
471.36,	8.4600
472.00,	8.4600
472.63,	8.4500
473.27,	8.4200
473.91,	8.4100
474.54,	8.4000
475.18,	8.3900
475.82,	8.3800
476.45,	8.3700
477.09,	8.3500
477.73,	8.3200
478.36,	8.3000
479.00,	8.2700
479.63,	8.2400
480.27,	8.2200
480.91,	8.2100
481.54,	8.2000
482.18,	8.1900
482.81,	8.1900
483.45,	8.1900
484.08,	8.1800
484.72,	8.1800
485.36,	8.1600
485.99,	8.0900
486.63,	8.0100
487.26,	7.9200
487.90,	7.8600
488.53,	7.8300
489.17,	7.8200
489.80,	7.8200
490.44,	7.8200
491.07,	7.8100
491.71,	7.7900
492.34,	7.7700
492.98,	7.7600
493.62,	7.7500
494.25,	7.7400
494.89,	7.7300
495.52,	7.7200
496.15,	7.7100
496.79,	7.7000
497.42,	7.6900
498.06,	7.6800
498.69,	7.6700
499.33,	7.6600
499.96,	7.6600
500.60,	7.6500
501.23,	7.6300
501.87,	7.6300
502.50,	7.6400
503.14,	7.6500
503.77,	7.6700
504.40,	7.7000
505.04,	7.7400
505.67,	7.7900
506.31,	7.8000
506.94,	7.7800
507.57,	7.7600
508.21,	7.7200
508.84,	7.7000
509.48,	7.6900
510.11,	7.6700
510.74,	7.6400
511.38,	7.6300
512.01,	7.6200
512.65,	7.5900
513.28,	7.5300
513.91,	7.4800
514.55,	7.4500
515.18,	7.4300
515.81,	7.3900
516.45,	7.3500
517.08,	7.3300
517.71,	7.3100
518.35,	7.2800
518.98,	7.2600
519.61,	7.2400
520.25,	7.2200
520.88,	7.2000
521.51,	7.1900
522.15,	7.1700
522.78,	7.1400
523.41,	7.1100
524.04,	7.0900
524.68,	7.0700
525.31,	7.0600
525.94,	7.0400
526.58,	7.0300
527.21,	7.0100
527.84,	7.0000
528.47,	6.9900
529.11,	6.9800
529.74,	6.9800
530.37,	6.9700
531.00,	6.9600
531.64,	6.9600
532.27,	6.9400
532.90,	6.9100
533.53,	6.9000
534.17,	6.9000
534.80,	6.8900
535.43,	6.8900
536.06,	6.8900
536.69,	6.8800
537.33,	6.8700
537.96,	6.8500
538.59,	6.8300
539.22,	6.8200
539.85,	6.8100
540.48,	6.7900
541.12,	6.7900
541.75,	6.7900
542.38,	6.7800
543.01,	6.7800
543.64,	6.7600
544.27,	6.7500
544.91,	6.7400
545.54,	6.7300
546.17,	6.7300
546.80,	6.7200
547.43,	6.7200
548.06,	6.7200
548.69,	6.7200
549.32,	6.7200
549.95,	6.7200
550.59,	6.7200
551.22,	6.7100
551.85,	6.6900
552.48,	6.6800
553.11,	6.6700
553.74,	6.6600
554.37,	6.6600
555.00,	6.6400
555.63,	6.6400
556.26,	6.6300
556.89,	6.6200
557.52,	6.6200
558.15,	6.6000
558.78,	6.5900
559.42,	6.5900
560.05,	6.5800
560.68,	6.5700
561.31,	6.5700
561.94,	6.5700
562.57,	6.5700
563.20,	6.5700
563.83,	6.5600
564.46,	6.5500
565.09,	6.5400
565.72,	6.5400
566.35,	6.5400
566.98,	6.5200
567.61,	6.5200
568.24,	6.5100
568.87,	6.5000
569.50,	6.4900
570.12,	6.4800
570.75,	6.4800
571.38,	6.4700
572.01,	6.4700
572.64,	6.4600
573.27,	6.4400
573.90,	6.4300
574.53,	6.4200
575.16,	6.4100
575.79,	6.4000
576.42,	6.3800
577.05,	6.3700
577.68,	6.3600
578.31,	6.3500
578.93,	6.3500
579.56,	6.3500
580.19,	6.3400
580.82,	6.3200
581.45,	6.3100
582.08,	6.2900
582.71,	6.2800
583.34,	6.2600
583.97,	6.2500
584.59,	6.2500
585.22,	6.2300
585.85,	6.2100
586.48,	6.1900
587.11,	6.1800
587.74,	6.1800
588.36,	6.1700
588.99,	6.1700
589.62,	6.1700
590.25,	6.1600
590.88,	6.1600
591.50,	6.1500
592.13,	6.1400
592.76,	6.1300
593.39,	6.1200
594.02,	6.1100
594.64,	6.1000
595.27,	6.0900
595.90,	6.0800
596.53,	6.0800
597.16,	6.0700
597.78,	6.0700
598.41,	6.0700
599.04,	6.0800
599.67,	6.0800
600.29,	6.0700
600.92,	6.0600
601.55,	6.0500
602.18,	6.0400
602.80,	6.0400
603.43,	6.0300
604.06,	6.0200
604.68,	6.0100
605.31,	6.0000
605.94,	5.9800
606.57,	5.9700
607.19,	5.9500
607.82,	5.9500
608.45,	5.9400
609.07,	5.9300
609.70,	5.9200
610.33,	5.9100
610.95,	5.8900
611.58,	5.8800
612.21,	5.8800
612.83,	5.8600
613.46,	5.8500
614.09,	5.8500
614.71,	5.8400
615.34,	5.8300
615.97,	5.8300
616.59,	5.8200
617.22,	5.8200
617.84,	5.8300
618.47,	5.8300
619.10,	5.8400
619.72,	5.8700
620.35,	5.9100
620.97,	5.9300
621.60,	5.9400
622.23,	5.9500
622.85,	5.9500
623.48,	5.9600
624.10,	5.9600
624.73,	5.9500
625.35,	5.9300
625.98,	5.9000
626.61,	5.8700
627.23,	5.8500
627.86,	5.8500
628.48,	5.8500
629.11,	5.8700
629.73,	5.9000
630.36,	5.9100
630.98,	5.9400
631.61,	5.9500
632.23,	5.9400
632.86,	5.9300
633.48,	5.9200
634.11,	5.9100
634.73,	5.9100
635.36,	5.8900
635.98,	5.8800
636.61,	5.8800
637.23,	5.8900
637.86,	5.8900
638.48,	5.8900
639.11,	5.9000
639.73,	5.8900
640.36,	5.8900
640.98,	5.8800
641.61,	5.8700
642.23,	5.8600
642.85,	5.8400
643.48,	5.8100
644.10,	5.7900
644.73,	5.7900
645.35,	5.7700
645.98,	5.7500
646.60,	5.7400
647.22,	5.7200
647.85,	5.7000
648.47,	5.6900
649.10,	5.6800
649.72,	5.6700
650.34,	5.6600
650.97,	5.6500
651.59,	5.6300
652.22,	5.5900
652.84,	5.5600
653.46,	5.5400
654.09,	5.5300
654.71,	5.5200
655.33,	5.5000
655.96,	5.5000
656.58,	5.4900
657.20,	5.4800
657.83,	5.4800
658.45,	5.4800
659.07,	5.4800
659.70,	5.4700
660.32,	5.4700
660.94,	5.4600
661.57,	5.4600
662.19,	5.4600
662.81,	5.4500
663.43,	5.4400
664.06,	5.4300
664.68,	5.4200
665.30,	5.4100
665.93,	5.4000
666.55,	5.4000
667.17,	5.3900
667.79,	5.3800
668.42,	5.3700
669.04,	5.3800
669.66,	5.4000
670.28,	5.4100
670.91,	5.4100
671.53,	5.4200
672.15,	5.4200
672.77,	5.4100
673.39,	5.3800
674.02,	5.3400
674.64,	5.3200
675.26,	5.3000
675.88,	5.3100
676.50,	5.3100
677.13,	5.3100
677.75,	5.3000
678.37,	5.3000
678.99,	5.3000
679.61,	5.3000
680.24,	5.3000
680.86,	5.3100
681.48,	5.3300
682.10,	5.3400
682.72,	5.3500
683.34,	5.3400
683.96,	5.3300
684.59,	5.3400
685.21,	5.3400
685.83,	5.3500
686.45,	5.3600
687.07,	5.3600
687.69,	5.3500
688.31,	5.3500
688.93,	5.3400
689.56,	5.3300
690.18,	5.3200
690.80,	5.3100
691.42,	5.3000
692.04,	5.3000
692.66,	5.2900
693.28,	5.2700
693.90,	5.2600
694.52,	5.2600
695.14,	5.2500
695.76,	5.2500
696.38,	5.2500
697.00,	5.2500
697.62,	5.2500
698.25,	5.2400
698.87,	5.2400
699.49,	5.2400
700.11,	5.2200
700.73,	5.2100
701.35,	5.2000
701.97,	5.1900
702.59,	5.1800
703.21,	5.1700
703.83,	5.1500
704.45,	5.1000
705.07,	5.0600
705.69,	5.0400
706.31,	5.0300
706.93,	5.0200
707.55,	5.0100
708.17,	5.0100
708.79,	5.0100
709.40,	5.0100
710.02,	5.0000
710.64,	5.0000
711.26,	5.0100
711.88,	5.0100
712.50,	5.0000
713.12,	4.9800
713.74,	4.9800
714.36,	4.9900
714.98,	5.0000
715.60,	5.0100
716.22,	5.0200
716.84,	5.0300
717.45,	5.0300
718.07,	5.0300
718.69,	5.0200
719.31,	5.0200
719.93,	5.0200
720.55,	5.0200
721.17,	5.0300
721.79,	5.0300
722.41,	5.0300
723.02,	5.0200
723.64,	5.0200
724.26,	5.0100
724.88,	5.0100
725.50,	5.0000
726.12,	4.9900
726.73,	4.9900
727.35,	4.9900
727.97,	5.0000
728.59,	4.9900
729.21,	4.9900
729.83,	4.9900
730.44,	4.9900
731.06,	4.9900
731.68,	4.9900
732.30,	4.9800
732.92,	4.9600
733.53,	4.9500
734.15,	4.9100
734.77,	4.8700
735.39,	4.8500
736.00,	4.8200
736.62,	4.7900
737.24,	4.7700
737.86,	4.7700
738.47,	4.7600
739.09,	4.7600
739.71,	4.7600
740.33,	4.7700
740.94,	4.7700
741.56,	4.7700
742.18,	4.7700
742.79,	4.7700
743.41,	4.7700
744.03,	4.7700
744.65,	4.7700
745.26,	4.7800
745.88,	4.7800
746.50,	4.7700
747.11,	4.7700
747.73,	4.7600
748.35,	4.7500
748.96,	4.7400
749.58,	4.7400
750.20,	4.7400
750.81,	4.7400
751.43,	4.7400
752.05,	4.7400
752.66,	4.7500
753.28,	4.7700
753.90,	4.7900
754.51,	4.7900
755.13,	4.7900
755.74,	4.7900
756.36,	4.7800
756.98,	4.7700
757.59,	4.7600
758.21,	4.7600
758.82,	4.7600
759.44,	4.7500
760.06,	4.7500
760.67,	4.7400
761.29,	4.7400
761.90,	4.7300
762.52,	4.7300
763.14,	4.7100
763.75,	4.6900
764.37,	4.6700
764.98,	4.6600
765.60,	4.6500
766.21,	4.6400
766.83,	4.6200
767.44,	4.6200
768.06,	4.6200
768.67,	4.6200
769.29,	4.6300
769.90,	4.6300
770.52,	4.6200
771.14,	4.6100
771.75,	4.6000
772.37,	4.5900
772.98,	4.5800
773.59,	4.5800
774.21,	4.5800
774.82,	4.5800
775.44,	4.5800
776.05,	4.5800
776.67,	4.5800
777.28,	4.5800
777.90,	4.5800
778.51,	4.5800
779.13,	4.5900
779.74,	4.5800
780.36,	4.5800
780.97,	4.5700
781.58,	4.5700
782.20,	4.5700
782.81,	4.5700
783.43,	4.5700
784.04,	4.5800
784.66,	4.5900
785.27,	4.6100
785.88,	4.6500
786.50,	4.6700
787.11,	4.6700
787.73,	4.6800
788.34,	4.7000
788.95,	4.7400
789.57,	4.7600
790.18,	4.7700
790.79,	4.7800
791.41,	4.7800
792.02,	4.7800
792.63,	4.7800
793.25,	4.7800
793.86,	4.7700
794.47,	4.7600
795.09,	4.7500
795.70,	4.7500
796.31,	4.7400
796.93,	4.7400
797.54,	4.7200
798.15,	4.7000
798.77,	4.6900
799.38,	4.6800
799.99,	4.6800
800.61,	4.6800
801.22,	4.6800
801.83,	4.6800
802.44,	4.6800
803.06,	4.6700
803.67,	4.6700
804.28,	4.6800
804.90,	4.6900
805.51,	4.7000
806.12,	4.7000
806.73,	4.7000
807.34,	4.6900
807.96,	4.6700
808.57,	4.6500
809.18,	4.6300
809.79,	4.6200
810.41,	4.6100
811.02,	4.6000
811.63,	4.6000
812.24,	4.6000
812.85,	4.5900
813.47,	4.6000
814.08,	4.6000
814.69,	4.6100
815.30,	4.6100
815.91,	4.6000
816.53,	4.6000
817.14,	4.5900
817.75,	4.5900
818.36,	4.5800
818.97,	4.5700
819.58,	4.5700
820.20,	4.5700
820.81,	4.5700
821.42,	4.5700
822.03,	4.5600
822.64,	4.5500
823.25,	4.5500
823.86,	4.5500
824.47,	4.5400
825.09,	4.5400
825.70,	4.5400
826.31,	4.5400
826.92,	4.5400
827.53,	4.5400
828.14,	4.5400
828.75,	4.5400
829.36,	4.5400
829.97,	4.5300
830.58,	4.5300
831.19,	4.5200
831.80,	4.5200
832.42,	4.5200
833.03,	4.5200
833.64,	4.5200
834.25,	4.5100
834.86,	4.5000
835.47,	4.4900
836.08,	4.4800
836.69,	4.4700
837.30,	4.4700
837.91,	4.4600
838.52,	4.4400
839.13,	4.4200
839.74,	4.4100
840.35,	4.4100
840.96,	4.4100
841.57,	4.4000
842.18,	4.3900
842.79,	4.3900
843.40,	4.3900
844.01,	4.3800
844.62,	4.3800
845.23,	4.3800
845.84,	4.3700
846.45,	4.3700
847.06,	4.3700
847.67,	4.3700
848.27,	4.3700
848.88,	4.3600
849.49,	4.3600
850.10,	4.3700
850.71,	4.3700
851.32,	4.3700
851.93,	4.3800
852.54,	4.3900
853.15,	4.3900
853.76,	4.3900
854.37,	4.3900
854.98,	4.3800
855.58,	4.3800
856.19,	4.3800
856.80,	4.3700
857.41,	4.3700
858.02,	4.3700
858.63,	4.3700
859.24,	4.3700
859.85,	4.3700
860.45,	4.3700
861.06,	4.3600
861.67,	4.3500
862.28,	4.3400
862.89,	4.3300
863.50,	4.3200
864.10,	4.3200
864.71,	4.3100
865.32,	4.3100
865.93,	4.3100
866.54,	4.3100
867.14,	4.3100
867.75,	4.3100
868.36,	4.3200
868.97,	4.3200
869.58,	4.3400
870.18,	4.3800
870.79,	4.4100
871.40,	4.4400
872.01,	4.4600
872.61,	4.4600
873.22,	4.4600
873.83,	4.4700
874.44,	4.4700
875.04,	4.4700
875.65,	4.4700
876.26,	4.4700
876.87,	4.4700
877.47,	4.4700
878.08,	4.4700
878.69,	4.4700
879.29,	4.4700
879.90,	4.4700
880.51,	4.4600
881.12,	4.4600
881.72,	4.4600
882.33,	4.4400
882.94,	4.4100
883.54,	4.3600
884.15,	4.3200
884.76,	4.2900
885.36,	4.2800
885.97,	4.2800
886.58,	4.2700
887.18,	4.2500
887.79,	4.2200
888.40,	4.1900
889.00,	4.1700
889.61,	4.1700
890.22,	4.1500
890.82,	4.1400
891.43,	4.1400
892.03,	4.1300
892.64,	4.1100
893.25,	4.0900
893.85,	4.0700
894.46,	4.0600
895.06,	4.0500
895.67,	4.0500
896.28,	4.0500
896.88,	4.0500
897.49,	4.0400
898.09,	4.0300
898.70,	4.0100
899.30,	3.9900
899.91,	3.9900
900.52,	3.9800
901.12,	3.9800
901.73,	3.9700
902.33,	3.9700
902.94,	3.9700
903.54,	3.9600
904.15,	3.9600
904.75,	3.9600
905.36,	3.9600
905.96,	3.9600
906.57,	3.9600
907.17,	3.9600
907.78,	3.9600
908.38,	3.9700
908.99,	3.9700
909.59,	3.9700
910.20,	3.9700
910.80,	3.9800
911.41,	4.0000
912.01,	4.0000
912.62,	4.0000
913.22,	4.0000
913.83,	4.0000
914.43,	4.0000
915.03,	4.0000
915.64,	3.9900
916.24,	3.9900
916.85,	3.9900
917.45,	3.9900
918.06,	3.9900
918.66,	3.9900
919.26,	3.9900
919.87,	3.9800
920.47,	3.9800
921.08,	3.9800
921.68,	3.9700
922.28,	3.9700
922.89,	3.9600
923.49,	3.9600
924.10,	3.9700
924.70,	3.9700
925.30,	3.9700
925.91,	3.9700
926.51,	3.9800
927.11,	4.0100
927.72,	4.8200
928.32,	8.1800
928.92,	12.8000
929.53,	15.4300
930.13,	16.5400
930.74,	17.2600
931.34,	17.8300
931.94,	18.3300
932.54,	18.7900
933.15,	19.2100
933.75,	19.5800
934.35,	19.9200
934.96,	20.2300
935.56,	20.5100
936.16,	21.5200
936.77,	35.5000
937.37,	35.5000
937.97,	35.5000
938.57,	35.5000
939.18,	35.5000
939.78,	35.5000
940.38,	35.5000
940.98,	35.5000
941.59,	35.5000
942.19,	35.5000
942.79,	35.5000
943.39,	35.5000
944.00,	35.5000
944.60,	35.5000
945.20,	35.5000
945.80,	35.5000
946.40,	35.5000
947.01,	35.5000
947.61,	35.5000
948.21,	35.5000
948.81,	35.5000
949.41,	35.5000
950.02,	35.5000
950.62,	35.5000
951.22,	35.5000
951.82,	35.5000
952.42,	35.5000
953.02,	35.5000
953.63,	35.5000
954.23,	35.5000
954.83,	35.5000
955.43,	35.5000
956.03,	35.5000
956.63,	35.5000
957.24,	35.5000
957.84,	35.5000
958.44,	35.5000
959.04,	35.5000
959.64,	35.5000
960.24,	35.5000
960.84,	35.5000
961.44,	35.5000
962.04,	35.5000
962.64,	35.5000
963.25,	35.5000
963.85,	35.5000
964.45,	35.5000
965.05,	35.5000
965.65,	35.5000
966.25,	35.5000
966.85,	35.5000
967.45,	35.5000
968.05,	35.5000
968.65,	35.5000
969.25,	35.5000
969.85,	35.5000
970.45,	22.9900
971.05,	-2.5200
971.65,	-2.5200
972.25,	-2.5200
972.85,	-2.5200
973.45,	-2.5200
974.05,	-2.5200
974.65,	-2.5200
975.25,	-2.5200
975.85,	-2.5200
976.45,	-2.5200
977.05,	-2.5200
977.65,	-2.5200
978.25,	-2.5200
978.85,	-2.5200
979.45,	-2.5200
980.05,	-2.5200
980.65,	-2.5200
981.25,	-2.5200
981.85,	-2.5200
982.45,	-2.5200
983.05,	-2.5200
983.65,	-2.5200
984.25,	-2.5200
984.85,	-2.5200
985.45,	-2.5200
986.04,	-2.5200
986.64,	-2.5200
987.24,	-2.5200
987.84,	-2.5200
988.44,	-2.5200
989.04,	-2.5200
989.64,	-2.5200
990.24,	-2.5200
990.84,	-2.5200
991.44,	-2.5200
992.03,	-2.5200
992.63,	-2.5200
993.23,	-2.5200
993.83,	-2.5200
994.43,	-2.5200
995.03,	-2.5200
995.63,	-2.5200
996.22,	-2.5200
996.82,	-2.5200
997.42,	-2.5200
998.02,	-2.5200
998.62,	-2.5200
999.21,	-2.5200
999.81,	-2.5200
1000.41,	-2.5200
