Call Sign = ZSDA,	Ship Name = SA Agulhas,	Lloyds Num = 0
Date = 12/03/2016,	Time = 04:18,	
Latitude = 42 16.05  S,	Longitude = 009 05.78  E
Instr = Sippican Deep Blue,	Card Type = Sippican MK-21,	
Wind Instr = ,	Measur Method = 
Probe Serial Num = -1,	Ship Dir = -1,	Ship Speed = -1.00
Wind Dir = 354,	Wind Speed = 35.20
Dry Bulb Temp = 11.10,	Total Water Depth = -1.00

Full Resolution Values
Depth,	 Temp
0.67,	10.7200
1.34,	10.5800
2.01,	10.5400
2.68,	10.5400
3.34,	10.5400
4.01,	10.5400
4.68,	10.5300
5.35,	10.5400
6.02,	10.5400
6.69,	10.5400
7.36,	10.5400
8.03,	10.5400
8.69,	10.5400
9.36,	10.5400
10.03,	10.5400
10.70,	10.5400
11.37,	10.5300
12.04,	10.5200
12.70,	10.5100
13.37,	10.5000
14.04,	10.5000
14.71,	10.4900
15.38,	10.4900
16.05,	10.4800
16.71,	10.4800
17.38,	10.4800
18.05,	10.4900
18.72,	10.4800
19.38,	10.4800
20.05,	10.4700
20.72,	10.4600
21.39,	10.4600
22.06,	10.4500
22.72,	10.4500
23.39,	10.4500
24.06,	10.4500
24.73,	10.4500
25.39,	10.4500
26.06,	10.4600
26.73,	10.4500
27.40,	10.4400
28.06,	10.4300
28.73,	10.4200
29.40,	10.4000
30.06,	10.3600
30.73,	10.3500
31.40,	10.3400
32.06,	10.3400
32.73,	10.3400
33.40,	10.3400
34.07,	10.3400
34.73,	10.3300
35.40,	10.3300
36.07,	10.3300
36.73,	10.3300
37.40,	10.3200
38.07,	10.3200
38.73,	10.3200
39.40,	10.3200
40.06,	10.3100
40.73,	10.3000
41.40,	10.3000
42.06,	10.3000
42.73,	10.2900
43.40,	10.2800
44.06,	10.2700
44.73,	10.2500
45.39,	10.2400
46.06,	10.2100
46.73,	10.1700
47.39,	10.1200
48.06,	10.0500
48.72,	9.9600
49.39,	9.8600
50.06,	9.7900
50.72,	9.7100
51.39,	9.6100
52.05,	9.5600
52.72,	9.5400
53.38,	9.5300
54.05,	9.5200
54.71,	9.5200
55.38,	9.5000
56.05,	9.4500
56.71,	9.4100
57.38,	9.4000
58.04,	9.3900
58.71,	9.3900
59.37,	9.3900
60.04,	9.3900
60.70,	9.3800
61.37,	9.3700
62.03,	9.3500
62.70,	9.3400
63.36,	9.3400
64.03,	9.3300
64.69,	9.3200
65.36,	9.3200
66.02,	9.3000
66.69,	9.2800
67.35,	9.2600
68.01,	9.2500
68.68,	9.2400
69.34,	9.2300
70.01,	9.2100
70.67,	9.2000
71.34,	9.1900
72.00,	9.1800
72.66,	9.1700
73.33,	9.1600
73.99,	9.1600
74.66,	9.1500
75.32,	9.1400
75.98,	9.1300
76.65,	9.1300
77.31,	9.1200
77.98,	9.1100
78.64,	9.1000
79.30,	9.0900
79.97,	9.0900
80.63,	9.0800
81.30,	9.0700
81.96,	9.0600
82.62,	9.0700
83.29,	9.0800
83.95,	9.0900
84.61,	9.0900
85.28,	9.0900
85.94,	9.0900
86.60,	9.0900
87.27,	9.0900
87.93,	9.0800
88.59,	9.0700
89.26,	9.0700
89.92,	9.0700
90.58,	9.0600
91.24,	9.0600
91.91,	9.0600
92.57,	9.0600
93.23,	9.0600
93.90,	9.0500
94.56,	9.0500
95.22,	9.0400
95.88,	9.0400
96.55,	9.0300
97.21,	9.0300
97.87,	9.0200
98.53,	9.0200
99.20,	9.0100
99.86,	9.0100
100.52,	9.0000
101.18,	9.0000
101.85,	9.0000
102.51,	8.9900
103.17,	8.9700
103.83,	8.9400
104.49,	8.9300
105.16,	8.9300
105.82,	8.9200
106.48,	8.9200
107.14,	8.9200
107.80,	8.9100
108.47,	8.9100
109.13,	8.9000
109.79,	8.9000
110.45,	8.8900
111.11,	8.8800
111.77,	8.8800
112.44,	8.8700
113.10,	8.8600
113.76,	8.8600
114.42,	8.8600
115.08,	8.8500
115.74,	8.8500
116.40,	8.8500
117.06,	8.8400
117.73,	8.8300
118.39,	8.8300
119.05,	8.8200
119.71,	8.8100
120.37,	8.8100
121.03,	8.8100
121.69,	8.8100
122.35,	8.8100
123.01,	8.8000
123.67,	8.7800
124.33,	8.7500
125.00,	8.7500
125.66,	8.7500
126.32,	8.7500
126.98,	8.7500
127.64,	8.7500
128.30,	8.7400
128.96,	8.7300
129.62,	8.7200
130.28,	8.7000
130.94,	8.7000
131.60,	8.7000
132.26,	8.6900
132.92,	8.6900
133.58,	8.6800
134.24,	8.6700
134.90,	8.6700
135.56,	8.6600
136.22,	8.6600
136.88,	8.6400
137.54,	8.6400
138.20,	8.6300
138.86,	8.6200
139.52,	8.5900
140.18,	8.5500
140.84,	8.5200
141.50,	8.4900
142.16,	8.4700
142.82,	8.4500
143.48,	8.4400
144.14,	8.4400
144.79,	8.4200
145.45,	8.4100
146.11,	8.4000
146.77,	8.3900
147.43,	8.3800
148.09,	8.3700
148.75,	8.3600
149.41,	8.3500
150.07,	8.3300
150.73,	8.3200
151.39,	8.3100
152.04,	8.3000
152.70,	8.2900
153.36,	8.2800
154.02,	8.2700
154.68,	8.2600
155.34,	8.2500
156.00,	8.2400
156.65,	8.2400
157.31,	8.2200
157.97,	8.2200
158.63,	8.2100
159.29,	8.2000
159.95,	8.1900
160.60,	8.1700
161.26,	8.1500
161.92,	8.1400
162.58,	8.1400
163.24,	8.1400
163.90,	8.1400
164.55,	8.1400
165.21,	8.1500
165.87,	8.1500
166.53,	8.1700
167.18,	8.2200
167.84,	8.2900
168.50,	8.3400
169.16,	8.3800
169.82,	8.4200
170.47,	8.4400
171.13,	8.4600
171.79,	8.4700
172.44,	8.4800
173.10,	8.4800
173.76,	8.4800
174.42,	8.4900
175.07,	8.5300
175.73,	8.5600
176.39,	8.5700
177.05,	8.5800
177.70,	8.5900
178.36,	8.6000
179.02,	8.6000
179.67,	8.6000
180.33,	8.6000
180.99,	8.6000
181.64,	8.6000
182.30,	8.6000
182.96,	8.5900
183.61,	8.5800
184.27,	8.5800
184.93,	8.5800
185.58,	8.5800
186.24,	8.5800
186.90,	8.5800
187.55,	8.5700
188.21,	8.5400
188.87,	8.5300
189.52,	8.5400
190.18,	8.5200
190.83,	8.4900
191.49,	8.4600
192.15,	8.4400
192.80,	8.4100
193.46,	8.3900
194.11,	8.3700
194.77,	8.3400
195.43,	8.3200
196.08,	8.3000
196.74,	8.2600
197.39,	8.2000
198.05,	8.1500
198.70,	8.1400
199.36,	8.1300
200.02,	8.1300
200.67,	8.1300
201.33,	8.1300
201.98,	8.1200
202.64,	8.1200
203.29,	8.1100
203.95,	8.0700
204.60,	8.0300
205.26,	8.0000
205.91,	7.9700
206.57,	7.9500
207.22,	7.9200
207.88,	7.9000
208.53,	7.8900
209.19,	7.8900
209.84,	7.9000
210.50,	7.9200
211.15,	7.9200
211.81,	7.9200
212.46,	7.9200
213.12,	7.9200
213.77,	7.9100
214.43,	7.9100
215.08,	7.9100
215.74,	7.9000
216.39,	7.8900
217.04,	7.8900
217.70,	7.8800
218.35,	7.8800
219.01,	7.8700
219.66,	7.8700
220.32,	7.8600
220.97,	7.8600
221.62,	7.8300
222.28,	7.7900
222.93,	7.7600
223.59,	7.7200
224.24,	7.6900
224.89,	7.6600
225.55,	7.6400
226.20,	7.6400
226.85,	7.6400
227.51,	7.6300
228.16,	7.6300
228.81,	7.6300
229.47,	7.6300
230.12,	7.6300
230.78,	7.6300
231.43,	7.6300
232.08,	7.6300
232.74,	7.6300
233.39,	7.6300
234.04,	7.6300
234.69,	7.6300
235.35,	7.6300
236.00,	7.6300
236.65,	7.6300
237.31,	7.6300
237.96,	7.6300
238.61,	7.6200
239.27,	7.6200
239.92,	7.6100
240.57,	7.6000
241.22,	7.6000
241.88,	7.5900
242.53,	7.5900
243.18,	7.5900
243.83,	7.5800
244.49,	7.5700
245.14,	7.5700
245.79,	7.5600
246.44,	7.5600
247.10,	7.5500
247.75,	7.5500
248.40,	7.5400
249.05,	7.5400
249.70,	7.5400
250.36,	7.5300
251.01,	7.5400
251.66,	7.5400
252.31,	7.5400
252.96,	7.5400
253.62,	7.5400
254.27,	7.5500
254.92,	7.5500
255.57,	7.5500
256.22,	7.5400
256.88,	7.5400
257.53,	7.5400
258.18,	7.5300
258.83,	7.5400
259.48,	7.5600
260.13,	7.5700
260.78,	7.5800
261.44,	7.5700
262.09,	7.5800
262.74,	7.5800
263.39,	7.5600
264.04,	7.5500
264.69,	7.5600
265.34,	7.5800
265.99,	7.5900
266.64,	7.6100
267.29,	7.6400
267.95,	7.6500
268.60,	7.6600
269.25,	7.6600
269.90,	7.6600
270.55,	7.6600
271.20,	7.6600
271.85,	7.6600
272.50,	7.6600
273.15,	7.6500
273.80,	7.6400
274.45,	7.6400
275.10,	7.6300
275.75,	7.6300
276.40,	7.6200
277.05,	7.6100
277.70,	7.6000
278.35,	7.5800
279.00,	7.5700
279.65,	7.5600
280.30,	7.5500
280.95,	7.5200
281.60,	7.5000
282.25,	7.4800
282.90,	7.4800
283.55,	7.4800
284.20,	7.4700
284.85,	7.4700
285.50,	7.4700
286.15,	7.4700
286.80,	7.4700
287.45,	7.4800
288.10,	7.4700
288.75,	7.4700
289.40,	7.4700
290.05,	7.4600
290.70,	7.4600
291.35,	7.4600
292.00,	7.4500
292.64,	7.4500
293.29,	7.4500
293.94,	7.4500
294.59,	7.4500
295.24,	7.4400
295.89,	7.4400
296.54,	7.4300
297.19,	7.4100
297.84,	7.3900
298.49,	7.3800
299.13,	7.3700
299.78,	7.3600
300.43,	7.3600
301.08,	7.3700
301.73,	7.3600
302.38,	7.3600
303.02,	7.3500
303.67,	7.3500
304.32,	7.3400
304.97,	7.3400
305.62,	7.3400
306.27,	7.3400
306.91,	7.3300
307.56,	7.3300
308.21,	7.3300
308.86,	7.3000
309.51,	7.2800
310.15,	7.2800
310.80,	7.2800
311.45,	7.2700
312.10,	7.2600
312.75,	7.2500
313.39,	7.2400
314.04,	7.2300
314.69,	7.2100
315.34,	7.1800
315.98,	7.1400
316.63,	7.1200
317.28,	7.1200
317.93,	7.1100
318.57,	7.1100
319.22,	7.1100
319.87,	7.1100
320.52,	7.1100
321.16,	7.1100
321.81,	7.1100
322.46,	7.1100
323.10,	7.1100
323.75,	7.1000
324.40,	7.0900
325.04,	7.0800
325.69,	7.0600
326.34,	7.0600
326.99,	7.0600
327.63,	7.0500
328.28,	7.0500
328.93,	7.0300
329.57,	6.9800
330.22,	6.9300
330.86,	6.8900
331.51,	6.8500
332.16,	6.8400
332.80,	6.8300
333.45,	6.8300
334.10,	6.8100
334.74,	6.8100
335.39,	6.8000
336.03,	6.7700
336.68,	6.7300
337.33,	6.7100
337.97,	6.6900
338.62,	6.6700
339.26,	6.6400
339.91,	6.6200
340.56,	6.6300
341.20,	6.6500
341.85,	6.6900
342.49,	6.7200
343.14,	6.7300
343.78,	6.7300
344.43,	6.7300
345.08,	6.7300
345.72,	6.7300
346.37,	6.7200
347.01,	6.7100
347.66,	6.7100
348.30,	6.7100
348.95,	6.7000
349.59,	6.6900
350.24,	6.6800
350.88,	6.6700
351.53,	6.6600
352.17,	6.6500
352.82,	6.6400
353.46,	6.6300
354.11,	6.6100
354.75,	6.5900
355.40,	6.5800
356.04,	6.5500
356.69,	6.5200
357.33,	6.5000
357.98,	6.5000
358.62,	6.5000
359.27,	6.5000
359.91,	6.5000
360.55,	6.5000
361.20,	6.4900
361.84,	6.4900
362.49,	6.4800
363.13,	6.4800
363.78,	6.4700
364.42,	6.4700
365.06,	6.4600
365.71,	6.4600
366.35,	6.4600
367.00,	6.4500
367.64,	6.4400
368.28,	6.4400
368.93,	6.4300
369.57,	6.4300
370.22,	6.4300
370.86,	6.4400
371.50,	6.4400
372.15,	6.4400
372.79,	6.4500
373.43,	6.4600
374.08,	6.4700
374.72,	6.4900
375.36,	6.5000
376.01,	6.5100
376.65,	6.5200
377.29,	6.5200
377.94,	6.5100
378.58,	6.5100
379.22,	6.5000
379.87,	6.5000
380.51,	6.4900
381.15,	6.4900
381.79,	6.4900
382.44,	6.4700
383.08,	6.4600
383.72,	6.4500
384.37,	6.4500
385.01,	6.4600
385.65,	6.4700
386.29,	6.4700
386.94,	6.4700
387.58,	6.4600
388.22,	6.4400
388.86,	6.4100
389.51,	6.4000
390.15,	6.4200
390.79,	6.4300
391.43,	6.4300
392.08,	6.4400
392.72,	6.4400
393.36,	6.4300
394.00,	6.4400
394.64,	6.4300
395.29,	6.4300
395.93,	6.4200
396.57,	6.4300
397.21,	6.4400
397.85,	6.4400
398.50,	6.4200
399.14,	6.4000
399.78,	6.3800
400.42,	6.3800
401.06,	6.3900
401.70,	6.3900
402.34,	6.3900
402.99,	6.3900
403.63,	6.3900
404.27,	6.3800
404.91,	6.3700
405.55,	6.3700
406.19,	6.3700
406.83,	6.3700
407.48,	6.3600
408.12,	6.3600
408.76,	6.3500
409.40,	6.3300
410.04,	6.2900
410.68,	6.2800
411.32,	6.2800
411.96,	6.2800
412.60,	6.2800
413.24,	6.2900
413.88,	6.2900
414.52,	6.3000
415.17,	6.3100
415.81,	6.3100
416.45,	6.3200
417.09,	6.3100
417.73,	6.3100
418.37,	6.3200
419.01,	6.3100
419.65,	6.3100
420.29,	6.3000
420.93,	6.3000
421.57,	6.3000
422.21,	6.3000
422.85,	6.2900
423.49,	6.2900
424.13,	6.2900
424.77,	6.2800
425.41,	6.2700
426.05,	6.2700
426.69,	6.2700
427.33,	6.2700
427.97,	6.2700
428.61,	6.2700
429.25,	6.2600
429.89,	6.2500
430.53,	6.2200
431.17,	6.1900
431.80,	6.1700
432.44,	6.1400
433.08,	6.0900
433.72,	6.0800
434.36,	6.0700
435.00,	6.0700
435.64,	6.0700
436.28,	6.0700
436.92,	6.0700
437.56,	6.0700
438.20,	6.0700
438.84,	6.0700
439.47,	6.0700
440.11,	6.0700
440.75,	6.0700
441.39,	6.0600
442.03,	6.0300
442.67,	5.9900
443.31,	5.9700
443.95,	5.9600
444.58,	5.9500
445.22,	5.9400
445.86,	5.9200
446.50,	5.9100
447.14,	5.9000
447.78,	5.8900
448.41,	5.8700
449.05,	5.8600
449.69,	5.8500
450.33,	5.8400
450.97,	5.8300
451.60,	5.8200
452.24,	5.8200
452.88,	5.8200
453.52,	5.8100
454.16,	5.8100
454.79,	5.8000
455.43,	5.8000
456.07,	5.8000
456.71,	5.8000
457.35,	5.7900
457.98,	5.7800
458.62,	5.7600
459.26,	5.7400
459.90,	5.7300
460.53,	5.7300
461.17,	5.7300
461.81,	5.7300
462.44,	5.7300
463.08,	5.7300
463.72,	5.7300
464.36,	5.7200
464.99,	5.7200
465.63,	5.7200
466.27,	5.7200
466.90,	5.7200
467.54,	5.7000
468.18,	5.6900
468.81,	5.6700
469.45,	5.6700
470.09,	5.6600
470.72,	5.6600
471.36,	5.6500
472.00,	5.6300
472.63,	5.6300
473.27,	5.6100
473.91,	5.5800
474.54,	5.5600
475.18,	5.5500
475.82,	5.5400
476.45,	5.5400
477.09,	5.5200
477.73,	5.5000
478.36,	5.4900
479.00,	5.4900
479.63,	5.4800
480.27,	5.4700
480.91,	5.4700
481.54,	5.4600
482.18,	5.4400
482.81,	5.4300
483.45,	5.4200
484.08,	5.4000
484.72,	5.3700
485.36,	5.3500
485.99,	5.3200
486.63,	5.2900
487.26,	5.2700
487.90,	5.2600
488.53,	5.2500
489.17,	5.2500
489.80,	5.2400
490.44,	5.2100
491.07,	5.1900
491.71,	5.1700
492.34,	5.1600
492.98,	5.1500
493.62,	5.1500
494.25,	5.1500
494.89,	5.1400
495.52,	5.1300
496.15,	5.1200
496.79,	5.1100
497.42,	5.1000
498.06,	5.0900
498.69,	5.0900
499.33,	5.0900
499.96,	5.0800
500.60,	5.0700
501.23,	5.0700
501.87,	5.0700
502.50,	5.0600
503.14,	5.0600
503.77,	5.0600
504.40,	5.0500
505.04,	5.0500
505.67,	5.0400
506.31,	5.0200
506.94,	4.9900
507.57,	4.9700
508.21,	4.9400
508.84,	4.9200
509.48,	4.9100
510.11,	4.9100
510.74,	4.9100
511.38,	4.9000
512.01,	4.9000
512.65,	4.9000
513.28,	4.9000
513.91,	4.9000
514.55,	4.8900
515.18,	4.8800
515.81,	4.8700
516.45,	4.8700
517.08,	4.8600
517.71,	4.8600
518.35,	4.8600
518.98,	4.8500
519.61,	4.8500
520.25,	4.8500
520.88,	4.8500
521.51,	4.8500
522.15,	4.8400
522.78,	4.8400
523.41,	4.8400
524.04,	4.8400
524.68,	4.8400
525.31,	4.8300
525.94,	4.8200
526.58,	4.8100
527.21,	4.8000
527.84,	4.8000
528.47,	4.8000
529.11,	4.8000
529.74,	4.7900
530.37,	4.7900
531.00,	4.7800
531.64,	4.7800
532.27,	4.7700
532.90,	4.7700
533.53,	4.7600
534.17,	4.7600
534.80,	4.7600
535.43,	4.7600
536.06,	4.7500
536.69,	4.7500
537.33,	4.7400
537.96,	4.7400
538.59,	4.7300
539.22,	4.7300
539.85,	4.7200
540.48,	4.7200
541.12,	4.7100
541.75,	4.7100
542.38,	4.7000
543.01,	4.7000
543.64,	4.7000
544.27,	4.7000
544.91,	4.6900
545.54,	4.6900
546.17,	4.6900
546.80,	4.6800
547.43,	4.6700
548.06,	4.6600
548.69,	4.6500
549.32,	4.6500
549.95,	4.6400
550.59,	4.6300
551.22,	4.6200
551.85,	4.6200
552.48,	4.6100
553.11,	4.6000
553.74,	4.6000
554.37,	4.5900
555.00,	4.5700
555.63,	4.5700
556.26,	4.5700
556.89,	4.5700
557.52,	4.5700
558.15,	4.5700
558.78,	4.5700
559.42,	4.5700
560.05,	4.5700
560.68,	4.5700
561.31,	4.5700
561.94,	4.5700
562.57,	4.5700
563.20,	4.5700
563.83,	4.5700
564.46,	4.5600
565.09,	4.5400
565.72,	4.5300
566.35,	4.5300
566.98,	4.5200
567.61,	4.5200
568.24,	4.5100
568.87,	4.5100
569.50,	4.5000
570.12,	4.4900
570.75,	4.4900
571.38,	4.4900
572.01,	4.4900
572.64,	4.4900
573.27,	4.4900
573.90,	4.4800
574.53,	4.4800
575.16,	4.4700
575.79,	4.4600
576.42,	4.4600
577.05,	4.4600
577.68,	4.4500
578.31,	4.4500
578.93,	4.4500
579.56,	4.4500
580.19,	4.4500
580.82,	4.4500
581.45,	4.4500
582.08,	4.4500
582.71,	4.4500
583.34,	4.4400
583.97,	4.4300
584.59,	4.4300
585.22,	4.4200
585.85,	4.4100
586.48,	4.4000
587.11,	4.3800
587.74,	4.3800
588.36,	4.3700
588.99,	4.3600
589.62,	4.3600
590.25,	4.3600
590.88,	4.3500
591.50,	4.3500
592.13,	4.3500
592.76,	4.3400
593.39,	4.3400
594.02,	4.3400
594.64,	4.3400
595.27,	4.3300
595.90,	4.3300
596.53,	4.3200
597.16,	4.3200
597.78,	4.3200
598.41,	4.3200
599.04,	4.3200
599.67,	4.3200
600.29,	4.3100
600.92,	4.3100
601.55,	4.3000
602.18,	4.3000
602.80,	4.3000
603.43,	4.3000
604.06,	4.3000
604.68,	4.3000
605.31,	4.3000
605.94,	4.3000
606.57,	4.3000
607.19,	4.2900
607.82,	4.2900
608.45,	4.2900
609.07,	4.2800
609.70,	4.2900
610.33,	4.2900
610.95,	4.2800
611.58,	4.2800
612.21,	4.2800
612.83,	4.2800
613.46,	4.2700
614.09,	4.2700
614.71,	4.2700
615.34,	4.2700
615.97,	4.2600
616.59,	4.2600
617.22,	4.2500
617.84,	4.2500
618.47,	4.2500
619.10,	4.2400
619.72,	4.2300
620.35,	4.2300
620.97,	4.2200
621.60,	4.2200
622.23,	4.2200
622.85,	4.2200
623.48,	4.2100
624.10,	4.2100
624.73,	4.2100
625.35,	4.2100
625.98,	4.2000
626.61,	4.2000
627.23,	4.1900
627.86,	4.1900
628.48,	4.1800
629.11,	4.1800
629.73,	4.1800
630.36,	4.1800
630.98,	4.1800
631.61,	4.1700
632.23,	4.1700
632.86,	4.1700
633.48,	4.1700
634.11,	4.1700
634.73,	4.1700
635.36,	4.1600
635.98,	4.1600
636.61,	4.1600
637.23,	4.1600
637.86,	4.1600
638.48,	4.1600
639.11,	4.1600
639.73,	4.1600
640.36,	4.1500
640.98,	4.1500
641.61,	4.1500
642.23,	4.1500
642.85,	4.1400
643.48,	4.1400
644.10,	4.1500
644.73,	4.1400
645.35,	4.1400
645.98,	4.1400
646.60,	4.1300
647.22,	4.1300
647.85,	4.1200
648.47,	4.1100
649.10,	4.1100
649.72,	4.1100
650.34,	4.1100
650.97,	4.1100
651.59,	4.1100
652.22,	4.1100
652.84,	4.1100
653.46,	4.1100
654.09,	4.1100
654.71,	4.1000
655.33,	4.1000
655.96,	4.1000
656.58,	4.1000
657.20,	4.1000
657.83,	4.1000
658.45,	4.0900
659.07,	4.0900
659.70,	4.0900
660.32,	4.0800
660.94,	4.0800
661.57,	4.0700
662.19,	4.0700
662.81,	4.0600
663.43,	4.0600
664.06,	4.0600
664.68,	4.0500
665.30,	4.0500
665.93,	4.0400
666.55,	4.0500
667.17,	4.0400
667.79,	4.0400
668.42,	4.0400
669.04,	4.0300
669.66,	4.0300
670.28,	4.0200
670.91,	4.0100
671.53,	4.0000
672.15,	4.0000
672.77,	4.0000
673.39,	4.0000
674.02,	4.0000
674.64,	4.0000
675.26,	4.0000
675.88,	3.9900
676.50,	3.9900
677.13,	3.9900
677.75,	3.9900
678.37,	3.9900
678.99,	3.9900
679.61,	3.9900
680.24,	3.9900
680.86,	3.9900
681.48,	3.9900
682.10,	3.9900
682.72,	3.9800
683.34,	3.9800
683.96,	3.9800
684.59,	3.9700
685.21,	3.9600
685.83,	3.9500
686.45,	3.9500
687.07,	3.9500
687.69,	3.9500
688.31,	3.9500
688.93,	3.9500
689.56,	3.9500
690.18,	3.9500
690.80,	3.9400
691.42,	3.9400
692.04,	3.9400
692.66,	3.9400
693.28,	3.9400
693.90,	3.9300
694.52,	3.9300
695.14,	3.9300
695.76,	3.9200
696.38,	3.9200
697.00,	3.9200
697.62,	3.9200
698.25,	3.9200
698.87,	3.9100
699.49,	3.9100
700.11,	3.9100
700.73,	3.9100
701.35,	3.9200
701.97,	3.9100
702.59,	3.9100
703.21,	3.9200
703.83,	3.9100
704.45,	3.9100
705.07,	3.9100
705.69,	3.9100
706.31,	3.9100
706.93,	3.9100
707.55,	3.9000
708.17,	3.9000
708.79,	3.9000
709.40,	3.9000
710.02,	3.9000
710.64,	3.9000
711.26,	3.9000
711.88,	3.9000
712.50,	3.9000
713.12,	3.8900
713.74,	3.8900
714.36,	3.8900
714.98,	3.8800
715.60,	3.8800
716.22,	3.8800
716.84,	3.8800
717.45,	3.8700
718.07,	3.8700
718.69,	3.8600
719.31,	3.8600
719.93,	3.8500
720.55,	3.8500
721.17,	3.8500
721.79,	3.8500
722.41,	3.8500
723.02,	3.8500
723.64,	3.8400
724.26,	3.8400
724.88,	3.8400
725.50,	3.8400
726.12,	3.8300
726.73,	3.8300
727.35,	3.8300
727.97,	3.8300
728.59,	3.8300
729.21,	3.8300
729.83,	3.8200
730.44,	3.8200
731.06,	3.8200
731.68,	3.8200
732.30,	3.8100
732.92,	3.8100
733.53,	3.8100
734.15,	3.8100
734.77,	3.8100
735.39,	3.8100
736.00,	3.8000
736.62,	3.8100
737.24,	3.8100
737.86,	3.8000
738.47,	3.8000
739.09,	3.8000
739.71,	3.8000
740.33,	3.7900
740.94,	3.7900
741.56,	3.7800
742.18,	3.7700
742.79,	3.7700
743.41,	3.7700
744.03,	3.7600
744.65,	3.7600
745.26,	3.7500
745.88,	3.7500
746.50,	3.7500
747.11,	3.7500
747.73,	3.7500
748.35,	3.7500
748.96,	3.7500
749.58,	3.7500
750.20,	3.7500
750.81,	3.7500
751.43,	3.7500
752.05,	3.7500
752.66,	3.7500
753.28,	3.7500
753.90,	3.7500
754.51,	3.7500
755.13,	3.7500
755.74,	3.7500
756.36,	3.7500
756.98,	3.7500
757.59,	3.7400
758.21,	3.7400
758.82,	3.7400
759.44,	3.7400
760.06,	3.7400
760.67,	3.7300
761.29,	3.7300
761.90,	3.7300
762.52,	3.7300
763.14,	3.7200
763.75,	3.7200
764.37,	3.7200
764.98,	3.7200
765.60,	3.7200
766.21,	3.7200
766.83,	3.7200
767.44,	3.7100
768.06,	3.7100
768.67,	3.7000
769.29,	3.7000
769.90,	3.6900
770.52,	3.6900
771.14,	3.6900
771.75,	3.6900
772.37,	3.6900
772.98,	3.6900
773.59,	3.6900
774.21,	3.6800
774.82,	3.6800
775.44,	3.6800
776.05,	3.6700
776.67,	3.6700
777.28,	3.6700
777.90,	3.6700
778.51,	3.6700
779.13,	3.6700
779.74,	3.6700
780.36,	3.6700
780.97,	3.6600
781.58,	3.6600
782.20,	3.6600
782.81,	3.6600
783.43,	3.6600
784.04,	3.6600
784.66,	3.6600
785.27,	3.6600
785.88,	3.6600
786.50,	3.6600
787.11,	3.6600
787.73,	3.6600
788.34,	3.6600
788.95,	3.6600
789.57,	3.6600
790.18,	3.6700
790.79,	3.6600
791.41,	3.6600
792.02,	3.6500
792.63,	3.6500
793.25,	3.6400
793.86,	3.6400
794.47,	3.6300
795.09,	3.6300
795.70,	3.6300
796.31,	3.6200
796.93,	3.6200
797.54,	3.6200
798.15,	3.6200
798.77,	3.6200
799.38,	3.6200
799.99,	3.6100
800.61,	3.6100
801.22,	3.6100
801.83,	3.6100
802.44,	3.6100
803.06,	3.6100
803.67,	3.6000
804.28,	3.6000
804.90,	3.6000
805.51,	3.6000
806.12,	3.5900
806.73,	3.5900
807.34,	3.5900
807.96,	3.5900
808.57,	3.5900
809.18,	3.5900
809.79,	3.5900
810.41,	3.5900
811.02,	3.5900
811.63,	3.5900
812.24,	3.5900
812.85,	3.5900
813.47,	3.5900
814.08,	3.5900
814.69,	3.5900
815.30,	3.5800
815.91,	3.5800
816.53,	3.5800
817.14,	3.5800
817.75,	3.5800
818.36,	3.5800
818.97,	3.5800
819.58,	3.5800
820.20,	3.5800
820.81,	3.5800
821.42,	3.5700
822.03,	3.5700
822.64,	3.5800
823.25,	3.5700
823.86,	3.5700
824.47,	3.5700
825.09,	3.5700
825.70,	3.5600
826.31,	3.5600
826.92,	3.5600
827.53,	3.5600
828.14,	3.5500
828.75,	3.5500
829.36,	3.5400
829.97,	3.5400
830.58,	3.5400
831.19,	3.5400
831.80,	3.5300
832.42,	3.5300
833.03,	3.5300
833.64,	3.5300
834.25,	3.5300
834.86,	3.5300
835.47,	3.5300
836.08,	3.5300
836.69,	3.5300
837.30,	3.5300
837.91,	3.5200
838.52,	3.5300
839.13,	3.5200
839.74,	3.5200
840.35,	3.5200
840.96,	3.5100
841.57,	3.5100
842.18,	3.5100
842.79,	3.5100
843.40,	3.5100
844.01,	3.5100
844.62,	3.5000
845.23,	3.5000
845.84,	3.5000
846.45,	3.5000
847.06,	3.5000
847.67,	3.5000
848.27,	3.5000
848.88,	3.5100
849.49,	3.5000
850.10,	3.5000
850.71,	3.5000
851.32,	3.5000
851.93,	3.5000
852.54,	3.5000
853.15,	3.5000
853.76,	3.5000
854.37,	3.4900
854.98,	3.4900
855.58,	3.4900
856.19,	3.4900
856.80,	3.4900
857.41,	3.4900
858.02,	3.4800
858.63,	3.4800
859.24,	3.4800
859.85,	3.4700
860.45,	3.4700
861.06,	3.4700
861.67,	3.4700
862.28,	3.4700
862.89,	3.4700
863.50,	3.4700
864.10,	3.4700
864.71,	3.4700
865.32,	3.4800
865.93,	3.4700
866.54,	3.4700
867.14,	3.4700
867.75,	3.4700
868.36,	3.4700
868.97,	3.4700
869.58,	3.4700
870.18,	3.4700
870.79,	3.4700
871.40,	3.4700
872.01,	3.4600
872.61,	3.4600
873.22,	3.4600
873.83,	3.4600
874.44,	3.4700
875.04,	3.4700
875.65,	3.4600
876.26,	3.4600
876.87,	3.4600
877.47,	3.4600
878.08,	3.4500
878.69,	3.4500
879.29,	3.4500
879.90,	3.4500
880.51,	3.4400
881.12,	3.4500
881.72,	3.4500
882.33,	3.4500
882.94,	3.4400
883.54,	3.4400
884.15,	3.4500
884.76,	3.4500
885.36,	3.4500
885.97,	3.4500
886.58,	3.4400
887.18,	3.4400
887.79,	3.4400
888.40,	3.4400
889.00,	3.4400
889.61,	3.4400
890.22,	3.4400
890.82,	3.4400
891.43,	3.4400
892.03,	3.4300
892.64,	3.4300
893.25,	3.4200
893.85,	3.4100
894.46,	3.4100
895.06,	3.4100
895.67,	3.4100
896.28,	3.4000
896.88,	3.4100
897.49,	3.4100
898.09,	3.4000
898.70,	3.4000
899.30,	3.4100
899.91,	3.4100
900.52,	3.4100
901.12,	3.4000
901.73,	3.4000
902.33,	3.4000
902.94,	3.4000
903.54,	3.4000
904.15,	3.4000
904.75,	3.4000
905.36,	3.4000
905.96,	3.4000
906.57,	3.4100
907.17,	3.4100
907.78,	3.4000
908.38,	3.4100
908.99,	3.4000
909.59,	3.4000
910.20,	3.4000
910.80,	3.4000
911.41,	3.4000
912.01,	3.4000
912.62,	3.4000
913.22,	3.4000
913.83,	3.4000
914.43,	3.4000
915.03,	3.4000
915.64,	3.4000
916.24,	3.3900
916.85,	3.3900
917.45,	3.3900
918.06,	3.3900
918.66,	3.3900
919.26,	3.3900
919.87,	3.3900
920.47,	3.3900
921.08,	3.3800
921.68,	3.3700
922.28,	3.3700
922.89,	3.3700
923.49,	3.3600
924.10,	3.3600
924.70,	3.3600
925.30,	3.3600
925.91,	3.3600
926.51,	3.3600
927.11,	3.3600
927.72,	3.3700
928.32,	3.7300
928.92,	5.8500
929.53,	10.1400
930.13,	14.1700
930.74,	16.0300
931.34,	16.9700
931.94,	17.6300
932.54,	18.1700
933.15,	18.6600
933.75,	19.0900
934.35,	19.4900
934.96,	19.8600
935.56,	23.0500
936.16,	35.5000
936.77,	35.5000
937.37,	35.5000
937.97,	35.5000
938.57,	35.5000
939.18,	35.5000
939.78,	35.5000
940.38,	35.5000
940.98,	35.5000
941.59,	35.5000
942.19,	35.5000
942.79,	35.5000
943.39,	35.5000
944.00,	35.5000
944.60,	35.5000
945.20,	35.5000
945.80,	35.5000
946.40,	35.5000
947.01,	35.5000
947.61,	35.5000
948.21,	35.5000
948.81,	35.5000
949.41,	35.5000
950.02,	35.5000
950.62,	35.5000
951.22,	35.5000
951.82,	35.5000
952.42,	35.5000
953.02,	35.5000
953.63,	35.5000
954.23,	35.5000
954.83,	35.5000
955.43,	35.5000
956.03,	35.5000
956.63,	35.5000
957.24,	35.5000
957.84,	35.5000
958.44,	19.0800
959.04,	-2.5200
959.64,	-2.5200
960.24,	-2.5200
960.84,	-2.5200
961.44,	-2.5200
962.04,	-2.5200
962.64,	-2.5200
963.25,	-2.5200
963.85,	-2.5200
964.45,	-2.5200
965.05,	-2.5200
965.65,	-2.5200
966.25,	-2.5200
966.85,	-2.5200
967.45,	-2.5200
968.05,	-2.5200
968.65,	-2.5200
969.25,	-2.5200
969.85,	-2.5200
970.45,	-2.5200
971.05,	-2.5200
971.65,	-2.5200
972.25,	-2.5200
972.85,	-2.5200
973.45,	-2.5200
974.05,	-2.5200
974.65,	-2.5200
975.25,	-2.5200
975.85,	-2.5200
976.45,	-2.5200
977.05,	-2.5200
977.65,	-2.5200
978.25,	-2.5200
978.85,	-2.5200
979.45,	-2.5200
980.05,	-2.5200
980.65,	-2.5200
981.25,	-2.5200
981.85,	-2.5200
982.45,	-2.5200
983.05,	-2.5200
983.65,	-2.5200
984.25,	-2.5200
984.85,	-2.5200
985.45,	-2.5200
986.04,	-2.5200
986.64,	-2.5200
987.24,	-2.5200
987.84,	-2.5200
988.44,	-2.5200
989.04,	-2.5200
989.64,	-2.5200
990.24,	-2.5200
990.84,	-2.5200
991.44,	-2.5200
992.03,	-2.5200
992.63,	-2.5200
993.23,	-2.5200
993.83,	-2.5200
994.43,	-2.5200
995.03,	-2.5200
995.63,	-2.5200
996.22,	-2.5200
996.82,	-2.5200
997.42,	-2.5200
998.02,	-2.5200
998.62,	-2.5200
999.21,	-2.5200
999.81,	-2.5200
1000.41,	-2.5200
