Call Sign = ZSDA,	Ship Name = SA Agulhas,	Lloyds Num = 0
Date = 12/05/2016,	Time = 19:02,	
Latitude = 50 25.37  S,	Longitude = 001 04.36  E
Instr = Sippican Deep Blue,	Card Type = Sippican MK-21,	
Wind Instr = ,	Measur Method = 
Probe Serial Num = -1,	Ship Dir = -1,	Ship Speed = -1.00
Wind Dir = 18,	Wind Speed = 27.00
Dry Bulb Temp = 2.90,	Total Water Depth = -1.00

Full Resolution Values
Depth,	 Temp
0.67,	3.7700
1.34,	3.6100
2.01,	3.5300
2.68,	3.4500
3.34,	3.4900
4.01,	3.5500
4.68,	3.5000
5.35,	3.4200
6.02,	3.3900
6.69,	3.4500
7.36,	3.4400
8.03,	3.4400
8.69,	3.4600
9.36,	3.4500
10.03,	3.4300
10.70,	3.4500
11.37,	3.4700
12.04,	3.4600
12.70,	3.4600
13.37,	3.4500
14.04,	3.4600
14.71,	3.4600
15.38,	3.4600
16.05,	3.4500
16.71,	3.4600
17.38,	3.4600
18.05,	3.4500
18.72,	3.4500
19.38,	3.4500
20.05,	3.4600
20.72,	3.4600
21.39,	3.4500
22.06,	3.4600
22.72,	3.4600
23.39,	3.4600
24.06,	3.4600
24.73,	3.4500
25.39,	3.4400
26.06,	3.4300
26.73,	3.4200
27.40,	3.4200
28.06,	3.4100
28.73,	3.4100
29.40,	3.4200
30.06,	3.4300
30.73,	3.4300
31.40,	3.4000
32.06,	3.3700
32.73,	3.3400
33.40,	3.3100
34.07,	3.3000
34.73,	3.3000
35.40,	3.2900
36.07,	3.2900
36.73,	3.2900
37.40,	3.2900
38.07,	3.2900
38.73,	3.2800
39.40,	3.2800
40.06,	3.2700
40.73,	3.2700
41.40,	3.2900
42.06,	3.2900
42.73,	3.2700
43.40,	3.2400
44.06,	3.2300
44.73,	3.2200
45.39,	3.2200
46.06,	3.2200
46.73,	3.2200
47.39,	3.2100
48.06,	3.2200
48.72,	3.2200
49.39,	3.2200
50.06,	3.2200
50.72,	3.2200
51.39,	3.2200
52.05,	3.2200
52.72,	3.2100
53.38,	3.2100
54.05,	3.2100
54.71,	3.2100
55.38,	3.2100
56.05,	3.2100
56.71,	3.2100
57.38,	3.2100
58.04,	3.1900
58.71,	3.1800
59.37,	3.1800
60.04,	3.1700
60.70,	3.1700
61.37,	3.1700
62.03,	3.1600
62.70,	3.1500
63.36,	3.1600
64.03,	3.1600
64.69,	3.1500
65.36,	3.1500
66.02,	3.1600
66.69,	3.1500
67.35,	3.1500
68.01,	3.1500
68.68,	3.1500
69.34,	3.1500
70.01,	3.1400
70.67,	3.1500
71.34,	3.1500
72.00,	3.1500
72.66,	3.1500
73.33,	3.1500
73.99,	3.1400
74.66,	3.1400
75.32,	3.1400
75.98,	3.1500
76.65,	3.1400
77.31,	3.1500
77.98,	3.1400
78.64,	3.1300
79.30,	3.1200
79.97,	3.1200
80.63,	3.1100
81.30,	3.1000
81.96,	3.0800
82.62,	3.0600
83.29,	2.9800
83.95,	2.9200
84.61,	2.9000
85.28,	2.8900
85.94,	2.8600
86.60,	2.8200
87.27,	2.8000
87.93,	2.8000
88.59,	2.7900
89.26,	2.7800
89.92,	2.7800
90.58,	2.7800
91.24,	2.7700
91.91,	2.7600
92.57,	2.7300
93.23,	2.6800
93.90,	2.6000
94.56,	2.5200
95.22,	2.4300
95.88,	2.3800
96.55,	2.3300
97.21,	2.2600
97.87,	2.2200
98.53,	2.2000
99.20,	2.1900
99.86,	2.1700
100.52,	2.1600
101.18,	2.1400
101.85,	2.1300
102.51,	2.1200
103.17,	2.1200
103.83,	2.1100
104.49,	2.1000
105.16,	2.1000
105.82,	2.0900
106.48,	2.0800
107.14,	2.0700
107.80,	2.0700
108.47,	2.0600
109.13,	2.0500
109.79,	2.0600
110.45,	2.0500
111.11,	2.0500
111.77,	2.0500
112.44,	2.0500
113.10,	2.0400
113.76,	2.0400
114.42,	2.0300
115.08,	2.0300
115.74,	2.0300
116.40,	2.0200
117.06,	2.0000
117.73,	1.9900
118.39,	1.9800
119.05,	1.9700
119.71,	1.9600
120.37,	1.9500
121.03,	1.9400
121.69,	1.9300
122.35,	1.9100
123.01,	1.9100
123.67,	1.9000
124.33,	1.8900
125.00,	1.8800
125.66,	1.8700
126.32,	1.8500
126.98,	1.8400
127.64,	1.8300
128.30,	1.8000
128.96,	1.7800
129.62,	1.7600
130.28,	1.7500
130.94,	1.7100
131.60,	1.6900
132.26,	1.6800
132.92,	1.6800
133.58,	1.6900
134.24,	1.7000
134.90,	1.7000
135.56,	1.7000
136.22,	1.6900
136.88,	1.6800
137.54,	1.6800
138.20,	1.6800
138.86,	1.6700
139.52,	1.6600
140.18,	1.6600
140.84,	1.6700
141.50,	1.6700
142.16,	1.6700
142.82,	1.6700
143.48,	1.6600
144.14,	1.6500
144.79,	1.6500
145.45,	1.6700
146.11,	1.7000
146.77,	1.7300
147.43,	1.7500
148.09,	1.7500
148.75,	1.7500
149.41,	1.7600
150.07,	1.7600
150.73,	1.7500
151.39,	1.7500
152.04,	1.7500
152.70,	1.7500
153.36,	1.7500
154.02,	1.7500
154.68,	1.7600
155.34,	1.7500
156.00,	1.7400
156.65,	1.7400
157.31,	1.7500
157.97,	1.7600
158.63,	1.7600
159.29,	1.7600
159.95,	1.7500
160.60,	1.7400
161.26,	1.7400
161.92,	1.7300
162.58,	1.7300
163.24,	1.7300
163.90,	1.7200
164.55,	1.7200
165.21,	1.7100
165.87,	1.7100
166.53,	1.7000
167.18,	1.6800
167.84,	1.6600
168.50,	1.6500
169.16,	1.6400
169.82,	1.6400
170.47,	1.6500
171.13,	1.6600
171.79,	1.6700
172.44,	1.6800
173.10,	1.6800
173.76,	1.6700
174.42,	1.6600
175.07,	1.6500
175.73,	1.6600
176.39,	1.6700
177.05,	1.6900
177.70,	1.7000
178.36,	1.7100
179.02,	1.7000
179.67,	1.7000
180.33,	1.6900
180.99,	1.6900
181.64,	1.6800
182.30,	1.6800
182.96,	1.6900
183.61,	1.6900
184.27,	1.6900
184.93,	1.7000
185.58,	1.7000
186.24,	1.7000
186.90,	1.7100
187.55,	1.7100
188.21,	1.7200
188.87,	1.7200
189.52,	1.7400
190.18,	1.7800
190.83,	1.8100
191.49,	1.8200
192.15,	1.8200
192.80,	1.8200
193.46,	1.8200
194.11,	1.8200
194.77,	1.8200
195.43,	1.8200
196.08,	1.8100
196.74,	1.8100
197.39,	1.8000
198.05,	1.7900
198.70,	1.7900
199.36,	1.7900
200.02,	1.7800
200.67,	1.7900
201.33,	1.7900
201.98,	1.7800
202.64,	1.7900
203.29,	1.8000
203.95,	1.8100
204.60,	1.8200
205.26,	1.8400
205.91,	1.8400
206.57,	1.8500
207.22,	1.8600
207.88,	1.8600
208.53,	1.8700
209.19,	1.8800
209.84,	1.9000
210.50,	1.9200
211.15,	1.9400
211.81,	1.9500
212.46,	1.9500
213.12,	1.9500
213.77,	1.9400
214.43,	1.9200
215.08,	1.9200
215.74,	1.9100
216.39,	1.9000
217.04,	1.8900
217.70,	1.9000
218.35,	1.9100
219.01,	1.9100
219.66,	1.9300
220.32,	1.9500
220.97,	1.9700
221.62,	1.9900
222.28,	1.9900
222.93,	2.0100
223.59,	2.0100
224.24,	2.0200
224.89,	2.0200
225.55,	2.0200
226.20,	2.0200
226.85,	2.0200
227.51,	2.0300
228.16,	2.0500
228.81,	2.0600
229.47,	2.0600
230.12,	2.0700
230.78,	2.0800
231.43,	2.0800
232.08,	2.0900
232.74,	2.1000
233.39,	2.1000
234.04,	2.1100
234.69,	2.1200
235.35,	2.1300
236.00,	2.1400
236.65,	2.1500
237.31,	2.1500
237.96,	2.1400
238.61,	2.1300
239.27,	2.1300
239.92,	2.1100
240.57,	2.1000
241.22,	2.0800
241.88,	2.0900
242.53,	2.0900
243.18,	2.1000
243.83,	2.1000
244.49,	2.1000
245.14,	2.1100
245.79,	2.1100
246.44,	2.1200
247.10,	2.1200
247.75,	2.1200
248.40,	2.1200
249.05,	2.1100
249.70,	2.1100
250.36,	2.1100
251.01,	2.1100
251.66,	2.1300
252.31,	2.1300
252.96,	2.1400
253.62,	2.1400
254.27,	2.1400
254.92,	2.1400
255.57,	2.1400
256.22,	2.1400
256.88,	2.1500
257.53,	2.1500
258.18,	2.1500
258.83,	2.1600
259.48,	2.1600
260.13,	2.1600
260.78,	2.1600
261.44,	2.1700
262.09,	2.1800
262.74,	2.1800
263.39,	2.1900
264.04,	2.1900
264.69,	2.1900
265.34,	2.2000
265.99,	2.2100
266.64,	2.2100
267.29,	2.2100
267.95,	2.2200
268.60,	2.2300
269.25,	2.2400
269.90,	2.2400
270.55,	2.2500
271.20,	2.2500
271.85,	2.2500
272.50,	2.2700
273.15,	2.2700
273.80,	2.2800
274.45,	2.2900
275.10,	2.3200
275.75,	2.3400
276.40,	2.3500
277.05,	2.3600
277.70,	2.3700
278.35,	2.3700
279.00,	2.3700
279.65,	2.3800
280.30,	2.3900
280.95,	2.3800
281.60,	2.3800
282.25,	2.4000
282.90,	2.3900
283.55,	2.3900
284.20,	2.3900
284.85,	2.4000
285.50,	2.4000
286.15,	2.4000
286.80,	2.4000
287.45,	2.4000
288.10,	2.4100
288.75,	2.4100
289.40,	2.4200
290.05,	2.4200
290.70,	2.4100
291.35,	2.4100
292.00,	2.4100
292.64,	2.4100
293.29,	2.4200
293.94,	2.4200
294.59,	2.4200
295.24,	2.4200
295.89,	2.4300
296.54,	2.4300
297.19,	2.4200
297.84,	2.4200
298.49,	2.4200
299.13,	2.4300
299.78,	2.4300
300.43,	2.4200
301.08,	2.4300
301.73,	2.4300
302.38,	2.4300
303.02,	2.4300
303.67,	2.4200
304.32,	2.4200
304.97,	2.4200
305.62,	2.4100
306.27,	2.4100
306.91,	2.4000
307.56,	2.3900
308.21,	2.3800
308.86,	2.3800
309.51,	2.3900
310.15,	2.3900
310.80,	2.3800
311.45,	2.3700
312.10,	2.3600
312.75,	2.3500
313.39,	2.3500
314.04,	2.3500
314.69,	2.3500
315.34,	2.3500
315.98,	2.3500
316.63,	2.3600
317.28,	2.3500
317.93,	2.3400
318.57,	2.3400
319.22,	2.3300
319.87,	2.3200
320.52,	2.3100
321.16,	2.3100
321.81,	2.3200
322.46,	2.3200
323.10,	2.3300
323.75,	2.3200
324.40,	2.3300
325.04,	2.3200
325.69,	2.3200
326.34,	2.3200
326.99,	2.3300
327.63,	2.3300
328.28,	2.3300
328.93,	2.3200
329.57,	2.3200
330.22,	2.3200
330.86,	2.3200
331.51,	2.3200
332.16,	2.3200
332.80,	2.3200
333.45,	2.3200
334.10,	2.3200
334.74,	2.3200
335.39,	2.3200
336.03,	2.3200
336.68,	2.3200
337.33,	2.3200
337.97,	2.3200
338.62,	2.3200
339.26,	2.3200
339.91,	2.3200
340.56,	2.3200
341.20,	2.3200
341.85,	2.3200
342.49,	2.3200
343.14,	2.3200
343.78,	2.3200
344.43,	2.3200
345.08,	2.3200
345.72,	2.3200
346.37,	2.3100
347.01,	2.3200
347.66,	2.3300
348.30,	2.3400
348.95,	2.3300
349.59,	2.3300
350.24,	2.3400
350.88,	2.3300
351.53,	2.3300
352.17,	2.3400
352.82,	2.3400
353.46,	2.3300
354.11,	2.3300
354.75,	2.3300
355.40,	2.3400
356.04,	2.3400
356.69,	2.3400
357.33,	2.3300
357.98,	2.3300
358.62,	2.3400
359.27,	2.3300
359.91,	2.3400
360.55,	2.3500
361.20,	2.3500
361.84,	2.3600
362.49,	2.3700
363.13,	2.3600
363.78,	2.3600
364.42,	2.3700
365.06,	2.3700
365.71,	2.3800
366.35,	2.3800
367.00,	2.3800
367.64,	2.3800
368.28,	2.3800
368.93,	2.3900
369.57,	2.3900
370.22,	2.3900
370.86,	2.3900
371.50,	2.4000
372.15,	2.4000
372.79,	2.4000
373.43,	2.4000
374.08,	2.4000
374.72,	2.4000
375.36,	2.4100
376.01,	2.4100
376.65,	2.4100
377.29,	2.4200
377.94,	2.4200
378.58,	2.4300
379.22,	2.4400
379.87,	2.4500
380.51,	2.4500
381.15,	2.4500
381.79,	2.4500
382.44,	2.4500
383.08,	2.4500
383.72,	2.4500
384.37,	2.4500
385.01,	2.4500
385.65,	2.4500
386.29,	2.4500
386.94,	2.4500
387.58,	2.4600
388.22,	2.4500
388.86,	2.4600
389.51,	2.4600
390.15,	2.4500
390.79,	2.4400
391.43,	2.4400
392.08,	2.4400
392.72,	2.4400
393.36,	2.4500
394.00,	2.4500
394.64,	2.4500
395.29,	2.4500
395.93,	2.4500
396.57,	2.4600
397.21,	2.4600
397.85,	2.4600
398.50,	2.4600
399.14,	2.4600
399.78,	2.4700
400.42,	2.4600
401.06,	2.4600
401.70,	2.4600
402.34,	2.4700
402.99,	2.4700
403.63,	2.4700
404.27,	2.4800
404.91,	2.4700
405.55,	2.4600
406.19,	2.4600
406.83,	2.4600
407.48,	2.4700
408.12,	2.4700
408.76,	2.4700
409.40,	2.4700
410.04,	2.4700
410.68,	2.4700
411.32,	2.4700
411.96,	2.4700
412.60,	2.4700
413.24,	2.4700
413.88,	2.4700
414.52,	2.4600
415.17,	2.4600
415.81,	2.4700
416.45,	2.4700
417.09,	2.4700
417.73,	2.4600
418.37,	2.4700
419.01,	2.4700
419.65,	2.4700
420.29,	2.4700
420.93,	2.4700
421.57,	2.4700
422.21,	2.4700
422.85,	2.4800
423.49,	2.4800
424.13,	2.4800
424.77,	2.4900
425.41,	2.4900
426.05,	2.4900
426.69,	2.4900
427.33,	2.4900
427.97,	2.4900
428.61,	2.5000
429.25,	2.5000
429.89,	2.5000
430.53,	2.5000
431.17,	2.5000
431.80,	2.5000
432.44,	2.5000
433.08,	2.5000
433.72,	2.5000
434.36,	2.5000
435.00,	2.5100
435.64,	2.5000
436.28,	2.5000
436.92,	2.5100
437.56,	2.5100
438.20,	2.5100
438.84,	2.5100
439.47,	2.5100
440.11,	2.5100
440.75,	2.5100
441.39,	2.5100
442.03,	2.5100
442.67,	2.5100
443.31,	2.5200
443.95,	2.5100
444.58,	2.5100
445.22,	2.5200
445.86,	2.5200
446.50,	2.5200
447.14,	2.5200
447.78,	2.5200
448.41,	2.5100
449.05,	2.5100
449.69,	2.5100
450.33,	2.5200
450.97,	2.5300
451.60,	2.5300
452.24,	2.5200
452.88,	2.5200
453.52,	2.5200
454.16,	2.5200
454.79,	2.5200
455.43,	2.5200
456.07,	2.5200
456.71,	2.5200
457.35,	2.5200
457.98,	2.5200
458.62,	2.5200
459.26,	2.5300
459.90,	2.5300
460.53,	2.5400
461.17,	2.5300
461.81,	2.5300
462.44,	2.5300
463.08,	2.5300
463.72,	2.5300
464.36,	2.5200
464.99,	2.5300
465.63,	2.5200
466.27,	2.5200
466.90,	2.5300
467.54,	2.5400
468.18,	2.5300
468.81,	2.5300
469.45,	2.5400
470.09,	2.5400
470.72,	2.5400
471.36,	2.5400
472.00,	2.5400
472.63,	2.5500
473.27,	2.5500
473.91,	2.5500
474.54,	2.5500
475.18,	2.5600
475.82,	2.5600
476.45,	2.5600
477.09,	2.5600
477.73,	2.5600
478.36,	2.5500
479.00,	2.5600
479.63,	2.5600
480.27,	2.5600
480.91,	2.5600
481.54,	2.5600
482.18,	2.5600
482.81,	2.5700
483.45,	2.5600
484.08,	2.5700
484.72,	2.5700
485.36,	2.5700
485.99,	2.5700
486.63,	2.5700
487.26,	2.5600
487.90,	2.5700
488.53,	2.5700
489.17,	2.5700
489.80,	2.5700
490.44,	2.5700
491.07,	2.5700
491.71,	2.5700
492.34,	2.5600
492.98,	2.5600
493.62,	2.5600
494.25,	2.5600
494.89,	2.5600
495.52,	2.5700
496.15,	2.5700
496.79,	2.5700
497.42,	2.5700
498.06,	2.5700
498.69,	2.5700
499.33,	2.5700
499.96,	2.5700
500.60,	2.5700
501.23,	2.5700
501.87,	2.5800
502.50,	2.5800
503.14,	2.5800
503.77,	2.5800
504.40,	2.5900
505.04,	2.5900
505.67,	2.5800
506.31,	2.5800
506.94,	2.5800
507.57,	2.5800
508.21,	2.5900
508.84,	2.5800
509.48,	2.5800
510.11,	2.5800
510.74,	2.5800
511.38,	2.5800
512.01,	2.5800
512.65,	2.5700
513.28,	2.5700
513.91,	2.5700
514.55,	2.5800
515.18,	2.5800
515.81,	2.5800
516.45,	2.5800
517.08,	2.5800
517.71,	2.5800
518.35,	2.5700
518.98,	2.5700
519.61,	2.5700
520.25,	2.5700
520.88,	2.5800
521.51,	2.5800
522.15,	2.5900
522.78,	2.5800
523.41,	2.5700
524.04,	2.5800
524.68,	2.5800
525.31,	2.5800
525.94,	2.5800
526.58,	2.5800
527.21,	2.5700
527.84,	2.5800
528.47,	2.5800
529.11,	2.5800
529.74,	2.5800
530.37,	2.5800
531.00,	2.5800
531.64,	2.5700
532.27,	2.5800
532.90,	2.5800
533.53,	2.5800
534.17,	2.5800
534.80,	2.5800
535.43,	2.5800
536.06,	2.5800
536.69,	2.5800
537.33,	2.5800
537.96,	2.5800
538.59,	2.5800
539.22,	2.5800
539.85,	2.5800
540.48,	2.5800
541.12,	2.5800
541.75,	2.5700
542.38,	2.5700
543.01,	2.5800
543.64,	2.5800
544.27,	2.5800
544.91,	2.5800
545.54,	2.5800
546.17,	2.5800
546.80,	2.5800
547.43,	2.5800
548.06,	2.5700
548.69,	2.5700
549.32,	2.5700
549.95,	2.5700
550.59,	2.5700
551.22,	2.5700
551.85,	2.5700
552.48,	2.5600
553.11,	2.5600
553.74,	2.5600
554.37,	2.5500
555.00,	2.5400
555.63,	2.5500
556.26,	2.5500
556.89,	2.5500
557.52,	2.5400
558.15,	2.5300
558.78,	2.5300
559.42,	2.5300
560.05,	2.5200
560.68,	2.5200
561.31,	2.5200
561.94,	2.5200
562.57,	2.5200
563.20,	2.5200
563.83,	2.5100
564.46,	2.5100
565.09,	2.5100
565.72,	2.5200
566.35,	2.5300
566.98,	2.5400
567.61,	2.5500
568.24,	2.5500
568.87,	2.5400
569.50,	2.5400
570.12,	2.5400
570.75,	2.5500
571.38,	2.5400
572.01,	2.5400
572.64,	2.5400
573.27,	2.5500
573.90,	2.5500
574.53,	2.5600
575.16,	2.5600
575.79,	2.5500
576.42,	2.5600
577.05,	2.5600
577.68,	2.5600
578.31,	2.5600
578.93,	2.5600
579.56,	2.5500
580.19,	2.5500
580.82,	2.5500
581.45,	2.5500
582.08,	2.5500
582.71,	2.5500
583.34,	2.5400
583.97,	2.5400
584.59,	2.5400
585.22,	2.5400
585.85,	2.5400
586.48,	2.5400
587.11,	2.5400
587.74,	2.5400
588.36,	2.5400
588.99,	2.5400
589.62,	2.5400
590.25,	2.5400
590.88,	2.5400
591.50,	2.5400
592.13,	2.5400
592.76,	2.5300
593.39,	2.5300
594.02,	2.5400
594.64,	2.5300
595.27,	2.5400
595.90,	2.5400
596.53,	2.5300
597.16,	2.5400
597.78,	2.5400
598.41,	2.5400
599.04,	2.5400
599.67,	2.5300
600.29,	2.5300
600.92,	2.5400
601.55,	2.5300
602.18,	2.5300
602.80,	2.5300
603.43,	2.5400
604.06,	2.5400
604.68,	2.5300
605.31,	2.5400
605.94,	2.5400
606.57,	2.5400
607.19,	2.5300
607.82,	2.5300
608.45,	2.5300
609.07,	2.5300
609.70,	2.5300
610.33,	2.5400
610.95,	2.5400
611.58,	2.5300
612.21,	2.5300
612.83,	2.5300
613.46,	2.5200
614.09,	2.5300
614.71,	2.5300
615.34,	2.5300
615.97,	2.5300
616.59,	2.5200
617.22,	2.5300
617.84,	2.5300
618.47,	2.5300
619.10,	2.5300
619.72,	2.5300
620.35,	2.5300
620.97,	2.5200
621.60,	2.5200
622.23,	2.5300
622.85,	2.5300
623.48,	2.5400
624.10,	2.5300
624.73,	2.5400
625.35,	2.5400
625.98,	2.5300
626.61,	2.5300
627.23,	2.5300
627.86,	2.5300
628.48,	2.5300
629.11,	2.5300
629.73,	2.5300
630.36,	2.5300
630.98,	2.5300
631.61,	2.5300
632.23,	2.5300
632.86,	2.5300
633.48,	2.5300
634.11,	2.5400
634.73,	2.5400
635.36,	2.5400
635.98,	2.5400
636.61,	2.5400
637.23,	2.5400
637.86,	2.5400
638.48,	2.5300
639.11,	2.5300
639.73,	2.5300
640.36,	2.5300
640.98,	2.5300
641.61,	2.5300
642.23,	2.5300
642.85,	2.5300
643.48,	2.5300
644.10,	2.5200
644.73,	2.5200
645.35,	2.5300
645.98,	2.5300
646.60,	2.5200
647.22,	2.5300
647.85,	2.5300
648.47,	2.5200
649.10,	2.5200
649.72,	2.5200
650.34,	2.5200
650.97,	2.5200
651.59,	2.5200
652.22,	2.5200
652.84,	2.5300
653.46,	2.5300
654.09,	2.5300
654.71,	2.5300
655.33,	2.5300
655.96,	2.5300
656.58,	2.5300
657.20,	2.5300
657.83,	2.5300
658.45,	2.5300
659.07,	2.5400
659.70,	2.5300
660.32,	2.5300
660.94,	2.5300
661.57,	2.5300
662.19,	2.5300
662.81,	2.5300
663.43,	2.5300
664.06,	2.5300
664.68,	2.5300
665.30,	2.5300
665.93,	2.5300
666.55,	2.5300
667.17,	2.5200
667.79,	2.5200
668.42,	2.5200
669.04,	2.5200
669.66,	2.5200
670.28,	2.5200
670.91,	2.5200
671.53,	2.5200
672.15,	2.5200
672.77,	2.5200
673.39,	2.5200
674.02,	2.5200
674.64,	2.5200
675.26,	2.5300
675.88,	2.5300
676.50,	2.5200
677.13,	2.5200
677.75,	2.5200
678.37,	2.5300
678.99,	2.5300
679.61,	2.5300
680.24,	2.5200
680.86,	2.5200
681.48,	2.5200
682.10,	2.5200
682.72,	2.5300
683.34,	2.5300
683.96,	2.5300
684.59,	2.5300
685.21,	2.5300
685.83,	2.5300
686.45,	2.5300
687.07,	2.5300
687.69,	2.5300
688.31,	2.5300
688.93,	2.5300
689.56,	2.5300
690.18,	2.5200
690.80,	2.5200
691.42,	2.5200
692.04,	2.5200
692.66,	2.5300
693.28,	2.5300
693.90,	2.5300
694.52,	2.5200
695.14,	2.5200
695.76,	2.5200
696.38,	2.5300
697.00,	2.5200
697.62,	2.5200
698.25,	2.5100
698.87,	2.5100
699.49,	2.5200
700.11,	2.5200
700.73,	2.5200
701.35,	2.5200
701.97,	2.5200
702.59,	2.5200
703.21,	2.5200
703.83,	2.5100
704.45,	2.5200
705.07,	2.5200
705.69,	2.5200
706.31,	2.5200
706.93,	2.5200
707.55,	2.5200
708.17,	2.5200
708.79,	2.5200
709.40,	2.5200
710.02,	2.5200
710.64,	2.5200
711.26,	2.5200
711.88,	2.5200
712.50,	2.5200
713.12,	2.5200
713.74,	2.5300
714.36,	2.5200
714.98,	2.5200
715.60,	2.5200
716.22,	2.5200
716.84,	2.5200
717.45,	2.5300
718.07,	2.5300
718.69,	2.5300
719.31,	2.5300
719.93,	2.5300
720.55,	2.5300
721.17,	2.5300
721.79,	2.5300
722.41,	2.5200
723.02,	2.5200
723.64,	2.5300
724.26,	2.5200
724.88,	2.5300
725.50,	2.5300
726.12,	2.5300
726.73,	2.5200
727.35,	2.5200
727.97,	2.5200
728.59,	2.5200
729.21,	2.5200
729.83,	2.5200
730.44,	2.5200
731.06,	2.5200
731.68,	2.5200
732.30,	2.5200
732.92,	2.5200
733.53,	2.5200
734.15,	2.5200
734.77,	2.5200
735.39,	2.5200
736.00,	2.5200
736.62,	2.5200
737.24,	2.5200
737.86,	2.5200
738.47,	2.5200
739.09,	2.5300
739.71,	2.5300
740.33,	2.5200
740.94,	2.5300
741.56,	2.5300
742.18,	2.5200
742.79,	2.5300
743.41,	2.5300
744.03,	2.5300
744.65,	2.5300
745.26,	2.5300
745.88,	2.5300
746.50,	2.5300
747.11,	2.5200
747.73,	2.5200
748.35,	2.5200
748.96,	2.5200
749.58,	2.5200
750.20,	2.5200
750.81,	2.5300
751.43,	2.5200
752.05,	2.5300
752.66,	2.5200
753.28,	2.5200
753.90,	2.5100
754.51,	2.5100
755.13,	2.5100
755.74,	2.5100
756.36,	2.5100
756.98,	2.5100
757.59,	2.5200
758.21,	2.5200
758.82,	2.5200
759.44,	2.5200
760.06,	2.5200
760.67,	2.5100
761.29,	2.5100
761.90,	2.5100
762.52,	2.5200
763.14,	2.5200
763.75,	2.5100
764.37,	2.5200
764.98,	2.5200
765.60,	2.5200
766.21,	2.5200
766.83,	2.5200
767.44,	2.5100
768.06,	2.5200
768.67,	2.5200
769.29,	2.5200
769.90,	2.5200
770.52,	2.5200
771.14,	2.5200
771.75,	2.5200
772.37,	2.5100
772.98,	2.5200
773.59,	2.5200
774.21,	2.5200
774.82,	2.5200
775.44,	2.5200
776.05,	2.5200
776.67,	2.5200
777.28,	2.5200
777.90,	2.5200
778.51,	2.5100
779.13,	2.5200
779.74,	2.5300
780.36,	2.5200
780.97,	2.5100
781.58,	2.5100
782.20,	2.5200
782.81,	2.5100
783.43,	2.5200
784.04,	2.5200
784.66,	2.5200
785.27,	2.5100
785.88,	2.5100
786.50,	2.5200
787.11,	2.5200
787.73,	2.5200
788.34,	2.5200
788.95,	2.5300
789.57,	2.5300
790.18,	2.5300
790.79,	2.5200
791.41,	2.5200
792.02,	2.5200
792.63,	2.5200
793.25,	2.5200
793.86,	2.5300
794.47,	2.5200
795.09,	2.5200
795.70,	2.5200
796.31,	2.5200
796.93,	2.5200
797.54,	2.5200
798.15,	2.5200
798.77,	2.5200
799.38,	2.5200
799.99,	2.5300
800.61,	2.5300
801.22,	2.5300
801.83,	2.5300
802.44,	2.5300
803.06,	2.5300
803.67,	2.5300
804.28,	2.5300
804.90,	2.5300
805.51,	2.5300
806.12,	2.5300
806.73,	2.5300
807.34,	2.5300
807.96,	2.5400
808.57,	2.5300
809.18,	2.5300
809.79,	2.5300
810.41,	2.5300
811.02,	2.5300
811.63,	2.5300
812.24,	2.5300
812.85,	2.5300
813.47,	2.5300
814.08,	2.5300
814.69,	2.5200
815.30,	2.5300
815.91,	2.5300
816.53,	2.5300
817.14,	2.5400
817.75,	2.5500
818.36,	2.5400
818.97,	2.5500
819.58,	2.5500
820.20,	2.5500
820.81,	2.5600
821.42,	2.5600
822.03,	2.5600
822.64,	2.5600
823.25,	2.5600
823.86,	2.5600
824.47,	2.5600
825.09,	2.5600
825.70,	2.5600
826.31,	2.5600
826.92,	2.5600
827.53,	2.5600
828.14,	2.5600
828.75,	2.5500
829.36,	2.5500
829.97,	2.5500
830.58,	2.5500
831.19,	2.5500
831.80,	2.5400
832.42,	2.5400
833.03,	2.5500
833.64,	2.5500
834.25,	2.5500
834.86,	2.5500
835.47,	2.5500
836.08,	2.5500
836.69,	2.5500
837.30,	2.5500
837.91,	2.5500
838.52,	2.5600
839.13,	2.5500
839.74,	2.5500
840.35,	2.5500
840.96,	2.5500
841.57,	2.5500
842.18,	2.5500
842.79,	2.5600
843.40,	2.5600
844.01,	2.5600
844.62,	2.5500
845.23,	2.5600
845.84,	2.5600
846.45,	2.5600
847.06,	2.5600
847.67,	2.5600
848.27,	2.5600
848.88,	2.5600
849.49,	2.5600
850.10,	2.5700
850.71,	2.5700
851.32,	2.5700
851.93,	2.5600
852.54,	2.5700
853.15,	2.5700
853.76,	2.5700
854.37,	2.5700
854.98,	2.5700
855.58,	2.5700
856.19,	2.5600
856.80,	2.5600
857.41,	2.5700
858.02,	2.5700
858.63,	2.5800
859.24,	2.5800
859.85,	2.5700
860.45,	2.5700
861.06,	2.5700
861.67,	2.5700
862.28,	2.5700
862.89,	2.5700
863.50,	2.5700
864.10,	2.5700
864.71,	2.5700
865.32,	2.5700
865.93,	2.5700
866.54,	2.5700
867.14,	2.5700
867.75,	2.5700
868.36,	2.5700
868.97,	2.5700
869.58,	2.5600
870.18,	2.5600
870.79,	2.5600
871.40,	2.5600
872.01,	2.5600
872.61,	2.5700
873.22,	2.5600
873.83,	2.5600
874.44,	2.5600
875.04,	2.5600
875.65,	2.5600
876.26,	2.5600
876.87,	2.5600
877.47,	2.5600
878.08,	2.5600
878.69,	2.5600
879.29,	2.5600
879.90,	2.5500
880.51,	2.5500
881.12,	2.5500
881.72,	2.5600
882.33,	2.5600
882.94,	2.5600
883.54,	2.5600
884.15,	2.5600
884.76,	2.5600
885.36,	2.5600
885.97,	2.5600
886.58,	2.5600
887.18,	2.5600
887.79,	2.5500
888.40,	2.5500
889.00,	2.5500
889.61,	2.5500
890.22,	2.5500
890.82,	2.5500
891.43,	2.5500
892.03,	2.5500
892.64,	2.5500
893.25,	2.5500
893.85,	2.5500
894.46,	2.5500
895.06,	2.5500
895.67,	2.5500
896.28,	2.5600
896.88,	2.5500
897.49,	2.5500
898.09,	2.5500
898.70,	2.5500
899.30,	2.5500
899.91,	2.5500
900.52,	2.5500
901.12,	2.5500
901.73,	2.5500
902.33,	2.5500
902.94,	2.5500
903.54,	2.5500
904.15,	2.5500
904.75,	2.5500
905.36,	2.5600
905.96,	2.5600
906.57,	2.5500
907.17,	2.5500
907.78,	2.5600
908.38,	2.5600
908.99,	2.5500
909.59,	2.5500
910.20,	2.5500
910.80,	2.5400
911.41,	2.5400
912.01,	2.5500
912.62,	2.5400
913.22,	2.5400
913.83,	2.5400
914.43,	2.5400
915.03,	2.5400
915.64,	2.5400
916.24,	2.5500
916.85,	2.5400
917.45,	2.5400
918.06,	2.5300
918.66,	2.5300
919.26,	2.5300
919.87,	2.5300
920.47,	2.5300
921.08,	2.5400
921.68,	2.5300
922.28,	2.5300
922.89,	2.5300
923.49,	2.5400
924.10,	2.5300
924.70,	2.8600
925.30,	8.8100
925.91,	20.5100
926.51,	26.7400
927.11,	31.0500
927.72,	34.2400
928.32,	35.5000
928.92,	35.5000
929.53,	35.5000
930.13,	35.5000
930.74,	35.5000
931.34,	35.5000
931.94,	35.5000
932.54,	35.5000
933.15,	35.5000
933.75,	35.5000
934.35,	35.5000
934.96,	35.5000
935.56,	35.5000
936.16,	35.5000
936.77,	35.5000
937.37,	35.5000
937.97,	35.5000
938.57,	35.5000
939.18,	35.5000
939.78,	35.5000
940.38,	35.5000
940.98,	35.5000
941.59,	35.5000
942.19,	35.5000
942.79,	35.5000
943.39,	35.5000
944.00,	35.5000
944.60,	35.5000
945.20,	35.5000
945.80,	35.5000
946.40,	35.5000
947.01,	35.5000
947.61,	35.5000
948.21,	35.5000
948.81,	35.5000
949.41,	35.5000
950.02,	35.5000
950.62,	35.5000
951.22,	35.5000
951.82,	35.5000
952.42,	35.5000
953.02,	35.5000
953.63,	35.5000
954.23,	35.5000
954.83,	35.5000
955.43,	35.5000
956.03,	35.5000
956.63,	35.5000
957.24,	35.5000
957.84,	35.5000
958.44,	35.5000
959.04,	35.5000
959.64,	35.5000
960.24,	35.5000
960.84,	35.5000
961.44,	35.5000
962.04,	35.5000
962.64,	35.5000
963.25,	35.5000
963.85,	35.5000
964.45,	35.5000
965.05,	35.5000
965.65,	35.5000
966.25,	35.5000
966.85,	35.5000
967.45,	35.5000
968.05,	35.5000
968.65,	35.5000
969.25,	35.5000
969.85,	35.5000
970.45,	35.5000
971.05,	35.5000
971.65,	35.5000
972.25,	35.5000
972.85,	35.5000
973.45,	35.5000
974.05,	35.5000
974.65,	35.5000
975.25,	35.5000
975.85,	35.5000
976.45,	35.5000
977.05,	35.5000
977.65,	35.5000
978.25,	35.5000
978.85,	35.5000
979.45,	35.5000
980.05,	35.5000
980.65,	35.5000
981.25,	35.5000
981.85,	35.5000
982.45,	35.5000
983.05,	35.5000
983.65,	35.5000
984.25,	35.5000
984.85,	35.5000
985.45,	35.5000
986.04,	35.5000
986.64,	35.5000
987.24,	35.5000
987.84,	35.5000
988.44,	35.5000
989.04,	35.5000
989.64,	35.5000
990.24,	35.5000
990.84,	35.5000
991.44,	35.5000
992.03,	35.5000
992.63,	35.5000
993.23,	35.5000
993.83,	35.5000
994.43,	35.5000
995.03,	35.5000
995.63,	35.5000
996.22,	35.5000
996.82,	35.5000
997.42,	35.5000
998.02,	35.5000
998.62,	35.5000
999.21,	35.5000
999.81,	35.5000
1000.41,	35.5000
