Call Sign = ZSDA,	Ship Name = SA Agulhas,	Lloyds Num = 0
Date = 12/02/2016,	Time = 17:00,	
Latitude = 40 08.06  S,	Longitude = 010 41.56  E
Instr = Sippican Deep Blue,	Card Type = Sippican MK-21,	
Wind Instr = ,	Measur Method = 
Probe Serial Num = -1,	Ship Dir = -1,	Ship Speed = -1.00
Wind Dir = 307,	Wind Speed = 14.00
Dry Bulb Temp = 15.30,	Total Water Depth = -1.00

Full Resolution Values
Depth,	 Temp
0.67,	17.2800
1.34,	17.1400
2.01,	17.0900
2.68,	17.0900
3.34,	17.0800
4.01,	17.0800
4.68,	17.0800
5.35,	17.0800
6.02,	17.0700
6.69,	17.0700
7.36,	17.0700
8.03,	17.0700
8.69,	17.0600
9.36,	17.0600
10.03,	17.0700
10.70,	17.0800
11.37,	17.0700
12.04,	17.0600
12.70,	17.0600
13.37,	17.0600
14.04,	17.0600
14.71,	17.0600
15.38,	17.0600
16.05,	17.0600
16.71,	17.0600
17.38,	17.0600
18.05,	17.0700
18.72,	17.0600
19.38,	17.0500
20.05,	17.0500
20.72,	17.0500
21.39,	17.0500
22.06,	17.0500
22.72,	17.0500
23.39,	17.0500
24.06,	17.0500
24.73,	17.0500
25.39,	17.0500
26.06,	17.0400
26.73,	17.0500
27.40,	17.0400
28.06,	17.0300
28.73,	17.0400
29.40,	17.0300
30.06,	17.0300
30.73,	17.0400
31.40,	17.0400
32.06,	17.0300
32.73,	17.0200
33.40,	17.0300
34.07,	17.0200
34.73,	17.0300
35.40,	17.0300
36.07,	17.0300
36.73,	17.0100
37.40,	17.0200
38.07,	17.0200
38.73,	17.0200
39.40,	17.0100
40.06,	17.0200
40.73,	17.0200
41.40,	17.0200
42.06,	17.0300
42.73,	17.0300
43.40,	17.0200
44.06,	17.0100
44.73,	17.0200
45.39,	17.0200
46.06,	17.0200
46.73,	17.0200
47.39,	17.0200
48.06,	17.0200
48.72,	17.0200
49.39,	17.0200
50.06,	17.0200
50.72,	17.0100
51.39,	17.0100
52.05,	17.0000
52.72,	17.0100
53.38,	17.0200
54.05,	17.0100
54.71,	17.0000
55.38,	17.0100
56.05,	17.0100
56.71,	17.0100
57.38,	17.0100
58.04,	16.9900
58.71,	17.0000
59.37,	17.0000
60.04,	17.0100
60.70,	17.0000
61.37,	17.0100
62.03,	17.0000
62.70,	17.0100
63.36,	17.0000
64.03,	17.0000
64.69,	17.0100
65.36,	17.0000
66.02,	17.0100
66.69,	17.0100
67.35,	17.0000
68.01,	17.0100
68.68,	17.0000
69.34,	17.0100
70.01,	17.0200
70.67,	17.0100
71.34,	17.0100
72.00,	17.0000
72.66,	17.0100
73.33,	17.0100
73.99,	17.0000
74.66,	17.0100
75.32,	17.0000
75.98,	17.0000
76.65,	17.0100
77.31,	17.0000
77.98,	17.0000
78.64,	17.0100
79.30,	17.0100
79.97,	17.0100
80.63,	17.0100
81.30,	17.0000
81.96,	17.0000
82.62,	17.0100
83.29,	17.0100
83.95,	17.0100
84.61,	17.0100
85.28,	17.0000
85.94,	17.0000
86.60,	17.0000
87.27,	16.9900
87.93,	17.0000
88.59,	16.9900
89.26,	16.9900
89.92,	16.9900
90.58,	17.0000
91.24,	16.9900
91.91,	16.9900
92.57,	16.9900
93.23,	16.9900
93.90,	16.9900
94.56,	16.9900
95.22,	16.9900
95.88,	16.9900
96.55,	17.0000
97.21,	16.9900
97.87,	16.9900
98.53,	17.0000
99.20,	17.0000
99.86,	17.0000
100.52,	16.9900
101.18,	17.0000
101.85,	16.9900
102.51,	16.9900
103.17,	16.9900
103.83,	17.0000
104.49,	16.9900
105.16,	16.9800
105.82,	16.9700
106.48,	16.9700
107.14,	16.9700
107.80,	16.9700
108.47,	16.9700
109.13,	16.9700
109.79,	16.9700
110.45,	16.9800
111.11,	16.9700
111.77,	16.9500
112.44,	16.9500
113.10,	16.9600
113.76,	16.9700
114.42,	16.9600
115.08,	16.9400
115.74,	16.9400
116.40,	16.9500
117.06,	16.9400
117.73,	16.9300
118.39,	16.9000
119.05,	16.8800
119.71,	16.8600
120.37,	16.8300
121.03,	16.8200
121.69,	16.8100
122.35,	16.8100
123.01,	16.8200
123.67,	16.8100
124.33,	16.8000
125.00,	16.8000
125.66,	16.7900
126.32,	16.7700
126.98,	16.7100
127.64,	16.6500
128.30,	16.6100
128.96,	16.5800
129.62,	16.5700
130.28,	16.5700
130.94,	16.5600
131.60,	16.5600
132.26,	16.5600
132.92,	16.5600
133.58,	16.5400
134.24,	16.5200
134.90,	16.4900
135.56,	16.4600
136.22,	16.4400
136.88,	16.4200
137.54,	16.4000
138.20,	16.4000
138.86,	16.3900
139.52,	16.3800
140.18,	16.3800
140.84,	16.3800
141.50,	16.3800
142.16,	16.3800
142.82,	16.3700
143.48,	16.3400
144.14,	16.3200
144.79,	16.3000
145.45,	16.2500
146.11,	16.1900
146.77,	16.1600
147.43,	16.1400
148.09,	16.1200
148.75,	16.0800
149.41,	16.0500
150.07,	16.0200
150.73,	16.0200
151.39,	16.0200
152.04,	16.0000
152.70,	15.9900
153.36,	15.9900
154.02,	15.9800
154.68,	15.9400
155.34,	15.8900
156.00,	15.8200
156.65,	15.7900
157.31,	15.7700
157.97,	15.7700
158.63,	15.7700
159.29,	15.7700
159.95,	15.7700
160.60,	15.7600
161.26,	15.7500
161.92,	15.7300
162.58,	15.7300
163.24,	15.7200
163.90,	15.7200
164.55,	15.7100
165.21,	15.7000
165.87,	15.6800
166.53,	15.6600
167.18,	15.6400
167.84,	15.6100
168.50,	15.5900
169.16,	15.5900
169.82,	15.5800
170.47,	15.5700
171.13,	15.5700
171.79,	15.5700
172.44,	15.5700
173.10,	15.5700
173.76,	15.5500
174.42,	15.5400
175.07,	15.5300
175.73,	15.5300
176.39,	15.5300
177.05,	15.5100
177.70,	15.5000
178.36,	15.4800
179.02,	15.4600
179.67,	15.4300
180.33,	15.4100
180.99,	15.3900
181.64,	15.3800
182.30,	15.3700
182.96,	15.3600
183.61,	15.3500
184.27,	15.3500
184.93,	15.3500
185.58,	15.3400
186.24,	15.3200
186.90,	15.3100
187.55,	15.3000
188.21,	15.2900
188.87,	15.2700
189.52,	15.2300
190.18,	15.2200
190.83,	15.2200
191.49,	15.2000
192.15,	15.2000
192.80,	15.1700
193.46,	15.1300
194.11,	15.0800
194.77,	15.0600
195.43,	15.0500
196.08,	15.0400
196.74,	15.0300
197.39,	15.0200
198.05,	15.0200
198.70,	15.0200
199.36,	15.0100
200.02,	15.0100
200.67,	15.0100
201.33,	15.0300
201.98,	15.0400
202.64,	15.0400
203.29,	15.0300
203.95,	15.0300
204.60,	15.0300
205.26,	15.0300
205.91,	15.0200
206.57,	15.0200
207.22,	15.0100
207.88,	15.0000
208.53,	15.0000
209.19,	14.9900
209.84,	14.9800
210.50,	14.9800
211.15,	14.9800
211.81,	14.9700
212.46,	14.9600
213.12,	14.9200
213.77,	14.8600
214.43,	14.8000
215.08,	14.7800
215.74,	14.7900
216.39,	14.8000
217.04,	14.8000
217.70,	14.7800
218.35,	14.7400
219.01,	14.7200
219.66,	14.6900
220.32,	14.6500
220.97,	14.6300
221.62,	14.6100
222.28,	14.6300
222.93,	14.6600
223.59,	14.7100
224.24,	14.7700
224.89,	14.8000
225.55,	14.8100
226.20,	14.8100
226.85,	14.8100
227.51,	14.8200
228.16,	14.8200
228.81,	14.8400
229.47,	14.8500
230.12,	14.8500
230.78,	14.8500
231.43,	14.8400
232.08,	14.8500
232.74,	14.8500
233.39,	14.8500
234.04,	14.8400
234.69,	14.8200
235.35,	14.8200
236.00,	14.7900
236.65,	14.7600
237.31,	14.7200
237.96,	14.6800
238.61,	14.6500
239.27,	14.6200
239.92,	14.5900
240.57,	14.5300
241.22,	14.4700
241.88,	14.4400
242.53,	14.4300
243.18,	14.4100
243.83,	14.3900
244.49,	14.3800
245.14,	14.3700
245.79,	14.3500
246.44,	14.3100
247.10,	14.2700
247.75,	14.2400
248.40,	14.2100
249.05,	14.1700
249.70,	14.1500
250.36,	14.1500
251.01,	14.1600
251.66,	14.1600
252.31,	14.1800
252.96,	14.1900
253.62,	14.2100
254.27,	14.2100
254.92,	14.2200
255.57,	14.2300
256.22,	14.2300
256.88,	14.2300
257.53,	14.2300
258.18,	14.2400
258.83,	14.2300
259.48,	14.1900
260.13,	14.1600
260.78,	14.1400
261.44,	14.1300
262.09,	14.1100
262.74,	14.1100
263.39,	14.1000
264.04,	14.1100
264.69,	14.1000
265.34,	14.1000
265.99,	14.1000
266.64,	14.1000
267.29,	14.1000
267.95,	14.0900
268.60,	14.0700
269.25,	14.0700
269.90,	14.0600
270.55,	14.0400
271.20,	14.0300
271.85,	14.0100
272.50,	13.9800
273.15,	13.9500
273.80,	13.9300
274.45,	13.9200
275.10,	13.9000
275.75,	13.8800
276.40,	13.8500
277.05,	13.8100
277.70,	13.7900
278.35,	13.7700
279.00,	13.7500
279.65,	13.7300
280.30,	13.7200
280.95,	13.7200
281.60,	13.7100
282.25,	13.7000
282.90,	13.6800
283.55,	13.6800
284.20,	13.6600
284.85,	13.6500
285.50,	13.6400
286.15,	13.6100
286.80,	13.5700
287.45,	13.5400
288.10,	13.5200
288.75,	13.4800
289.40,	13.4500
290.05,	13.4300
290.70,	13.4200
291.35,	13.4100
292.00,	13.4000
292.64,	13.4000
293.29,	13.3900
293.94,	13.3800
294.59,	13.3500
295.24,	13.2900
295.89,	13.2400
296.54,	13.2000
297.19,	13.1700
297.84,	13.1500
298.49,	13.1100
299.13,	13.0800
299.78,	13.0500
300.43,	13.0300
301.08,	13.0200
301.73,	13.0100
302.38,	13.0200
303.02,	13.0000
303.67,	13.0100
304.32,	13.0400
304.97,	13.0600
305.62,	13.0700
306.27,	13.0800
306.91,	13.0800
307.56,	13.0900
308.21,	13.1000
308.86,	13.1100
309.51,	13.1200
310.15,	13.1200
310.80,	13.1000
311.45,	13.1000
312.10,	13.1100
312.75,	13.1000
313.39,	13.1100
314.04,	13.1200
314.69,	13.1200
315.34,	13.1100
315.98,	13.1000
316.63,	13.0700
317.28,	13.0400
317.93,	13.0000
318.57,	12.9600
319.22,	12.9400
319.87,	12.9300
320.52,	12.9000
321.16,	12.8700
321.81,	12.8400
322.46,	12.8100
323.10,	12.7900
323.75,	12.7800
324.40,	12.7700
325.04,	12.7600
325.69,	12.7100
326.34,	12.6400
326.99,	12.6300
327.63,	12.6200
328.28,	12.6100
328.93,	12.6000
329.57,	12.5600
330.22,	12.5300
330.86,	12.5100
331.51,	12.5000
332.16,	12.5000
332.80,	12.5000
333.45,	12.5000
334.10,	12.4900
334.74,	12.4900
335.39,	12.4900
336.03,	12.4600
336.68,	12.4300
337.33,	12.4000
337.97,	12.3900
338.62,	12.3800
339.26,	12.3800
339.91,	12.3600
340.56,	12.3500
341.20,	12.3500
341.85,	12.3600
342.49,	12.3600
343.14,	12.3600
343.78,	12.3800
344.43,	12.3900
345.08,	12.3900
345.72,	12.3900
346.37,	12.4000
347.01,	12.4000
347.66,	12.4000
348.30,	12.4000
348.95,	12.4000
349.59,	12.3900
350.24,	12.3800
350.88,	12.3700
351.53,	12.3500
352.17,	12.3300
352.82,	12.3300
353.46,	12.3000
354.11,	12.2800
354.75,	12.2700
355.40,	12.2400
356.04,	12.2300
356.69,	12.2200
357.33,	12.1900
357.98,	12.1600
358.62,	12.1300
359.27,	12.1100
359.91,	12.1000
360.55,	12.1000
361.20,	12.1000
361.84,	12.1100
362.49,	12.1100
363.13,	12.1100
363.78,	12.1000
364.42,	12.0900
365.06,	12.0700
365.71,	12.0700
366.35,	12.0700
367.00,	12.0600
367.64,	12.0500
368.28,	12.0300
368.93,	11.9900
369.57,	11.9600
370.22,	11.9500
370.86,	11.9500
371.50,	11.9200
372.15,	11.8900
372.79,	11.8700
373.43,	11.8500
374.08,	11.8400
374.72,	11.8300
375.36,	11.8200
376.01,	11.8100
376.65,	11.8000
377.29,	11.8000
377.94,	11.7800
378.58,	11.7700
379.22,	11.7600
379.87,	11.7600
380.51,	11.7400
381.15,	11.7000
381.79,	11.6800
382.44,	11.6800
383.08,	11.6800
383.72,	11.6800
384.37,	11.6700
385.01,	11.6600
385.65,	11.6500
386.29,	11.6400
386.94,	11.6300
387.58,	11.6300
388.22,	11.6200
388.86,	11.6200
389.51,	11.6200
390.15,	11.6200
390.79,	11.6200
391.43,	11.6200
392.08,	11.6100
392.72,	11.5900
393.36,	11.5900
394.00,	11.5700
394.64,	11.5500
395.29,	11.5500
395.93,	11.5600
396.57,	11.5500
397.21,	11.5400
397.85,	11.5300
398.50,	11.5100
399.14,	11.5100
399.78,	11.4900
400.42,	11.4700
401.06,	11.4500
401.70,	11.4300
402.34,	11.4000
402.99,	11.3700
403.63,	11.3500
404.27,	11.3300
404.91,	11.3100
405.55,	11.2900
406.19,	11.2700
406.83,	11.2600
407.48,	11.2600
408.12,	11.2800
408.76,	11.3200
409.40,	11.3400
410.04,	11.3400
410.68,	11.3400
411.32,	11.3300
411.96,	11.3200
412.60,	11.3100
413.24,	11.2900
413.88,	11.2800
414.52,	11.2800
415.17,	11.2600
415.81,	11.2400
416.45,	11.2100
417.09,	11.1900
417.73,	11.1700
418.37,	11.1500
419.01,	11.1200
419.65,	11.0900
420.29,	11.0900
420.93,	11.0700
421.57,	11.0500
422.21,	11.0500
422.85,	11.0400
423.49,	11.0400
424.13,	11.0400
424.77,	11.0300
425.41,	11.0300
426.05,	11.0100
426.69,	11.0000
427.33,	11.0100
427.97,	11.0100
428.61,	11.0100
429.25,	11.0100
429.89,	11.0100
430.53,	11.0100
431.17,	11.0200
431.80,	11.0200
432.44,	11.0000
433.08,	10.9800
433.72,	10.9700
434.36,	10.9600
435.00,	10.9400
435.64,	10.9300
436.28,	10.9200
436.92,	10.9100
437.56,	10.9100
438.20,	10.9000
438.84,	10.8800
439.47,	10.8400
440.11,	10.8100
440.75,	10.7700
441.39,	10.7300
442.03,	10.7100
442.67,	10.6900
443.31,	10.6800
443.95,	10.6800
444.58,	10.6800
445.22,	10.6800
445.86,	10.6800
446.50,	10.6800
447.14,	10.6800
447.78,	10.6800
448.41,	10.6700
449.05,	10.6600
449.69,	10.6500
450.33,	10.6500
450.97,	10.6400
451.60,	10.6400
452.24,	10.6300
452.88,	10.6100
453.52,	10.6000
454.16,	10.5800
454.79,	10.5700
455.43,	10.5500
456.07,	10.5300
456.71,	10.5200
457.35,	10.5100
457.98,	10.5000
458.62,	10.4900
459.26,	10.4800
459.90,	10.4700
460.53,	10.4500
461.17,	10.4400
461.81,	10.4200
462.44,	10.4200
463.08,	10.4200
463.72,	10.4200
464.36,	10.4100
464.99,	10.4100
465.63,	10.4100
466.27,	10.4100
466.90,	10.4100
467.54,	10.4000
468.18,	10.4000
468.81,	10.3900
469.45,	10.3800
470.09,	10.3700
470.72,	10.3700
471.36,	10.3600
472.00,	10.3500
472.63,	10.3500
473.27,	10.3500
473.91,	10.3400
474.54,	10.3300
475.18,	10.3100
475.82,	10.2900
476.45,	10.2900
477.09,	10.2700
477.73,	10.2600
478.36,	10.2400
479.00,	10.2300
479.63,	10.2100
480.27,	10.2000
480.91,	10.1900
481.54,	10.1900
482.18,	10.1800
482.81,	10.1700
483.45,	10.1600
484.08,	10.1600
484.72,	10.1500
485.36,	10.1400
485.99,	10.1300
486.63,	10.1300
487.26,	10.1300
487.90,	10.1300
488.53,	10.1300
489.17,	10.1100
489.80,	10.1100
490.44,	10.1000
491.07,	10.0900
491.71,	10.0800
492.34,	10.0600
492.98,	10.0400
493.62,	10.0300
494.25,	10.0300
494.89,	10.0100
495.52,	9.9900
496.15,	9.9700
496.79,	9.9500
497.42,	9.9200
498.06,	9.9100
498.69,	9.8900
499.33,	9.8800
499.96,	9.8800
500.60,	9.8800
501.23,	9.8800
501.87,	9.8700
502.50,	9.8700
503.14,	9.8600
503.77,	9.8600
504.40,	9.8600
505.04,	9.8500
505.67,	9.8500
506.31,	9.8500
506.94,	9.8300
507.57,	9.8200
508.21,	9.7800
508.84,	9.7500
509.48,	9.7400
510.11,	9.7400
510.74,	9.7300
511.38,	9.7200
512.01,	9.7100
512.65,	9.7000
513.28,	9.6900
513.91,	9.6700
514.55,	9.6400
515.18,	9.6100
515.81,	9.6000
516.45,	9.5800
517.08,	9.5700
517.71,	9.5700
518.35,	9.5700
518.98,	9.5600
519.61,	9.5500
520.25,	9.5400
520.88,	9.5400
521.51,	9.5400
522.15,	9.5400
522.78,	9.5400
523.41,	9.5300
524.04,	9.5300
524.68,	9.5300
525.31,	9.5200
525.94,	9.5200
526.58,	9.5100
527.21,	9.5100
527.84,	9.5100
528.47,	9.5100
529.11,	9.5000
529.74,	9.4900
530.37,	9.5000
531.00,	9.4900
531.64,	9.4700
532.27,	9.4700
532.90,	9.4600
533.53,	9.4500
534.17,	9.4500
534.80,	9.4500
535.43,	9.4400
536.06,	9.4300
536.69,	9.4100
537.33,	9.4000
537.96,	9.3700
538.59,	9.3500
539.22,	9.3300
539.85,	9.3100
540.48,	9.3000
541.12,	9.2900
541.75,	9.2800
542.38,	9.2700
543.01,	9.2500
543.64,	9.2400
544.27,	9.2300
544.91,	9.2100
545.54,	9.1900
546.17,	9.1800
546.80,	9.1800
547.43,	9.1600
548.06,	9.1500
548.69,	9.1400
549.32,	9.1400
549.95,	9.1300
550.59,	9.1300
551.22,	9.1200
551.85,	9.1100
552.48,	9.0800
553.11,	9.0600
553.74,	9.0400
554.37,	9.0300
555.00,	9.0200
555.63,	9.0100
556.26,	9.0100
556.89,	9.0000
557.52,	8.9900
558.15,	8.9900
558.78,	8.9800
559.42,	8.9700
560.05,	8.9600
560.68,	8.9500
561.31,	8.9200
561.94,	8.8900
562.57,	8.8600
563.20,	8.8300
563.83,	8.8100
564.46,	8.7800
565.09,	8.7400
565.72,	8.7200
566.35,	8.7000
566.98,	8.6800
567.61,	8.6800
568.24,	8.6800
568.87,	8.6700
569.50,	8.6800
570.12,	8.6800
570.75,	8.6600
571.38,	8.6600
572.01,	8.6400
572.64,	8.6400
573.27,	8.6200
573.90,	8.6100
574.53,	8.5700
575.16,	8.5400
575.79,	8.5200
576.42,	8.5100
577.05,	8.5000
577.68,	8.4800
578.31,	8.4500
578.93,	8.4400
579.56,	8.4400
580.19,	8.4300
580.82,	8.4100
581.45,	8.3900
582.08,	8.3800
582.71,	8.3700
583.34,	8.3500
583.97,	8.3300
584.59,	8.3200
585.22,	8.3100
585.85,	8.3000
586.48,	8.3000
587.11,	8.2900
587.74,	8.2800
588.36,	8.2600
588.99,	8.2500
589.62,	8.2400
590.25,	8.2200
590.88,	8.2200
591.50,	8.2200
592.13,	8.2200
592.76,	8.2100
593.39,	8.2100
594.02,	8.2000
594.64,	8.2000
595.27,	8.2000
595.90,	8.2000
596.53,	8.1900
597.16,	8.1800
597.78,	8.1700
598.41,	8.1700
599.04,	8.1500
599.67,	8.1400
600.29,	8.1400
600.92,	8.1300
601.55,	8.1200
602.18,	8.1200
602.80,	8.1200
603.43,	8.1100
604.06,	8.1000
604.68,	8.0900
605.31,	8.0800
605.94,	8.0600
606.57,	8.0600
607.19,	8.0600
607.82,	8.0600
608.45,	8.0500
609.07,	8.0300
609.70,	8.0200
610.33,	8.0100
610.95,	8.0100
611.58,	8.0100
612.21,	8.0100
612.83,	7.9800
613.46,	7.9600
614.09,	7.9300
614.71,	7.9100
615.34,	7.8900
615.97,	7.8800
616.59,	7.8700
617.22,	7.8700
617.84,	7.8700
618.47,	7.8600
619.10,	7.8500
619.72,	7.8400
620.35,	7.8300
620.97,	7.8000
621.60,	7.7800
622.23,	7.7600
622.85,	7.7500
623.48,	7.7400
624.10,	7.7300
624.73,	7.7200
625.35,	7.7100
625.98,	7.7100
626.61,	7.7100
627.23,	7.7000
627.86,	7.6800
628.48,	7.6800
629.11,	7.6700
629.73,	7.6500
630.36,	7.6400
630.98,	7.6400
631.61,	7.6400
632.23,	7.6300
632.86,	7.6200
633.48,	7.6100
634.11,	7.6100
634.73,	7.5900
635.36,	7.5800
635.98,	7.5600
636.61,	7.5400
637.23,	7.5300
637.86,	7.5200
638.48,	7.5200
639.11,	7.5100
639.73,	7.4900
640.36,	7.4700
640.98,	7.4400
641.61,	7.4100
642.23,	7.3900
642.85,	7.3700
643.48,	7.3600
644.10,	7.3500
644.73,	7.3400
645.35,	7.3300
645.98,	7.3300
646.60,	7.3200
647.22,	7.3100
647.85,	7.2900
648.47,	7.2800
649.10,	7.2700
649.72,	7.2700
650.34,	7.2600
650.97,	7.2600
651.59,	7.2500
652.22,	7.2600
652.84,	7.2500
653.46,	7.2400
654.09,	7.2200
654.71,	7.2100
655.33,	7.2000
655.96,	7.1900
656.58,	7.1800
657.20,	7.1700
657.83,	7.1600
658.45,	7.1400
659.07,	7.1300
659.70,	7.1200
660.32,	7.1100
660.94,	7.1100
661.57,	7.1000
662.19,	7.0900
662.81,	7.0800
663.43,	7.0600
664.06,	7.0300
664.68,	6.9900
665.30,	6.9600
665.93,	6.9400
666.55,	6.9200
667.17,	6.9100
667.79,	6.8900
668.42,	6.8700
669.04,	6.8500
669.66,	6.8300
670.28,	6.8100
670.91,	6.7900
671.53,	6.7700
672.15,	6.7600
672.77,	6.7500
673.39,	6.7400
674.02,	6.7200
674.64,	6.7100
675.26,	6.6800
675.88,	6.6400
676.50,	6.6300
677.13,	6.6200
677.75,	6.6100
678.37,	6.6000
678.99,	6.5900
679.61,	6.5900
680.24,	6.5900
680.86,	6.5900
681.48,	6.5900
682.10,	6.5800
682.72,	6.5900
683.34,	6.5900
683.96,	6.5900
684.59,	6.5900
685.21,	6.5900
685.83,	6.5900
686.45,	6.5900
687.07,	6.5900
687.69,	6.5800
688.31,	6.5400
688.93,	6.5000
689.56,	6.4800
690.18,	6.4500
690.80,	6.4400
691.42,	6.4400
692.04,	6.4300
692.66,	6.4200
693.28,	6.4100
693.90,	6.3800
694.52,	6.3700
695.14,	6.3500
695.76,	6.3400
696.38,	6.3200
697.00,	6.3000
697.62,	6.2900
698.25,	6.2800
698.87,	6.2700
699.49,	6.2600
700.11,	6.2500
700.73,	6.2400
701.35,	6.2300
701.97,	6.2100
702.59,	6.1800
703.21,	6.1500
703.83,	6.1300
704.45,	6.1000
705.07,	6.1000
705.69,	6.1000
706.31,	6.1000
706.93,	6.1100
707.55,	6.1100
708.17,	6.1100
708.79,	6.1000
709.40,	6.0900
710.02,	6.0800
710.64,	6.0700
711.26,	6.0800
711.88,	6.0700
712.50,	6.0700
713.12,	6.0600
713.74,	6.0600
714.36,	6.0700
714.98,	6.0900
715.60,	6.1000
716.22,	6.1000
716.84,	6.1100
717.45,	6.1000
718.07,	6.1100
718.69,	6.1200
719.31,	6.1300
719.93,	6.1400
720.55,	6.1500
721.17,	6.1600
721.79,	6.1600
722.41,	6.1700
723.02,	6.1700
723.64,	6.1700
724.26,	6.1500
724.88,	6.1300
725.50,	6.1200
726.12,	6.1100
726.73,	6.1000
727.35,	6.1000
727.97,	6.0900
728.59,	6.0900
729.21,	6.0900
729.83,	6.0800
730.44,	6.0900
731.06,	6.0900
731.68,	6.0800
732.30,	6.0900
732.92,	6.0800
733.53,	6.0800
734.15,	6.0700
734.77,	6.0600
735.39,	6.0600
736.00,	6.0500
736.62,	6.0300
737.24,	6.0200
737.86,	6.0100
738.47,	6.0000
739.09,	6.0000
739.71,	5.9900
740.33,	5.9900
740.94,	5.9800
741.56,	5.9800
742.18,	5.9700
742.79,	5.9600
743.41,	5.9500
744.03,	5.9300
744.65,	5.9200
745.26,	5.9200
745.88,	5.9000
746.50,	5.9000
747.11,	5.9100
747.73,	5.9200
748.35,	5.9200
748.96,	5.9200
749.58,	5.9000
750.20,	5.8900
750.81,	5.8800
751.43,	5.8800
752.05,	5.8700
752.66,	5.8400
753.28,	5.8100
753.90,	5.7700
754.51,	5.7200
755.13,	5.6900
755.74,	5.6700
756.36,	5.6700
756.98,	5.6700
757.59,	5.6600
758.21,	5.6600
758.82,	5.6600
759.44,	5.6700
760.06,	5.6700
760.67,	5.6900
761.29,	5.6800
761.90,	5.6400
762.52,	5.5900
763.14,	5.5500
763.75,	5.5300
764.37,	5.4900
764.98,	5.4800
765.60,	5.4800
766.21,	5.4700
766.83,	5.4700
767.44,	5.4600
768.06,	5.4500
768.67,	5.4500
769.29,	5.4400
769.90,	5.4400
770.52,	5.4400
771.14,	5.4500
771.75,	5.4700
772.37,	5.5000
772.98,	5.5100
773.59,	5.5000
774.21,	5.4800
774.82,	5.4500
775.44,	5.4200
776.05,	5.4000
776.67,	5.3800
777.28,	5.3800
777.90,	5.3800
778.51,	5.3900
779.13,	5.3800
779.74,	5.3700
780.36,	5.3700
780.97,	5.3700
781.58,	5.3700
782.20,	5.3600
782.81,	5.3600
783.43,	5.3600
784.04,	5.3500
784.66,	5.3400
785.27,	5.3200
785.88,	5.2900
786.50,	5.2800
787.11,	5.2700
787.73,	5.2500
788.34,	5.2400
788.95,	5.2200
789.57,	5.2100
790.18,	5.2000
790.79,	5.1900
791.41,	5.1800
792.02,	5.1800
792.63,	5.1700
793.25,	5.1600
793.86,	5.1500
794.47,	5.1500
795.09,	5.1400
795.70,	5.1300
796.31,	5.1200
796.93,	5.1000
797.54,	5.0900
798.15,	5.0800
798.77,	5.0800
799.38,	5.0600
799.99,	5.0500
800.61,	5.0500
801.22,	5.0500
801.83,	5.0400
802.44,	5.0400
803.06,	5.0400
803.67,	5.0400
804.28,	5.0300
804.90,	5.0300
805.51,	5.0200
806.12,	5.0200
806.73,	5.0100
807.34,	5.0000
807.96,	5.0000
808.57,	5.0000
809.18,	4.9900
809.79,	4.9900
810.41,	4.9900
811.02,	4.9900
811.63,	5.0000
812.24,	4.9900
812.85,	4.9900
813.47,	4.9900
814.08,	4.9900
814.69,	4.9900
815.30,	4.9900
815.91,	4.9900
816.53,	4.9900
817.14,	4.9900
817.75,	4.9900
818.36,	5.0000
818.97,	5.0000
819.58,	5.0000
820.20,	5.0000
820.81,	5.0000
821.42,	5.0100
822.03,	5.0200
822.64,	5.0100
823.25,	4.9900
823.86,	4.9800
824.47,	4.9800
825.09,	4.9800
825.70,	4.9600
826.31,	4.9400
826.92,	4.9300
827.53,	4.9300
828.14,	4.9300
828.75,	4.9300
829.36,	4.9200
829.97,	4.9300
830.58,	4.9300
831.19,	4.9300
831.80,	4.9300
832.42,	4.9300
833.03,	4.9400
833.64,	4.9600
834.25,	4.9700
834.86,	4.9700
835.47,	4.9700
836.08,	4.9600
836.69,	4.9600
837.30,	4.9600
837.91,	4.9600
838.52,	4.9500
839.13,	4.9400
839.74,	4.9400
840.35,	4.9400
840.96,	4.9300
841.57,	4.9100
842.18,	4.8900
842.79,	4.8800
843.40,	4.8800
844.01,	4.8800
844.62,	4.8900
845.23,	4.8900
845.84,	4.9000
846.45,	4.9100
847.06,	4.9200
847.67,	4.9200
848.27,	4.9100
848.88,	4.8800
849.49,	4.8600
850.10,	4.8400
850.71,	4.8500
851.32,	4.8600
851.93,	4.8800
852.54,	4.9000
853.15,	4.9100
853.76,	4.9100
854.37,	4.9100
854.98,	4.9300
855.58,	4.9400
856.19,	4.9500
856.80,	4.9500
857.41,	4.9500
858.02,	4.9500
858.63,	4.9500
859.24,	4.9400
859.85,	4.9300
860.45,	4.9200
861.06,	4.9100
861.67,	4.9100
862.28,	4.9000
862.89,	4.9000
863.50,	4.9000
864.10,	4.8900
864.71,	4.8800
865.32,	4.8800
865.93,	4.8900
866.54,	4.8900
867.14,	4.8900
867.75,	4.8900
868.36,	4.8700
868.97,	4.8600
869.58,	4.8400
870.18,	4.8400
870.79,	4.8300
871.40,	4.8300
872.01,	4.8300
872.61,	4.8400
873.22,	4.8300
873.83,	4.8200
874.44,	4.8300
875.04,	4.8300
875.65,	4.8200
876.26,	4.8300
876.87,	4.8200
877.47,	4.8200
878.08,	4.8100
878.69,	4.8100
879.29,	4.8100
879.90,	4.8000
880.51,	4.8000
881.12,	4.8000
881.72,	4.8000
882.33,	4.7900
882.94,	4.7900
883.54,	4.7900
884.15,	4.7800
884.76,	4.7800
885.36,	4.7800
885.97,	4.7900
886.58,	4.7900
887.18,	4.7900
887.79,	4.7900
888.40,	4.7900
889.00,	4.7900
889.61,	4.7800
890.22,	4.7800
890.82,	4.7800
891.43,	4.7800
892.03,	4.7800
892.64,	4.7800
893.25,	4.7800
893.85,	4.7700
894.46,	4.7700
895.06,	4.7700
895.67,	4.7700
896.28,	4.7600
896.88,	4.7500
897.49,	4.7400
898.09,	4.7400
898.70,	4.7400
899.30,	4.7400
899.91,	4.7300
900.52,	4.7200
901.12,	4.7100
901.73,	4.7000
902.33,	4.7000
902.94,	4.6900
903.54,	4.6800
904.15,	4.6700
904.75,	4.6700
905.36,	4.6700
905.96,	4.6700
906.57,	4.6600
907.17,	4.6600
907.78,	4.6600
908.38,	4.6500
908.99,	4.6400
909.59,	4.6300
910.20,	4.6200
910.80,	4.6100
911.41,	4.6100
912.01,	4.6000
912.62,	4.6100
913.22,	4.6000
913.83,	4.6000
914.43,	4.6000
915.03,	4.6000
915.64,	4.6000
916.24,	4.6000
916.85,	4.6200
917.45,	4.9600
918.06,	6.5300
918.66,	9.3500
919.26,	12.0800
919.87,	13.6400
920.47,	14.4800
921.08,	15.0200
921.68,	15.4200
922.28,	15.7600
922.89,	16.0600
923.49,	16.3200
924.10,	16.6100
924.70,	24.6100
925.30,	35.5000
925.91,	35.5000
926.51,	35.5000
927.11,	35.5000
927.72,	35.5000
928.32,	35.5000
928.92,	35.5000
929.53,	35.5000
930.13,	35.5000
930.74,	35.5000
931.34,	35.5000
931.94,	35.5000
932.54,	35.5000
933.15,	35.5000
933.75,	35.5000
934.35,	35.5000
934.96,	35.5000
935.56,	35.5000
936.16,	35.5000
936.77,	35.5000
937.37,	35.5000
937.97,	35.5000
938.57,	35.5000
939.18,	35.5000
939.78,	35.5000
940.38,	35.5000
940.98,	35.5000
941.59,	35.5000
942.19,	35.5000
942.79,	35.5000
943.39,	35.5000
944.00,	35.5000
944.60,	35.5000
945.20,	35.5000
945.80,	35.5000
946.40,	35.5000
947.01,	35.5000
947.61,	35.5000
948.21,	35.5000
948.81,	35.5000
949.41,	35.5000
950.02,	35.5000
950.62,	35.5000
951.22,	35.5000
951.82,	35.5000
952.42,	35.5000
953.02,	35.5000
953.63,	35.5000
954.23,	35.5000
954.83,	35.5000
955.43,	35.5000
956.03,	35.5000
956.63,	35.5000
957.24,	35.5000
957.84,	35.5000
958.44,	35.5000
959.04,	35.5000
959.64,	35.5000
960.24,	35.5000
960.84,	35.5000
961.44,	35.5000
962.04,	35.5000
962.64,	35.5000
963.25,	35.5000
963.85,	35.5000
964.45,	35.5000
965.05,	35.5000
965.65,	35.5000
966.25,	35.5000
966.85,	35.5000
967.45,	35.5000
968.05,	35.5000
968.65,	35.5000
969.25,	35.5000
969.85,	35.5000
970.45,	35.5000
971.05,	35.5000
971.65,	35.5000
972.25,	35.5000
972.85,	35.5000
973.45,	35.5000
974.05,	35.5000
974.65,	35.5000
975.25,	35.5000
975.85,	35.5000
976.45,	35.5000
977.05,	35.5000
977.65,	35.5000
978.25,	35.5000
978.85,	35.5000
979.45,	35.5000
980.05,	35.5000
980.65,	35.5000
981.25,	35.5000
981.85,	35.5000
982.45,	35.5000
983.05,	35.5000
983.65,	35.5000
984.25,	35.5000
984.85,	35.5000
985.45,	35.5000
986.04,	35.5000
986.64,	35.5000
987.24,	35.5000
987.84,	35.5000
988.44,	35.5000
989.04,	35.5000
989.64,	35.5000
990.24,	35.5000
990.84,	35.5000
991.44,	35.5000
992.03,	35.5000
992.63,	35.5000
993.23,	35.5000
993.83,	35.5000
994.43,	35.5000
995.03,	35.5000
995.63,	5.2300
996.22,	-2.5200
996.82,	-2.5200
997.42,	-2.5200
998.02,	-2.5200
998.62,	-2.5200
999.21,	-2.5200
999.81,	-2.5200
1000.41,	-2.5200
