Call Sign = ZSDA,	Ship Name = SA Agulhas,	Lloyds Num = 0
Date = 12/02/2016,	Time = 05:00,	
Latitude = 37 47.47  S,	Longitude = 012 16.93  E
Instr = Sippican Deep Blue,	Card Type = Sippican MK-21,	
Wind Instr = ,	Measur Method = 
Probe Serial Num = -1,	Ship Dir = -1,	Ship Speed = -1.00
Wind Dir = 277,	Wind Speed = 24.10
Dry Bulb Temp = 15.60,	Total Water Depth = -1.00

Full Resolution Values
Depth,	 Temp
0.67,	17.6000
1.34,	17.5800
2.01,	17.5700
2.68,	17.5600
3.34,	17.5600
4.01,	17.5600
4.68,	17.5600
5.35,	17.5600
6.02,	17.5600
6.69,	17.5700
7.36,	17.5600
8.03,	17.5600
8.69,	17.5500
9.36,	17.5500
10.03,	17.5700
10.70,	17.5600
11.37,	17.5600
12.04,	17.5600
12.70,	17.5600
13.37,	17.5600
14.04,	17.5600
14.71,	17.5600
15.38,	17.5600
16.05,	17.5600
16.71,	17.5600
17.38,	17.5600
18.05,	17.5600
18.72,	17.5600
19.38,	17.5600
20.05,	17.5600
20.72,	17.5300
21.39,	17.5200
22.06,	17.5300
22.72,	17.5400
23.39,	17.5500
24.06,	17.5500
24.73,	17.5400
25.39,	17.5300
26.06,	17.5400
26.73,	17.5300
27.40,	17.5300
28.06,	17.5400
28.73,	17.5400
29.40,	17.5300
30.06,	17.5300
30.73,	17.5400
31.40,	17.5400
32.06,	17.5200
32.73,	17.5200
33.40,	17.5300
34.07,	17.5400
34.73,	17.5300
35.40,	17.5300
36.07,	17.5200
36.73,	17.5300
37.40,	17.5300
38.07,	17.5300
38.73,	17.5200
39.40,	17.5200
40.06,	17.5300
40.73,	17.5300
41.40,	17.5300
42.06,	17.5300
42.73,	17.5300
43.40,	17.5200
44.06,	17.5200
44.73,	17.5100
45.39,	17.5100
46.06,	17.5100
46.73,	17.5100
47.39,	17.5200
48.06,	17.5200
48.72,	17.5100
49.39,	17.5100
50.06,	17.5300
50.72,	17.5300
51.39,	17.5200
52.05,	17.5200
52.72,	17.5200
53.38,	17.5200
54.05,	17.5300
54.71,	17.5200
55.38,	17.5100
56.05,	17.5100
56.71,	17.5300
57.38,	17.5300
58.04,	17.5100
58.71,	17.5200
59.37,	17.5200
60.04,	17.5200
60.70,	17.4900
61.37,	17.4400
62.03,	17.3900
62.70,	17.3600
63.36,	17.3000
64.03,	17.2400
64.69,	17.1900
65.36,	17.1500
66.02,	17.1300
66.69,	17.1000
67.35,	17.0800
68.01,	17.0500
68.68,	17.0400
69.34,	17.0200
70.01,	16.9900
70.67,	16.9500
71.34,	16.9100
72.00,	16.8900
72.66,	16.8800
73.33,	16.8800
73.99,	16.8700
74.66,	16.8700
75.32,	16.8700
75.98,	16.8500
76.65,	16.8200
77.31,	16.7500
77.98,	16.6700
78.64,	16.6300
79.30,	16.5900
79.97,	16.5200
80.63,	16.4400
81.30,	16.3800
81.96,	16.3400
82.62,	16.3100
83.29,	16.2700
83.95,	16.2300
84.61,	16.2100
85.28,	16.1800
85.94,	16.1200
86.60,	16.0500
87.27,	15.9700
87.93,	15.8500
88.59,	15.7500
89.26,	15.7300
89.92,	15.7200
90.58,	15.6900
91.24,	15.6300
91.91,	15.5500
92.57,	15.4700
93.23,	15.3800
93.90,	15.2500
94.56,	15.1300
95.22,	14.9400
95.88,	14.6900
96.55,	14.4800
97.21,	14.3700
97.87,	14.3000
98.53,	14.2500
99.20,	14.2100
99.86,	14.1900
100.52,	14.1800
101.18,	14.1700
101.85,	14.1400
102.51,	14.1200
103.17,	14.1200
103.83,	14.1000
104.49,	14.0700
105.16,	14.0500
105.82,	14.0500
106.48,	14.0600
107.14,	14.0600
107.80,	14.0900
108.47,	14.1000
109.13,	14.1100
109.79,	14.1300
110.45,	14.1300
111.11,	14.1200
111.77,	14.1300
112.44,	14.1200
113.10,	14.1200
113.76,	14.1100
114.42,	14.1000
115.08,	14.0900
115.74,	14.0800
116.40,	14.0800
117.06,	14.0700
117.73,	14.0600
118.39,	14.0500
119.05,	14.0300
119.71,	14.0100
120.37,	14.0000
121.03,	13.9900
121.69,	13.9800
122.35,	13.9700
123.01,	13.9500
123.67,	13.9200
124.33,	13.9100
125.00,	13.8800
125.66,	13.8600
126.32,	13.8600
126.98,	13.8400
127.64,	13.8100
128.30,	13.8000
128.96,	13.7700
129.62,	13.7400
130.28,	13.7300
130.94,	13.7200
131.60,	13.7000
132.26,	13.7000
132.92,	13.6800
133.58,	13.6700
134.24,	13.6400
134.90,	13.6100
135.56,	13.5800
136.22,	13.5700
136.88,	13.5600
137.54,	13.5500
138.20,	13.5200
138.86,	13.4800
139.52,	13.4600
140.18,	13.4400
140.84,	13.4300
141.50,	13.4300
142.16,	13.4100
142.82,	13.4000
143.48,	13.3900
144.14,	13.3800
144.79,	13.3700
145.45,	13.3700
146.11,	13.3700
146.77,	13.3600
147.43,	13.3600
148.09,	13.3400
148.75,	13.3200
149.41,	13.3100
150.07,	13.2900
150.73,	13.2800
151.39,	13.2600
152.04,	13.2400
152.70,	13.2400
153.36,	13.2400
154.02,	13.2300
154.68,	13.2200
155.34,	13.2200
156.00,	13.2100
156.65,	13.2000
157.31,	13.1900
157.97,	13.1700
158.63,	13.1600
159.29,	13.1600
159.95,	13.1500
160.60,	13.1400
161.26,	13.1300
161.92,	13.1100
162.58,	13.0800
163.24,	13.0600
163.90,	13.0500
164.55,	13.0400
165.21,	13.0300
165.87,	13.0100
166.53,	12.9800
167.18,	12.9700
167.84,	12.9500
168.50,	12.9100
169.16,	12.8900
169.82,	12.8700
170.47,	12.8500
171.13,	12.8500
171.79,	12.8300
172.44,	12.8300
173.10,	12.8300
173.76,	12.8300
174.42,	12.8400
175.07,	12.8300
175.73,	12.8300
176.39,	12.8100
177.05,	12.7900
177.70,	12.7800
178.36,	12.7600
179.02,	12.7300
179.67,	12.6800
180.33,	12.6500
180.99,	12.6200
181.64,	12.6000
182.30,	12.5600
182.96,	12.5500
183.61,	12.5400
184.27,	12.5300
184.93,	12.5200
185.58,	12.5100
186.24,	12.5100
186.90,	12.5000
187.55,	12.5000
188.21,	12.5000
188.87,	12.4900
189.52,	12.4900
190.18,	12.4900
190.83,	12.4800
191.49,	12.4800
192.15,	12.4800
192.80,	12.4600
193.46,	12.4600
194.11,	12.4600
194.77,	12.4500
195.43,	12.4600
196.08,	12.4300
196.74,	12.4100
197.39,	12.4100
198.05,	12.4100
198.70,	12.4100
199.36,	12.4000
200.02,	12.3900
200.67,	12.4000
201.33,	12.3900
201.98,	12.3900
202.64,	12.3800
203.29,	12.3800
203.95,	12.3900
204.60,	12.3900
205.26,	12.3900
205.91,	12.4000
206.57,	12.4000
207.22,	12.4200
207.88,	12.4000
208.53,	12.4100
209.19,	12.4100
209.84,	12.4300
210.50,	12.4500
211.15,	12.4600
211.81,	12.4400
212.46,	12.4300
213.12,	12.4200
213.77,	12.4100
214.43,	12.3900
215.08,	12.3600
215.74,	12.3200
216.39,	12.3100
217.04,	12.3200
217.70,	12.3200
218.35,	12.3200
219.01,	12.3100
219.66,	12.3200
220.32,	12.3100
220.97,	12.3100
221.62,	12.3300
222.28,	12.3500
222.93,	12.3600
223.59,	12.3700
224.24,	12.3900
224.89,	12.3800
225.55,	12.3800
226.20,	12.3800
226.85,	12.3800
227.51,	12.3700
228.16,	12.3700
228.81,	12.3700
229.47,	12.3600
230.12,	12.3500
230.78,	12.3300
231.43,	12.3300
232.08,	12.3300
232.74,	12.3200
233.39,	12.3100
234.04,	12.3000
234.69,	12.2900
235.35,	12.2800
236.00,	12.2800
236.65,	12.2800
237.31,	12.2700
237.96,	12.2600
238.61,	12.2500
239.27,	12.2500
239.92,	12.2300
240.57,	12.2000
241.22,	12.1800
241.88,	12.1700
242.53,	12.1700
243.18,	12.1700
243.83,	12.1700
244.49,	12.1700
245.14,	12.1600
245.79,	12.1700
246.44,	12.1900
247.10,	12.1900
247.75,	12.2000
248.40,	12.2000
249.05,	12.1800
249.70,	12.1400
250.36,	12.1100
251.01,	12.0800
251.66,	12.0600
252.31,	12.0500
252.96,	12.0600
253.62,	12.0500
254.27,	12.0400
254.92,	12.0200
255.57,	12.0100
256.22,	12.0000
256.88,	11.9800
257.53,	11.9800
258.18,	11.9800
258.83,	11.9900
259.48,	11.9800
260.13,	11.9700
260.78,	11.9700
261.44,	11.9800
262.09,	11.9600
262.74,	11.9200
263.39,	11.9100
264.04,	11.9200
264.69,	11.9200
265.34,	11.9200
265.99,	11.9100
266.64,	11.9200
267.29,	11.9100
267.95,	11.8900
268.60,	11.8800
269.25,	11.8600
269.90,	11.8400
270.55,	11.8300
271.20,	11.8300
271.85,	11.8300
272.50,	11.8200
273.15,	11.8200
273.80,	11.8200
274.45,	11.8200
275.10,	11.8200
275.75,	11.8200
276.40,	11.8100
277.05,	11.8000
277.70,	11.7900
278.35,	11.8100
279.00,	11.8000
279.65,	11.8000
280.30,	11.7900
280.95,	11.8000
281.60,	11.8100
282.25,	11.7900
282.90,	11.7800
283.55,	11.7900
284.20,	11.7900
284.85,	11.7900
285.50,	11.7900
286.15,	11.7900
286.80,	11.7900
287.45,	11.7800
288.10,	11.7900
288.75,	11.7800
289.40,	11.7700
290.05,	11.7800
290.70,	11.7600
291.35,	11.7600
292.00,	11.7500
292.64,	11.7400
293.29,	11.7400
293.94,	11.7300
294.59,	11.7100
295.24,	11.7000
295.89,	11.6800
296.54,	11.6800
297.19,	11.7000
297.84,	11.7100
298.49,	11.7200
299.13,	11.7200
299.78,	11.7000
300.43,	11.6900
301.08,	11.6900
301.73,	11.7000
302.38,	11.7000
303.02,	11.7200
303.67,	11.7100
304.32,	11.6700
304.97,	11.6300
305.62,	11.5900
306.27,	11.5500
306.91,	11.5000
307.56,	11.4800
308.21,	11.4900
308.86,	11.5100
309.51,	11.5000
310.15,	11.5100
310.80,	11.5400
311.45,	11.5400
312.10,	11.5400
312.75,	11.5400
313.39,	11.5400
314.04,	11.5500
314.69,	11.5700
315.34,	11.5900
315.98,	11.5900
316.63,	11.5800
317.28,	11.5800
317.93,	11.5800
318.57,	11.5600
319.22,	11.5600
319.87,	11.5600
320.52,	11.5600
321.16,	11.5400
321.81,	11.5200
322.46,	11.5000
323.10,	11.4500
323.75,	11.3900
324.40,	11.3700
325.04,	11.3500
325.69,	11.3400
326.34,	11.3400
326.99,	11.3300
327.63,	11.3100
328.28,	11.3200
328.93,	11.3200
329.57,	11.3200
330.22,	11.3100
330.86,	11.3000
331.51,	11.2800
332.16,	11.2700
332.80,	11.2600
333.45,	11.2300
334.10,	11.2200
334.74,	11.2100
335.39,	11.2200
336.03,	11.2100
336.68,	11.2000
337.33,	11.1900
337.97,	11.1900
338.62,	11.1900
339.26,	11.1900
339.91,	11.1900
340.56,	11.1900
341.20,	11.1800
341.85,	11.1800
342.49,	11.1700
343.14,	11.1600
343.78,	11.1500
344.43,	11.1500
345.08,	11.1400
345.72,	11.1100
346.37,	11.0800
347.01,	11.0500
347.66,	11.0400
348.30,	11.0300
348.95,	11.0200
349.59,	11.0200
350.24,	11.0100
350.88,	11.0000
351.53,	10.9800
352.17,	10.9600
352.82,	10.9500
353.46,	10.9400
354.11,	10.9300
354.75,	10.9200
355.40,	10.9100
356.04,	10.9000
356.69,	10.8800
357.33,	10.8800
357.98,	10.8800
358.62,	10.8700
359.27,	10.8700
359.91,	10.8600
360.55,	10.8600
361.20,	10.8700
361.84,	10.8600
362.49,	10.8500
363.13,	10.8400
363.78,	10.8300
364.42,	10.8200
365.06,	10.8200
365.71,	10.8100
366.35,	10.8100
367.00,	10.8100
367.64,	10.8000
368.28,	10.7900
368.93,	10.7800
369.57,	10.7600
370.22,	10.7500
370.86,	10.7300
371.50,	10.7300
372.15,	10.7100
372.79,	10.6900
373.43,	10.6700
374.08,	10.6500
374.72,	10.6400
375.36,	10.6300
376.01,	10.6300
376.65,	10.6300
377.29,	10.6200
377.94,	10.6300
378.58,	10.6200
379.22,	10.6200
379.87,	10.6100
380.51,	10.6000
381.15,	10.5900
381.79,	10.5900
382.44,	10.5900
383.08,	10.5900
383.72,	10.6000
384.37,	10.6000
385.01,	10.6000
385.65,	10.5900
386.29,	10.5800
386.94,	10.5800
387.58,	10.5700
388.22,	10.5700
388.86,	10.5800
389.51,	10.5600
390.15,	10.5600
390.79,	10.5600
391.43,	10.5700
392.08,	10.6100
392.72,	10.6400
393.36,	10.6400
394.00,	10.6400
394.64,	10.6300
395.29,	10.6200
395.93,	10.6100
396.57,	10.6100
397.21,	10.6000
397.85,	10.5800
398.50,	10.5600
399.14,	10.5300
399.78,	10.5300
400.42,	10.5200
401.06,	10.5200
401.70,	10.5200
402.34,	10.5200
402.99,	10.5100
403.63,	10.5000
404.27,	10.4900
404.91,	10.4900
405.55,	10.4800
406.19,	10.4800
406.83,	10.4700
407.48,	10.4500
408.12,	10.4400
408.76,	10.4300
409.40,	10.4200
410.04,	10.4100
410.68,	10.4100
411.32,	10.4300
411.96,	10.4300
412.60,	10.4300
413.24,	10.4200
413.88,	10.4300
414.52,	10.4200
415.17,	10.4100
415.81,	10.4000
416.45,	10.3800
417.09,	10.3700
417.73,	10.3700
418.37,	10.3600
419.01,	10.3600
419.65,	10.3600
420.29,	10.3500
420.93,	10.3400
421.57,	10.3300
422.21,	10.3200
422.85,	10.3200
423.49,	10.3200
424.13,	10.3000
424.77,	10.2900
425.41,	10.2900
426.05,	10.2900
426.69,	10.2800
427.33,	10.2900
427.97,	10.2900
428.61,	10.2900
429.25,	10.2900
429.89,	10.2800
430.53,	10.2700
431.17,	10.2600
431.80,	10.2400
432.44,	10.2100
433.08,	10.1800
433.72,	10.1800
434.36,	10.1700
435.00,	10.1500
435.64,	10.1500
436.28,	10.1400
436.92,	10.1400
437.56,	10.1400
438.20,	10.1300
438.84,	10.1100
439.47,	10.1000
440.11,	10.1000
440.75,	10.0800
441.39,	10.0600
442.03,	10.0600
442.67,	10.0500
443.31,	10.0400
443.95,	10.0400
444.58,	10.0400
445.22,	10.0300
445.86,	10.0200
446.50,	10.0200
447.14,	10.0200
447.78,	10.0200
448.41,	10.0300
449.05,	10.0100
449.69,	10.0000
450.33,	10.0000
450.97,	10.0000
451.60,	9.9800
452.24,	9.9600
452.88,	9.9600
453.52,	9.9500
454.16,	9.9400
454.79,	9.9400
455.43,	9.9300
456.07,	9.9300
456.71,	9.9300
457.35,	9.9200
457.98,	9.9100
458.62,	9.8900
459.26,	9.8800
459.90,	9.8700
460.53,	9.8500
461.17,	9.8300
461.81,	9.8200
462.44,	9.8000
463.08,	9.7700
463.72,	9.7500
464.36,	9.7600
464.99,	9.7500
465.63,	9.7400
466.27,	9.7400
466.90,	9.7500
467.54,	9.7700
468.18,	9.7700
468.81,	9.7700
469.45,	9.7600
470.09,	9.7500
470.72,	9.7400
471.36,	9.7300
472.00,	9.7000
472.63,	9.6900
473.27,	9.6900
473.91,	9.6700
474.54,	9.6700
475.18,	9.6800
475.82,	9.6700
476.45,	9.6500
477.09,	9.6400
477.73,	9.6200
478.36,	9.6200
479.00,	9.6100
479.63,	9.6200
480.27,	9.6100
480.91,	9.6000
481.54,	9.5700
482.18,	9.5400
482.81,	9.5000
483.45,	9.4600
484.08,	9.4400
484.72,	9.4300
485.36,	9.4200
485.99,	9.4200
486.63,	9.3900
487.26,	9.3800
487.90,	9.3600
488.53,	9.3400
489.17,	9.3300
489.80,	9.3200
490.44,	9.3100
491.07,	9.3000
491.71,	9.3000
492.34,	9.2800
492.98,	9.2600
493.62,	9.2500
494.25,	9.2400
494.89,	9.2300
495.52,	9.2200
496.15,	9.2100
496.79,	9.2100
497.42,	9.2100
498.06,	9.2000
498.69,	9.2000
499.33,	9.1800
499.96,	9.1700
500.60,	9.1700
501.23,	9.1600
501.87,	9.1500
502.50,	9.1500
503.14,	9.1600
503.77,	9.1600
504.40,	9.1500
505.04,	9.1400
505.67,	9.1300
506.31,	9.1200
506.94,	9.1000
507.57,	9.0900
508.21,	9.0900
508.84,	9.0800
509.48,	9.0600
510.11,	9.0600
510.74,	9.0300
511.38,	8.9900
512.01,	8.9700
512.65,	8.9600
513.28,	8.9500
513.91,	8.9200
514.55,	8.9100
515.18,	8.9100
515.81,	8.9000
516.45,	8.8800
517.08,	8.8700
517.71,	8.8700
518.35,	8.8600
518.98,	8.8600
519.61,	8.8700
520.25,	8.8600
520.88,	8.8500
521.51,	8.8500
522.15,	8.8400
522.78,	8.8300
523.41,	8.8200
524.04,	8.8100
524.68,	8.7900
525.31,	8.7600
525.94,	8.7600
526.58,	8.7500
527.21,	8.7300
527.84,	8.7100
528.47,	8.7000
529.11,	8.6800
529.74,	8.6600
530.37,	8.6500
531.00,	8.6400
531.64,	8.6300
532.27,	8.6100
532.90,	8.6200
533.53,	8.5900
534.17,	8.5800
534.80,	8.5700
535.43,	8.5700
536.06,	8.5600
536.69,	8.5500
537.33,	8.5400
537.96,	8.5500
538.59,	8.5600
539.22,	8.5600
539.85,	8.5600
540.48,	8.5600
541.12,	8.5500
541.75,	8.5400
542.38,	8.5400
543.01,	8.5400
543.64,	8.5200
544.27,	8.5200
544.91,	8.5200
545.54,	8.5100
546.17,	8.5100
546.80,	8.5000
547.43,	8.4900
548.06,	8.4800
548.69,	8.4800
549.32,	8.4700
549.95,	8.4700
550.59,	8.4600
551.22,	8.4200
551.85,	8.4000
552.48,	8.3800
553.11,	8.3700
553.74,	8.3600
554.37,	8.3400
555.00,	8.3200
555.63,	8.3000
556.26,	8.2800
556.89,	8.2800
557.52,	8.2600
558.15,	8.2600
558.78,	8.2500
559.42,	8.2500
560.05,	8.2400
560.68,	8.2400
561.31,	8.2300
561.94,	8.2100
562.57,	8.2100
563.20,	8.1900
563.83,	8.1600
564.46,	8.1400
565.09,	8.1300
565.72,	8.1100
566.35,	8.0900
566.98,	8.0800
567.61,	8.0800
568.24,	8.0700
568.87,	8.0700
569.50,	8.0600
570.12,	8.0500
570.75,	8.0400
571.38,	8.0200
572.01,	8.0200
572.64,	8.0100
573.27,	8.0100
573.90,	8.0000
574.53,	7.9900
575.16,	7.9800
575.79,	7.9700
576.42,	7.9600
577.05,	7.9500
577.68,	7.9300
578.31,	7.9200
578.93,	7.9100
579.56,	7.9000
580.19,	7.8900
580.82,	7.8900
581.45,	7.8800
582.08,	7.8700
582.71,	7.8700
583.34,	7.8600
583.97,	7.8500
584.59,	7.8500
585.22,	7.8400
585.85,	7.8400
586.48,	7.8300
587.11,	7.8000
587.74,	7.7800
588.36,	7.7700
588.99,	7.7700
589.62,	7.7600
590.25,	7.7500
590.88,	7.7400
591.50,	7.7400
592.13,	7.7400
592.76,	7.7400
593.39,	7.7100
594.02,	7.6800
594.64,	7.6700
595.27,	7.6600
595.90,	7.6600
596.53,	7.6700
597.16,	7.6800
597.78,	7.6800
598.41,	7.6800
599.04,	7.6800
599.67,	7.6800
600.29,	7.6700
600.92,	7.6600
601.55,	7.6400
602.18,	7.6300
602.80,	7.6300
603.43,	7.6300
604.06,	7.6100
604.68,	7.6000
605.31,	7.6000
605.94,	7.5900
606.57,	7.5900
607.19,	7.5900
607.82,	7.5800
608.45,	7.5800
609.07,	7.5800
609.70,	7.5800
610.33,	7.5700
610.95,	7.5600
611.58,	7.5500
612.21,	7.5500
612.83,	7.5500
613.46,	7.5500
614.09,	7.5400
614.71,	7.5300
615.34,	7.5100
615.97,	7.5100
616.59,	7.5000
617.22,	7.4900
617.84,	7.4600
618.47,	7.4400
619.10,	7.4200
619.72,	7.4000
620.35,	7.3700
620.97,	7.3500
621.60,	7.3300
622.23,	7.3000
622.85,	7.2700
623.48,	7.2400
624.10,	7.2100
624.73,	7.1900
625.35,	7.1800
625.98,	7.1800
626.61,	7.1700
627.23,	7.1600
627.86,	7.1600
628.48,	7.1400
629.11,	7.1100
629.73,	7.0700
630.36,	7.0400
630.98,	7.0000
631.61,	6.9700
632.23,	6.9500
632.86,	6.9300
633.48,	6.9100
634.11,	6.9000
634.73,	6.8900
635.36,	6.8900
635.98,	6.8800
636.61,	6.8800
637.23,	6.8700
637.86,	6.8600
638.48,	6.8300
639.11,	6.7900
639.73,	6.7700
640.36,	6.7500
640.98,	6.7300
641.61,	6.7200
642.23,	6.7100
642.85,	6.7000
643.48,	6.6900
644.10,	6.6900
644.73,	6.6700
645.35,	6.6600
645.98,	6.6400
646.60,	6.6300
647.22,	6.6300
647.85,	6.6200
648.47,	6.6200
649.10,	6.6200
649.72,	6.6000
650.34,	6.6000
650.97,	6.6000
651.59,	6.6000
652.22,	6.5900
652.84,	6.5800
653.46,	6.5600
654.09,	6.5500
654.71,	6.5300
655.33,	6.5300
655.96,	6.5200
656.58,	6.5200
657.20,	6.5100
657.83,	6.5000
658.45,	6.4900
659.07,	6.5000
659.70,	6.5200
660.32,	6.5200
660.94,	6.5300
661.57,	6.5300
662.19,	6.5200
662.81,	6.5100
663.43,	6.5100
664.06,	6.5000
664.68,	6.4900
665.30,	6.4800
665.93,	6.4700
666.55,	6.4700
667.17,	6.4600
667.79,	6.4600
668.42,	6.4500
669.04,	6.4400
669.66,	6.4300
670.28,	6.4200
670.91,	6.4200
671.53,	6.4200
672.15,	6.4200
672.77,	6.4200
673.39,	6.4200
674.02,	6.4200
674.64,	6.4200
675.26,	6.4100
675.88,	6.4100
676.50,	6.4000
677.13,	6.3900
677.75,	6.3800
678.37,	6.3700
678.99,	6.3600
679.61,	6.3500
680.24,	6.3400
680.86,	6.3300
681.48,	6.3200
682.10,	6.3200
682.72,	6.3100
683.34,	6.3100
683.96,	6.3000
684.59,	6.2800
685.21,	6.2600
685.83,	6.2400
686.45,	6.2300
687.07,	6.2200
687.69,	6.2200
688.31,	6.2200
688.93,	6.2200
689.56,	6.2000
690.18,	6.1700
690.80,	6.1600
691.42,	6.1400
692.04,	6.1100
692.66,	6.1000
693.28,	6.0800
693.90,	6.0700
694.52,	6.0600
695.14,	6.0600
695.76,	6.0600
696.38,	6.0600
697.00,	6.0600
697.62,	6.0500
698.25,	6.0400
698.87,	6.0300
699.49,	6.0300
700.11,	6.0300
700.73,	6.0300
701.35,	6.0300
701.97,	6.0200
702.59,	6.0200
703.21,	6.0000
703.83,	5.9900
704.45,	5.9700
705.07,	5.9700
705.69,	5.9600
706.31,	5.9600
706.93,	5.9600
707.55,	5.9600
708.17,	5.9600
708.79,	5.9500
709.40,	5.9500
710.02,	5.9400
710.64,	5.8800
711.26,	5.8100
711.88,	5.7500
712.50,	5.6900
713.12,	5.6300
713.74,	5.5800
714.36,	5.5600
714.98,	5.5500
715.60,	5.5500
716.22,	5.5400
716.84,	5.5400
717.45,	5.5400
718.07,	5.5400
718.69,	5.5400
719.31,	5.5400
719.93,	5.5300
720.55,	5.4900
721.17,	5.4700
721.79,	5.4700
722.41,	5.4800
723.02,	5.4900
723.64,	5.4900
724.26,	5.5000
724.88,	5.4900
725.50,	5.4800
726.12,	5.4800
726.73,	5.4700
727.35,	5.4500
727.97,	5.4000
728.59,	5.3100
729.21,	5.2700
729.83,	5.2700
730.44,	5.2600
731.06,	5.2600
731.68,	5.2600
732.30,	5.2500
732.92,	5.2200
733.53,	5.1700
734.15,	5.1500
734.77,	5.1300
735.39,	5.1000
736.00,	5.0800
736.62,	5.0700
737.24,	5.0700
737.86,	5.0600
738.47,	5.0500
739.09,	5.0300
739.71,	5.0200
740.33,	5.0100
740.94,	5.0100
741.56,	5.0100
742.18,	5.0000
742.79,	5.0000
743.41,	4.9900
744.03,	4.9800
744.65,	4.9700
745.26,	4.9500
745.88,	4.9300
746.50,	4.9300
747.11,	4.9300
747.73,	4.9200
748.35,	4.9200
748.96,	4.9200
749.58,	4.9200
750.20,	4.9200
750.81,	4.9200
751.43,	4.9200
752.05,	4.9200
752.66,	4.9100
753.28,	4.9100
753.90,	4.9100
754.51,	4.9200
755.13,	4.9100
755.74,	4.9000
756.36,	4.8900
756.98,	4.8800
757.59,	4.8800
758.21,	4.8800
758.82,	4.8900
759.44,	4.8900
760.06,	4.8900
760.67,	4.8800
761.29,	4.8800
761.90,	4.8800
762.52,	4.8700
763.14,	4.8600
763.75,	4.8500
764.37,	4.8500
764.98,	4.8500
765.60,	4.8500
766.21,	4.8500
766.83,	4.8500
767.44,	4.8500
768.06,	4.8400
768.67,	4.8400
769.29,	4.8300
769.90,	4.8300
770.52,	4.8300
771.14,	4.8200
771.75,	4.8100
772.37,	4.8000
772.98,	4.7900
773.59,	4.7900
774.21,	4.7900
774.82,	4.7900
775.44,	4.7800
776.05,	4.7700
776.67,	4.7500
777.28,	4.7300
777.90,	4.7200
778.51,	4.7200
779.13,	4.7100
779.74,	4.7100
780.36,	4.7100
780.97,	4.7000
781.58,	4.6900
782.20,	4.6900
782.81,	4.6800
783.43,	4.6800
784.04,	4.6700
784.66,	4.6700
785.27,	4.6700
785.88,	4.6700
786.50,	4.6600
787.11,	4.6600
787.73,	4.6600
788.34,	4.6500
788.95,	4.6500
789.57,	4.6400
790.18,	4.6400
790.79,	4.6400
791.41,	4.6300
792.02,	4.6300
792.63,	4.6100
793.25,	4.5900
793.86,	4.5900
794.47,	4.5800
795.09,	4.5800
795.70,	4.5700
796.31,	4.5700
796.93,	4.5700
797.54,	4.5700
798.15,	4.5600
798.77,	4.5600
799.38,	4.5600
799.99,	4.5600
800.61,	4.5600
801.22,	4.5600
801.83,	4.5500
802.44,	4.5500
803.06,	4.5500
803.67,	4.5400
804.28,	4.5400
804.90,	4.5400
805.51,	4.5400
806.12,	4.5400
806.73,	4.5400
807.34,	4.5300
807.96,	4.5300
808.57,	4.5300
809.18,	4.5300
809.79,	4.5300
810.41,	4.5200
811.02,	4.5200
811.63,	4.5200
812.24,	4.5200
812.85,	4.5200
813.47,	4.5200
814.08,	4.5100
814.69,	4.5100
815.30,	4.5000
815.91,	4.5000
816.53,	4.4900
817.14,	4.4800
817.75,	4.4800
818.36,	4.4700
818.97,	4.4600
819.58,	4.4600
820.20,	4.4400
820.81,	4.4300
821.42,	4.4200
822.03,	4.4100
822.64,	4.4100
823.25,	4.4000
823.86,	4.4100
824.47,	4.4200
825.09,	4.4200
825.70,	4.4200
826.31,	4.4200
826.92,	4.4200
827.53,	4.4200
828.14,	4.4200
828.75,	4.4100
829.36,	4.4100
829.97,	4.4000
830.58,	4.3900
831.19,	4.3700
831.80,	4.3600
832.42,	4.3500
833.03,	4.3600
833.64,	4.3600
834.25,	4.3500
834.86,	4.3500
835.47,	4.3400
836.08,	4.3300
836.69,	4.3300
837.30,	4.3200
837.91,	4.3200
838.52,	4.3200
839.13,	4.3200
839.74,	4.3200
840.35,	4.3200
840.96,	4.3200
841.57,	4.3200
842.18,	4.3100
842.79,	4.3000
843.40,	4.2900
844.01,	4.2800
844.62,	4.2700
845.23,	4.2700
845.84,	4.2600
846.45,	4.2600
847.06,	4.2600
847.67,	4.2500
848.27,	4.2500
848.88,	4.2500
849.49,	4.2500
850.10,	4.2400
850.71,	4.2400
851.32,	4.2500
851.93,	4.2500
852.54,	4.2400
853.15,	4.2400
853.76,	4.2500
854.37,	4.2500
854.98,	4.2500
855.58,	4.2500
856.19,	4.2400
856.80,	4.2400
857.41,	4.2300
858.02,	4.2300
858.63,	4.2200
859.24,	4.2300
859.85,	4.2200
860.45,	4.2100
861.06,	4.2100
861.67,	4.2000
862.28,	4.2000
862.89,	4.1900
863.50,	4.1800
864.10,	4.1900
864.71,	4.1900
865.32,	4.1900
865.93,	4.1900
866.54,	4.1900
867.14,	4.1900
867.75,	4.2000
868.36,	4.1900
868.97,	4.1900
869.58,	4.1900
870.18,	4.1900
870.79,	4.1800
871.40,	4.1800
872.01,	4.1700
872.61,	4.1700
873.22,	4.1700
873.83,	4.1600
874.44,	4.1500
875.04,	4.1300
875.65,	4.1200
876.26,	4.1200
876.87,	4.1200
877.47,	4.1200
878.08,	4.1200
878.69,	4.1200
879.29,	4.1100
879.90,	4.1100
880.51,	4.1100
881.12,	4.1100
881.72,	4.1100
882.33,	4.1100
882.94,	4.1100
883.54,	4.1100
884.15,	4.1100
884.76,	4.1100
885.36,	4.1100
885.97,	4.1000
886.58,	4.1000
887.18,	4.1000
887.79,	4.1000
888.40,	4.0900
889.00,	4.0900
889.61,	4.0900
890.22,	4.0900
890.82,	4.0900
891.43,	4.0900
892.03,	4.0800
892.64,	4.0800
893.25,	4.0800
893.85,	4.0800
894.46,	4.0800
895.06,	4.0800
895.67,	4.0700
896.28,	4.0500
896.88,	4.0400
897.49,	4.0300
898.09,	4.0200
898.70,	4.0300
899.30,	4.0300
899.91,	4.0500
900.52,	4.0800
901.12,	4.1100
901.73,	4.1300
902.33,	4.1600
902.94,	4.1700
903.54,	4.1800
904.15,	4.1800
904.75,	4.1800
905.36,	4.1800
905.96,	4.1900
906.57,	4.1900
907.17,	4.1900
907.78,	4.1900
908.38,	4.1800
908.99,	4.1800
909.59,	4.1800
910.20,	4.1800
910.80,	4.1800
911.41,	4.1700
912.01,	4.1700
912.62,	4.2400
913.22,	4.7700
913.83,	6.4800
914.43,	9.4800
915.03,	12.9600
915.64,	15.2600
916.24,	16.4200
916.85,	17.1800
917.45,	17.7800
918.06,	18.2800
918.66,	18.7300
919.26,	19.1400
919.87,	19.5400
920.47,	22.3000
921.08,	35.5000
921.68,	35.5000
922.28,	35.5000
922.89,	35.5000
923.49,	35.5000
924.10,	35.5000
924.70,	35.5000
925.30,	35.5000
925.91,	35.5000
926.51,	35.5000
927.11,	35.5000
927.72,	35.5000
928.32,	35.5000
928.92,	35.5000
929.53,	35.5000
930.13,	35.5000
930.74,	35.5000
931.34,	35.5000
931.94,	35.5000
932.54,	35.5000
933.15,	35.5000
933.75,	35.5000
934.35,	35.5000
934.96,	35.5000
935.56,	35.5000
936.16,	35.5000
936.77,	35.5000
937.37,	35.5000
937.97,	35.5000
938.57,	35.5000
939.18,	35.5000
939.78,	35.5000
940.38,	35.5000
940.98,	35.5000
941.59,	35.5000
942.19,	35.5000
942.79,	35.5000
943.39,	35.5000
944.00,	35.5000
944.60,	35.5000
945.20,	35.5000
945.80,	35.5000
946.40,	35.5000
947.01,	35.5000
947.61,	35.5000
948.21,	35.5000
948.81,	35.5000
949.41,	35.5000
950.02,	35.5000
950.62,	35.5000
951.22,	35.5000
951.82,	35.5000
952.42,	35.5000
953.02,	35.5000
953.63,	35.5000
954.23,	35.5000
954.83,	35.5000
955.43,	35.5000
956.03,	35.5000
956.63,	35.5000
957.24,	35.5000
957.84,	35.5000
958.44,	35.5000
959.04,	35.5000
959.64,	35.5000
960.24,	35.5000
960.84,	35.5000
961.44,	35.5000
962.04,	35.5000
962.64,	35.5000
963.25,	35.5000
963.85,	35.5000
964.45,	35.5000
965.05,	35.5000
965.65,	35.5000
966.25,	35.5000
966.85,	35.5000
967.45,	35.5000
968.05,	35.5000
968.65,	35.5000
969.25,	35.5000
969.85,	35.5000
970.45,	35.5000
971.05,	35.5000
971.65,	35.5000
972.25,	35.5000
972.85,	35.5000
973.45,	35.5000
974.05,	35.5000
974.65,	35.5000
975.25,	35.5000
975.85,	35.5000
976.45,	35.5000
977.05,	35.5000
977.65,	35.5000
978.25,	35.5000
978.85,	35.5000
979.45,	35.5000
980.05,	35.5000
980.65,	35.5000
981.25,	35.5000
981.85,	35.5000
982.45,	35.5000
983.05,	35.5000
983.65,	35.5000
984.25,	35.5000
984.85,	35.5000
985.45,	35.5000
986.04,	35.5000
986.64,	35.5000
987.24,	35.5000
987.84,	35.5000
988.44,	35.5000
989.04,	35.5000
989.64,	35.5000
990.24,	35.5000
990.84,	35.5000
991.44,	35.5000
992.03,	35.5000
992.63,	35.5000
993.23,	35.5000
993.83,	35.5000
994.43,	35.5000
995.03,	35.5000
995.63,	35.5000
996.22,	35.5000
996.82,	35.5000
997.42,	35.5000
998.02,	35.5000
998.62,	35.5000
999.21,	35.5000
999.81,	35.5000
1000.41,	35.5000
