Call Sign = ZSDA,	Ship Name = SA Agulhas,	Lloyds Num = 0
Date = 12/02/2016,	Time = 07:59,	
Latitude = 38 24.75  S,	Longitude = 011 53.99  E
Instr = Sippican Deep Blue,	Card Type = Sippican MK-21,	
Wind Instr = ,	Measur Method = 
Probe Serial Num = -1,	Ship Dir = -1,	Ship Speed = -1.00
Wind Dir = 2,	Wind Speed = 24.90
Dry Bulb Temp = 16.90,	Total Water Depth = -1.00

Full Resolution Values
Depth,	 Temp
0.67,	17.0900
1.34,	17.0600
2.01,	17.0500
2.68,	17.0500
3.34,	17.0500
4.01,	17.0500
4.68,	17.0500
5.35,	17.0400
6.02,	17.0500
6.69,	17.0400
7.36,	17.0500
8.03,	17.0500
8.69,	17.0500
9.36,	17.0400
10.03,	17.0400
10.70,	17.0500
11.37,	17.0500
12.04,	17.0500
12.70,	17.0500
13.37,	17.0500
14.04,	17.0600
14.71,	17.0500
15.38,	17.0400
16.05,	17.0400
16.71,	17.0300
17.38,	17.0200
18.05,	17.0200
18.72,	17.0300
19.38,	17.0200
20.05,	17.0200
20.72,	17.0100
21.39,	17.0100
22.06,	17.0000
22.72,	17.0100
23.39,	17.0000
24.06,	17.0000
24.73,	16.9900
25.39,	16.9900
26.06,	17.0000
26.73,	17.0000
27.40,	16.9900
28.06,	16.9900
28.73,	16.9900
29.40,	16.9800
30.06,	16.9600
30.73,	16.9500
31.40,	16.9400
32.06,	16.9200
32.73,	16.9100
33.40,	16.9100
34.07,	16.9100
34.73,	16.9000
35.40,	16.9000
36.07,	16.9000
36.73,	16.8900
37.40,	16.8900
38.07,	16.9000
38.73,	16.8900
39.40,	16.9000
40.06,	16.8900
40.73,	16.8900
41.40,	16.8900
42.06,	16.8900
42.73,	16.8900
43.40,	16.8800
44.06,	16.8800
44.73,	16.8800
45.39,	16.8700
46.06,	16.8600
46.73,	16.8300
47.39,	16.7900
48.06,	16.7100
48.72,	16.6200
49.39,	16.5300
50.06,	16.4300
50.72,	16.3500
51.39,	16.2700
52.05,	16.1800
52.72,	16.1200
53.38,	16.1100
54.05,	16.1100
54.71,	16.1100
55.38,	16.1000
56.05,	16.1100
56.71,	16.1100
57.38,	16.1200
58.04,	16.1200
58.71,	16.1300
59.37,	16.1300
60.04,	16.1200
60.70,	16.1100
61.37,	16.1100
62.03,	16.1200
62.70,	16.1200
63.36,	16.1200
64.03,	16.1200
64.69,	16.1200
65.36,	16.1200
66.02,	16.1200
66.69,	16.1200
67.35,	16.1300
68.01,	16.1300
68.68,	16.1300
69.34,	16.1400
70.01,	16.1400
70.67,	16.1400
71.34,	16.1300
72.00,	16.1300
72.66,	16.1300
73.33,	16.1300
73.99,	16.1200
74.66,	16.1200
75.32,	16.1200
75.98,	16.1200
76.65,	16.1200
77.31,	16.1200
77.98,	16.1200
78.64,	16.1200
79.30,	16.1200
79.97,	16.1100
80.63,	16.1100
81.30,	16.1100
81.96,	16.1000
82.62,	16.0900
83.29,	16.0900
83.95,	16.1000
84.61,	16.0900
85.28,	16.0900
85.94,	16.0800
86.60,	16.0700
87.27,	16.0600
87.93,	16.0600
88.59,	16.0600
89.26,	16.0700
89.92,	16.0600
90.58,	16.0600
91.24,	16.0600
91.91,	16.0600
92.57,	16.0600
93.23,	16.0600
93.90,	16.0600
94.56,	16.0600
95.22,	16.0600
95.88,	16.0600
96.55,	16.0600
97.21,	16.0600
97.87,	16.0600
98.53,	16.0500
99.20,	16.0500
99.86,	16.0500
100.52,	16.0500
101.18,	16.0500
101.85,	16.0500
102.51,	16.0500
103.17,	16.0500
103.83,	16.0500
104.49,	16.0400
105.16,	16.0400
105.82,	16.0400
106.48,	16.0500
107.14,	16.0400
107.80,	16.0400
108.47,	16.0400
109.13,	16.0300
109.79,	16.0300
110.45,	16.0400
111.11,	16.0200
111.77,	16.0100
112.44,	15.9800
113.10,	15.9600
113.76,	15.9400
114.42,	15.9300
115.08,	15.9200
115.74,	15.9200
116.40,	15.9200
117.06,	15.9100
117.73,	15.9100
118.39,	15.8700
119.05,	15.8200
119.71,	15.7800
120.37,	15.7600
121.03,	15.7400
121.69,	15.6700
122.35,	15.6000
123.01,	15.5600
123.67,	15.5300
124.33,	15.5000
125.00,	15.4700
125.66,	15.4500
126.32,	15.4300
126.98,	15.4200
127.64,	15.4100
128.30,	15.4000
128.96,	15.4000
129.62,	15.3900
130.28,	15.3600
130.94,	15.3400
131.60,	15.3100
132.26,	15.3000
132.92,	15.2900
133.58,	15.2800
134.24,	15.2500
134.90,	15.2400
135.56,	15.2200
136.22,	15.2100
136.88,	15.1900
137.54,	15.1700
138.20,	15.1400
138.86,	15.1300
139.52,	15.1200
140.18,	15.1100
140.84,	15.1000
141.50,	15.0700
142.16,	15.0400
142.82,	15.0100
143.48,	14.9700
144.14,	14.9400
144.79,	14.8900
145.45,	14.8400
146.11,	14.7900
146.77,	14.7500
147.43,	14.7400
148.09,	14.7200
148.75,	14.6900
149.41,	14.6600
150.07,	14.6500
150.73,	14.6100
151.39,	14.5600
152.04,	14.5400
152.70,	14.5300
153.36,	14.5300
154.02,	14.5400
154.68,	14.5300
155.34,	14.5300
156.00,	14.5300
156.65,	14.5300
157.31,	14.5300
157.97,	14.5200
158.63,	14.4600
159.29,	14.4100
159.95,	14.3800
160.60,	14.3700
161.26,	14.3700
161.92,	14.3600
162.58,	14.3200
163.24,	14.2800
163.90,	14.2600
164.55,	14.2500
165.21,	14.2400
165.87,	14.2400
166.53,	14.2300
167.18,	14.2300
167.84,	14.2300
168.50,	14.2300
169.16,	14.2200
169.82,	14.2000
170.47,	14.1700
171.13,	14.1500
171.79,	14.1500
172.44,	14.1500
173.10,	14.1400
173.76,	14.1100
174.42,	14.0800
175.07,	14.0700
175.73,	14.0700
176.39,	14.0700
177.05,	14.0600
177.70,	14.0600
178.36,	14.0600
179.02,	14.0500
179.67,	14.0500
180.33,	14.0500
180.99,	14.0400
181.64,	14.0300
182.30,	14.0100
182.96,	13.9800
183.61,	13.9700
184.27,	13.9600
184.93,	13.9600
185.58,	13.9400
186.24,	13.9300
186.90,	13.9300
187.55,	13.9200
188.21,	13.9100
188.87,	13.9100
189.52,	13.9000
190.18,	13.8800
190.83,	13.8700
191.49,	13.8500
192.15,	13.8300
192.80,	13.8200
193.46,	13.8100
194.11,	13.8100
194.77,	13.8000
195.43,	13.7700
196.08,	13.7400
196.74,	13.7100
197.39,	13.6800
198.05,	13.6500
198.70,	13.6300
199.36,	13.6100
200.02,	13.5900
200.67,	13.5600
201.33,	13.5400
201.98,	13.5400
202.64,	13.5300
203.29,	13.5200
203.95,	13.5100
204.60,	13.5000
205.26,	13.4800
205.91,	13.4800
206.57,	13.4700
207.22,	13.4700
207.88,	13.4700
208.53,	13.4700
209.19,	13.4600
209.84,	13.4600
210.50,	13.4600
211.15,	13.4600
211.81,	13.4600
212.46,	13.4500
213.12,	13.4300
213.77,	13.4200
214.43,	13.4100
215.08,	13.4100
215.74,	13.4100
216.39,	13.4000
217.04,	13.4000
217.70,	13.4000
218.35,	13.3900
219.01,	13.3900
219.66,	13.3900
220.32,	13.3900
220.97,	13.3800
221.62,	13.3700
222.28,	13.3700
222.93,	13.3800
223.59,	13.4100
224.24,	13.4400
224.89,	13.4800
225.55,	13.5000
226.20,	13.4900
226.85,	13.4900
227.51,	13.4800
228.16,	13.4600
228.81,	13.4400
229.47,	13.4200
230.12,	13.4000
230.78,	13.3900
231.43,	13.3800
232.08,	13.3700
232.74,	13.3700
233.39,	13.3800
234.04,	13.4100
234.69,	13.4100
235.35,	13.4200
236.00,	13.4200
236.65,	13.4300
237.31,	13.4400
237.96,	13.4500
238.61,	13.4700
239.27,	13.4800
239.92,	13.5000
240.57,	13.5000
241.22,	13.5100
241.88,	13.5100
242.53,	13.5100
243.18,	13.5100
243.83,	13.5100
244.49,	13.5000
245.14,	13.4900
245.79,	13.4500
246.44,	13.3800
247.10,	13.3300
247.75,	13.3000
248.40,	13.2600
249.05,	13.2100
249.70,	13.1900
250.36,	13.1900
251.01,	13.1900
251.66,	13.1900
252.31,	13.1800
252.96,	13.2000
253.62,	13.2500
254.27,	13.3100
254.92,	13.3800
255.57,	13.4300
256.22,	13.4500
256.88,	13.4400
257.53,	13.4100
258.18,	13.3700
258.83,	13.3300
259.48,	13.3000
260.13,	13.2900
260.78,	13.2600
261.44,	13.2400
262.09,	13.2300
262.74,	13.2400
263.39,	13.2100
264.04,	13.1900
264.69,	13.1800
265.34,	13.1700
265.99,	13.1700
266.64,	13.2000
267.29,	13.2200
267.95,	13.2300
268.60,	13.2300
269.25,	13.2400
269.90,	13.2400
270.55,	13.2300
271.20,	13.2300
271.85,	13.2400
272.50,	13.2900
273.15,	13.3400
273.80,	13.3600
274.45,	13.3600
275.10,	13.3700
275.75,	13.3700
276.40,	13.3700
277.05,	13.3700
277.70,	13.3800
278.35,	13.3800
279.00,	13.3700
279.65,	13.3800
280.30,	13.3900
280.95,	13.3800
281.60,	13.3700
282.25,	13.3500
282.90,	13.3200
283.55,	13.2800
284.20,	13.2400
284.85,	13.2200
285.50,	13.2000
286.15,	13.1800
286.80,	13.1800
287.45,	13.1700
288.10,	13.1700
288.75,	13.1500
289.40,	13.1400
290.05,	13.1300
290.70,	13.1200
291.35,	13.1200
292.00,	13.1000
292.64,	13.0700
293.29,	13.0600
293.94,	13.0400
294.59,	13.0300
295.24,	13.0500
295.89,	13.0600
296.54,	13.0700
297.19,	13.0600
297.84,	13.0500
298.49,	13.0400
299.13,	13.0300
299.78,	13.0200
300.43,	13.0100
301.08,	13.0200
301.73,	13.0200
302.38,	13.0200
303.02,	12.9700
303.67,	12.9300
304.32,	12.9000
304.97,	12.8800
305.62,	12.8600
306.27,	12.8500
306.91,	12.8400
307.56,	12.8200
308.21,	12.7900
308.86,	12.7300
309.51,	12.6600
310.15,	12.6200
310.80,	12.5900
311.45,	12.5500
312.10,	12.5100
312.75,	12.4900
313.39,	12.4700
314.04,	12.4600
314.69,	12.4500
315.34,	12.4400
315.98,	12.4400
316.63,	12.4300
317.28,	12.4200
317.93,	12.4100
318.57,	12.4000
319.22,	12.3900
319.87,	12.3800
320.52,	12.3800
321.16,	12.3800
321.81,	12.3700
322.46,	12.3300
323.10,	12.3100
323.75,	12.2900
324.40,	12.2800
325.04,	12.2600
325.69,	12.2700
326.34,	12.2900
326.99,	12.3000
327.63,	12.2900
328.28,	12.2900
328.93,	12.3000
329.57,	12.3000
330.22,	12.3000
330.86,	12.2900
331.51,	12.2800
332.16,	12.2700
332.80,	12.2600
333.45,	12.2500
334.10,	12.2400
334.74,	12.2400
335.39,	12.2300
336.03,	12.2100
336.68,	12.1900
337.33,	12.1700
337.97,	12.1600
338.62,	12.1400
339.26,	12.1300
339.91,	12.1300
340.56,	12.1200
341.20,	12.1100
341.85,	12.1000
342.49,	12.0900
343.14,	12.0800
343.78,	12.0800
344.43,	12.0700
345.08,	12.0600
345.72,	12.0500
346.37,	12.0500
347.01,	12.0400
347.66,	12.0300
348.30,	12.0300
348.95,	12.0300
349.59,	12.0300
350.24,	12.0400
350.88,	12.0600
351.53,	12.0800
352.17,	12.0900
352.82,	12.0900
353.46,	12.0900
354.11,	12.0800
354.75,	12.0700
355.40,	12.0600
356.04,	12.0600
356.69,	12.0600
357.33,	12.0500
357.98,	12.0300
358.62,	12.0200
359.27,	12.0300
359.91,	12.0300
360.55,	12.0300
361.20,	12.0100
361.84,	12.0100
362.49,	12.0100
363.13,	12.0000
363.78,	12.0100
364.42,	12.0000
365.06,	12.0000
365.71,	11.9900
366.35,	11.9600
367.00,	11.8600
367.64,	11.7200
368.28,	11.6300
368.93,	11.6100
369.57,	11.5900
370.22,	11.5700
370.86,	11.5700
371.50,	11.5700
372.15,	11.5600
372.79,	11.5400
373.43,	11.5100
374.08,	11.4900
374.72,	11.4700
375.36,	11.4500
376.01,	11.4400
376.65,	11.4300
377.29,	11.4100
377.94,	11.4100
378.58,	11.4000
379.22,	11.3900
379.87,	11.3800
380.51,	11.3800
381.15,	11.3800
381.79,	11.3600
382.44,	11.3400
383.08,	11.3300
383.72,	11.3200
384.37,	11.3000
385.01,	11.2900
385.65,	11.2700
386.29,	11.2600
386.94,	11.2300
387.58,	11.2100
388.22,	11.2000
388.86,	11.1900
389.51,	11.1700
390.15,	11.1600
390.79,	11.1600
391.43,	11.1600
392.08,	11.1600
392.72,	11.1500
393.36,	11.1300
394.00,	11.1100
394.64,	11.0900
395.29,	11.0700
395.93,	11.0600
396.57,	11.0500
397.21,	11.0400
397.85,	11.0300
398.50,	11.0300
399.14,	11.0300
399.78,	11.0300
400.42,	11.0300
401.06,	11.0200
401.70,	11.0200
402.34,	11.0100
402.99,	11.0000
403.63,	11.0000
404.27,	11.0000
404.91,	11.0000
405.55,	11.0000
406.19,	10.9900
406.83,	10.9800
407.48,	10.9700
408.12,	10.9600
408.76,	10.9500
409.40,	10.9400
410.04,	10.9400
410.68,	10.9400
411.32,	10.9300
411.96,	10.9300
412.60,	10.9400
413.24,	10.9500
413.88,	10.9600
414.52,	10.9400
415.17,	10.9000
415.81,	10.8700
416.45,	10.8600
417.09,	10.8800
417.73,	10.8900
418.37,	10.8900
419.01,	10.8900
419.65,	10.8900
420.29,	10.8900
420.93,	10.8900
421.57,	10.8800
422.21,	10.8300
422.85,	10.7700
423.49,	10.7000
424.13,	10.6800
424.77,	10.6600
425.41,	10.6500
426.05,	10.6300
426.69,	10.6300
427.33,	10.6200
427.97,	10.6100
428.61,	10.6000
429.25,	10.5900
429.89,	10.5900
430.53,	10.5800
431.17,	10.5800
431.80,	10.5800
432.44,	10.5600
433.08,	10.5400
433.72,	10.5300
434.36,	10.5200
435.00,	10.5200
435.64,	10.5100
436.28,	10.5000
436.92,	10.4900
437.56,	10.4800
438.20,	10.4700
438.84,	10.4500
439.47,	10.4500
440.11,	10.4400
440.75,	10.4300
441.39,	10.4200
442.03,	10.4200
442.67,	10.4100
443.31,	10.4000
443.95,	10.3800
444.58,	10.3700
445.22,	10.3600
445.86,	10.3400
446.50,	10.3200
447.14,	10.3100
447.78,	10.3000
448.41,	10.3000
449.05,	10.2900
449.69,	10.2900
450.33,	10.2900
450.97,	10.2900
451.60,	10.2900
452.24,	10.2800
452.88,	10.2600
453.52,	10.2500
454.16,	10.2400
454.79,	10.2300
455.43,	10.2300
456.07,	10.2200
456.71,	10.2100
457.35,	10.2000
457.98,	10.1900
458.62,	10.1800
459.26,	10.1800
459.90,	10.1700
460.53,	10.1600
461.17,	10.1400
461.81,	10.1300
462.44,	10.1200
463.08,	10.1100
463.72,	10.0900
464.36,	10.0800
464.99,	10.0800
465.63,	10.0700
466.27,	10.0600
466.90,	10.0500
467.54,	10.0400
468.18,	10.0200
468.81,	10.0000
469.45,	10.0000
470.09,	10.0000
470.72,	9.9900
471.36,	9.9700
472.00,	9.9700
472.63,	9.9500
473.27,	9.9400
473.91,	9.9400
474.54,	9.9400
475.18,	9.9300
475.82,	9.9300
476.45,	9.9400
477.09,	9.9400
477.73,	9.9400
478.36,	9.9200
479.00,	9.8800
479.63,	9.8300
480.27,	9.8000
480.91,	9.7900
481.54,	9.7800
482.18,	9.7700
482.81,	9.7600
483.45,	9.7600
484.08,	9.7600
484.72,	9.7500
485.36,	9.7500
485.99,	9.7400
486.63,	9.7300
487.26,	9.7300
487.90,	9.7300
488.53,	9.7300
489.17,	9.7300
489.80,	9.7300
490.44,	9.7300
491.07,	9.7100
491.71,	9.6900
492.34,	9.6600
492.98,	9.6200
493.62,	9.5900
494.25,	9.5800
494.89,	9.5800
495.52,	9.5800
496.15,	9.5700
496.79,	9.5700
497.42,	9.5700
498.06,	9.5600
498.69,	9.5600
499.33,	9.5700
499.96,	9.5700
500.60,	9.5600
501.23,	9.5500
501.87,	9.5500
502.50,	9.5500
503.14,	9.5400
503.77,	9.5300
504.40,	9.5200
505.04,	9.5100
505.67,	9.5000
506.31,	9.4800
506.94,	9.4600
507.57,	9.4500
508.21,	9.4400
508.84,	9.4300
509.48,	9.4100
510.11,	9.3800
510.74,	9.3600
511.38,	9.3500
512.01,	9.3400
512.65,	9.3100
513.28,	9.2900
513.91,	9.2800
514.55,	9.2600
515.18,	9.2400
515.81,	9.2300
516.45,	9.2100
517.08,	9.1900
517.71,	9.1800
518.35,	9.1700
518.98,	9.1700
519.61,	9.1900
520.25,	9.2200
520.88,	9.2300
521.51,	9.2600
522.15,	9.3000
522.78,	9.3900
523.41,	9.4400
524.04,	9.4500
524.68,	9.4600
525.31,	9.4600
525.94,	9.4600
526.58,	9.4600
527.21,	9.4600
527.84,	9.4500
528.47,	9.4400
529.11,	9.4400
529.74,	9.4400
530.37,	9.4300
531.00,	9.4200
531.64,	9.4000
532.27,	9.3800
532.90,	9.3600
533.53,	9.3500
534.17,	9.3300
534.80,	9.3200
535.43,	9.3200
536.06,	9.3100
536.69,	9.2900
537.33,	9.2600
537.96,	9.2400
538.59,	9.2200
539.22,	9.2000
539.85,	9.2000
540.48,	9.1900
541.12,	9.1800
541.75,	9.1600
542.38,	9.1500
543.01,	9.1400
543.64,	9.1500
544.27,	9.1400
544.91,	9.1100
545.54,	9.0900
546.17,	9.0700
546.80,	9.0400
547.43,	9.0200
548.06,	9.0000
548.69,	8.9800
549.32,	8.9600
549.95,	8.9500
550.59,	8.9400
551.22,	8.9300
551.85,	8.9400
552.48,	8.9400
553.11,	8.9400
553.74,	8.9400
554.37,	8.9300
555.00,	8.9100
555.63,	8.8700
556.26,	8.8300
556.89,	8.8000
557.52,	8.7700
558.15,	8.7300
558.78,	8.7100
559.42,	8.7000
560.05,	8.7000
560.68,	8.7000
561.31,	8.6900
561.94,	8.6800
562.57,	8.6700
563.20,	8.6500
563.83,	8.6300
564.46,	8.6200
565.09,	8.6000
565.72,	8.5900
566.35,	8.5800
566.98,	8.5800
567.61,	8.5900
568.24,	8.5800
568.87,	8.5800
569.50,	8.5800
570.12,	8.5800
570.75,	8.5700
571.38,	8.5700
572.01,	8.5500
572.64,	8.5300
573.27,	8.4900
573.90,	8.4700
574.53,	8.4600
575.16,	8.4500
575.79,	8.4400
576.42,	8.4300
577.05,	8.4200
577.68,	8.4100
578.31,	8.4100
578.93,	8.4000
579.56,	8.4000
580.19,	8.3900
580.82,	8.3900
581.45,	8.3800
582.08,	8.3700
582.71,	8.3500
583.34,	8.3200
583.97,	8.3000
584.59,	8.2900
585.22,	8.2800
585.85,	8.2600
586.48,	8.2400
587.11,	8.2200
587.74,	8.2100
588.36,	8.2000
588.99,	8.1900
589.62,	8.1800
590.25,	8.1800
590.88,	8.1700
591.50,	8.1500
592.13,	8.1300
592.76,	8.1100
593.39,	8.1000
594.02,	8.0900
594.64,	8.0800
595.27,	8.0600
595.90,	8.0500
596.53,	8.0400
597.16,	8.0300
597.78,	8.0200
598.41,	8.0100
599.04,	8.0000
599.67,	7.9900
600.29,	7.9800
600.92,	7.9800
601.55,	7.9700
602.18,	7.9600
602.80,	7.9500
603.43,	7.9500
604.06,	7.9300
604.68,	7.8900
605.31,	7.8400
605.94,	7.8100
606.57,	7.7800
607.19,	7.7700
607.82,	7.7600
608.45,	7.7500
609.07,	7.7500
609.70,	7.7500
610.33,	7.7400
610.95,	7.7300
611.58,	7.7300
612.21,	7.7300
612.83,	7.7300
613.46,	7.7100
614.09,	7.6900
614.71,	7.6600
615.34,	7.6400
615.97,	7.6200
616.59,	7.6100
617.22,	7.6000
617.84,	7.6000
618.47,	7.5900
619.10,	7.5800
619.72,	7.5600
620.35,	7.5500
620.97,	7.5300
621.60,	7.5000
622.23,	7.4700
622.85,	7.4400
623.48,	7.4100
624.10,	7.3800
624.73,	7.3600
625.35,	7.3600
625.98,	7.3600
626.61,	7.3600
627.23,	7.3600
627.86,	7.3500
628.48,	7.3300
629.11,	7.3200
629.73,	7.3000
630.36,	7.2800
630.98,	7.2600
631.61,	7.2600
632.23,	7.2500
632.86,	7.2400
633.48,	7.2500
634.11,	7.2500
634.73,	7.2300
635.36,	7.2300
635.98,	7.2300
636.61,	7.2300
637.23,	7.2100
637.86,	7.1800
638.48,	7.1600
639.11,	7.1600
639.73,	7.1500
640.36,	7.1500
640.98,	7.1500
641.61,	7.1400
642.23,	7.1200
642.85,	7.0900
643.48,	7.0800
644.10,	7.0700
644.73,	7.0700
645.35,	7.0600
645.98,	7.0500
646.60,	7.0400
647.22,	7.0300
647.85,	7.0100
648.47,	7.0000
649.10,	6.9800
649.72,	6.9700
650.34,	6.9400
650.97,	6.9200
651.59,	6.9000
652.22,	6.9000
652.84,	6.8900
653.46,	6.8700
654.09,	6.8600
654.71,	6.8700
655.33,	6.8900
655.96,	6.8800
656.58,	6.8700
657.20,	6.8700
657.83,	6.8900
658.45,	6.9100
659.07,	6.9100
659.70,	6.9100
660.32,	6.9100
660.94,	6.9200
661.57,	6.9100
662.19,	6.9000
662.81,	6.8900
663.43,	6.8700
664.06,	6.8600
664.68,	6.8600
665.30,	6.8500
665.93,	6.8400
666.55,	6.8200
667.17,	6.8000
667.79,	6.7900
668.42,	6.7700
669.04,	6.7300
669.66,	6.6900
670.28,	6.6600
670.91,	6.6200
671.53,	6.6100
672.15,	6.6000
672.77,	6.5900
673.39,	6.5900
674.02,	6.5700
674.64,	6.5500
675.26,	6.5500
675.88,	6.5400
676.50,	6.5200
677.13,	6.5100
677.75,	6.5000
678.37,	6.4900
678.99,	6.4900
679.61,	6.4800
680.24,	6.4600
680.86,	6.4300
681.48,	6.4000
682.10,	6.3900
682.72,	6.3800
683.34,	6.3700
683.96,	6.3800
684.59,	6.4000
685.21,	6.4100
685.83,	6.4200
686.45,	6.4100
687.07,	6.3800
687.69,	6.3500
688.31,	6.3300
688.93,	6.3100
689.56,	6.3000
690.18,	6.2900
690.80,	6.2900
691.42,	6.2700
692.04,	6.2700
692.66,	6.2600
693.28,	6.2500
693.90,	6.2400
694.52,	6.2200
695.14,	6.1900
695.76,	6.1600
696.38,	6.1400
697.00,	6.1200
697.62,	6.1100
698.25,	6.1000
698.87,	6.0900
699.49,	6.0900
700.11,	6.0900
700.73,	6.0900
701.35,	6.0900
701.97,	6.0800
702.59,	6.0800
703.21,	6.0600
703.83,	6.0500
704.45,	6.0500
705.07,	6.0500
705.69,	6.0400
706.31,	6.0400
706.93,	6.0400
707.55,	6.0400
708.17,	6.0200
708.79,	5.9900
709.40,	5.9700
710.02,	5.9500
710.64,	5.9300
711.26,	5.9100
711.88,	5.9000
712.50,	5.8900
713.12,	5.8800
713.74,	5.8700
714.36,	5.8600
714.98,	5.8600
715.60,	5.8600
716.22,	5.8600
716.84,	5.8600
717.45,	5.8500
718.07,	5.8300
718.69,	5.8200
719.31,	5.8200
719.93,	5.8100
720.55,	5.8000
721.17,	5.8000
721.79,	5.7900
722.41,	5.7900
723.02,	5.7800
723.64,	5.7800
724.26,	5.7600
724.88,	5.7400
725.50,	5.7300
726.12,	5.7200
726.73,	5.7200
727.35,	5.7100
727.97,	5.7100
728.59,	5.7200
729.21,	5.7300
729.83,	5.7200
730.44,	5.7200
731.06,	5.7200
731.68,	5.7300
732.30,	5.7300
732.92,	5.7300
733.53,	5.7300
734.15,	5.7200
734.77,	5.7000
735.39,	5.6800
736.00,	5.6700
736.62,	5.6600
737.24,	5.6500
737.86,	5.6400
738.47,	5.6300
739.09,	5.6200
739.71,	5.6100
740.33,	5.6100
740.94,	5.6100
741.56,	5.6000
742.18,	5.6100
742.79,	5.6100
743.41,	5.6000
744.03,	5.5800
744.65,	5.5500
745.26,	5.5300
745.88,	5.5300
746.50,	5.5200
747.11,	5.5100
747.73,	5.5100
748.35,	5.5000
748.96,	5.4900
749.58,	5.4800
750.20,	5.4600
750.81,	5.4300
751.43,	5.4100
752.05,	5.4100
752.66,	5.4100
753.28,	5.4000
753.90,	5.4000
754.51,	5.3900
755.13,	5.3800
755.74,	5.3900
756.36,	5.3800
756.98,	5.3800
757.59,	5.3800
758.21,	5.3900
758.82,	5.3900
759.44,	5.3900
760.06,	5.3800
760.67,	5.3800
761.29,	5.3700
761.90,	5.3500
762.52,	5.3400
763.14,	5.3200
763.75,	5.3100
764.37,	5.3000
764.98,	5.2900
765.60,	5.2900
766.21,	5.2800
766.83,	5.2800
767.44,	5.2700
768.06,	5.2600
768.67,	5.2600
769.29,	5.2700
769.90,	5.2600
770.52,	5.2600
771.14,	5.2500
771.75,	5.2500
772.37,	5.2500
772.98,	5.2500
773.59,	5.2500
774.21,	5.2500
774.82,	5.2500
775.44,	5.2500
776.05,	5.2600
776.67,	5.2600
777.28,	5.2600
777.90,	5.2500
778.51,	5.2500
779.13,	5.2400
779.74,	5.2400
780.36,	5.2400
780.97,	5.2400
781.58,	5.2300
782.20,	5.2300
782.81,	5.2300
783.43,	5.2200
784.04,	5.2100
784.66,	5.2000
785.27,	5.1900
785.88,	5.1800
786.50,	5.1700
787.11,	5.1600
787.73,	5.1600
788.34,	5.1500
788.95,	5.1500
789.57,	5.1500
790.18,	5.1400
790.79,	5.1400
791.41,	5.1400
792.02,	5.1300
792.63,	5.1300
793.25,	5.1200
793.86,	5.1200
794.47,	5.1200
795.09,	5.1100
795.70,	5.1200
796.31,	5.1100
796.93,	5.1100
797.54,	5.1000
798.15,	5.0900
798.77,	5.0900
799.38,	5.0900
799.99,	5.0900
800.61,	5.0900
801.22,	5.0800
801.83,	5.0800
802.44,	5.0800
803.06,	5.0700
803.67,	5.0700
804.28,	5.0700
804.90,	5.0600
805.51,	5.0600
806.12,	5.0500
806.73,	5.0500
807.34,	5.0200
807.96,	4.9900
808.57,	4.9700
809.18,	4.9700
809.79,	4.9600
810.41,	4.9500
811.02,	4.9400
811.63,	4.9300
812.24,	4.9200
812.85,	4.9100
813.47,	4.9000
814.08,	4.8900
814.69,	4.8800
815.30,	4.8800
815.91,	4.8800
816.53,	4.8700
817.14,	4.8600
817.75,	4.8600
818.36,	4.8600
818.97,	4.8500
819.58,	4.8500
820.20,	4.8500
820.81,	4.8400
821.42,	4.8400
822.03,	4.8400
822.64,	4.8400
823.25,	4.8400
823.86,	4.8200
824.47,	4.7900
825.09,	4.7700
825.70,	4.7600
826.31,	4.7700
826.92,	4.7800
827.53,	4.7800
828.14,	4.7700
828.75,	4.7600
829.36,	4.7500
829.97,	4.7400
830.58,	4.7200
831.19,	4.7000
831.80,	4.7000
832.42,	4.7000
833.03,	4.7000
833.64,	4.6900
834.25,	4.6900
834.86,	4.6900
835.47,	4.6900
836.08,	4.6800
836.69,	4.6800
837.30,	4.6700
837.91,	4.6800
838.52,	4.6800
839.13,	4.6800
839.74,	4.6800
840.35,	4.6900
840.96,	4.7000
841.57,	4.7000
842.18,	4.7000
842.79,	4.7000
843.40,	4.7000
844.01,	4.7000
844.62,	4.6900
845.23,	4.6900
845.84,	4.6900
846.45,	4.6900
847.06,	4.6900
847.67,	4.6800
848.27,	4.6800
848.88,	4.6800
849.49,	4.6700
850.10,	4.6700
850.71,	4.6600
851.32,	4.6600
851.93,	4.6600
852.54,	4.6500
853.15,	4.6600
853.76,	4.6600
854.37,	4.6500
854.98,	4.6500
855.58,	4.6500
856.19,	4.6500
856.80,	4.6400
857.41,	4.6300
858.02,	4.6200
858.63,	4.6100
859.24,	4.5900
859.85,	4.5800
860.45,	4.5700
861.06,	4.5500
861.67,	4.5400
862.28,	4.5300
862.89,	4.5200
863.50,	4.5100
864.10,	4.5100
864.71,	4.5000
865.32,	4.5000
865.93,	4.5000
866.54,	4.5000
867.14,	4.5000
867.75,	4.4900
868.36,	4.4800
868.97,	4.4700
869.58,	4.4600
870.18,	4.4600
870.79,	4.4700
871.40,	4.4800
872.01,	4.4800
872.61,	4.4700
873.22,	4.4700
873.83,	4.4700
874.44,	4.4600
875.04,	4.4500
875.65,	4.4300
876.26,	4.4200
876.87,	4.4100
877.47,	4.4100
878.08,	4.4000
878.69,	4.3900
879.29,	4.3800
879.90,	4.3700
880.51,	4.3600
881.12,	4.3700
881.72,	4.3900
882.33,	4.3900
882.94,	4.3900
883.54,	4.3800
884.15,	4.3700
884.76,	4.3800
885.36,	4.4100
885.97,	4.4300
886.58,	4.4400
887.18,	4.4400
887.79,	4.4300
888.40,	4.4300
889.00,	4.4300
889.61,	4.4400
890.22,	4.4400
890.82,	4.4200
891.43,	4.3900
892.03,	4.3500
892.64,	4.3300
893.25,	4.3300
893.85,	4.3200
894.46,	4.3200
895.06,	4.3200
895.67,	4.3100
896.28,	4.3200
896.88,	4.3200
897.49,	4.3300
898.09,	4.3400
898.70,	4.3500
899.30,	4.3700
899.91,	4.3900
900.52,	4.4000
901.12,	4.3800
901.73,	4.3600
902.33,	4.3300
902.94,	4.3200
903.54,	4.3000
904.15,	4.3000
904.75,	4.3000
905.36,	4.3000
905.96,	4.3000
906.57,	4.3100
907.17,	4.3100
907.78,	4.3100
908.38,	4.3200
908.99,	4.3300
909.59,	4.3400
910.20,	4.4900
910.80,	5.1700
911.41,	6.6900
912.01,	8.8900
912.62,	12.8800
913.22,	35.5000
913.83,	35.5000
914.43,	35.5000
915.03,	35.5000
915.64,	35.5000
916.24,	35.5000
916.85,	35.5000
917.45,	35.5000
918.06,	35.5000
918.66,	35.5000
919.26,	35.5000
919.87,	35.5000
920.47,	35.5000
921.08,	35.5000
921.68,	35.5000
922.28,	35.5000
922.89,	35.5000
923.49,	35.5000
924.10,	35.5000
924.70,	35.5000
925.30,	35.5000
925.91,	35.5000
926.51,	35.5000
927.11,	35.5000
927.72,	35.5000
928.32,	35.5000
928.92,	35.5000
929.53,	35.5000
930.13,	35.5000
930.74,	35.5000
931.34,	35.5000
931.94,	35.5000
932.54,	35.5000
933.15,	35.5000
933.75,	35.5000
934.35,	35.5000
934.96,	35.5000
935.56,	35.5000
936.16,	35.5000
936.77,	35.5000
937.37,	35.5000
937.97,	35.5000
938.57,	35.5000
939.18,	35.5000
939.78,	35.5000
940.38,	35.5000
940.98,	35.5000
941.59,	35.5000
942.19,	35.5000
942.79,	35.5000
943.39,	35.5000
944.00,	35.5000
944.60,	35.5000
945.20,	35.5000
945.80,	35.5000
946.40,	35.5000
947.01,	35.5000
947.61,	35.5000
948.21,	35.5000
948.81,	35.5000
949.41,	35.5000
950.02,	35.5000
950.62,	35.5000
951.22,	35.5000
951.82,	35.5000
952.42,	35.5000
953.02,	35.5000
953.63,	35.5000
954.23,	35.5000
954.83,	35.5000
955.43,	35.5000
956.03,	35.5000
956.63,	35.5000
957.24,	35.5000
957.84,	35.5000
958.44,	35.5000
959.04,	35.5000
959.64,	35.5000
960.24,	35.5000
960.84,	35.5000
961.44,	35.5000
962.04,	35.5000
962.64,	35.5000
963.25,	35.5000
963.85,	35.5000
964.45,	35.5000
965.05,	35.5000
965.65,	35.5000
966.25,	35.5000
966.85,	35.5000
967.45,	35.5000
968.05,	35.5000
968.65,	35.5000
969.25,	35.5000
969.85,	35.5000
970.45,	35.5000
971.05,	35.5000
971.65,	35.5000
972.25,	35.5000
972.85,	35.5000
973.45,	35.5000
974.05,	35.5000
974.65,	35.5000
975.25,	35.5000
975.85,	35.5000
976.45,	35.5000
977.05,	35.5000
977.65,	35.5000
978.25,	35.5000
978.85,	35.5000
979.45,	35.5000
980.05,	35.5000
980.65,	35.5000
981.25,	35.5000
981.85,	35.5000
982.45,	35.5000
983.05,	35.5000
983.65,	35.5000
984.25,	-2.5200
984.85,	-2.5200
985.45,	-2.5200
986.04,	-2.5200
986.64,	-2.5200
987.24,	-2.5200
987.84,	-2.5200
988.44,	-2.5200
989.04,	-2.5200
989.64,	-2.5200
990.24,	-2.5200
990.84,	-2.5200
991.44,	-2.5200
992.03,	-2.5200
992.63,	-2.5200
993.23,	-2.5200
993.83,	-2.5200
994.43,	-2.5200
995.03,	-2.5200
995.63,	-2.5200
996.22,	-2.5200
996.82,	-2.5200
997.42,	-2.5200
998.02,	-2.5200
998.62,	-2.5200
999.21,	-2.5200
999.81,	-2.5200
1000.41,	-2.5200
