Call Sign = ZSDA,	Ship Name = SA Agulhas,	Lloyds Num = 0
Date = 12/05/2016,	Time = 15:04,	
Latitude = 49 39.08  S,	Longitude = 001 53.66  E
Instr = Sippican Deep Blue,	Card Type = Sippican MK-21,	
Wind Instr = ,	Measur Method = 
Probe Serial Num = -1,	Ship Dir = -1,	Ship Speed = -1.00
Wind Dir = 11,	Wind Speed = 26.20
Dry Bulb Temp = 4.60,	Total Water Depth = -1.00

Full Resolution Values
Depth,	 Temp
0.67,	4.4900
1.34,	3.8300
2.01,	3.6600
2.68,	3.6200
3.34,	3.6200
4.01,	3.6200
4.68,	3.6200
5.35,	3.6100
6.02,	3.5900
6.69,	3.5800
7.36,	3.5600
8.03,	3.5600
8.69,	3.5300
9.36,	3.5100
10.03,	3.5100
10.70,	3.5600
11.37,	3.5800
12.04,	3.5800
12.70,	3.5900
13.37,	3.5900
14.04,	3.5900
14.71,	3.5900
15.38,	3.5900
16.05,	3.6000
16.71,	3.5900
17.38,	3.5900
18.05,	3.5900
18.72,	3.5900
19.38,	3.5900
20.05,	3.5900
20.72,	3.5900
21.39,	3.5900
22.06,	3.5900
22.72,	3.5800
23.39,	3.5500
24.06,	3.5300
24.73,	3.5300
25.39,	3.5400
26.06,	3.5300
26.73,	3.5100
27.40,	3.4900
28.06,	3.5000
28.73,	3.4900
29.40,	3.4800
30.06,	3.4700
30.73,	3.4700
31.40,	3.4700
32.06,	3.4700
32.73,	3.4700
33.40,	3.4700
34.07,	3.4700
34.73,	3.4700
35.40,	3.4600
36.07,	3.4600
36.73,	3.4500
37.40,	3.4500
38.07,	3.4400
38.73,	3.4300
39.40,	3.4300
40.06,	3.4300
40.73,	3.4300
41.40,	3.4300
42.06,	3.4300
42.73,	3.4200
43.40,	3.4300
44.06,	3.4200
44.73,	3.4300
45.39,	3.4200
46.06,	3.4200
46.73,	3.4200
47.39,	3.4200
48.06,	3.4100
48.72,	3.4200
49.39,	3.4100
50.06,	3.4100
50.72,	3.4100
51.39,	3.4100
52.05,	3.4100
52.72,	3.4100
53.38,	3.4100
54.05,	3.4100
54.71,	3.4000
55.38,	3.4000
56.05,	3.3900
56.71,	3.3900
57.38,	3.3900
58.04,	3.3900
58.71,	3.3900
59.37,	3.3900
60.04,	3.3800
60.70,	3.3800
61.37,	3.3800
62.03,	3.3800
62.70,	3.3800
63.36,	3.3800
64.03,	3.3800
64.69,	3.3900
65.36,	3.3900
66.02,	3.3900
66.69,	3.3800
67.35,	3.3800
68.01,	3.3800
68.68,	3.3800
69.34,	3.3700
70.01,	3.3700
70.67,	3.3800
71.34,	3.3700
72.00,	3.3700
72.66,	3.3600
73.33,	3.3500
73.99,	3.3500
74.66,	3.3500
75.32,	3.3500
75.98,	3.3500
76.65,	3.3400
77.31,	3.3400
77.98,	3.3400
78.64,	3.3300
79.30,	3.3100
79.97,	3.2900
80.63,	3.2900
81.30,	3.2800
81.96,	3.2600
82.62,	3.2400
83.29,	3.2400
83.95,	3.2400
84.61,	3.2300
85.28,	3.2200
85.94,	3.2200
86.60,	3.2100
87.27,	3.2000
87.93,	3.2000
88.59,	3.1900
89.26,	3.1700
89.92,	3.1500
90.58,	3.1200
91.24,	3.1100
91.91,	3.1000
92.57,	3.0700
93.23,	3.0500
93.90,	3.0400
94.56,	3.0200
95.22,	3.0100
95.88,	3.0000
96.55,	2.9900
97.21,	2.9800
97.87,	2.9700
98.53,	2.9500
99.20,	2.9400
99.86,	2.9200
100.52,	2.9200
101.18,	2.9200
101.85,	2.9100
102.51,	2.8900
103.17,	2.8800
103.83,	2.8700
104.49,	2.8600
105.16,	2.8500
105.82,	2.8400
106.48,	2.8200
107.14,	2.7900
107.80,	2.7600
108.47,	2.7200
109.13,	2.7000
109.79,	2.6900
110.45,	2.6800
111.11,	2.6800
111.77,	2.6700
112.44,	2.6600
113.10,	2.6500
113.76,	2.6500
114.42,	2.6300
115.08,	2.6200
115.74,	2.6200
116.40,	2.6200
117.06,	2.5900
117.73,	2.5500
118.39,	2.5300
119.05,	2.5100
119.71,	2.4800
120.37,	2.4600
121.03,	2.4500
121.69,	2.4500
122.35,	2.4400
123.01,	2.4400
123.67,	2.4400
124.33,	2.4300
125.00,	2.4300
125.66,	2.4300
126.32,	2.4200
126.98,	2.4100
127.64,	2.4000
128.30,	2.3900
128.96,	2.3800
129.62,	2.3700
130.28,	2.3700
130.94,	2.3700
131.60,	2.3600
132.26,	2.3500
132.92,	2.3400
133.58,	2.3300
134.24,	2.3300
134.90,	2.3300
135.56,	2.3200
136.22,	2.3100
136.88,	2.3000
137.54,	2.3000
138.20,	2.3000
138.86,	2.2900
139.52,	2.2800
140.18,	2.2800
140.84,	2.2800
141.50,	2.2700
142.16,	2.2700
142.82,	2.2700
143.48,	2.2700
144.14,	2.2700
144.79,	2.2800
145.45,	2.2700
146.11,	2.2700
146.77,	2.2600
147.43,	2.2500
148.09,	2.2500
148.75,	2.2500
149.41,	2.2400
150.07,	2.2300
150.73,	2.2300
151.39,	2.2200
152.04,	2.2100
152.70,	2.2100
153.36,	2.2000
154.02,	2.1900
154.68,	2.1700
155.34,	2.1600
156.00,	2.1600
156.65,	2.1500
157.31,	2.1400
157.97,	2.1200
158.63,	2.1200
159.29,	2.1100
159.95,	2.1200
160.60,	2.1200
161.26,	2.1100
161.92,	2.1100
162.58,	2.1100
163.24,	2.1100
163.90,	2.1100
164.55,	2.1100
165.21,	2.1100
165.87,	2.1000
166.53,	2.1000
167.18,	2.1100
167.84,	2.1000
168.50,	2.1000
169.16,	2.1000
169.82,	2.1000
170.47,	2.1000
171.13,	2.1000
171.79,	2.0900
172.44,	2.0900
173.10,	2.0800
173.76,	2.0800
174.42,	2.0900
175.07,	2.0900
175.73,	2.0900
176.39,	2.0800
177.05,	2.0900
177.70,	2.0900
178.36,	2.0900
179.02,	2.0900
179.67,	2.0900
180.33,	2.1000
180.99,	2.1000
181.64,	2.1000
182.30,	2.1100
182.96,	2.1000
183.61,	2.1000
184.27,	2.0900
184.93,	2.0900
185.58,	2.0900
186.24,	2.0900
186.90,	2.0900
187.55,	2.0900
188.21,	2.0800
188.87,	2.0900
189.52,	2.0900
190.18,	2.0900
190.83,	2.0800
191.49,	2.0700
192.15,	2.0700
192.80,	2.0700
193.46,	2.0600
194.11,	2.0600
194.77,	2.0600
195.43,	2.0600
196.08,	2.0600
196.74,	2.0500
197.39,	2.0300
198.05,	2.0200
198.70,	2.0000
199.36,	1.9900
200.02,	1.9800
200.67,	1.9800
201.33,	1.9800
201.98,	1.9800
202.64,	1.9800
203.29,	1.9900
203.95,	1.9700
204.60,	1.9600
205.26,	1.9600
205.91,	1.9600
206.57,	1.9600
207.22,	1.9600
207.88,	1.9600
208.53,	1.9600
209.19,	1.9600
209.84,	1.9500
210.50,	1.9600
211.15,	1.9500
211.81,	1.9500
212.46,	1.9500
213.12,	1.9600
213.77,	1.9600
214.43,	1.9600
215.08,	1.9600
215.74,	1.9600
216.39,	1.9500
217.04,	1.9500
217.70,	1.9500
218.35,	1.9400
219.01,	1.9400
219.66,	1.9300
220.32,	1.9300
220.97,	1.9300
221.62,	1.9300
222.28,	1.9300
222.93,	1.9300
223.59,	1.9300
224.24,	1.9300
224.89,	1.9300
225.55,	1.9200
226.20,	1.9200
226.85,	1.9100
227.51,	1.9200
228.16,	1.9300
228.81,	1.9500
229.47,	1.9800
230.12,	2.0400
230.78,	2.1100
231.43,	2.1600
232.08,	2.1900
232.74,	2.2100
233.39,	2.2300
234.04,	2.2400
234.69,	2.2400
235.35,	2.2300
236.00,	2.2300
236.65,	2.2400
237.31,	2.2500
237.96,	2.2500
238.61,	2.2600
239.27,	2.2600
239.92,	2.2700
240.57,	2.2800
241.22,	2.2900
241.88,	2.3100
242.53,	2.3200
243.18,	2.3300
243.83,	2.3400
244.49,	2.3400
245.14,	2.3400
245.79,	2.3400
246.44,	2.3400
247.10,	2.3400
247.75,	2.3400
248.40,	2.3300
249.05,	2.3300
249.70,	2.3300
250.36,	2.3200
251.01,	2.3200
251.66,	2.3300
252.31,	2.3300
252.96,	2.3300
253.62,	2.3300
254.27,	2.3300
254.92,	2.3200
255.57,	2.3100
256.22,	2.3000
256.88,	2.2800
257.53,	2.2800
258.18,	2.2700
258.83,	2.2600
259.48,	2.2600
260.13,	2.2600
260.78,	2.2500
261.44,	2.2600
262.09,	2.2600
262.74,	2.2600
263.39,	2.2600
264.04,	2.2700
264.69,	2.2600
265.34,	2.2500
265.99,	2.2400
266.64,	2.2200
267.29,	2.2200
267.95,	2.2200
268.60,	2.2200
269.25,	2.2000
269.90,	2.1800
270.55,	2.1900
271.20,	2.1900
271.85,	2.1800
272.50,	2.1700
273.15,	2.1600
273.80,	2.1500
274.45,	2.1500
275.10,	2.1400
275.75,	2.1400
276.40,	2.1400
277.05,	2.1400
277.70,	2.1400
278.35,	2.1400
279.00,	2.1400
279.65,	2.1400
280.30,	2.1400
280.95,	2.1500
281.60,	2.1500
282.25,	2.1500
282.90,	2.1600
283.55,	2.1600
284.20,	2.1700
284.85,	2.1800
285.50,	2.1800
286.15,	2.1900
286.80,	2.1900
287.45,	2.1900
288.10,	2.1900
288.75,	2.1900
289.40,	2.2000
290.05,	2.1900
290.70,	2.1900
291.35,	2.2000
292.00,	2.2000
292.64,	2.2100
293.29,	2.2200
293.94,	2.2300
294.59,	2.2400
295.24,	2.2500
295.89,	2.2500
296.54,	2.2500
297.19,	2.2500
297.84,	2.2500
298.49,	2.2500
299.13,	2.2500
299.78,	2.2600
300.43,	2.2600
301.08,	2.2600
301.73,	2.2600
302.38,	2.2600
303.02,	2.2600
303.67,	2.2700
304.32,	2.2700
304.97,	2.2700
305.62,	2.2700
306.27,	2.2700
306.91,	2.2600
307.56,	2.2700
308.21,	2.2700
308.86,	2.2700
309.51,	2.2600
310.15,	2.2600
310.80,	2.2700
311.45,	2.2600
312.10,	2.2600
312.75,	2.2700
313.39,	2.2700
314.04,	2.2600
314.69,	2.2700
315.34,	2.2600
315.98,	2.2500
316.63,	2.2500
317.28,	2.2400
317.93,	2.2500
318.57,	2.2400
319.22,	2.2400
319.87,	2.2400
320.52,	2.2400
321.16,	2.2400
321.81,	2.2400
322.46,	2.2400
323.10,	2.2500
323.75,	2.2400
324.40,	2.2500
325.04,	2.2600
325.69,	2.2600
326.34,	2.2500
326.99,	2.2600
327.63,	2.2600
328.28,	2.2600
328.93,	2.2600
329.57,	2.2600
330.22,	2.2600
330.86,	2.2600
331.51,	2.2700
332.16,	2.3000
332.80,	2.3400
333.45,	2.3800
334.10,	2.4000
334.74,	2.4100
335.39,	2.4100
336.03,	2.4200
336.68,	2.4300
337.33,	2.4300
337.97,	2.4300
338.62,	2.4300
339.26,	2.4400
339.91,	2.4500
340.56,	2.4500
341.20,	2.4500
341.85,	2.4500
342.49,	2.4500
343.14,	2.4600
343.78,	2.4600
344.43,	2.4600
345.08,	2.4600
345.72,	2.4600
346.37,	2.4600
347.01,	2.4500
347.66,	2.4500
348.30,	2.4500
348.95,	2.4600
349.59,	2.4600
350.24,	2.4600
350.88,	2.4600
351.53,	2.4600
352.17,	2.4500
352.82,	2.4500
353.46,	2.4500
354.11,	2.4500
354.75,	2.4600
355.40,	2.4500
356.04,	2.4500
356.69,	2.4500
357.33,	2.4600
357.98,	2.4600
358.62,	2.4500
359.27,	2.4600
359.91,	2.4600
360.55,	2.4600
361.20,	2.4600
361.84,	2.4600
362.49,	2.4500
363.13,	2.4500
363.78,	2.4500
364.42,	2.4500
365.06,	2.4500
365.71,	2.4500
366.35,	2.4500
367.00,	2.4500
367.64,	2.4500
368.28,	2.4500
368.93,	2.4500
369.57,	2.4500
370.22,	2.4600
370.86,	2.4600
371.50,	2.4500
372.15,	2.4600
372.79,	2.4600
373.43,	2.4700
374.08,	2.4600
374.72,	2.4600
375.36,	2.4600
376.01,	2.4600
376.65,	2.4600
377.29,	2.4500
377.94,	2.4600
378.58,	2.4600
379.22,	2.4600
379.87,	2.4600
380.51,	2.4700
381.15,	2.4700
381.79,	2.4700
382.44,	2.4800
383.08,	2.4800
383.72,	2.4800
384.37,	2.4800
385.01,	2.4800
385.65,	2.4800
386.29,	2.4800
386.94,	2.4900
387.58,	2.4900
388.22,	2.4800
388.86,	2.4900
389.51,	2.4900
390.15,	2.4900
390.79,	2.5000
391.43,	2.5000
392.08,	2.5100
392.72,	2.5100
393.36,	2.5100
394.00,	2.5100
394.64,	2.5100
395.29,	2.5100
395.93,	2.5100
396.57,	2.5100
397.21,	2.5100
397.85,	2.5100
398.50,	2.5100
399.14,	2.5100
399.78,	2.5100
400.42,	2.5100
401.06,	2.5100
401.70,	2.5100
402.34,	2.5100
402.99,	2.5100
403.63,	2.5000
404.27,	2.5000
404.91,	2.5000
405.55,	2.5000
406.19,	2.5000
406.83,	2.5000
407.48,	2.5000
408.12,	2.5100
408.76,	2.5100
409.40,	2.5000
410.04,	2.5000
410.68,	2.5100
411.32,	2.5100
411.96,	2.5000
412.60,	2.5000
413.24,	2.5000
413.88,	2.5100
414.52,	2.5100
415.17,	2.5100
415.81,	2.5100
416.45,	2.5100
417.09,	2.5100
417.73,	2.5200
418.37,	2.5200
419.01,	2.5200
419.65,	2.5200
420.29,	2.5200
420.93,	2.5300
421.57,	2.5300
422.21,	2.5300
422.85,	2.5300
423.49,	2.5300
424.13,	2.5300
424.77,	2.5400
425.41,	2.5400
426.05,	2.5400
426.69,	2.5400
427.33,	2.5400
427.97,	2.5400
428.61,	2.5500
429.25,	2.5500
429.89,	2.5500
430.53,	2.5500
431.17,	2.5500
431.80,	2.5600
432.44,	2.5600
433.08,	2.5600
433.72,	2.5600
434.36,	2.5600
435.00,	2.5700
435.64,	2.5700
436.28,	2.5600
436.92,	2.5600
437.56,	2.5600
438.20,	2.5600
438.84,	2.5600
439.47,	2.5600
440.11,	2.5600
440.75,	2.5600
441.39,	2.5600
442.03,	2.5600
442.67,	2.5600
443.31,	2.5600
443.95,	2.5700
444.58,	2.5700
445.22,	2.5600
445.86,	2.5700
446.50,	2.5600
447.14,	2.5600
447.78,	2.5600
448.41,	2.5700
449.05,	2.5700
449.69,	2.5700
450.33,	2.5700
450.97,	2.5700
451.60,	2.5700
452.24,	2.5700
452.88,	2.5700
453.52,	2.5800
454.16,	2.5700
454.79,	2.5700
455.43,	2.5700
456.07,	2.5700
456.71,	2.5800
457.35,	2.5700
457.98,	2.5700
458.62,	2.5700
459.26,	2.5700
459.90,	2.5700
460.53,	2.5800
461.17,	2.5800
461.81,	2.5800
462.44,	2.5700
463.08,	2.5800
463.72,	2.5600
464.36,	2.5600
464.99,	2.5500
465.63,	2.5500
466.27,	2.5500
466.90,	2.5500
467.54,	2.5500
468.18,	2.5500
468.81,	2.5500
469.45,	2.5500
470.09,	2.5400
470.72,	2.5500
471.36,	2.5500
472.00,	2.5500
472.63,	2.5400
473.27,	2.5400
473.91,	2.5500
474.54,	2.5500
475.18,	2.5500
475.82,	2.5500
476.45,	2.5500
477.09,	2.5500
477.73,	2.5600
478.36,	2.5600
479.00,	2.5600
479.63,	2.5600
480.27,	2.5600
480.91,	2.5600
481.54,	2.5700
482.18,	2.5700
482.81,	2.5500
483.45,	2.5600
484.08,	2.5600
484.72,	2.5700
485.36,	2.5700
485.99,	2.5600
486.63,	2.5500
487.26,	2.5600
487.90,	2.5600
488.53,	2.5600
489.17,	2.5600
489.80,	2.5600
490.44,	2.5600
491.07,	2.5600
491.71,	2.5600
492.34,	2.5700
492.98,	2.5700
493.62,	2.5700
494.25,	2.5600
494.89,	2.5600
495.52,	2.5600
496.15,	2.5700
496.79,	2.5700
497.42,	2.5700
498.06,	2.5700
498.69,	2.5700
499.33,	2.5700
499.96,	2.5700
500.60,	2.5700
501.23,	2.5700
501.87,	2.5700
502.50,	2.5700
503.14,	2.5700
503.77,	2.5700
504.40,	2.5800
505.04,	2.5800
505.67,	2.5700
506.31,	2.5800
506.94,	2.5800
507.57,	2.5800
508.21,	2.5800
508.84,	2.5800
509.48,	2.5900
510.11,	2.5800
510.74,	2.5900
511.38,	2.5900
512.01,	2.5900
512.65,	2.5900
513.28,	2.5900
513.91,	2.5900
514.55,	2.5900
515.18,	2.5900
515.81,	2.5900
516.45,	2.5900
517.08,	2.5900
517.71,	2.5900
518.35,	2.5900
518.98,	2.6000
519.61,	2.5900
520.25,	2.5900
520.88,	2.5900
521.51,	2.5900
522.15,	2.6000
522.78,	2.5900
523.41,	2.5900
524.04,	2.6000
524.68,	2.5900
525.31,	2.6000
525.94,	2.5900
526.58,	2.5900
527.21,	2.6000
527.84,	2.6000
528.47,	2.6000
529.11,	2.6000
529.74,	2.6100
530.37,	2.6100
531.00,	2.6100
531.64,	2.6100
532.27,	2.6000
532.90,	2.6100
533.53,	2.6100
534.17,	2.6100
534.80,	2.6100
535.43,	2.6100
536.06,	2.6100
536.69,	2.6200
537.33,	2.6100
537.96,	2.6100
538.59,	2.6200
539.22,	2.6200
539.85,	2.6200
540.48,	2.6200
541.12,	2.6200
541.75,	2.6200
542.38,	2.6300
543.01,	2.6300
543.64,	2.6300
544.27,	2.6200
544.91,	2.6200
545.54,	2.6200
546.17,	2.6200
546.80,	2.6300
547.43,	2.6300
548.06,	2.6200
548.69,	2.6200
549.32,	2.6300
549.95,	2.6300
550.59,	2.6300
551.22,	2.6300
551.85,	2.6300
552.48,	2.6300
553.11,	2.6400
553.74,	2.6400
554.37,	2.6300
555.00,	2.6300
555.63,	2.6300
556.26,	2.6200
556.89,	2.6300
557.52,	2.6300
558.15,	2.6300
558.78,	2.6200
559.42,	2.6300
560.05,	2.6300
560.68,	2.6300
561.31,	2.6300
561.94,	2.6300
562.57,	2.6300
563.20,	2.6300
563.83,	2.6300
564.46,	2.6300
565.09,	2.6300
565.72,	2.6200
566.35,	2.6300
566.98,	2.6300
567.61,	2.6300
568.24,	2.6300
568.87,	2.6200
569.50,	2.6300
570.12,	2.6300
570.75,	2.6300
571.38,	2.6200
572.01,	2.6300
572.64,	2.6200
573.27,	2.6200
573.90,	2.6300
574.53,	2.6300
575.16,	2.6300
575.79,	2.6300
576.42,	2.6300
577.05,	2.6300
577.68,	2.6300
578.31,	2.6300
578.93,	2.6200
579.56,	2.6300
580.19,	2.6400
580.82,	2.6300
581.45,	2.6300
582.08,	2.6400
582.71,	2.6400
583.34,	2.6300
583.97,	2.6300
584.59,	2.6300
585.22,	2.6200
585.85,	2.6300
586.48,	2.6300
587.11,	2.6200
587.74,	2.6200
588.36,	2.6300
588.99,	2.6300
589.62,	2.6200
590.25,	2.6200
590.88,	2.6200
591.50,	2.6200
592.13,	2.6200
592.76,	2.6200
593.39,	2.6200
594.02,	2.6200
594.64,	2.6200
595.27,	2.6200
595.90,	2.6200
596.53,	2.6100
597.16,	2.6100
597.78,	2.6100
598.41,	2.6100
599.04,	2.6100
599.67,	2.6100
600.29,	2.6100
600.92,	2.6100
601.55,	2.6100
602.18,	2.6000
602.80,	2.6000
603.43,	2.6000
604.06,	2.6100
604.68,	2.6100
605.31,	2.6100
605.94,	2.6100
606.57,	2.6100
607.19,	2.6000
607.82,	2.6000
608.45,	2.6000
609.07,	2.6000
609.70,	2.6100
610.33,	2.6000
610.95,	2.6100
611.58,	2.6100
612.21,	2.6300
612.83,	2.6300
613.46,	2.6400
614.09,	2.6400
614.71,	2.6400
615.34,	2.6300
615.97,	2.6300
616.59,	2.6400
617.22,	2.6500
617.84,	2.6500
618.47,	2.6500
619.10,	2.6500
619.72,	2.6400
620.35,	2.6400
620.97,	2.6500
621.60,	2.6600
622.23,	2.6600
622.85,	2.6600
623.48,	2.6600
624.10,	2.6600
624.73,	2.6700
625.35,	2.6700
625.98,	2.6600
626.61,	2.6700
627.23,	2.6700
627.86,	2.6700
628.48,	2.6700
629.11,	2.6700
629.73,	2.6700
630.36,	2.6600
630.98,	2.6700
631.61,	2.6700
632.23,	2.6700
632.86,	2.6600
633.48,	2.6600
634.11,	2.6600
634.73,	2.6600
635.36,	2.6600
635.98,	2.6700
636.61,	2.6600
637.23,	2.6600
637.86,	2.6800
638.48,	2.6700
639.11,	2.6700
639.73,	2.6700
640.36,	2.6700
640.98,	2.6700
641.61,	2.6700
642.23,	2.6800
642.85,	2.6800
643.48,	2.6800
644.10,	2.6800
644.73,	2.6900
645.35,	2.6900
645.98,	2.6900
646.60,	2.6900
647.22,	2.7000
647.85,	2.7000
648.47,	2.7000
649.10,	2.6900
649.72,	2.7000
650.34,	2.7000
650.97,	2.7000
651.59,	2.7000
652.22,	2.7000
652.84,	2.7000
653.46,	2.7000
654.09,	2.7000
654.71,	2.7000
655.33,	2.7000
655.96,	2.6900
656.58,	2.7000
657.20,	2.7000
657.83,	2.7000
658.45,	2.7000
659.07,	2.6900
659.70,	2.6900
660.32,	2.6900
660.94,	2.7000
661.57,	2.7000
662.19,	2.7000
662.81,	2.7000
663.43,	2.7000
664.06,	2.7000
664.68,	2.7000
665.30,	2.7000
665.93,	2.7000
666.55,	2.7000
667.17,	2.7100
667.79,	2.7000
668.42,	2.7000
669.04,	2.7100
669.66,	2.7100
670.28,	2.7100
670.91,	2.7000
671.53,	2.7000
672.15,	2.7000
672.77,	2.7100
673.39,	2.7000
674.02,	2.7000
674.64,	2.7000
675.26,	2.7000
675.88,	2.7000
676.50,	2.7000
677.13,	2.7000
677.75,	2.7100
678.37,	2.7000
678.99,	2.7000
679.61,	2.7100
680.24,	2.7000
680.86,	2.7000
681.48,	2.7000
682.10,	2.7000
682.72,	2.7000
683.34,	2.7100
683.96,	2.7100
684.59,	2.7100
685.21,	2.7000
685.83,	2.7100
686.45,	2.7100
687.07,	2.7100
687.69,	2.7000
688.31,	2.7100
688.93,	2.7000
689.56,	2.7000
690.18,	2.7000
690.80,	2.7000
691.42,	2.7000
692.04,	2.7000
692.66,	2.7000
693.28,	2.7000
693.90,	2.7100
694.52,	2.7000
695.14,	2.7000
695.76,	2.7000
696.38,	2.7000
697.00,	2.7000
697.62,	2.7000
698.25,	2.7000
698.87,	2.7000
699.49,	2.7000
700.11,	2.7000
700.73,	2.7000
701.35,	2.7000
701.97,	2.7000
702.59,	2.7000
703.21,	2.7000
703.83,	2.7000
704.45,	2.7000
705.07,	2.7000
705.69,	2.7000
706.31,	2.7000
706.93,	2.7000
707.55,	2.7000
708.17,	2.7100
708.79,	2.7000
709.40,	2.7000
710.02,	2.7000
710.64,	2.6900
711.26,	2.6900
711.88,	2.7000
712.50,	2.7000
713.12,	2.6900
713.74,	2.7000
714.36,	2.7000
714.98,	2.7000
715.60,	2.7000
716.22,	2.7000
716.84,	2.7000
717.45,	2.7000
718.07,	2.6900
718.69,	2.6900
719.31,	2.6900
719.93,	2.6900
720.55,	2.6900
721.17,	2.6900
721.79,	2.6900
722.41,	2.6900
723.02,	2.6900
723.64,	2.7000
724.26,	2.7000
724.88,	2.7000
725.50,	2.7000
726.12,	2.7000
726.73,	2.7000
727.35,	2.7000
727.97,	2.7000
728.59,	2.7000
729.21,	2.7000
729.83,	2.7000
730.44,	2.7000
731.06,	2.7000
731.68,	2.7000
732.30,	2.7000
732.92,	2.7000
733.53,	2.7000
734.15,	2.7100
734.77,	2.7000
735.39,	2.7000
736.00,	2.7000
736.62,	2.7000
737.24,	2.7000
737.86,	2.7000
738.47,	2.7000
739.09,	2.7000
739.71,	2.7000
740.33,	2.7000
740.94,	2.7000
741.56,	2.7000
742.18,	2.7100
742.79,	2.7000
743.41,	2.7000
744.03,	2.7000
744.65,	2.7000
745.26,	2.7000
745.88,	2.6900
746.50,	2.6900
747.11,	2.6800
747.73,	2.6700
748.35,	2.6700
748.96,	2.6700
749.58,	2.6700
750.20,	2.6600
750.81,	2.6700
751.43,	2.6700
752.05,	2.6700
752.66,	2.6700
753.28,	2.6700
753.90,	2.6700
754.51,	2.6700
755.13,	2.6600
755.74,	2.6600
756.36,	2.6600
756.98,	2.6600
757.59,	2.6700
758.21,	2.6700
758.82,	2.6600
759.44,	2.6700
760.06,	2.6700
760.67,	2.6700
761.29,	2.6700
761.90,	2.6700
762.52,	2.6700
763.14,	2.6700
763.75,	2.6700
764.37,	2.6800
764.98,	2.6800
765.60,	2.6700
766.21,	2.6800
766.83,	2.6800
767.44,	2.6800
768.06,	2.6800
768.67,	2.6700
769.29,	2.6700
769.90,	2.6800
770.52,	2.6700
771.14,	2.6700
771.75,	2.6700
772.37,	2.6700
772.98,	2.6700
773.59,	2.6700
774.21,	2.6700
774.82,	2.6700
775.44,	2.6700
776.05,	2.6600
776.67,	2.6600
777.28,	2.6600
777.90,	2.6600
778.51,	2.6600
779.13,	2.6600
779.74,	2.6600
780.36,	2.6600
780.97,	2.6600
781.58,	2.6600
782.20,	2.6600
782.81,	2.6600
783.43,	2.6600
784.04,	2.6500
784.66,	2.6500
785.27,	2.6500
785.88,	2.6500
786.50,	2.6500
787.11,	2.6500
787.73,	2.6500
788.34,	2.6500
788.95,	2.6500
789.57,	2.6500
790.18,	2.6500
790.79,	2.6500
791.41,	2.6500
792.02,	2.6500
792.63,	2.6500
793.25,	2.6500
793.86,	2.6500
794.47,	2.6500
795.09,	2.6500
795.70,	2.6600
796.31,	2.6600
796.93,	2.6600
797.54,	2.6600
798.15,	2.6600
798.77,	2.6700
799.38,	2.6700
799.99,	2.6700
800.61,	2.6700
801.22,	2.6600
801.83,	2.6700
802.44,	2.6700
803.06,	2.6700
803.67,	2.6700
804.28,	2.6700
804.90,	2.6700
805.51,	2.6700
806.12,	2.6700
806.73,	2.6700
807.34,	2.6700
807.96,	2.6700
808.57,	2.6800
809.18,	2.6700
809.79,	2.6700
810.41,	2.6600
811.02,	2.6600
811.63,	2.6600
812.24,	2.6500
812.85,	2.6500
813.47,	2.6400
814.08,	2.6400
814.69,	2.6300
815.30,	2.6300
815.91,	2.6200
816.53,	2.6200
817.14,	2.6200
817.75,	2.6100
818.36,	2.6100
818.97,	2.6100
819.58,	2.6100
820.20,	2.6100
820.81,	2.6000
821.42,	2.6000
822.03,	2.5900
822.64,	2.5900
823.25,	2.5900
823.86,	2.5900
824.47,	2.5900
825.09,	2.5900
825.70,	2.5900
826.31,	2.5900
826.92,	2.5800
827.53,	2.5800
828.14,	2.5800
828.75,	2.5700
829.36,	2.5700
829.97,	2.5800
830.58,	2.5800
831.19,	2.5800
831.80,	2.5800
832.42,	2.5700
833.03,	2.5800
833.64,	2.5800
834.25,	2.5800
834.86,	2.5800
835.47,	2.5800
836.08,	2.5800
836.69,	2.5800
837.30,	2.5800
837.91,	2.5900
838.52,	2.5900
839.13,	2.5800
839.74,	2.5800
840.35,	2.5800
840.96,	2.5800
841.57,	2.5800
842.18,	2.5800
842.79,	2.5800
843.40,	2.5800
844.01,	2.5800
844.62,	2.5800
845.23,	2.5800
845.84,	2.5700
846.45,	2.5800
847.06,	2.5800
847.67,	2.5800
848.27,	2.5900
848.88,	2.5900
849.49,	2.5900
850.10,	2.5900
850.71,	2.5900
851.32,	2.6000
851.93,	2.5900
852.54,	2.5900
853.15,	2.5900
853.76,	2.6000
854.37,	2.5900
854.98,	2.5900
855.58,	2.5900
856.19,	2.5900
856.80,	2.5900
857.41,	2.5900
858.02,	2.5900
858.63,	2.5800
859.24,	2.5800
859.85,	2.5800
860.45,	2.5700
861.06,	2.5800
861.67,	2.5800
862.28,	2.5800
862.89,	2.5700
863.50,	2.5700
864.10,	2.5800
864.71,	2.5700
865.32,	2.5800
865.93,	2.5800
866.54,	2.5800
867.14,	2.5800
867.75,	2.5800
868.36,	2.5800
868.97,	2.5700
869.58,	2.5800
870.18,	2.5800
870.79,	2.5800
871.40,	2.5800
872.01,	2.5800
872.61,	2.5800
873.22,	2.5700
873.83,	2.5800
874.44,	2.5800
875.04,	2.5800
875.65,	2.5800
876.26,	2.5700
876.87,	2.5800
877.47,	2.5800
878.08,	2.5800
878.69,	2.5800
879.29,	2.5800
879.90,	2.5900
880.51,	2.5900
881.12,	2.5800
881.72,	2.5800
882.33,	2.5800
882.94,	2.5900
883.54,	2.5900
884.15,	2.5900
884.76,	2.5900
885.36,	2.5900
885.97,	2.5900
886.58,	2.5900
887.18,	2.5900
887.79,	2.5900
888.40,	2.5900
889.00,	2.5900
889.61,	2.5800
890.22,	2.5800
890.82,	2.5800
891.43,	2.5800
892.03,	2.5800
892.64,	2.5800
893.25,	2.5800
893.85,	2.5900
894.46,	2.5800
895.06,	2.5800
895.67,	2.5800
896.28,	2.5800
896.88,	2.5900
897.49,	2.5800
898.09,	2.5800
898.70,	2.5800
899.30,	2.5800
899.91,	2.5800
900.52,	2.5800
901.12,	2.5800
901.73,	2.5800
902.33,	2.5900
902.94,	2.5800
903.54,	2.5900
904.15,	2.5900
904.75,	2.5900
905.36,	2.5900
905.96,	2.5900
906.57,	2.5800
907.17,	2.5800
907.78,	2.5800
908.38,	2.5800
908.99,	2.5800
909.59,	2.5800
910.20,	2.5800
910.80,	2.5800
911.41,	2.5900
912.01,	2.5800
912.62,	2.5800
913.22,	2.5800
913.83,	2.5800
914.43,	2.5800
915.03,	2.5800
915.64,	2.6100
916.24,	4.9100
916.85,	14.0800
917.45,	21.4700
918.06,	26.3200
918.66,	30.0100
919.26,	32.8200
919.87,	34.9600
920.47,	35.5000
921.08,	35.5000
921.68,	35.5000
922.28,	35.5000
922.89,	35.5000
923.49,	35.5000
924.10,	35.5000
924.70,	35.5000
925.30,	35.5000
925.91,	35.5000
926.51,	35.5000
927.11,	35.5000
927.72,	35.5000
928.32,	35.5000
928.92,	35.5000
929.53,	35.5000
930.13,	35.5000
930.74,	35.5000
931.34,	35.5000
931.94,	35.5000
932.54,	35.5000
933.15,	35.5000
933.75,	35.5000
934.35,	35.5000
934.96,	35.5000
935.56,	35.5000
936.16,	35.5000
936.77,	35.5000
937.37,	35.5000
937.97,	35.5000
938.57,	35.5000
939.18,	35.5000
939.78,	35.5000
940.38,	35.5000
940.98,	35.5000
941.59,	35.5000
942.19,	35.5000
942.79,	35.5000
943.39,	35.5000
944.00,	35.5000
944.60,	35.5000
945.20,	35.5000
945.80,	35.5000
946.40,	35.5000
947.01,	35.5000
947.61,	35.5000
948.21,	35.5000
948.81,	35.5000
949.41,	35.5000
950.02,	35.5000
950.62,	35.5000
951.22,	35.5000
951.82,	35.5000
952.42,	35.5000
953.02,	35.5000
953.63,	35.5000
954.23,	35.5000
954.83,	35.5000
955.43,	35.5000
956.03,	35.5000
956.63,	35.5000
957.24,	35.5000
957.84,	35.5000
958.44,	35.5000
959.04,	35.5000
959.64,	35.5000
960.24,	35.5000
960.84,	35.5000
961.44,	35.5000
962.04,	35.5000
962.64,	35.5000
963.25,	35.5000
963.85,	35.5000
964.45,	35.5000
965.05,	35.5000
965.65,	35.5000
966.25,	35.5000
966.85,	35.5000
967.45,	35.5000
968.05,	35.5000
968.65,	35.5000
969.25,	35.5000
969.85,	35.5000
970.45,	35.5000
971.05,	35.5000
971.65,	35.5000
972.25,	35.5000
972.85,	35.5000
973.45,	35.5000
974.05,	35.5000
974.65,	35.5000
975.25,	35.5000
975.85,	35.5000
976.45,	35.5000
977.05,	35.5000
977.65,	35.5000
978.25,	35.5000
978.85,	35.5000
979.45,	35.5000
980.05,	35.5000
980.65,	35.5000
981.25,	35.5000
981.85,	35.5000
982.45,	35.5000
983.05,	35.5000
983.65,	35.5000
984.25,	35.5000
984.85,	35.5000
985.45,	35.5000
986.04,	35.5000
986.64,	35.5000
987.24,	35.5000
987.84,	35.5000
988.44,	35.5000
989.04,	35.5000
989.64,	35.5000
990.24,	35.5000
990.84,	35.5000
991.44,	35.5000
992.03,	35.5000
992.63,	35.5000
993.23,	35.5000
993.83,	35.5000
994.43,	35.5000
995.03,	35.5000
995.63,	35.5000
996.22,	35.5000
996.82,	-2.5200
997.42,	-2.5200
998.02,	-2.5200
998.62,	-2.5200
999.21,	-2.5200
999.81,	-2.5200
1000.41,	-2.5200
