Call Sign = ZSDA,	Ship Name = SA Agulhas,	Lloyds Num = 0
Date = 12/01/2016,	Time = 15:59,	
Latitude = 35 11.11  S,	Longitude = 014 03.21  E
Instr = Sippican Deep Blue,	Card Type = Sippican MK-21,	
Wind Instr = ,	Measur Method = 
Probe Serial Num = -1,	Ship Dir = -1,	Ship Speed = -1.00
Wind Dir = 171,	Wind Speed = 2.50
Dry Bulb Temp = 16.80,	Total Water Depth = -1.00

Full Resolution Values
Depth,	 Temp
0.67,	18.1700
1.34,	17.6300
2.01,	17.4900
2.68,	17.5000
3.34,	17.5000
4.01,	17.4900
4.68,	17.4900
5.35,	17.4400
6.02,	17.3600
6.69,	17.2800
7.36,	17.1800
8.03,	17.1300
8.69,	17.1100
9.36,	17.1000
10.03,	17.1100
10.70,	17.1700
11.37,	17.2700
12.04,	17.4300
12.70,	17.5900
13.37,	17.7000
14.04,	17.7700
14.71,	17.8100
15.38,	17.8400
16.05,	17.8400
16.71,	17.8400
17.38,	17.8100
18.05,	17.7700
18.72,	17.7300
19.38,	17.6900
20.05,	17.6500
20.72,	17.6200
21.39,	17.5700
22.06,	17.5000
22.72,	17.4300
23.39,	17.3700
24.06,	17.3000
24.73,	17.2000
25.39,	17.0900
26.06,	17.0400
26.73,	17.0200
27.40,	17.0200
28.06,	17.0300
28.73,	17.0400
29.40,	17.0200
30.06,	16.9800
30.73,	16.9500
31.40,	16.8900
32.06,	16.8300
32.73,	16.8200
33.40,	16.8100
34.07,	16.8000
34.73,	16.7900
35.40,	16.8000
36.07,	16.8000
36.73,	16.7800
37.40,	16.6800
38.07,	16.5500
38.73,	16.4500
39.40,	16.3600
40.06,	16.3200
40.73,	16.2800
41.40,	16.1700
42.06,	15.9700
42.73,	15.7100
43.40,	15.4000
44.06,	15.1800
44.73,	15.0000
45.39,	14.7900
46.06,	14.6600
46.73,	14.6900
47.39,	14.7000
48.06,	14.6300
48.72,	14.5700
49.39,	14.5500
50.06,	14.5300
50.72,	14.5100
51.39,	14.4700
52.05,	14.4500
52.72,	14.4400
53.38,	14.4300
54.05,	14.4200
54.71,	14.3800
55.38,	14.3200
56.05,	14.2600
56.71,	14.2100
57.38,	14.1800
58.04,	14.1600
58.71,	14.1200
59.37,	14.0400
60.04,	13.9800
60.70,	13.9200
61.37,	13.8600
62.03,	13.7900
62.70,	13.6600
63.36,	13.5500
64.03,	13.4800
64.69,	13.4400
65.36,	13.4100
66.02,	13.3900
66.69,	13.3700
67.35,	13.3500
68.01,	13.3200
68.68,	13.2900
69.34,	13.2600
70.01,	13.2400
70.67,	13.2200
71.34,	13.2100
72.00,	13.2100
72.66,	13.1900
73.33,	13.1800
73.99,	13.1800
74.66,	13.1900
75.32,	13.1900
75.98,	13.1900
76.65,	13.1800
77.31,	13.1600
77.98,	13.1400
78.64,	13.1300
79.30,	13.1000
79.97,	13.0900
80.63,	13.0800
81.30,	13.0500
81.96,	12.9600
82.62,	12.8900
83.29,	12.8400
83.95,	12.8000
84.61,	12.7800
85.28,	12.7200
85.94,	12.6700
86.60,	12.6500
87.27,	12.6500
87.93,	12.6400
88.59,	12.6100
89.26,	12.5500
89.92,	12.5000
90.58,	12.4500
91.24,	12.4100
91.91,	12.4000
92.57,	12.4000
93.23,	12.3800
93.90,	12.3700
94.56,	12.3600
95.22,	12.3600
95.88,	12.3700
96.55,	12.3700
97.21,	12.3400
97.87,	12.3100
98.53,	12.3100
99.20,	12.3100
99.86,	12.3000
100.52,	12.2900
101.18,	12.2600
101.85,	12.2400
102.51,	12.2100
103.17,	12.1600
103.83,	12.1300
104.49,	12.1100
105.16,	12.1000
105.82,	12.0800
106.48,	12.0500
107.14,	12.0200
107.80,	11.9900
108.47,	11.9900
109.13,	11.9900
109.79,	11.9800
110.45,	11.9900
111.11,	11.9900
111.77,	11.9900
112.44,	11.9900
113.10,	11.9900
113.76,	12.0200
114.42,	12.0600
115.08,	12.1000
115.74,	12.1600
116.40,	12.2100
117.06,	12.2500
117.73,	12.2800
118.39,	12.3000
119.05,	12.3100
119.71,	12.3100
120.37,	12.3100
121.03,	12.3100
121.69,	12.3100
122.35,	12.3100
123.01,	12.3200
123.67,	12.3700
124.33,	12.4000
125.00,	12.4000
125.66,	12.4000
126.32,	12.4100
126.98,	12.4300
127.64,	12.4600
128.30,	12.4600
128.96,	12.4700
129.62,	12.4600
130.28,	12.4000
130.94,	12.3300
131.60,	12.2900
132.26,	12.2800
132.92,	12.2800
133.58,	12.2700
134.24,	12.2000
134.90,	12.1000
135.56,	12.0600
136.22,	12.0400
136.88,	12.0100
137.54,	11.9600
138.20,	11.9400
138.86,	11.9400
139.52,	12.0500
140.18,	12.2100
140.84,	12.3100
141.50,	12.4500
142.16,	12.5600
142.82,	12.6400
143.48,	12.7000
144.14,	12.7600
144.79,	12.7900
145.45,	12.7600
146.11,	12.6300
146.77,	12.5200
147.43,	12.5100
148.09,	12.5500
148.75,	12.5900
149.41,	12.6100
150.07,	12.6300
150.73,	12.6400
151.39,	12.6500
152.04,	12.6600
152.70,	12.6800
153.36,	12.7000
154.02,	12.6900
154.68,	12.6600
155.34,	12.6400
156.00,	12.6300
156.65,	12.6300
157.31,	12.6300
157.97,	12.6200
158.63,	12.6100
159.29,	12.6300
159.95,	12.6400
160.60,	12.6500
161.26,	12.6500
161.92,	12.6500
162.58,	12.6600
163.24,	12.6600
163.90,	12.6800
164.55,	12.7100
165.21,	12.7200
165.87,	12.7200
166.53,	12.7300
167.18,	12.7300
167.84,	12.7300
168.50,	12.7500
169.16,	12.7600
169.82,	12.7700
170.47,	12.8000
171.13,	12.8100
171.79,	12.8100
172.44,	12.8000
173.10,	12.7800
173.76,	12.7600
174.42,	12.7400
175.07,	12.7300
175.73,	12.7200
176.39,	12.7000
177.05,	12.6800
177.70,	12.6700
178.36,	12.6800
179.02,	12.6700
179.67,	12.6700
180.33,	12.6600
180.99,	12.6600
181.64,	12.6700
182.30,	12.6600
182.96,	12.6600
183.61,	12.6600
184.27,	12.6700
184.93,	12.6600
185.58,	12.6700
186.24,	12.6700
186.90,	12.6700
187.55,	12.6700
188.21,	12.6700
188.87,	12.6600
189.52,	12.6700
190.18,	12.6600
190.83,	12.6100
191.49,	12.5400
192.15,	12.5200
192.80,	12.5100
193.46,	12.4800
194.11,	12.4500
194.77,	12.4200
195.43,	12.4100
196.08,	12.3900
196.74,	12.3700
197.39,	12.3600
198.05,	12.3600
198.70,	12.3800
199.36,	12.3800
200.02,	12.3500
200.67,	12.3300
201.33,	12.3200
201.98,	12.2800
202.64,	12.2600
203.29,	12.2500
203.95,	12.2500
204.60,	12.2300
205.26,	12.2100
205.91,	12.1800
206.57,	12.1700
207.22,	12.1800
207.88,	12.1800
208.53,	12.1700
209.19,	12.1500
209.84,	12.1400
210.50,	12.1400
211.15,	12.1300
211.81,	12.1000
212.46,	12.0900
213.12,	12.1000
213.77,	12.1000
214.43,	12.0900
215.08,	12.0700
215.74,	12.0500
216.39,	12.0300
217.04,	12.0100
217.70,	11.9400
218.35,	11.8900
219.01,	11.8700
219.66,	11.8700
220.32,	11.8800
220.97,	11.8900
221.62,	11.8900
222.28,	11.8900
222.93,	11.8800
223.59,	11.8700
224.24,	11.8700
224.89,	11.8400
225.55,	11.8000
226.20,	11.7500
226.85,	11.7100
227.51,	11.6800
228.16,	11.6500
228.81,	11.6500
229.47,	11.6500
230.12,	11.6700
230.78,	11.6900
231.43,	11.7000
232.08,	11.7000
232.74,	11.7000
233.39,	11.6900
234.04,	11.6800
234.69,	11.6600
235.35,	11.6300
236.00,	11.6100
236.65,	11.5900
237.31,	11.5800
237.96,	11.5600
238.61,	11.5600
239.27,	11.5600
239.92,	11.5500
240.57,	11.5400
241.22,	11.5300
241.88,	11.5100
242.53,	11.5000
243.18,	11.4900
243.83,	11.4900
244.49,	11.4800
245.14,	11.4700
245.79,	11.4600
246.44,	11.4500
247.10,	11.4500
247.75,	11.4400
248.40,	11.4500
249.05,	11.4500
249.70,	11.4400
250.36,	11.4300
251.01,	11.4200
251.66,	11.4000
252.31,	11.3900
252.96,	11.3700
253.62,	11.3600
254.27,	11.3500
254.92,	11.3300
255.57,	11.3300
256.22,	11.3300
256.88,	11.3200
257.53,	11.3100
258.18,	11.2900
258.83,	11.2800
259.48,	11.2700
260.13,	11.2700
260.78,	11.2600
261.44,	11.2400
262.09,	11.2300
262.74,	11.2000
263.39,	11.1800
264.04,	11.1600
264.69,	11.1500
265.34,	11.1400
265.99,	11.1300
266.64,	11.1300
267.29,	11.1200
267.95,	11.1100
268.60,	11.1100
269.25,	11.1200
269.90,	11.1300
270.55,	11.1400
271.20,	11.1400
271.85,	11.1400
272.50,	11.1400
273.15,	11.1300
273.80,	11.1200
274.45,	11.1100
275.10,	11.1000
275.75,	11.1000
276.40,	11.0900
277.05,	11.0800
277.70,	11.0800
278.35,	11.0700
279.00,	11.0500
279.65,	11.0400
280.30,	11.0400
280.95,	11.0300
281.60,	11.0200
282.25,	11.0100
282.90,	10.9900
283.55,	10.9800
284.20,	10.9600
284.85,	10.9600
285.50,	10.9500
286.15,	10.9500
286.80,	10.9400
287.45,	10.9300
288.10,	10.9200
288.75,	10.9200
289.40,	10.9200
290.05,	10.9200
290.70,	10.9200
291.35,	10.9300
292.00,	10.9300
292.64,	10.9300
293.29,	10.9300
293.94,	10.9200
294.59,	10.9200
295.24,	10.9300
295.89,	10.9200
296.54,	10.9000
297.19,	10.8900
297.84,	10.8800
298.49,	10.8700
299.13,	10.8500
299.78,	10.8300
300.43,	10.8200
301.08,	10.8100
301.73,	10.8000
302.38,	10.7900
303.02,	10.7800
303.67,	10.7700
304.32,	10.7500
304.97,	10.7500
305.62,	10.7400
306.27,	10.7200
306.91,	10.7100
307.56,	10.7100
308.21,	10.7000
308.86,	10.6900
309.51,	10.6900
310.15,	10.6900
310.80,	10.6800
311.45,	10.6700
312.10,	10.6600
312.75,	10.6500
313.39,	10.6400
314.04,	10.6300
314.69,	10.6200
315.34,	10.6200
315.98,	10.6100
316.63,	10.6000
317.28,	10.6100
317.93,	10.6100
318.57,	10.6000
319.22,	10.6000
319.87,	10.6000
320.52,	10.5900
321.16,	10.5900
321.81,	10.5800
322.46,	10.5800
323.10,	10.5600
323.75,	10.5500
324.40,	10.5400
325.04,	10.5200
325.69,	10.5000
326.34,	10.4800
326.99,	10.4700
327.63,	10.4600
328.28,	10.4500
328.93,	10.4500
329.57,	10.4300
330.22,	10.4200
330.86,	10.4100
331.51,	10.4000
332.16,	10.4000
332.80,	10.3800
333.45,	10.3700
334.10,	10.3500
334.74,	10.3300
335.39,	10.3200
336.03,	10.3000
336.68,	10.2900
337.33,	10.2800
337.97,	10.2700
338.62,	10.2700
339.26,	10.2700
339.91,	10.2600
340.56,	10.2700
341.20,	10.2800
341.85,	10.2800
342.49,	10.2700
343.14,	10.2600
343.78,	10.2500
344.43,	10.2400
345.08,	10.2300
345.72,	10.2100
346.37,	10.2000
347.01,	10.1800
347.66,	10.1600
348.30,	10.1400
348.95,	10.1300
349.59,	10.1300
350.24,	10.1200
350.88,	10.1000
351.53,	10.0900
352.17,	10.0700
352.82,	10.0600
353.46,	10.0500
354.11,	10.0400
354.75,	10.0300
355.40,	10.0200
356.04,	10.0100
356.69,	10.0000
357.33,	9.9900
357.98,	9.9700
358.62,	9.9700
359.27,	9.9700
359.91,	9.9500
360.55,	9.9400
361.20,	9.9200
361.84,	9.9000
362.49,	9.8900
363.13,	9.8700
363.78,	9.8700
364.42,	9.8700
365.06,	9.8500
365.71,	9.8300
366.35,	9.8200
367.00,	9.8100
367.64,	9.8000
368.28,	9.8000
368.93,	9.7900
369.57,	9.7800
370.22,	9.7600
370.86,	9.7400
371.50,	9.7200
372.15,	9.7200
372.79,	9.7100
373.43,	9.7100
374.08,	9.7100
374.72,	9.7000
375.36,	9.6900
376.01,	9.6800
376.65,	9.6700
377.29,	9.6500
377.94,	9.6300
378.58,	9.6200
379.22,	9.6100
379.87,	9.5800
380.51,	9.5600
381.15,	9.5400
381.79,	9.5200
382.44,	9.5100
383.08,	9.5100
383.72,	9.5100
384.37,	9.5000
385.01,	9.4900
385.65,	9.4700
386.29,	9.4500
386.94,	9.4300
387.58,	9.4300
388.22,	9.4200
388.86,	9.4000
389.51,	9.3800
390.15,	9.3800
390.79,	9.3600
391.43,	9.3500
392.08,	9.3300
392.72,	9.3100
393.36,	9.3000
394.00,	9.3000
394.64,	9.2800
395.29,	9.2800
395.93,	9.2800
396.57,	9.2700
397.21,	9.2600
397.85,	9.2500
398.50,	9.2500
399.14,	9.2300
399.78,	9.2200
400.42,	9.2100
401.06,	9.1900
401.70,	9.1800
402.34,	9.1600
402.99,	9.1500
403.63,	9.1500
404.27,	9.1400
404.91,	9.1400
405.55,	9.1300
406.19,	9.1000
406.83,	9.0800
407.48,	9.0600
408.12,	9.0400
408.76,	9.0200
409.40,	9.0100
410.04,	8.9900
410.68,	8.9800
411.32,	8.9600
411.96,	8.9600
412.60,	8.9500
413.24,	8.9600
413.88,	8.9600
414.52,	8.9500
415.17,	8.9300
415.81,	8.9300
416.45,	8.9200
417.09,	8.8900
417.73,	8.8700
418.37,	8.8600
419.01,	8.8600
419.65,	8.8600
420.29,	8.8600
420.93,	8.8600
421.57,	8.8500
422.21,	8.8500
422.85,	8.8500
423.49,	8.8500
424.13,	8.8400
424.77,	8.8400
425.41,	8.8400
426.05,	8.8300
426.69,	8.8300
427.33,	8.8200
427.97,	8.8200
428.61,	8.8200
429.25,	8.8100
429.89,	8.8000
430.53,	8.8000
431.17,	8.8000
431.80,	8.8000
432.44,	8.7900
433.08,	8.7800
433.72,	8.7800
434.36,	8.7700
435.00,	8.7400
435.64,	8.7200
436.28,	8.7000
436.92,	8.6900
437.56,	8.6600
438.20,	8.6500
438.84,	8.6400
439.47,	8.6400
440.11,	8.6500
440.75,	8.6400
441.39,	8.6400
442.03,	8.6500
442.67,	8.6500
443.31,	8.6400
443.95,	8.6500
444.58,	8.6500
445.22,	8.6400
445.86,	8.6300
446.50,	8.6300
447.14,	8.6300
447.78,	8.6100
448.41,	8.5800
449.05,	8.5700
449.69,	8.5500
450.33,	8.5200
450.97,	8.5100
451.60,	8.5100
452.24,	8.5000
452.88,	8.4900
453.52,	8.4900
454.16,	8.4800
454.79,	8.4700
455.43,	8.4600
456.07,	8.4500
456.71,	8.4500
457.35,	8.4500
457.98,	8.4500
458.62,	8.4500
459.26,	8.4500
459.90,	8.4500
460.53,	8.4400
461.17,	8.4400
461.81,	8.4500
462.44,	8.4400
463.08,	8.4400
463.72,	8.4500
464.36,	8.4500
464.99,	8.4600
465.63,	8.4500
466.27,	8.4400
466.90,	8.4300
467.54,	8.4200
468.18,	8.3900
468.81,	8.3500
469.45,	8.3200
470.09,	8.3000
470.72,	8.2900
471.36,	8.2800
472.00,	8.2200
472.63,	8.1500
473.27,	8.1200
473.91,	8.1000
474.54,	8.0900
475.18,	8.0900
475.82,	8.0900
476.45,	8.0800
477.09,	8.0800
477.73,	8.0700
478.36,	8.0700
479.00,	8.0600
479.63,	8.0600
480.27,	8.0500
480.91,	8.0200
481.54,	8.0000
482.18,	7.9900
482.81,	7.9800
483.45,	7.9600
484.08,	7.9500
484.72,	7.9400
485.36,	7.9400
485.99,	7.9400
486.63,	7.9400
487.26,	7.9400
487.90,	7.9400
488.53,	7.9500
489.17,	7.9500
489.80,	7.9400
490.44,	7.9000
491.07,	7.8700
491.71,	7.8400
492.34,	7.8200
492.98,	7.8300
493.62,	7.8700
494.25,	7.8900
494.89,	7.8900
495.52,	7.8800
496.15,	7.8700
496.79,	7.8600
497.42,	7.8600
498.06,	7.8600
498.69,	7.8500
499.33,	7.8500
499.96,	7.8200
500.60,	7.7800
501.23,	7.7500
501.87,	7.7500
502.50,	7.7500
503.14,	7.7500
503.77,	7.7500
504.40,	7.7500
505.04,	7.7200
505.67,	7.7000
506.31,	7.6800
506.94,	7.6500
507.57,	7.6100
508.21,	7.5900
508.84,	7.5700
509.48,	7.5300
510.11,	7.5100
510.74,	7.5000
511.38,	7.5100
512.01,	7.5100
512.65,	7.5100
513.28,	7.5000
513.91,	7.4900
514.55,	7.4900
515.18,	7.4800
515.81,	7.4800
516.45,	7.4700
517.08,	7.4600
517.71,	7.4500
518.35,	7.4500
518.98,	7.4400
519.61,	7.4400
520.25,	7.4300
520.88,	7.4200
521.51,	7.4300
522.15,	7.4300
522.78,	7.4200
523.41,	7.4300
524.04,	7.4400
524.68,	7.4400
525.31,	7.4400
525.94,	7.4300
526.58,	7.4200
527.21,	7.4200
527.84,	7.4200
528.47,	7.4200
529.11,	7.4300
529.74,	7.4300
530.37,	7.4300
531.00,	7.4300
531.64,	7.4300
532.27,	7.4300
532.90,	7.4300
533.53,	7.4300
534.17,	7.4300
534.80,	7.4200
535.43,	7.4200
536.06,	7.4200
536.69,	7.3900
537.33,	7.3500
537.96,	7.3100
538.59,	7.2800
539.22,	7.2400
539.85,	7.2100
540.48,	7.1900
541.12,	7.1800
541.75,	7.1800
542.38,	7.1800
543.01,	7.1900
543.64,	7.1900
544.27,	7.2000
544.91,	7.2000
545.54,	7.2000
546.17,	7.2000
546.80,	7.1900
547.43,	7.1700
548.06,	7.1500
548.69,	7.1200
549.32,	7.1200
549.95,	7.1100
550.59,	7.1000
551.22,	7.0800
551.85,	7.0800
552.48,	7.0800
553.11,	7.0700
553.74,	7.0600
554.37,	7.0400
555.00,	7.0200
555.63,	7.0000
556.26,	7.0000
556.89,	6.9900
557.52,	6.9800
558.15,	6.9600
558.78,	6.9400
559.42,	6.9300
560.05,	6.9100
560.68,	6.8800
561.31,	6.8400
561.94,	6.8000
562.57,	6.7700
563.20,	6.7500
563.83,	6.7200
564.46,	6.6900
565.09,	6.6700
565.72,	6.6600
566.35,	6.6500
566.98,	6.6300
567.61,	6.6200
568.24,	6.6100
568.87,	6.6000
569.50,	6.5900
570.12,	6.5800
570.75,	6.5600
571.38,	6.5400
572.01,	6.5300
572.64,	6.5200
573.27,	6.5300
573.90,	6.5200
574.53,	6.5300
575.16,	6.5300
575.79,	6.5300
576.42,	6.5300
577.05,	6.5200
577.68,	6.5100
578.31,	6.4800
578.93,	6.4400
579.56,	6.3900
580.19,	6.3500
580.82,	6.3300
581.45,	6.3100
582.08,	6.2800
582.71,	6.2500
583.34,	6.2400
583.97,	6.2400
584.59,	6.2300
585.22,	6.2200
585.85,	6.2100
586.48,	6.1900
587.11,	6.1600
587.74,	6.1400
588.36,	6.1300
588.99,	6.1100
589.62,	6.1000
590.25,	6.0900
590.88,	6.0800
591.50,	6.0700
592.13,	6.0600
592.76,	6.0400
593.39,	6.0100
594.02,	6.0000
594.64,	5.9900
595.27,	5.9900
595.90,	5.9800
596.53,	5.9700
597.16,	5.9600
597.78,	5.9500
598.41,	5.9500
599.04,	5.9400
599.67,	5.9300
600.29,	5.9100
600.92,	5.8900
601.55,	5.8700
602.18,	5.8600
602.80,	5.8600
603.43,	5.8500
604.06,	5.8400
604.68,	5.8400
605.31,	5.8200
605.94,	5.8100
606.57,	5.7900
607.19,	5.7800
607.82,	5.7700
608.45,	5.7600
609.07,	5.7400
609.70,	5.7300
610.33,	5.7200
610.95,	5.7100
611.58,	5.7000
612.21,	5.7000
612.83,	5.6900
613.46,	5.6800
614.09,	5.6700
614.71,	5.6600
615.34,	5.6500
615.97,	5.6400
616.59,	5.6300
617.22,	5.6200
617.84,	5.6200
618.47,	5.6100
619.10,	5.5900
619.72,	5.5800
620.35,	5.5600
620.97,	5.5600
621.60,	5.5500
622.23,	5.5500
622.85,	5.5400
623.48,	5.5400
624.10,	5.5300
624.73,	5.5300
625.35,	5.5300
625.98,	5.5200
626.61,	5.5200
627.23,	5.5200
627.86,	5.5100
628.48,	5.5100
629.11,	5.5100
629.73,	5.5100
630.36,	5.5000
630.98,	5.5000
631.61,	5.4900
632.23,	5.4800
632.86,	5.4700
633.48,	5.4700
634.11,	5.4700
634.73,	5.4700
635.36,	5.4600
635.98,	5.4300
636.61,	5.4200
637.23,	5.4100
637.86,	5.4000
638.48,	5.3900
639.11,	5.3700
639.73,	5.3600
640.36,	5.3600
640.98,	5.3600
641.61,	5.3600
642.23,	5.3500
642.85,	5.3500
643.48,	5.3500
644.10,	5.3500
644.73,	5.3600
645.35,	5.3600
645.98,	5.3700
646.60,	5.3700
647.22,	5.3600
647.85,	5.3600
648.47,	5.3600
649.10,	5.3600
649.72,	5.3600
650.34,	5.3600
650.97,	5.3700
651.59,	5.3800
652.22,	5.3900
652.84,	5.3900
653.46,	5.3900
654.09,	5.3800
654.71,	5.3600
655.33,	5.3600
655.96,	5.3700
656.58,	5.3900
657.20,	5.4200
657.83,	5.4400
658.45,	5.4500
659.07,	5.4400
659.70,	5.4300
660.32,	5.4300
660.94,	5.4300
661.57,	5.4200
662.19,	5.4200
662.81,	5.4100
663.43,	5.4100
664.06,	5.4000
664.68,	5.3900
665.30,	5.3900
665.93,	5.3800
666.55,	5.3800
667.17,	5.3700
667.79,	5.3700
668.42,	5.3800
669.04,	5.3800
669.66,	5.3700
670.28,	5.3700
670.91,	5.3600
671.53,	5.3400
672.15,	5.3100
672.77,	5.3000
673.39,	5.2900
674.02,	5.2900
674.64,	5.3000
675.26,	5.3000
675.88,	5.3100
676.50,	5.3300
677.13,	5.3300
677.75,	5.3300
678.37,	5.3300
678.99,	5.3300
679.61,	5.3300
680.24,	5.3300
680.86,	5.3300
681.48,	5.3300
682.10,	5.3300
682.72,	5.3300
683.34,	5.3300
683.96,	5.3400
684.59,	5.3400
685.21,	5.3400
685.83,	5.3400
686.45,	5.3400
687.07,	5.3500
687.69,	5.3500
688.31,	5.3600
688.93,	5.3600
689.56,	5.3500
690.18,	5.3500
690.80,	5.3500
691.42,	5.3500
692.04,	5.3500
692.66,	5.3500
693.28,	5.3500
693.90,	5.3500
694.52,	5.3500
695.14,	5.3500
695.76,	5.3500
696.38,	5.3500
697.00,	5.3500
697.62,	5.3500
698.25,	5.3500
698.87,	5.3500
699.49,	5.3600
700.11,	5.3600
700.73,	5.3600
701.35,	5.3700
701.97,	5.3800
702.59,	5.3900
703.21,	5.4000
703.83,	5.4100
704.45,	5.4100
705.07,	5.4100
705.69,	5.4100
706.31,	5.4100
706.93,	5.4100
707.55,	5.4100
708.17,	5.3900
708.79,	5.3700
709.40,	5.3500
710.02,	5.3300
710.64,	5.3200
711.26,	5.3200
711.88,	5.3100
712.50,	5.3100
713.12,	5.3100
713.74,	5.3000
714.36,	5.3000
714.98,	5.2800
715.60,	5.2800
716.22,	5.2800
716.84,	5.2700
717.45,	5.2700
718.07,	5.2700
718.69,	5.2600
719.31,	5.2600
719.93,	5.2600
720.55,	5.2600
721.17,	5.2600
721.79,	5.2500
722.41,	5.2500
723.02,	5.2500
723.64,	5.2500
724.26,	5.2500
724.88,	5.2500
725.50,	5.2500
726.12,	5.2500
726.73,	5.2500
727.35,	5.2500
727.97,	5.2400
728.59,	5.2400
729.21,	5.2400
729.83,	5.2400
730.44,	5.2300
731.06,	5.2300
731.68,	5.2300
732.30,	5.2300
732.92,	5.2400
733.53,	5.2600
734.15,	5.2700
734.77,	5.2800
735.39,	5.2900
736.00,	5.2800
736.62,	5.2800
737.24,	5.2800
737.86,	5.2800
738.47,	5.2800
739.09,	5.2800
739.71,	5.2800
740.33,	5.2800
740.94,	5.2800
741.56,	5.2900
742.18,	5.2900
742.79,	5.2900
743.41,	5.2800
744.03,	5.2800
744.65,	5.2700
745.26,	5.2600
745.88,	5.2600
746.50,	5.2600
747.11,	5.2400
747.73,	5.2300
748.35,	5.2200
748.96,	5.2100
749.58,	5.2000
750.20,	5.1800
750.81,	5.1800
751.43,	5.1800
752.05,	5.1700
752.66,	5.1600
753.28,	5.1500
753.90,	5.1300
754.51,	5.1300
755.13,	5.1400
755.74,	5.1600
756.36,	5.1700
756.98,	5.1900
757.59,	5.1900
758.21,	5.1800
758.82,	5.1800
759.44,	5.1800
760.06,	5.1800
760.67,	5.1700
761.29,	5.1700
761.90,	5.1600
762.52,	5.1500
763.14,	5.1400
763.75,	5.1400
764.37,	5.1200
764.98,	5.1200
765.60,	5.1100
766.21,	5.0900
766.83,	5.0900
767.44,	5.0800
768.06,	5.0700
768.67,	5.0700
769.29,	5.0600
769.90,	5.0500
770.52,	5.0500
771.14,	5.0600
771.75,	5.0700
772.37,	5.0700
772.98,	5.0800
773.59,	5.0700
774.21,	5.0600
774.82,	5.0300
775.44,	4.9800
776.05,	4.9400
776.67,	4.8900
777.28,	4.8500
777.90,	4.8400
778.51,	4.8500
779.13,	4.8500
779.74,	4.8500
780.36,	4.8500
780.97,	4.8400
781.58,	4.8400
782.20,	4.8200
782.81,	4.7900
783.43,	4.7700
784.04,	4.7600
784.66,	4.7400
785.27,	4.7200
785.88,	4.7000
786.50,	4.6800
787.11,	4.6800
787.73,	4.6700
788.34,	4.6700
788.95,	4.6700
789.57,	4.6700
790.18,	4.6700
790.79,	4.6700
791.41,	4.6800
792.02,	4.6800
792.63,	4.6900
793.25,	4.7000
793.86,	4.7000
794.47,	4.7000
795.09,	4.6900
795.70,	4.6900
796.31,	4.7000
796.93,	4.7000
797.54,	4.7000
798.15,	4.7000
798.77,	4.6900
799.38,	4.6800
799.99,	4.6700
800.61,	4.6600
801.22,	4.6600
801.83,	4.6600
802.44,	4.6600
803.06,	4.6500
803.67,	4.6400
804.28,	4.6200
804.90,	4.6100
805.51,	4.6100
806.12,	4.6100
806.73,	4.6100
807.34,	4.6000
807.96,	4.6000
808.57,	4.5900
809.18,	4.5900
809.79,	4.5900
810.41,	4.5900
811.02,	4.5800
811.63,	4.5800
812.24,	4.5800
812.85,	4.5800
813.47,	4.5800
814.08,	4.5800
814.69,	4.5800
815.30,	4.5800
815.91,	4.5900
816.53,	4.5900
817.14,	4.5900
817.75,	4.5900
818.36,	4.5900
818.97,	4.5900
819.58,	4.5900
820.20,	4.5800
820.81,	4.5700
821.42,	4.5500
822.03,	4.5400
822.64,	4.5400
823.25,	4.5200
823.86,	4.5000
824.47,	4.4900
825.09,	4.4900
825.70,	4.4800
826.31,	4.4700
826.92,	4.4500
827.53,	4.4500
828.14,	4.4300
828.75,	4.4100
829.36,	4.3900
829.97,	4.3600
830.58,	4.3100
831.19,	4.2700
831.80,	4.2600
832.42,	4.2600
833.03,	4.2600
833.64,	4.2500
834.25,	4.2500
834.86,	4.2500
835.47,	4.2400
836.08,	4.2400
836.69,	4.2400
837.30,	4.2400
837.91,	4.2400
838.52,	4.2500
839.13,	4.2500
839.74,	4.2600
840.35,	4.2700
840.96,	4.3000
841.57,	4.3200
842.18,	4.3400
842.79,	4.3600
843.40,	4.3600
844.01,	4.3600
844.62,	4.3600
845.23,	4.3600
845.84,	4.3600
846.45,	4.3600
847.06,	4.3600
847.67,	4.3600
848.27,	4.3500
848.88,	4.3500
849.49,	4.3400
850.10,	4.3400
850.71,	4.3400
851.32,	4.3500
851.93,	4.3500
852.54,	4.3500
853.15,	4.3600
853.76,	4.3600
854.37,	4.3600
854.98,	4.3600
855.58,	4.3600
856.19,	4.3600
856.80,	4.3600
857.41,	4.3700
858.02,	4.3600
858.63,	4.3400
859.24,	4.3300
859.85,	4.3100
860.45,	4.3000
861.06,	4.2900
861.67,	4.2800
862.28,	4.2700
862.89,	4.2700
863.50,	4.2700
864.10,	4.2900
864.71,	4.3000
865.32,	4.3100
865.93,	4.3300
866.54,	4.3400
867.14,	4.3400
867.75,	4.3400
868.36,	4.3400
868.97,	4.3400
869.58,	4.3400
870.18,	4.3400
870.79,	4.3400
871.40,	4.3400
872.01,	4.3400
872.61,	4.3400
873.22,	4.3300
873.83,	4.3200
874.44,	4.3000
875.04,	4.2900
875.65,	4.2800
876.26,	4.2600
876.87,	4.2500
877.47,	4.2400
878.08,	4.2300
878.69,	4.2400
879.29,	4.2400
879.90,	4.2500
880.51,	4.2500
881.12,	4.2500
881.72,	4.2400
882.33,	4.2300
882.94,	4.2300
883.54,	4.2100
884.15,	4.2000
884.76,	4.2200
885.36,	4.2700
885.97,	4.2900
886.58,	4.2900
887.18,	4.3000
887.79,	4.3200
888.40,	4.3300
889.00,	4.3300
889.61,	4.3200
890.22,	4.3100
890.82,	4.3100
891.43,	4.3000
892.03,	4.2800
892.64,	4.2700
893.25,	4.2600
893.85,	4.2400
894.46,	4.2300
895.06,	4.2100
895.67,	4.2000
896.28,	4.2000
896.88,	4.1900
897.49,	4.1900
898.09,	4.1900
898.70,	4.1900
899.30,	4.2100
899.91,	4.2100
900.52,	4.2000
901.12,	4.1900
901.73,	4.1900
902.33,	4.1800
902.94,	4.1600
903.54,	4.1300
904.15,	4.1000
904.75,	4.0800
905.36,	4.0700
905.96,	4.0600
906.57,	4.0600
907.17,	4.0600
907.78,	4.0700
908.38,	4.0700
908.99,	4.0700
909.59,	4.0700
910.20,	4.0800
910.80,	4.0900
911.41,	4.1100
912.01,	4.1400
912.62,	4.1500
913.22,	4.1500
913.83,	4.1500
914.43,	4.1300
915.03,	4.1300
915.64,	4.1300
916.24,	4.1300
916.85,	4.1300
917.45,	4.1200
918.06,	4.1200
918.66,	4.1200
919.26,	4.1200
919.87,	4.1200
920.47,	4.1200
921.08,	4.1300
921.68,	4.1400
922.28,	4.1500
922.89,	4.1600
923.49,	4.1700
924.10,	4.1800
924.70,	4.1900
925.30,	4.1900
925.91,	4.1900
926.51,	4.1900
927.11,	4.1900
927.72,	4.1900
928.32,	4.1700
928.92,	4.1400
929.53,	4.1100
930.13,	4.0900
930.74,	4.1800
931.34,	5.0200
931.94,	7.3400
932.54,	10.4300
933.15,	12.9200
933.75,	14.2800
934.35,	15.0500
934.96,	15.5700
935.56,	15.9600
936.16,	16.3000
936.77,	16.5900
937.37,	16.8500
937.97,	17.1000
938.57,	17.3200
939.18,	17.5300
939.78,	17.7300
940.38,	17.9200
940.98,	18.0900
941.59,	18.2600
942.19,	18.4100
942.79,	18.6600
943.39,	28.3000
944.00,	35.5000
944.60,	35.5000
945.20,	35.5000
945.80,	35.5000
946.40,	35.5000
947.01,	35.5000
947.61,	35.5000
948.21,	35.5000
948.81,	35.5000
949.41,	35.5000
950.02,	35.5000
950.62,	35.5000
951.22,	35.5000
951.82,	35.5000
952.42,	35.5000
953.02,	35.5000
953.63,	35.5000
954.23,	35.5000
954.83,	35.5000
955.43,	35.5000
956.03,	35.5000
956.63,	35.5000
957.24,	35.5000
957.84,	35.5000
958.44,	35.5000
959.04,	0.5400
959.64,	-2.5200
960.24,	-2.5200
960.84,	-2.5200
961.44,	-2.5200
962.04,	-2.5200
962.64,	-2.5200
963.25,	-2.5200
963.85,	-2.5200
964.45,	-2.5200
965.05,	-2.5200
965.65,	-2.5200
966.25,	-2.5200
966.85,	-2.5200
967.45,	-2.5200
968.05,	-2.5200
968.65,	-2.5200
969.25,	-2.5200
969.85,	-2.5200
970.45,	-2.5200
971.05,	-2.5200
971.65,	-2.5200
972.25,	-2.5200
972.85,	-2.5200
973.45,	-2.5200
974.05,	-2.5200
974.65,	-2.5200
975.25,	-2.5200
975.85,	-2.5200
976.45,	-2.5200
977.05,	-2.5200
977.65,	-2.5200
978.25,	-2.5200
978.85,	-2.5200
979.45,	-2.5200
980.05,	-2.5200
980.65,	-2.5200
981.25,	-2.5200
981.85,	-2.5200
982.45,	-2.5200
983.05,	-2.5200
983.65,	-2.5200
984.25,	-2.5200
984.85,	-2.5200
985.45,	-2.5200
986.04,	-2.5200
986.64,	-2.5200
987.24,	-2.5200
987.84,	-2.5200
988.44,	-2.5200
989.04,	-2.5200
989.64,	-2.5200
990.24,	-2.5200
990.84,	-2.5200
991.44,	-2.5200
992.03,	-2.5200
992.63,	-2.5200
993.23,	-2.5200
993.83,	-2.5200
994.43,	-2.5200
995.03,	-2.5200
995.63,	-2.5200
996.22,	-2.5200
996.82,	-2.5200
997.42,	-2.5200
998.02,	-2.5200
998.62,	-2.5200
999.21,	-2.5200
999.81,	-2.5200
1000.41,	-2.5200
