Call Sign = ZSDA,	Ship Name = SA Agulhas,	Lloyds Num = 0
Date = 12/05/2016,	Time = 19:58,	
Latitude = 50 36.57  S,	Longitude = 000 53.03  E
Instr = Sippican Deep Blue,	Card Type = Sippican MK-21,	
Wind Instr = ,	Measur Method = 
Probe Serial Num = -1,	Ship Dir = -1,	Ship Speed = -1.00
Wind Dir = 4,	Wind Speed = 30.30
Dry Bulb Temp = 2.30,	Total Water Depth = -1.00

Full Resolution Values
Depth,	 Temp
0.67,	3.3300
1.34,	3.0200
2.01,	2.9700
2.68,	2.9900
3.34,	2.9900
4.01,	2.9900
4.68,	3.0000
5.35,	3.0000
6.02,	2.9900
6.69,	2.9900
7.36,	3.0000
8.03,	3.0100
8.69,	3.0100
9.36,	3.0100
10.03,	3.0000
10.70,	3.0000
11.37,	3.0100
12.04,	3.0100
12.70,	3.0100
13.37,	3.0100
14.04,	3.0000
14.71,	3.0000
15.38,	3.0100
16.05,	3.0000
16.71,	3.0000
17.38,	3.0000
18.05,	3.0000
18.72,	3.0000
19.38,	3.0000
20.05,	3.0000
20.72,	3.0000
21.39,	3.0000
22.06,	2.9900
22.72,	2.9900
23.39,	2.9900
24.06,	2.9900
24.73,	2.9900
25.39,	3.0000
26.06,	3.0000
26.73,	2.9900
27.40,	2.9800
28.06,	2.9700
28.73,	2.9700
29.40,	2.9600
30.06,	2.9500
30.73,	2.9500
31.40,	2.9500
32.06,	2.9600
32.73,	2.9700
33.40,	2.9800
34.07,	2.9800
34.73,	2.9600
35.40,	2.9500
36.07,	2.9400
36.73,	2.9400
37.40,	2.9400
38.07,	2.9400
38.73,	2.9200
39.40,	2.9000
40.06,	2.8900
40.73,	2.8800
41.40,	2.8800
42.06,	2.8800
42.73,	2.8800
43.40,	2.8800
44.06,	2.8700
44.73,	2.8700
45.39,	2.8600
46.06,	2.8700
46.73,	2.8700
47.39,	2.8700
48.06,	2.8700
48.72,	2.8800
49.39,	2.8800
50.06,	2.8800
50.72,	2.8800
51.39,	2.8900
52.05,	2.8900
52.72,	2.8900
53.38,	2.8900
54.05,	2.8900
54.71,	2.8900
55.38,	2.8900
56.05,	2.8900
56.71,	2.8900
57.38,	2.8900
58.04,	2.8900
58.71,	2.8800
59.37,	2.8700
60.04,	2.8700
60.70,	2.8700
61.37,	2.8600
62.03,	2.8600
62.70,	2.8500
63.36,	2.8400
64.03,	2.8300
64.69,	2.8300
65.36,	2.8200
66.02,	2.8300
66.69,	2.8200
67.35,	2.8200
68.01,	2.8100
68.68,	2.8100
69.34,	2.8100
70.01,	2.8100
70.67,	2.7900
71.34,	2.7900
72.00,	2.7900
72.66,	2.7900
73.33,	2.7900
73.99,	2.7900
74.66,	2.7900
75.32,	2.7900
75.98,	2.7800
76.65,	2.7700
77.31,	2.7600
77.98,	2.7500
78.64,	2.7400
79.30,	2.7400
79.97,	2.7300
80.63,	2.7000
81.30,	2.6700
81.96,	2.6600
82.62,	2.6500
83.29,	2.6400
83.95,	2.6300
84.61,	2.6300
85.28,	2.6300
85.94,	2.6100
86.60,	2.6100
87.27,	2.6000
87.93,	2.6000
88.59,	2.5800
89.26,	2.5700
89.92,	2.5600
90.58,	2.5500
91.24,	2.5500
91.91,	2.5500
92.57,	2.5500
93.23,	2.5500
93.90,	2.5500
94.56,	2.5500
95.22,	2.5500
95.88,	2.5500
96.55,	2.5400
97.21,	2.5400
97.87,	2.5400
98.53,	2.5400
99.20,	2.5300
99.86,	2.5300
100.52,	2.5300
101.18,	2.5200
101.85,	2.5200
102.51,	2.5200
103.17,	2.5100
103.83,	2.5200
104.49,	2.5200
105.16,	2.5100
105.82,	2.5000
106.48,	2.4900
107.14,	2.4800
107.80,	2.4600
108.47,	2.4400
109.13,	2.4200
109.79,	2.4100
110.45,	2.4000
111.11,	2.3800
111.77,	2.3400
112.44,	2.3100
113.10,	2.2900
113.76,	2.2800
114.42,	2.2600
115.08,	2.2500
115.74,	2.2300
116.40,	2.2200
117.06,	2.2100
117.73,	2.2000
118.39,	2.1800
119.05,	2.1500
119.71,	2.1300
120.37,	2.1100
121.03,	2.1000
121.69,	2.0900
122.35,	2.0700
123.01,	2.0400
123.67,	2.0100
124.33,	1.9700
125.00,	1.9300
125.66,	1.8900
126.32,	1.8600
126.98,	1.8400
127.64,	1.8300
128.30,	1.7900
128.96,	1.7700
129.62,	1.7600
130.28,	1.7500
130.94,	1.7500
131.60,	1.7400
132.26,	1.7400
132.92,	1.7300
133.58,	1.7300
134.24,	1.7300
134.90,	1.7300
135.56,	1.7300
136.22,	1.7300
136.88,	1.7300
137.54,	1.7200
138.20,	1.7200
138.86,	1.7200
139.52,	1.7100
140.18,	1.7000
140.84,	1.6900
141.50,	1.6900
142.16,	1.6900
142.82,	1.6800
143.48,	1.6700
144.14,	1.6700
144.79,	1.6600
145.45,	1.6600
146.11,	1.6600
146.77,	1.6500
147.43,	1.6500
148.09,	1.6400
148.75,	1.6400
149.41,	1.6300
150.07,	1.6300
150.73,	1.6200
151.39,	1.6100
152.04,	1.6100
152.70,	1.6100
153.36,	1.6000
154.02,	1.6000
154.68,	1.5900
155.34,	1.5900
156.00,	1.5800
156.65,	1.5800
157.31,	1.5700
157.97,	1.5800
158.63,	1.5700
159.29,	1.5700
159.95,	1.5700
160.60,	1.5600
161.26,	1.5600
161.92,	1.5500
162.58,	1.5500
163.24,	1.5500
163.90,	1.5500
164.55,	1.5500
165.21,	1.5500
165.87,	1.5500
166.53,	1.5400
167.18,	1.5400
167.84,	1.5400
168.50,	1.5300
169.16,	1.5400
169.82,	1.5400
170.47,	1.5400
171.13,	1.5400
171.79,	1.5400
172.44,	1.5300
173.10,	1.5400
173.76,	1.5500
174.42,	1.5400
175.07,	1.5500
175.73,	1.5600
176.39,	1.5600
177.05,	1.5600
177.70,	1.5600
178.36,	1.5600
179.02,	1.5600
179.67,	1.5600
180.33,	1.5600
180.99,	1.5700
181.64,	1.5700
182.30,	1.5800
182.96,	1.5800
183.61,	1.5800
184.27,	1.5700
184.93,	1.5800
185.58,	1.5800
186.24,	1.5800
186.90,	1.5800
187.55,	1.5700
188.21,	1.5700
188.87,	1.5700
189.52,	1.5800
190.18,	1.5800
190.83,	1.5800
191.49,	1.5800
192.15,	1.5700
192.80,	1.5700
193.46,	1.5700
194.11,	1.5800
194.77,	1.5800
195.43,	1.5800
196.08,	1.5800
196.74,	1.5800
197.39,	1.5800
198.05,	1.5800
198.70,	1.5900
199.36,	1.5900
200.02,	1.5900
200.67,	1.5900
201.33,	1.6000
201.98,	1.6000
202.64,	1.6000
203.29,	1.6100
203.95,	1.6200
204.60,	1.6300
205.26,	1.6300
205.91,	1.6400
206.57,	1.6500
207.22,	1.6600
207.88,	1.6700
208.53,	1.7000
209.19,	1.7100
209.84,	1.7100
210.50,	1.7200
211.15,	1.7300
211.81,	1.7400
212.46,	1.7500
213.12,	1.7600
213.77,	1.7700
214.43,	1.7800
215.08,	1.7900
215.74,	1.8000
216.39,	1.8100
217.04,	1.8200
217.70,	1.8200
218.35,	1.8200
219.01,	1.8200
219.66,	1.8200
220.32,	1.8200
220.97,	1.8300
221.62,	1.8200
222.28,	1.7900
222.93,	1.7800
223.59,	1.7700
224.24,	1.7700
224.89,	1.7700
225.55,	1.7600
226.20,	1.7600
226.85,	1.7600
227.51,	1.7600
228.16,	1.7700
228.81,	1.7700
229.47,	1.7700
230.12,	1.7700
230.78,	1.7800
231.43,	1.7800
232.08,	1.7800
232.74,	1.7800
233.39,	1.7800
234.04,	1.7800
234.69,	1.7900
235.35,	1.7900
236.00,	1.7900
236.65,	1.8000
237.31,	1.8000
237.96,	1.8100
238.61,	1.8400
239.27,	1.8700
239.92,	1.8900
240.57,	1.8900
241.22,	1.8900
241.88,	1.9000
242.53,	1.9000
243.18,	1.9100
243.83,	1.9100
244.49,	1.9100
245.14,	1.9200
245.79,	1.9300
246.44,	1.9400
247.10,	1.9400
247.75,	1.9500
248.40,	1.9500
249.05,	1.9500
249.70,	1.9600
250.36,	1.9800
251.01,	1.9900
251.66,	2.0000
252.31,	2.0000
252.96,	2.0100
253.62,	2.0200
254.27,	2.0200
254.92,	2.0300
255.57,	2.0500
256.22,	2.0500
256.88,	2.0600
257.53,	2.0600
258.18,	2.0700
258.83,	2.0800
259.48,	2.0800
260.13,	2.0800
260.78,	2.0900
261.44,	2.1100
262.09,	2.1200
262.74,	2.1200
263.39,	2.1200
264.04,	2.1300
264.69,	2.1300
265.34,	2.1400
265.99,	2.1400
266.64,	2.1400
267.29,	2.1500
267.95,	2.1500
268.60,	2.1500
269.25,	2.1500
269.90,	2.1500
270.55,	2.1600
271.20,	2.1600
271.85,	2.1600
272.50,	2.1600
273.15,	2.1600
273.80,	2.1600
274.45,	2.1700
275.10,	2.1700
275.75,	2.1600
276.40,	2.1600
277.05,	2.1500
277.70,	2.1500
278.35,	2.1500
279.00,	2.1500
279.65,	2.1500
280.30,	2.1500
280.95,	2.1500
281.60,	2.1500
282.25,	2.1400
282.90,	2.1400
283.55,	2.1400
284.20,	2.1500
284.85,	2.1500
285.50,	2.1500
286.15,	2.1600
286.80,	2.1600
287.45,	2.1700
288.10,	2.1700
288.75,	2.1700
289.40,	2.1700
290.05,	2.1800
290.70,	2.1800
291.35,	2.1700
292.00,	2.1800
292.64,	2.1800
293.29,	2.1800
293.94,	2.1800
294.59,	2.1800
295.24,	2.1900
295.89,	2.1800
296.54,	2.1900
297.19,	2.1900
297.84,	2.1900
298.49,	2.1800
299.13,	2.1900
299.78,	2.2000
300.43,	2.2000
301.08,	2.2000
301.73,	2.2000
302.38,	2.2100
303.02,	2.2200
303.67,	2.2200
304.32,	2.2200
304.97,	2.2300
305.62,	2.2400
306.27,	2.2400
306.91,	2.2400
307.56,	2.2400
308.21,	2.2500
308.86,	2.2500
309.51,	2.2500
310.15,	2.2500
310.80,	2.2500
311.45,	2.2600
312.10,	2.2700
312.75,	2.2700
313.39,	2.2700
314.04,	2.2700
314.69,	2.2700
315.34,	2.2800
315.98,	2.2800
316.63,	2.2900
317.28,	2.3000
317.93,	2.3000
318.57,	2.3100
319.22,	2.3100
319.87,	2.3200
320.52,	2.3200
321.16,	2.3200
321.81,	2.3200
322.46,	2.3200
323.10,	2.3300
323.75,	2.3300
324.40,	2.3300
325.04,	2.3300
325.69,	2.3300
326.34,	2.3300
326.99,	2.3300
327.63,	2.3300
328.28,	2.3300
328.93,	2.3400
329.57,	2.3400
330.22,	2.3400
330.86,	2.3400
331.51,	2.3400
332.16,	2.3400
332.80,	2.3400
333.45,	2.3400
334.10,	2.3400
334.74,	2.3500
335.39,	2.3400
336.03,	2.3400
336.68,	2.3400
337.33,	2.3400
337.97,	2.3300
338.62,	2.3200
339.26,	2.3100
339.91,	2.3100
340.56,	2.3000
341.20,	2.3000
341.85,	2.3000
342.49,	2.3000
343.14,	2.3000
343.78,	2.3000
344.43,	2.3000
345.08,	2.3000
345.72,	2.3100
346.37,	2.3100
347.01,	2.3100
347.66,	2.3100
348.30,	2.3100
348.95,	2.3000
349.59,	2.3100
350.24,	2.3100
350.88,	2.3100
351.53,	2.3100
352.17,	2.3100
352.82,	2.3100
353.46,	2.3100
354.11,	2.3100
354.75,	2.3200
355.40,	2.3200
356.04,	2.3200
356.69,	2.3300
357.33,	2.3300
357.98,	2.3400
358.62,	2.3700
359.27,	2.3800
359.91,	2.3900
360.55,	2.3800
361.20,	2.3700
361.84,	2.3700
362.49,	2.3700
363.13,	2.3700
363.78,	2.3700
364.42,	2.3700
365.06,	2.3700
365.71,	2.3800
366.35,	2.3800
367.00,	2.4000
367.64,	2.4200
368.28,	2.4200
368.93,	2.4300
369.57,	2.4400
370.22,	2.4500
370.86,	2.4600
371.50,	2.4600
372.15,	2.4600
372.79,	2.4600
373.43,	2.4600
374.08,	2.4500
374.72,	2.4600
375.36,	2.4600
376.01,	2.4600
376.65,	2.4600
377.29,	2.4500
377.94,	2.4600
378.58,	2.4600
379.22,	2.4600
379.87,	2.4600
380.51,	2.4600
381.15,	2.4700
381.79,	2.4600
382.44,	2.4600
383.08,	2.4600
383.72,	2.4600
384.37,	2.4700
385.01,	2.4700
385.65,	2.4700
386.29,	2.4700
386.94,	2.4700
387.58,	2.4700
388.22,	2.4700
388.86,	2.4700
389.51,	2.4800
390.15,	2.4800
390.79,	2.4800
391.43,	2.4800
392.08,	2.4800
392.72,	2.4900
393.36,	2.4900
394.00,	2.4900
394.64,	2.4900
395.29,	2.5000
395.93,	2.5000
396.57,	2.5000
397.21,	2.5000
397.85,	2.5000
398.50,	2.5100
399.14,	2.5200
399.78,	2.5200
400.42,	2.5200
401.06,	2.5200
401.70,	2.5200
402.34,	2.5200
402.99,	2.5200
403.63,	2.5200
404.27,	2.5200
404.91,	2.5200
405.55,	2.5200
406.19,	2.5200
406.83,	2.5200
407.48,	2.5200
408.12,	2.5200
408.76,	2.5200
409.40,	2.5200
410.04,	2.5200
410.68,	2.5200
411.32,	2.5200
411.96,	2.5200
412.60,	2.5200
413.24,	2.5200
413.88,	2.5200
414.52,	2.5300
415.17,	2.5200
415.81,	2.5200
416.45,	2.5200
417.09,	2.5200
417.73,	2.5300
418.37,	2.5300
419.01,	2.5300
419.65,	2.5300
420.29,	2.5300
420.93,	2.5300
421.57,	2.5400
422.21,	2.5400
422.85,	2.5400
423.49,	2.5400
424.13,	2.5300
424.77,	2.5300
425.41,	2.5300
426.05,	2.5400
426.69,	2.5300
427.33,	2.5300
427.97,	2.5300
428.61,	2.5400
429.25,	2.5400
429.89,	2.5400
430.53,	2.5400
431.17,	2.5300
431.80,	2.5300
432.44,	2.5200
433.08,	2.5200
433.72,	2.5200
434.36,	2.5300
435.00,	2.5300
435.64,	2.5400
436.28,	2.5300
436.92,	2.5400
437.56,	2.5400
438.20,	2.5300
438.84,	2.5300
439.47,	2.5400
440.11,	2.5300
440.75,	2.5300
441.39,	2.5300
442.03,	2.5300
442.67,	2.5300
443.31,	2.5200
443.95,	2.5300
444.58,	2.5300
445.22,	2.5300
445.86,	2.5300
446.50,	2.5300
447.14,	2.5300
447.78,	2.5300
448.41,	2.5400
449.05,	2.5400
449.69,	2.5300
450.33,	2.5400
450.97,	2.5400
451.60,	2.5400
452.24,	2.5400
452.88,	2.5400
453.52,	2.5400
454.16,	2.5400
454.79,	2.5500
455.43,	2.5400
456.07,	2.5400
456.71,	2.5500
457.35,	2.5500
457.98,	2.5500
458.62,	2.5400
459.26,	2.5400
459.90,	2.5400
460.53,	2.5400
461.17,	2.5500
461.81,	2.5500
462.44,	2.5500
463.08,	2.5500
463.72,	2.5500
464.36,	2.5500
464.99,	2.5500
465.63,	2.5500
466.27,	2.5500
466.90,	2.5500
467.54,	2.5500
468.18,	2.5500
468.81,	2.5500
469.45,	2.5500
470.09,	2.5500
470.72,	2.5500
471.36,	2.5500
472.00,	2.5500
472.63,	2.5500
473.27,	2.5500
473.91,	2.5600
474.54,	2.5500
475.18,	2.5600
475.82,	2.5600
476.45,	2.5500
477.09,	2.5500
477.73,	2.5500
478.36,	2.5500
479.00,	2.5500
479.63,	2.5500
480.27,	2.5500
480.91,	2.5600
481.54,	2.5600
482.18,	2.5600
482.81,	2.5600
483.45,	2.5700
484.08,	2.5600
484.72,	2.5600
485.36,	2.5600
485.99,	2.5600
486.63,	2.5500
487.26,	2.5400
487.90,	2.5400
488.53,	2.5500
489.17,	2.5400
489.80,	2.5400
490.44,	2.5500
491.07,	2.5600
491.71,	2.5500
492.34,	2.5600
492.98,	2.5600
493.62,	2.5600
494.25,	2.5500
494.89,	2.5600
495.52,	2.5500
496.15,	2.5500
496.79,	2.5500
497.42,	2.5600
498.06,	2.5600
498.69,	2.5600
499.33,	2.5600
499.96,	2.5600
500.60,	2.5500
501.23,	2.5500
501.87,	2.5600
502.50,	2.5600
503.14,	2.5500
503.77,	2.5600
504.40,	2.5600
505.04,	2.5500
505.67,	2.5500
506.31,	2.5600
506.94,	2.5500
507.57,	2.5500
508.21,	2.5500
508.84,	2.5500
509.48,	2.5500
510.11,	2.5500
510.74,	2.5500
511.38,	2.5500
512.01,	2.5500
512.65,	2.5500
513.28,	2.5500
513.91,	2.5500
514.55,	2.5500
515.18,	2.5500
515.81,	2.5500
516.45,	2.5500
517.08,	2.5500
517.71,	2.5500
518.35,	2.5600
518.98,	2.5500
519.61,	2.5600
520.25,	2.5600
520.88,	2.5600
521.51,	2.5600
522.15,	2.5500
522.78,	2.5600
523.41,	2.5600
524.04,	2.5600
524.68,	2.5500
525.31,	2.5500
525.94,	2.5600
526.58,	2.5600
527.21,	2.5600
527.84,	2.5500
528.47,	2.5600
529.11,	2.5600
529.74,	2.5600
530.37,	2.5500
531.00,	2.5500
531.64,	2.5500
532.27,	2.5400
532.90,	2.5400
533.53,	2.5500
534.17,	2.5500
534.80,	2.5400
535.43,	2.5400
536.06,	2.5400
536.69,	2.5400
537.33,	2.5400
537.96,	2.5400
538.59,	2.5400
539.22,	2.5400
539.85,	2.5400
540.48,	2.5400
541.12,	2.5400
541.75,	2.5500
542.38,	2.5500
543.01,	2.5400
543.64,	2.5400
544.27,	2.5400
544.91,	2.5400
545.54,	2.5400
546.17,	2.5400
546.80,	2.5400
547.43,	2.5400
548.06,	2.5500
548.69,	2.5400
549.32,	2.5400
549.95,	2.5500
550.59,	2.5500
551.22,	2.5500
551.85,	2.5500
552.48,	2.5500
553.11,	2.5500
553.74,	2.5500
554.37,	2.5600
555.00,	2.5500
555.63,	2.5500
556.26,	2.5500
556.89,	2.5500
557.52,	2.5500
558.15,	2.5500
558.78,	2.5500
559.42,	2.5500
560.05,	2.5500
560.68,	2.5500
561.31,	2.5500
561.94,	2.5500
562.57,	2.5400
563.20,	2.5400
563.83,	2.5400
564.46,	2.5300
565.09,	2.5300
565.72,	2.5300
566.35,	2.5300
566.98,	2.5300
567.61,	2.5400
568.24,	2.5300
568.87,	2.5300
569.50,	2.5400
570.12,	2.5300
570.75,	2.5300
571.38,	2.5300
572.01,	2.5300
572.64,	2.5400
573.27,	2.5400
573.90,	2.5300
574.53,	2.5400
575.16,	2.5400
575.79,	2.5400
576.42,	2.5300
577.05,	2.5300
577.68,	2.5300
578.31,	2.5300
578.93,	2.5300
579.56,	2.5300
580.19,	2.5300
580.82,	2.5300
581.45,	2.5200
582.08,	2.5200
582.71,	2.5300
583.34,	2.5300
583.97,	2.5200
584.59,	2.5300
585.22,	2.5300
585.85,	2.5300
586.48,	2.5300
587.11,	2.5200
587.74,	2.5200
588.36,	2.5300
588.99,	2.5300
589.62,	2.5300
590.25,	2.5300
590.88,	2.5300
591.50,	2.5300
592.13,	2.5300
592.76,	2.5300
593.39,	2.5300
594.02,	2.5300
594.64,	2.5300
595.27,	2.5300
595.90,	2.5300
596.53,	2.5300
597.16,	2.5400
597.78,	2.5400
598.41,	2.5400
599.04,	2.5300
599.67,	2.5300
600.29,	2.5300
600.92,	2.5400
601.55,	2.5400
602.18,	2.5400
602.80,	2.5300
603.43,	2.5300
604.06,	2.5400
604.68,	2.5300
605.31,	2.5300
605.94,	2.5400
606.57,	2.5400
607.19,	2.5300
607.82,	2.5300
608.45,	2.5300
609.07,	2.5300
609.70,	2.5300
610.33,	2.5300
610.95,	2.5400
611.58,	2.5400
612.21,	2.5400
612.83,	2.5300
613.46,	2.5300
614.09,	2.5300
614.71,	2.5300
615.34,	2.5300
615.97,	2.5300
616.59,	2.5300
617.22,	2.5300
617.84,	2.5300
618.47,	2.5200
619.10,	2.5200
619.72,	2.5200
620.35,	2.5200
620.97,	2.5200
621.60,	2.5200
622.23,	2.5200
622.85,	2.5200
623.48,	2.5200
624.10,	2.5300
624.73,	2.5200
625.35,	2.5100
625.98,	2.5100
626.61,	2.5100
627.23,	2.5100
627.86,	2.5200
628.48,	2.5100
629.11,	2.5100
629.73,	2.5100
630.36,	2.5100
630.98,	2.5100
631.61,	2.5100
632.23,	2.5100
632.86,	2.5100
633.48,	2.5100
634.11,	2.5100
634.73,	2.5100
635.36,	2.5100
635.98,	2.5100
636.61,	2.5200
637.23,	2.5100
637.86,	2.5000
638.48,	2.5100
639.11,	2.5100
639.73,	2.5100
640.36,	2.5100
640.98,	2.5100
641.61,	2.5000
642.23,	2.4900
642.85,	2.5000
643.48,	2.5000
644.10,	2.5000
644.73,	2.5000
645.35,	2.5000
645.98,	2.5000
646.60,	2.5100
647.22,	2.5000
647.85,	2.5000
648.47,	2.5000
649.10,	2.5000
649.72,	2.5000
650.34,	2.5000
650.97,	2.5000
651.59,	2.5000
652.22,	2.5000
652.84,	2.5000
653.46,	2.5000
654.09,	2.5000
654.71,	2.5000
655.33,	2.5000
655.96,	2.5000
656.58,	2.5000
657.20,	2.4900
657.83,	2.4900
658.45,	2.4900
659.07,	2.5000
659.70,	2.5000
660.32,	2.5000
660.94,	2.5000
661.57,	2.4900
662.19,	2.4900
662.81,	2.5000
663.43,	2.5000
664.06,	2.4900
664.68,	2.4900
665.30,	2.4900
665.93,	2.4900
666.55,	2.4900
667.17,	2.4900
667.79,	2.5000
668.42,	2.5000
669.04,	2.5000
669.66,	2.5000
670.28,	2.4900
670.91,	2.4900
671.53,	2.4900
672.15,	2.5000
672.77,	2.4900
673.39,	2.5000
674.02,	2.5000
674.64,	2.5000
675.26,	2.5000
675.88,	2.5000
676.50,	2.5100
677.13,	2.5300
677.75,	2.5300
678.37,	2.5300
678.99,	2.5300
679.61,	2.5300
680.24,	2.5300
680.86,	2.5300
681.48,	2.5200
682.10,	2.5300
682.72,	2.5300
683.34,	2.5200
683.96,	2.5200
684.59,	2.5100
685.21,	2.5100
685.83,	2.5200
686.45,	2.5200
687.07,	2.5100
687.69,	2.5100
688.31,	2.5100
688.93,	2.5200
689.56,	2.5200
690.18,	2.5200
690.80,	2.5200
691.42,	2.5100
692.04,	2.5200
692.66,	2.5200
693.28,	2.5200
693.90,	2.5300
694.52,	2.5300
695.14,	2.5200
695.76,	2.5300
696.38,	2.5400
697.00,	2.5400
697.62,	2.5300
698.25,	2.5400
698.87,	2.5400
699.49,	2.5400
700.11,	2.5400
700.73,	2.5400
701.35,	2.5300
701.97,	2.5400
702.59,	2.5300
703.21,	2.5300
703.83,	2.5300
704.45,	2.5300
705.07,	2.5300
705.69,	2.5300
706.31,	2.5300
706.93,	2.5300
707.55,	2.5400
708.17,	2.5400
708.79,	2.5300
709.40,	2.5300
710.02,	2.5400
710.64,	2.5400
711.26,	2.5400
711.88,	2.5400
712.50,	2.5400
713.12,	2.5400
713.74,	2.5400
714.36,	2.5500
714.98,	2.5500
715.60,	2.5500
716.22,	2.5400
716.84,	2.5400
717.45,	2.5400
718.07,	2.5400
718.69,	2.5400
719.31,	2.5400
719.93,	2.5300
720.55,	2.5300
721.17,	2.5300
721.79,	2.5300
722.41,	2.5300
723.02,	2.5300
723.64,	2.5300
724.26,	2.5300
724.88,	2.5200
725.50,	2.5200
726.12,	2.5200
726.73,	2.5200
727.35,	2.5200
727.97,	2.5200
728.59,	2.5200
729.21,	2.5100
729.83,	2.5200
730.44,	2.5200
731.06,	2.5200
731.68,	2.5300
732.30,	2.5300
732.92,	2.5300
733.53,	2.5300
734.15,	2.5200
734.77,	2.5200
735.39,	2.5300
736.00,	2.5300
736.62,	2.5300
737.24,	2.5300
737.86,	2.5300
738.47,	2.5300
739.09,	2.5200
739.71,	2.5300
740.33,	2.5300
740.94,	2.5200
741.56,	2.5200
742.18,	2.5200
742.79,	2.5200
743.41,	2.5100
744.03,	2.5100
744.65,	2.5200
745.26,	2.5200
745.88,	2.5200
746.50,	2.5100
747.11,	2.5000
747.73,	2.4900
748.35,	2.4900
748.96,	2.4800
749.58,	2.4800
750.20,	2.4700
750.81,	2.4700
751.43,	2.4700
752.05,	2.4700
752.66,	2.4700
753.28,	2.4700
753.90,	2.4700
754.51,	2.4700
755.13,	2.4700
755.74,	2.4700
756.36,	2.4700
756.98,	2.4600
757.59,	2.4600
758.21,	2.4700
758.82,	2.4600
759.44,	2.4600
760.06,	2.4600
760.67,	2.4600
761.29,	2.4600
761.90,	2.4600
762.52,	2.4600
763.14,	2.4500
763.75,	2.4600
764.37,	2.4600
764.98,	2.4600
765.60,	2.4600
766.21,	2.4600
766.83,	2.4600
767.44,	2.4500
768.06,	2.4500
768.67,	2.4600
769.29,	2.4500
769.90,	2.4600
770.52,	2.4600
771.14,	2.4500
771.75,	2.4500
772.37,	2.4600
772.98,	2.4600
773.59,	2.4600
774.21,	2.4600
774.82,	2.4600
775.44,	2.4600
776.05,	2.4600
776.67,	2.4600
777.28,	2.4600
777.90,	2.4600
778.51,	2.4600
779.13,	2.4600
779.74,	2.4500
780.36,	2.4600
780.97,	2.4600
781.58,	2.4600
782.20,	2.4700
782.81,	2.4600
783.43,	2.4600
784.04,	2.4500
784.66,	2.4500
785.27,	2.4600
785.88,	2.4600
786.50,	2.4600
787.11,	2.4700
787.73,	2.4700
788.34,	2.4700
788.95,	2.4700
789.57,	2.4700
790.18,	2.4700
790.79,	2.4600
791.41,	2.4700
792.02,	2.4600
792.63,	2.4700
793.25,	2.4700
793.86,	2.4700
794.47,	2.4700
795.09,	2.4700
795.70,	2.4700
796.31,	2.4600
796.93,	2.4600
797.54,	2.4700
798.15,	2.4600
798.77,	2.4600
799.38,	2.4600
799.99,	2.4700
800.61,	2.4700
801.22,	2.4700
801.83,	2.4700
802.44,	2.4700
803.06,	2.4700
803.67,	2.4700
804.28,	2.4800
804.90,	2.4800
805.51,	2.4800
806.12,	2.4800
806.73,	2.4800
807.34,	2.4700
807.96,	2.4700
808.57,	2.4800
809.18,	2.4700
809.79,	2.4800
810.41,	2.4800
811.02,	2.4800
811.63,	2.4800
812.24,	2.4800
812.85,	2.4700
813.47,	2.4800
814.08,	2.4800
814.69,	2.4800
815.30,	2.4800
815.91,	2.4800
816.53,	2.4800
817.14,	2.4800
817.75,	2.4800
818.36,	2.4800
818.97,	2.4800
819.58,	2.4800
820.20,	2.4800
820.81,	2.4800
821.42,	2.4800
822.03,	2.4800
822.64,	2.4700
823.25,	2.4700
823.86,	2.4800
824.47,	2.4700
825.09,	2.4700
825.70,	2.4700
826.31,	2.4700
826.92,	2.4700
827.53,	2.4700
828.14,	2.4700
828.75,	2.4700
829.36,	2.4600
829.97,	2.4700
830.58,	2.4700
831.19,	2.4700
831.80,	2.4600
832.42,	2.4700
833.03,	2.4700
833.64,	2.4700
834.25,	2.4600
834.86,	2.4600
835.47,	2.4600
836.08,	2.4600
836.69,	2.4600
837.30,	2.4600
837.91,	2.4500
838.52,	2.4500
839.13,	2.4500
839.74,	2.4500
840.35,	2.4500
840.96,	2.4500
841.57,	2.4500
842.18,	2.4500
842.79,	2.4400
843.40,	2.4400
844.01,	2.4400
844.62,	2.4400
845.23,	2.4400
845.84,	2.4400
846.45,	2.4400
847.06,	2.4500
847.67,	2.4500
848.27,	2.4500
848.88,	2.4500
849.49,	2.4500
850.10,	2.4500
850.71,	2.4600
851.32,	2.4600
851.93,	2.4600
852.54,	2.4500
853.15,	2.4600
853.76,	2.4600
854.37,	2.4600
854.98,	2.4600
855.58,	2.4600
856.19,	2.4700
856.80,	2.4700
857.41,	2.4700
858.02,	2.4700
858.63,	2.4700
859.24,	2.4800
859.85,	2.4800
860.45,	2.4800
861.06,	2.4800
861.67,	2.4800
862.28,	2.4700
862.89,	2.4800
863.50,	2.4800
864.10,	2.4800
864.71,	2.4900
865.32,	2.4900
865.93,	2.4900
866.54,	2.4900
867.14,	2.4900
867.75,	2.4900
868.36,	2.5000
868.97,	2.4900
869.58,	2.4900
870.18,	2.4900
870.79,	2.4900
871.40,	2.4900
872.01,	2.4900
872.61,	2.4800
873.22,	2.4700
873.83,	2.4700
874.44,	2.4700
875.04,	2.4800
875.65,	2.4700
876.26,	2.4700
876.87,	2.4800
877.47,	2.4700
878.08,	2.4700
878.69,	2.4700
879.29,	2.4700
879.90,	2.4600
880.51,	2.4700
881.12,	2.4700
881.72,	2.4700
882.33,	2.4700
882.94,	2.4700
883.54,	2.4700
884.15,	2.4700
884.76,	2.4700
885.36,	2.4700
885.97,	2.4700
886.58,	2.4700
887.18,	2.4600
887.79,	2.4600
888.40,	2.4600
889.00,	2.4700
889.61,	2.4700
890.22,	2.4600
890.82,	2.4600
891.43,	2.4600
892.03,	2.4600
892.64,	2.4600
893.25,	2.4600
893.85,	2.4600
894.46,	2.4700
895.06,	2.4600
895.67,	2.4600
896.28,	2.4600
896.88,	2.4600
897.49,	2.4500
898.09,	2.4600
898.70,	2.4500
899.30,	2.4600
899.91,	2.4600
900.52,	2.4600
901.12,	2.4500
901.73,	2.4500
902.33,	2.4500
902.94,	2.4500
903.54,	2.4600
904.15,	2.4500
904.75,	2.4600
905.36,	2.4500
905.96,	2.4600
906.57,	2.4600
907.17,	2.4500
907.78,	2.4500
908.38,	2.4500
908.99,	2.4500
909.59,	2.4500
910.20,	2.4500
910.80,	2.4500
911.41,	2.4400
912.01,	2.4500
912.62,	2.4500
913.22,	2.4500
913.83,	2.4400
914.43,	2.4400
915.03,	2.4500
915.64,	2.4500
916.24,	2.4500
916.85,	2.4500
917.45,	2.4500
918.06,	2.4600
918.66,	2.4600
919.26,	2.4600
919.87,	2.4600
920.47,	2.4600
921.08,	2.4600
921.68,	2.4600
922.28,	2.4600
922.89,	2.4600
923.49,	2.4600
924.10,	2.4700
924.70,	2.4600
925.30,	2.4500
925.91,	2.4600
926.51,	2.4500
927.11,	2.4600
927.72,	2.4500
928.32,	2.4500
928.92,	2.4400
929.53,	2.5000
930.13,	5.0200
930.74,	13.8600
931.34,	19.2200
931.94,	21.9700
932.54,	24.1700
933.15,	25.9900
933.75,	27.5400
934.35,	28.8800
934.96,	30.0200
935.56,	31.0000
936.16,	31.8000
936.77,	32.4700
937.37,	33.0800
937.97,	33.6300
938.57,	34.1700
939.18,	34.6600
939.78,	35.1400
940.38,	35.5000
940.98,	35.5000
941.59,	35.5000
942.19,	35.5000
942.79,	35.5000
943.39,	35.5000
944.00,	35.5000
944.60,	35.5000
945.20,	35.5000
945.80,	35.5000
946.40,	35.5000
947.01,	35.5000
947.61,	35.5000
948.21,	35.5000
948.81,	35.5000
949.41,	35.5000
950.02,	35.5000
950.62,	35.5000
951.22,	35.5000
951.82,	35.5000
952.42,	35.5000
953.02,	35.5000
953.63,	35.5000
954.23,	35.5000
954.83,	35.5000
955.43,	35.5000
956.03,	35.5000
956.63,	35.5000
957.24,	35.5000
957.84,	35.5000
958.44,	35.5000
959.04,	35.5000
959.64,	35.5000
960.24,	35.5000
960.84,	35.5000
961.44,	35.5000
962.04,	35.5000
962.64,	35.5000
963.25,	35.5000
963.85,	35.5000
964.45,	35.5000
965.05,	35.5000
965.65,	35.5000
966.25,	35.5000
966.85,	35.5000
967.45,	35.5000
968.05,	35.5000
968.65,	35.5000
969.25,	35.5000
969.85,	35.5000
970.45,	35.5000
971.05,	35.5000
971.65,	35.5000
972.25,	35.5000
972.85,	35.5000
973.45,	35.5000
974.05,	35.5000
974.65,	35.5000
975.25,	35.5000
975.85,	35.5000
976.45,	35.5000
977.05,	35.5000
977.65,	35.5000
978.25,	35.5000
978.85,	35.5000
979.45,	35.5000
980.05,	35.5000
980.65,	35.5000
981.25,	35.5000
981.85,	35.5000
982.45,	35.5000
983.05,	35.5000
983.65,	35.5000
984.25,	35.5000
984.85,	35.5000
985.45,	35.5000
986.04,	35.5000
986.64,	35.5000
987.24,	35.5000
987.84,	35.5000
988.44,	35.5000
989.04,	35.5000
989.64,	35.5000
990.24,	35.5000
990.84,	35.5000
991.44,	35.5000
992.03,	35.5000
992.63,	35.5000
993.23,	35.5000
993.83,	35.5000
994.43,	35.5000
995.03,	35.5000
995.63,	35.5000
996.22,	35.5000
996.82,	35.5000
997.42,	35.5000
998.02,	35.5000
998.62,	35.5000
999.21,	35.5000
999.81,	35.5000
1000.41,	35.5000
