Call Sign = ZSDA,	Ship Name = SA Agulhas,	Lloyds Num = 0
Date = 12/01/2016,	Time = 18:59,	
Latitude = 35 47.04  S,	Longitude = 013 38.37  E
Instr = Sippican Deep Blue,	Card Type = Sippican MK-21,	
Wind Instr = ,	Measur Method = 
Probe Serial Num = -1,	Ship Dir = -1,	Ship Speed = -1.00
Wind Dir = 316,	Wind Speed = 0.40
Dry Bulb Temp = 16.40,	Total Water Depth = -1.00

Full Resolution Values
Depth,	 Temp
0.67,	18.3100
1.34,	18.2500
2.01,	18.2000
2.68,	18.1900
3.34,	18.1700
4.01,	18.1400
4.68,	18.0900
5.35,	18.0600
6.02,	17.9800
6.69,	17.8500
7.36,	17.7900
8.03,	17.7600
8.69,	17.7400
9.36,	17.7400
10.03,	17.7300
10.70,	17.7200
11.37,	17.7100
12.04,	17.7000
12.70,	17.7000
13.37,	17.6900
14.04,	17.6900
14.71,	17.6900
15.38,	17.6700
16.05,	17.6700
16.71,	17.6600
17.38,	17.6500
18.05,	17.6400
18.72,	17.6300
19.38,	17.6200
20.05,	17.6100
20.72,	17.6100
21.39,	17.6000
22.06,	17.5900
22.72,	17.5100
23.39,	17.3800
24.06,	17.3000
24.73,	17.2400
25.39,	17.1900
26.06,	17.1600
26.73,	17.1300
27.40,	17.1100
28.06,	17.0900
28.73,	17.0700
29.40,	17.0300
30.06,	16.9800
30.73,	16.9500
31.40,	16.9300
32.06,	16.9200
32.73,	16.9100
33.40,	16.9100
34.07,	16.9000
34.73,	16.9000
35.40,	16.8900
36.07,	16.8900
36.73,	16.8800
37.40,	16.8800
38.07,	16.8800
38.73,	16.8700
39.40,	16.8700
40.06,	16.8600
40.73,	16.8500
41.40,	16.8500
42.06,	16.8500
42.73,	16.8400
43.40,	16.8300
44.06,	16.8200
44.73,	16.8100
45.39,	16.7800
46.06,	16.7200
46.73,	16.6600
47.39,	16.6100
48.06,	16.5700
48.72,	16.5100
49.39,	16.4600
50.06,	16.4000
50.72,	16.3400
51.39,	16.3100
52.05,	16.2600
52.72,	16.2100
53.38,	16.1700
54.05,	16.1300
54.71,	16.1200
55.38,	16.1000
56.05,	16.0700
56.71,	16.0200
57.38,	15.9600
58.04,	15.9200
58.71,	15.9000
59.37,	15.8800
60.04,	15.8600
60.70,	15.8200
61.37,	15.7900
62.03,	15.7800
62.70,	15.7700
63.36,	15.7700
64.03,	15.7400
64.69,	15.6900
65.36,	15.6600
66.02,	15.6200
66.69,	15.5800
67.35,	15.5500
68.01,	15.5400
68.68,	15.5200
69.34,	15.5100
70.01,	15.4900
70.67,	15.4600
71.34,	15.4400
72.00,	15.4400
72.66,	15.4200
73.33,	15.4200
73.99,	15.4100
74.66,	15.3900
75.32,	15.4000
75.98,	15.4000
76.65,	15.3900
77.31,	15.3700
77.98,	15.3700
78.64,	15.3700
79.30,	15.3700
79.97,	15.3900
80.63,	15.4200
81.30,	15.4200
81.96,	15.4200
82.62,	15.4200
83.29,	15.4200
83.95,	15.4100
84.61,	15.3900
85.28,	15.3300
85.94,	15.2700
86.60,	15.2000
87.27,	15.1600
87.93,	15.1300
88.59,	15.1000
89.26,	15.0500
89.92,	15.0000
90.58,	14.9600
91.24,	14.9400
91.91,	14.9200
92.57,	14.8900
93.23,	14.8600
93.90,	14.8400
94.56,	14.8200
95.22,	14.8000
95.88,	14.7800
96.55,	14.7500
97.21,	14.7300
97.87,	14.7100
98.53,	14.6700
99.20,	14.6400
99.86,	14.6000
100.52,	14.5700
101.18,	14.5500
101.85,	14.5400
102.51,	14.5300
103.17,	14.5200
103.83,	14.5100
104.49,	14.4900
105.16,	14.4600
105.82,	14.4300
106.48,	14.3900
107.14,	14.3300
107.80,	14.3000
108.47,	14.2900
109.13,	14.2700
109.79,	14.2600
110.45,	14.2600
111.11,	14.2500
111.77,	14.2500
112.44,	14.2300
113.10,	14.2100
113.76,	14.1800
114.42,	14.1700
115.08,	14.1600
115.74,	14.1400
116.40,	14.1300
117.06,	14.1100
117.73,	14.0800
118.39,	14.0400
119.05,	14.0200
119.71,	14.0100
120.37,	14.0100
121.03,	14.0100
121.69,	14.0000
122.35,	13.9900
123.01,	13.9800
123.67,	13.9700
124.33,	13.9700
125.00,	13.9700
125.66,	13.9600
126.32,	13.9600
126.98,	13.9500
127.64,	13.9500
128.30,	13.9400
128.96,	13.9300
129.62,	13.9300
130.28,	13.9100
130.94,	13.8900
131.60,	13.8700
132.26,	13.8600
132.92,	13.8500
133.58,	13.8400
134.24,	13.8400
134.90,	13.8300
135.56,	13.8300
136.22,	13.8200
136.88,	13.8000
137.54,	13.7800
138.20,	13.7800
138.86,	13.7800
139.52,	13.7800
140.18,	13.7700
140.84,	13.7700
141.50,	13.7800
142.16,	13.7700
142.82,	13.7800
143.48,	13.7800
144.14,	13.7800
144.79,	13.7600
145.45,	13.7400
146.11,	13.7400
146.77,	13.7200
147.43,	13.7000
148.09,	13.6800
148.75,	13.6600
149.41,	13.6400
150.07,	13.6200
150.73,	13.6000
151.39,	13.5800
152.04,	13.5500
152.70,	13.5400
153.36,	13.5000
154.02,	13.4800
154.68,	13.4500
155.34,	13.4100
156.00,	13.3700
156.65,	13.3300
157.31,	13.3000
157.97,	13.2500
158.63,	13.2000
159.29,	13.1400
159.95,	13.0900
160.60,	13.0700
161.26,	13.0600
161.92,	13.0600
162.58,	13.0800
163.24,	13.0800
163.90,	13.0900
164.55,	13.1100
165.21,	13.1400
165.87,	13.1500
166.53,	13.1600
167.18,	13.1600
167.84,	13.1700
168.50,	13.1700
169.16,	13.1600
169.82,	13.1500
170.47,	13.1600
171.13,	13.1500
171.79,	13.1500
172.44,	13.1500
173.10,	13.1400
173.76,	13.1400
174.42,	13.1400
175.07,	13.1400
175.73,	13.1400
176.39,	13.1300
177.05,	13.1200
177.70,	13.1200
178.36,	13.1200
179.02,	13.1200
179.67,	13.1300
180.33,	13.1500
180.99,	13.1700
181.64,	13.1900
182.30,	13.2100
182.96,	13.2200
183.61,	13.2300
184.27,	13.2300
184.93,	13.1900
185.58,	13.1500
186.24,	13.1300
186.90,	13.1000
187.55,	13.0500
188.21,	13.0200
188.87,	12.9900
189.52,	12.9600
190.18,	12.9300
190.83,	12.9000
191.49,	12.8600
192.15,	12.8300
192.80,	12.8200
193.46,	12.8300
194.11,	12.8200
194.77,	12.8200
195.43,	12.8200
196.08,	12.8200
196.74,	12.8200
197.39,	12.8300
198.05,	12.8600
198.70,	12.9000
199.36,	12.9300
200.02,	12.9400
200.67,	12.9300
201.33,	12.9100
201.98,	12.9200
202.64,	12.9100
203.29,	12.9100
203.95,	12.9100
204.60,	12.9200
205.26,	12.9300
205.91,	12.9300
206.57,	12.9400
207.22,	12.9500
207.88,	12.9800
208.53,	13.0100
209.19,	13.0200
209.84,	13.0300
210.50,	13.0100
211.15,	12.9800
211.81,	12.9400
212.46,	12.9200
213.12,	12.9200
213.77,	12.9200
214.43,	12.9200
215.08,	12.9100
215.74,	12.9100
216.39,	12.9000
217.04,	12.8700
217.70,	12.8200
218.35,	12.8000
219.01,	12.7900
219.66,	12.7900
220.32,	12.7900
220.97,	12.7900
221.62,	12.7800
222.28,	12.7700
222.93,	12.7500
223.59,	12.7400
224.24,	12.7400
224.89,	12.7300
225.55,	12.7400
226.20,	12.7400
226.85,	12.7400
227.51,	12.7400
228.16,	12.7500
228.81,	12.7500
229.47,	12.7600
230.12,	12.7600
230.78,	12.7500
231.43,	12.7300
232.08,	12.7200
232.74,	12.7200
233.39,	12.7300
234.04,	12.7300
234.69,	12.7300
235.35,	12.7200
236.00,	12.7100
236.65,	12.7000
237.31,	12.6800
237.96,	12.6700
238.61,	12.6600
239.27,	12.6500
239.92,	12.6500
240.57,	12.6400
241.22,	12.6300
241.88,	12.6300
242.53,	12.6200
243.18,	12.6100
243.83,	12.5900
244.49,	12.5900
245.14,	12.5800
245.79,	12.5800
246.44,	12.5700
247.10,	12.5400
247.75,	12.5300
248.40,	12.5100
249.05,	12.4900
249.70,	12.4800
250.36,	12.4900
251.01,	12.4800
251.66,	12.4600
252.31,	12.4500
252.96,	12.4200
253.62,	12.3700
254.27,	12.2800
254.92,	12.2200
255.57,	12.1900
256.22,	12.1700
256.88,	12.1500
257.53,	12.1300
258.18,	12.1300
258.83,	12.1500
259.48,	12.1800
260.13,	12.2000
260.78,	12.1900
261.44,	12.1800
262.09,	12.1700
262.74,	12.1700
263.39,	12.1700
264.04,	12.2000
264.69,	12.2200
265.34,	12.2300
265.99,	12.2300
266.64,	12.2200
267.29,	12.1900
267.95,	12.1700
268.60,	12.1600
269.25,	12.1400
269.90,	12.1300
270.55,	12.1400
271.20,	12.1800
271.85,	12.2100
272.50,	12.2300
273.15,	12.2400
273.80,	12.2600
274.45,	12.2700
275.10,	12.2700
275.75,	12.2600
276.40,	12.2200
277.05,	12.1500
277.70,	12.0900
278.35,	12.0600
279.00,	12.0400
279.65,	12.0400
280.30,	12.0400
280.95,	12.0400
281.60,	12.0600
282.25,	12.0800
282.90,	12.1000
283.55,	12.1000
284.20,	12.0900
284.85,	12.0700
285.50,	12.0500
286.15,	12.0300
286.80,	12.0100
287.45,	12.0000
288.10,	11.9800
288.75,	11.9600
289.40,	11.9100
290.05,	11.8500
290.70,	11.8200
291.35,	11.8100
292.00,	11.8100
292.64,	11.8100
293.29,	11.7900
293.94,	11.7900
294.59,	11.7700
295.24,	11.7600
295.89,	11.7600
296.54,	11.7600
297.19,	11.7600
297.84,	11.7500
298.49,	11.7500
299.13,	11.7500
299.78,	11.7500
300.43,	11.7300
301.08,	11.7100
301.73,	11.7000
302.38,	11.6800
303.02,	11.6700
303.67,	11.6500
304.32,	11.6300
304.97,	11.6300
305.62,	11.6200
306.27,	11.6100
306.91,	11.6000
307.56,	11.6000
308.21,	11.6000
308.86,	11.5900
309.51,	11.5800
310.15,	11.5700
310.80,	11.5500
311.45,	11.5400
312.10,	11.5300
312.75,	11.5200
313.39,	11.5100
314.04,	11.5100
314.69,	11.5100
315.34,	11.5100
315.98,	11.5100
316.63,	11.5100
317.28,	11.5000
317.93,	11.5000
318.57,	11.5200
319.22,	11.5800
319.87,	11.6300
320.52,	11.6500
321.16,	11.6500
321.81,	11.6500
322.46,	11.6500
323.10,	11.6700
323.75,	11.6800
324.40,	11.6700
325.04,	11.6900
325.69,	11.7000
326.34,	11.6900
326.99,	11.6700
327.63,	11.6600
328.28,	11.6400
328.93,	11.6200
329.57,	11.6100
330.22,	11.6000
330.86,	11.5700
331.51,	11.5400
332.16,	11.5200
332.80,	11.5000
333.45,	11.4600
334.10,	11.4300
334.74,	11.4100
335.39,	11.4000
336.03,	11.3800
336.68,	11.3700
337.33,	11.3600
337.97,	11.3500
338.62,	11.3500
339.26,	11.3300
339.91,	11.3100
340.56,	11.2900
341.20,	11.2800
341.85,	11.2800
342.49,	11.2700
343.14,	11.2700
343.78,	11.2600
344.43,	11.2500
345.08,	11.2400
345.72,	11.2300
346.37,	11.2300
347.01,	11.2200
347.66,	11.2200
348.30,	11.2000
348.95,	11.1900
349.59,	11.1700
350.24,	11.1600
350.88,	11.1500
351.53,	11.1400
352.17,	11.1200
352.82,	11.1100
353.46,	11.1100
354.11,	11.1000
354.75,	11.0900
355.40,	11.0500
356.04,	11.0200
356.69,	10.9900
357.33,	10.9600
357.98,	10.9200
358.62,	10.8900
359.27,	10.8800
359.91,	10.8700
360.55,	10.8700
361.20,	10.8500
361.84,	10.8500
362.49,	10.8400
363.13,	10.8300
363.78,	10.8200
364.42,	10.8000
365.06,	10.7800
365.71,	10.7700
366.35,	10.7600
367.00,	10.7500
367.64,	10.7500
368.28,	10.7400
368.93,	10.7400
369.57,	10.7300
370.22,	10.7300
370.86,	10.7200
371.50,	10.7100
372.15,	10.7000
372.79,	10.7000
373.43,	10.6900
374.08,	10.6800
374.72,	10.6700
375.36,	10.6600
376.01,	10.6500
376.65,	10.6400
377.29,	10.6200
377.94,	10.6000
378.58,	10.5900
379.22,	10.5800
379.87,	10.5800
380.51,	10.5600
381.15,	10.5300
381.79,	10.5000
382.44,	10.4900
383.08,	10.4800
383.72,	10.4800
384.37,	10.4700
385.01,	10.4700
385.65,	10.4500
386.29,	10.4300
386.94,	10.4100
387.58,	10.4000
388.22,	10.4000
388.86,	10.4000
389.51,	10.4000
390.15,	10.4000
390.79,	10.4000
391.43,	10.4000
392.08,	10.4000
392.72,	10.4000
393.36,	10.3900
394.00,	10.3900
394.64,	10.3900
395.29,	10.3900
395.93,	10.3900
396.57,	10.3900
397.21,	10.3800
397.85,	10.3800
398.50,	10.3700
399.14,	10.3700
399.78,	10.3700
400.42,	10.3700
401.06,	10.3700
401.70,	10.3600
402.34,	10.3500
402.99,	10.3400
403.63,	10.3400
404.27,	10.3300
404.91,	10.3100
405.55,	10.2800
406.19,	10.2700
406.83,	10.2600
407.48,	10.2600
408.12,	10.2600
408.76,	10.2500
409.40,	10.2400
410.04,	10.2400
410.68,	10.2400
411.32,	10.2400
411.96,	10.2400
412.60,	10.2400
413.24,	10.2300
413.88,	10.2300
414.52,	10.2300
415.17,	10.2500
415.81,	10.2600
416.45,	10.2700
417.09,	10.2600
417.73,	10.2600
418.37,	10.2500
419.01,	10.2600
419.65,	10.2700
420.29,	10.2800
420.93,	10.3100
421.57,	10.3400
422.21,	10.3500
422.85,	10.3500
423.49,	10.3500
424.13,	10.3300
424.77,	10.2900
425.41,	10.2600
426.05,	10.2600
426.69,	10.2500
427.33,	10.2500
427.97,	10.2400
428.61,	10.2300
429.25,	10.2200
429.89,	10.2100
430.53,	10.2100
431.17,	10.1900
431.80,	10.1600
432.44,	10.1200
433.08,	10.1000
433.72,	10.0900
434.36,	10.0800
435.00,	10.0800
435.64,	10.0700
436.28,	10.0600
436.92,	10.0500
437.56,	10.0500
438.20,	10.0500
438.84,	10.0600
439.47,	10.0700
440.11,	10.0600
440.75,	10.0600
441.39,	10.0700
442.03,	10.0800
442.67,	10.0800
443.31,	10.0700
443.95,	10.0700
444.58,	10.0500
445.22,	10.0500
445.86,	10.0400
446.50,	10.0500
447.14,	10.0400
447.78,	10.0300
448.41,	10.0300
449.05,	10.0300
449.69,	10.0200
450.33,	10.0100
450.97,	9.9900
451.60,	9.9700
452.24,	9.9500
452.88,	9.9500
453.52,	9.9400
454.16,	9.9400
454.79,	9.9400
455.43,	9.9400
456.07,	9.9400
456.71,	9.9400
457.35,	9.9400
457.98,	9.9400
458.62,	9.9400
459.26,	9.9400
459.90,	9.9400
460.53,	9.9600
461.17,	9.9600
461.81,	9.9700
462.44,	9.9600
463.08,	9.9400
463.72,	9.9300
464.36,	9.9200
464.99,	9.9100
465.63,	9.9000
466.27,	9.8800
466.90,	9.8700
467.54,	9.8600
468.18,	9.8500
468.81,	9.8400
469.45,	9.8100
470.09,	9.7800
470.72,	9.7500
471.36,	9.7300
472.00,	9.7100
472.63,	9.6900
473.27,	9.6900
473.91,	9.6900
474.54,	9.6800
475.18,	9.6600
475.82,	9.6600
476.45,	9.6500
477.09,	9.6300
477.73,	9.6300
478.36,	9.5900
479.00,	9.5500
479.63,	9.5300
480.27,	9.5300
480.91,	9.5200
481.54,	9.5200
482.18,	9.5100
482.81,	9.5100
483.45,	9.4900
484.08,	9.4500
484.72,	9.4000
485.36,	9.3600
485.99,	9.3500
486.63,	9.3400
487.26,	9.3400
487.90,	9.3400
488.53,	9.3300
489.17,	9.3300
489.80,	9.3100
490.44,	9.3100
491.07,	9.3100
491.71,	9.3100
492.34,	9.3100
492.98,	9.3000
493.62,	9.2900
494.25,	9.2800
494.89,	9.2700
495.52,	9.2600
496.15,	9.2400
496.79,	9.2300
497.42,	9.2200
498.06,	9.2100
498.69,	9.2100
499.33,	9.2100
499.96,	9.2000
500.60,	9.2000
501.23,	9.1900
501.87,	9.1900
502.50,	9.1800
503.14,	9.1700
503.77,	9.1600
504.40,	9.1600
505.04,	9.1600
505.67,	9.1400
506.31,	9.1300
506.94,	9.1200
507.57,	9.1100
508.21,	9.1100
508.84,	9.1000
509.48,	9.1000
510.11,	9.0900
510.74,	9.0800
511.38,	9.0600
512.01,	9.0400
512.65,	9.0200
513.28,	9.0100
513.91,	8.9900
514.55,	8.9900
515.18,	8.9800
515.81,	8.9800
516.45,	8.9800
517.08,	8.9700
517.71,	8.9600
518.35,	8.9400
518.98,	8.9200
519.61,	8.9100
520.25,	8.9000
520.88,	8.8800
521.51,	8.8700
522.15,	8.8500
522.78,	8.8500
523.41,	8.8400
524.04,	8.8400
524.68,	8.8400
525.31,	8.8300
525.94,	8.8300
526.58,	8.8200
527.21,	8.8200
527.84,	8.8200
528.47,	8.8100
529.11,	8.8000
529.74,	8.7900
530.37,	8.7800
531.00,	8.7700
531.64,	8.7600
532.27,	8.7500
532.90,	8.7400
533.53,	8.7400
534.17,	8.7300
534.80,	8.7200
535.43,	8.7100
536.06,	8.7000
536.69,	8.6800
537.33,	8.6600
537.96,	8.6500
538.59,	8.6400
539.22,	8.6200
539.85,	8.5900
540.48,	8.5700
541.12,	8.5500
541.75,	8.5300
542.38,	8.5200
543.01,	8.5000
543.64,	8.4700
544.27,	8.4500
544.91,	8.4300
545.54,	8.4100
546.17,	8.4100
546.80,	8.3900
547.43,	8.3700
548.06,	8.3500
548.69,	8.3300
549.32,	8.3100
549.95,	8.3100
550.59,	8.3200
551.22,	8.3300
551.85,	8.3400
552.48,	8.3400
553.11,	8.3400
553.74,	8.3300
554.37,	8.3100
555.00,	8.2800
555.63,	8.2600
556.26,	8.2400
556.89,	8.2200
557.52,	8.2100
558.15,	8.2000
558.78,	8.1900
559.42,	8.1800
560.05,	8.1700
560.68,	8.1700
561.31,	8.1800
561.94,	8.1900
562.57,	8.1900
563.20,	8.1900
563.83,	8.1800
564.46,	8.1600
565.09,	8.1400
565.72,	8.1300
566.35,	8.1200
566.98,	8.1100
567.61,	8.1000
568.24,	8.1000
568.87,	8.1100
569.50,	8.1100
570.12,	8.1100
570.75,	8.1100
571.38,	8.1200
572.01,	8.1200
572.64,	8.1200
573.27,	8.1200
573.90,	8.1300
574.53,	8.1400
575.16,	8.1600
575.79,	8.1600
576.42,	8.1400
577.05,	8.1200
577.68,	8.0900
578.31,	8.0800
578.93,	8.0900
579.56,	8.1000
580.19,	8.1000
580.82,	8.1000
581.45,	8.1000
582.08,	8.1000
582.71,	8.1000
583.34,	8.1000
583.97,	8.0900
584.59,	8.0900
585.22,	8.0900
585.85,	8.0900
586.48,	8.0800
587.11,	8.0800
587.74,	8.0700
588.36,	8.0600
588.99,	8.0600
589.62,	8.0500
590.25,	8.0400
590.88,	8.0300
591.50,	8.0200
592.13,	8.0100
592.76,	8.0100
593.39,	8.0100
594.02,	8.0100
594.64,	8.0000
595.27,	8.0100
595.90,	8.0000
596.53,	7.9900
597.16,	7.9800
597.78,	7.9700
598.41,	7.9500
599.04,	7.9500
599.67,	7.9200
600.29,	7.9100
600.92,	7.8900
601.55,	7.8700
602.18,	7.8600
602.80,	7.8400
603.43,	7.8300
604.06,	7.8300
604.68,	7.8100
605.31,	7.8100
605.94,	7.8000
606.57,	7.7900
607.19,	7.7800
607.82,	7.7500
608.45,	7.7200
609.07,	7.7100
609.70,	7.6900
610.33,	7.6700
610.95,	7.6600
611.58,	7.6500
612.21,	7.6500
612.83,	7.6500
613.46,	7.6400
614.09,	7.6400
614.71,	7.6400
615.34,	7.6300
615.97,	7.6200
616.59,	7.6000
617.22,	7.5700
617.84,	7.5500
618.47,	7.5300
619.10,	7.5200
619.72,	7.5200
620.35,	7.5100
620.97,	7.5000
621.60,	7.4800
622.23,	7.4700
622.85,	7.4500
623.48,	7.4400
624.10,	7.4300
624.73,	7.4200
625.35,	7.4000
625.98,	7.3800
626.61,	7.3600
627.23,	7.3500
627.86,	7.3300
628.48,	7.2900
629.11,	7.2800
629.73,	7.2600
630.36,	7.2500
630.98,	7.2300
631.61,	7.2300
632.23,	7.2100
632.86,	7.2000
633.48,	7.1900
634.11,	7.1900
634.73,	7.1800
635.36,	7.1600
635.98,	7.1600
636.61,	7.1500
637.23,	7.1300
637.86,	7.1100
638.48,	7.1000
639.11,	7.0800
639.73,	7.0700
640.36,	7.0400
640.98,	7.0300
641.61,	7.0200
642.23,	7.0200
642.85,	7.0200
643.48,	7.0100
644.10,	7.0000
644.73,	7.0000
645.35,	7.0000
645.98,	6.9900
646.60,	6.9900
647.22,	6.9900
647.85,	6.9900
648.47,	6.9800
649.10,	6.9700
649.72,	6.9500
650.34,	6.9300
650.97,	6.9100
651.59,	6.8900
652.22,	6.8600
652.84,	6.8300
653.46,	6.7900
654.09,	6.7700
654.71,	6.7500
655.33,	6.7400
655.96,	6.7300
656.58,	6.7200
657.20,	6.7000
657.83,	6.7000
658.45,	6.6700
659.07,	6.6500
659.70,	6.6100
660.32,	6.5800
660.94,	6.5700
661.57,	6.5600
662.19,	6.5600
662.81,	6.5600
663.43,	6.5500
664.06,	6.5500
664.68,	6.5500
665.30,	6.5500
665.93,	6.5400
666.55,	6.5400
667.17,	6.5300
667.79,	6.5300
668.42,	6.5200
669.04,	6.5200
669.66,	6.5200
670.28,	6.5200
670.91,	6.5100
671.53,	6.5100
672.15,	6.5000
672.77,	6.4700
673.39,	6.4400
674.02,	6.4200
674.64,	6.4000
675.26,	6.3900
675.88,	6.3800
676.50,	6.3600
677.13,	6.3300
677.75,	6.3200
678.37,	6.3100
678.99,	6.3000
679.61,	6.2900
680.24,	6.2800
680.86,	6.2700
681.48,	6.2800
682.10,	6.2700
682.72,	6.2600
683.34,	6.2500
683.96,	6.2300
684.59,	6.2200
685.21,	6.2100
685.83,	6.2000
686.45,	6.1900
687.07,	6.1800
687.69,	6.1600
688.31,	6.1400
688.93,	6.1300
689.56,	6.1300
690.18,	6.1200
690.80,	6.1200
691.42,	6.1200
692.04,	6.1100
692.66,	6.1000
693.28,	6.1000
693.90,	6.0900
694.52,	6.0900
695.14,	6.0900
695.76,	6.0800
696.38,	6.0700
697.00,	6.0300
697.62,	6.0000
698.25,	5.9800
698.87,	5.9600
699.49,	5.9500
700.11,	5.9400
700.73,	5.9300
701.35,	5.9200
701.97,	5.9200
702.59,	5.9200
703.21,	5.9100
703.83,	5.9100
704.45,	5.9100
705.07,	5.9000
705.69,	5.8900
706.31,	5.8900
706.93,	5.8800
707.55,	5.8700
708.17,	5.8500
708.79,	5.8300
709.40,	5.8000
710.02,	5.7700
710.64,	5.7500
711.26,	5.7400
711.88,	5.7300
712.50,	5.7300
713.12,	5.7200
713.74,	5.7200
714.36,	5.7100
714.98,	5.7000
715.60,	5.7000
716.22,	5.7000
716.84,	5.6900
717.45,	5.6900
718.07,	5.7000
718.69,	5.7000
719.31,	5.6900
719.93,	5.6800
720.55,	5.6800
721.17,	5.6800
721.79,	5.6800
722.41,	5.6900
723.02,	5.6900
723.64,	5.6900
724.26,	5.7000
724.88,	5.7100
725.50,	5.7200
726.12,	5.7200
726.73,	5.7100
727.35,	5.6900
727.97,	5.6800
728.59,	5.6700
729.21,	5.6800
729.83,	5.6900
730.44,	5.6900
731.06,	5.6900
731.68,	5.6900
732.30,	5.6900
732.92,	5.6800
733.53,	5.6800
734.15,	5.6800
734.77,	5.6800
735.39,	5.6800
736.00,	5.6800
736.62,	5.6500
737.24,	5.6100
737.86,	5.5800
738.47,	5.5700
739.09,	5.5700
739.71,	5.5800
740.33,	5.5800
740.94,	5.5700
741.56,	5.5900
742.18,	5.6300
742.79,	5.6500
743.41,	5.6600
744.03,	5.6500
744.65,	5.6300
745.26,	5.6200
745.88,	5.6100
746.50,	5.6100
747.11,	5.6000
747.73,	5.5800
748.35,	5.5600
748.96,	5.5600
749.58,	5.5400
750.20,	5.5200
750.81,	5.5100
751.43,	5.5100
752.05,	5.5100
752.66,	5.5100
753.28,	5.5100
753.90,	5.5100
754.51,	5.5100
755.13,	5.4900
755.74,	5.4500
756.36,	5.3900
756.98,	5.3400
757.59,	5.2900
758.21,	5.2700
758.82,	5.2600
759.44,	5.2600
760.06,	5.2600
760.67,	5.2600
761.29,	5.2500
761.90,	5.2300
762.52,	5.2100
763.14,	5.2000
763.75,	5.2000
764.37,	5.2000
764.98,	5.1900
765.60,	5.1900
766.21,	5.1900
766.83,	5.1600
767.44,	5.1300
768.06,	5.1100
768.67,	5.0900
769.29,	5.0900
769.90,	5.1200
770.52,	5.1400
771.14,	5.1500
771.75,	5.1600
772.37,	5.1700
772.98,	5.1900
773.59,	5.1900
774.21,	5.1900
774.82,	5.1600
775.44,	5.1200
776.05,	5.0900
776.67,	5.0700
777.28,	5.0600
777.90,	5.0600
778.51,	5.0500
779.13,	5.0600
779.74,	5.0500
780.36,	5.0200
780.97,	4.9900
781.58,	4.9800
782.20,	4.9500
782.81,	4.9100
783.43,	4.8800
784.04,	4.8600
784.66,	4.8400
785.27,	4.8300
785.88,	4.8400
786.50,	4.8300
787.11,	4.8200
787.73,	4.8000
788.34,	4.7900
788.95,	4.7800
789.57,	4.7700
790.18,	4.7700
790.79,	4.7600
791.41,	4.7600
792.02,	4.7500
792.63,	4.7600
793.25,	4.7700
793.86,	4.7800
794.47,	4.7800
795.09,	4.7700
795.70,	4.7200
796.31,	4.6800
796.93,	4.6600
797.54,	4.6700
798.15,	4.6800
798.77,	4.7000
799.38,	4.7100
799.99,	4.7100
800.61,	4.7200
801.22,	4.7300
801.83,	4.7200
802.44,	4.7100
803.06,	4.7100
803.67,	4.7200
804.28,	4.7200
804.90,	4.7200
805.51,	4.7200
806.12,	4.7100
806.73,	4.6900
807.34,	4.6800
807.96,	4.6700
808.57,	4.6600
809.18,	4.6500
809.79,	4.6300
810.41,	4.6100
811.02,	4.6000
811.63,	4.5900
812.24,	4.6000
812.85,	4.6100
813.47,	4.6100
814.08,	4.6300
814.69,	4.6400
815.30,	4.6500
815.91,	4.6500
816.53,	4.6500
817.14,	4.6500
817.75,	4.6500
818.36,	4.6400
818.97,	4.6300
819.58,	4.6100
820.20,	4.6000
820.81,	4.5900
821.42,	4.5800
822.03,	4.5800
822.64,	4.5700
823.25,	4.5700
823.86,	4.5700
824.47,	4.5700
825.09,	4.5700
825.70,	4.5600
826.31,	4.5600
826.92,	4.5500
827.53,	4.5500
828.14,	4.5300
828.75,	4.5200
829.36,	4.4900
829.97,	4.4700
830.58,	4.4500
831.19,	4.4400
831.80,	4.4200
832.42,	4.4100
833.03,	4.4100
833.64,	4.4100
834.25,	4.4000
834.86,	4.4000
835.47,	4.3900
836.08,	4.3900
836.69,	4.3800
837.30,	4.3700
837.91,	4.3700
838.52,	4.3700
839.13,	4.3700
839.74,	4.3600
840.35,	4.3600
840.96,	4.3500
841.57,	4.3400
842.18,	4.3400
842.79,	4.3300
843.40,	4.3300
844.01,	4.3300
844.62,	4.3300
845.23,	4.3300
845.84,	4.3300
846.45,	4.3300
847.06,	4.3300
847.67,	4.3300
848.27,	4.3300
848.88,	4.3300
849.49,	4.3300
850.10,	4.3300
850.71,	4.3300
851.32,	4.3300
851.93,	4.3300
852.54,	4.3300
853.15,	4.3200
853.76,	4.3100
854.37,	4.3000
854.98,	4.3000
855.58,	4.2900
856.19,	4.2900
856.80,	4.2800
857.41,	4.2800
858.02,	4.2800
858.63,	4.2800
859.24,	4.2800
859.85,	4.2800
860.45,	4.2800
861.06,	4.2800
861.67,	4.2800
862.28,	4.2800
862.89,	4.2800
863.50,	4.2800
864.10,	4.2800
864.71,	4.2700
865.32,	4.2700
865.93,	4.2600
866.54,	4.2600
867.14,	4.2600
867.75,	4.2700
868.36,	4.2700
868.97,	4.2700
869.58,	4.2700
870.18,	4.2600
870.79,	4.2500
871.40,	4.2400
872.01,	4.2400
872.61,	4.2400
873.22,	4.2400
873.83,	4.2500
874.44,	4.2600
875.04,	4.2700
875.65,	4.2700
876.26,	4.2700
876.87,	4.2700
877.47,	4.2700
878.08,	4.2600
878.69,	4.2600
879.29,	4.2500
879.90,	4.2500
880.51,	4.2500
881.12,	4.2300
881.72,	4.2200
882.33,	4.2200
882.94,	4.2200
883.54,	4.2200
884.15,	4.2200
884.76,	4.2300
885.36,	4.2400
885.97,	4.2400
886.58,	4.2400
887.18,	4.2500
887.79,	4.2500
888.40,	4.2500
889.00,	4.2500
889.61,	4.2500
890.22,	4.2500
890.82,	4.2600
891.43,	4.2500
892.03,	4.2500
892.64,	4.2500
893.25,	4.2500
893.85,	4.2500
894.46,	4.2500
895.06,	4.2600
895.67,	4.2600
896.28,	4.2600
896.88,	4.2600
897.49,	4.2600
898.09,	4.2500
898.70,	4.2400
899.30,	4.2400
899.91,	4.2400
900.52,	4.2400
901.12,	4.2300
901.73,	4.2200
902.33,	4.2100
902.94,	4.2100
903.54,	4.2100
904.15,	4.2000
904.75,	4.2000
905.36,	4.2200
905.96,	4.2300
906.57,	4.2400
907.17,	4.2400
907.78,	4.2400
908.38,	4.2300
908.99,	4.2200
909.59,	4.2200
910.20,	4.2200
910.80,	4.2200
911.41,	4.2100
912.01,	4.2000
912.62,	4.1900
913.22,	4.1900
913.83,	4.1900
914.43,	4.1900
915.03,	4.1900
915.64,	4.1900
916.24,	4.2000
916.85,	4.2000
917.45,	4.1900
918.06,	4.1800
918.66,	4.1700
919.26,	4.1700
919.87,	4.1800
920.47,	4.1700
921.08,	4.1800
921.68,	4.2700
922.28,	4.9100
922.89,	6.7500
923.49,	9.7100
924.10,	12.9600
924.70,	21.6900
925.30,	35.5000
925.91,	35.5000
926.51,	35.5000
927.11,	35.5000
927.72,	35.5000
928.32,	35.5000
928.92,	35.5000
929.53,	35.5000
930.13,	35.5000
930.74,	35.5000
931.34,	35.5000
931.94,	35.5000
932.54,	35.5000
933.15,	35.5000
933.75,	35.5000
934.35,	35.5000
934.96,	35.5000
935.56,	35.5000
936.16,	35.5000
936.77,	35.5000
937.37,	35.5000
937.97,	35.5000
938.57,	35.5000
939.18,	35.5000
939.78,	35.5000
940.38,	35.5000
940.98,	35.5000
941.59,	35.5000
942.19,	35.5000
942.79,	35.5000
943.39,	35.5000
944.00,	35.5000
944.60,	35.5000
945.20,	35.5000
945.80,	35.5000
946.40,	35.5000
947.01,	35.5000
947.61,	35.5000
948.21,	35.5000
948.81,	35.5000
949.41,	35.5000
950.02,	35.5000
950.62,	35.5000
951.22,	35.5000
951.82,	35.5000
952.42,	35.5000
953.02,	35.5000
953.63,	35.5000
954.23,	35.5000
954.83,	35.5000
955.43,	35.5000
956.03,	35.5000
956.63,	35.5000
957.24,	35.5000
957.84,	35.5000
958.44,	35.5000
959.04,	35.5000
959.64,	35.5000
960.24,	35.5000
960.84,	35.5000
961.44,	35.5000
962.04,	35.5000
962.64,	35.5000
963.25,	35.5000
963.85,	35.5000
964.45,	35.5000
965.05,	35.5000
965.65,	35.5000
966.25,	35.5000
966.85,	35.5000
967.45,	35.5000
968.05,	35.5000
968.65,	35.5000
969.25,	35.5000
969.85,	35.5000
970.45,	35.5000
971.05,	35.5000
971.65,	35.5000
972.25,	35.5000
972.85,	35.5000
973.45,	35.5000
974.05,	35.5000
974.65,	35.5000
975.25,	35.5000
975.85,	35.5000
976.45,	35.5000
977.05,	35.5000
977.65,	35.5000
978.25,	35.5000
978.85,	35.5000
979.45,	35.5000
980.05,	35.5000
980.65,	35.5000
981.25,	35.5000
981.85,	35.5000
982.45,	35.5000
983.05,	35.5000
983.65,	35.5000
984.25,	35.5000
984.85,	35.5000
985.45,	35.5000
986.04,	35.5000
986.64,	35.5000
987.24,	35.5000
987.84,	35.5000
988.44,	35.5000
989.04,	35.5000
989.64,	35.5000
990.24,	35.5000
990.84,	35.5000
991.44,	35.5000
992.03,	35.5000
992.63,	35.5000
993.23,	35.5000
993.83,	35.5000
994.43,	35.5000
995.03,	35.5000
995.63,	35.5000
996.22,	35.5000
996.82,	35.5000
997.42,	35.5000
998.02,	35.5000
998.62,	35.5000
999.21,	35.5000
999.81,	35.5000
1000.41,	35.5000
