Call Sign = ZSDA,	Ship Name = SA Agulhas,	Lloyds Num = 0
Date = 12/03/2016,	Time = 06:04,	
Latitude = 42 37.40  S,	Longitude = 008 47.59  E
Instr = Sippican Deep Blue,	Card Type = Sippican MK-21,	
Wind Instr = ,	Measur Method = 
Probe Serial Num = -1,	Ship Dir = -1,	Ship Speed = -1.00
Wind Dir = 340,	Wind Speed = 34.40
Dry Bulb Temp = 11.00,	Total Water Depth = -1.00

Full Resolution Values
Depth,	 Temp
0.67,	10.7700
1.34,	10.6600
2.01,	10.6200
2.68,	10.6000
3.34,	10.5900
4.01,	10.5900
4.68,	10.6000
5.35,	10.6000
6.02,	10.6000
6.69,	10.5900
7.36,	10.6000
8.03,	10.6100
8.69,	10.6000
9.36,	10.6000
10.03,	10.6000
10.70,	10.6000
11.37,	10.5900
12.04,	10.5900
12.70,	10.5900
13.37,	10.6000
14.04,	10.6000
14.71,	10.6000
15.38,	10.6100
16.05,	10.6000
16.71,	10.6000
17.38,	10.6100
18.05,	10.6000
18.72,	10.6000
19.38,	10.5900
20.05,	10.6000
20.72,	10.6000
21.39,	10.5800
22.06,	10.5900
22.72,	10.5900
23.39,	10.6000
24.06,	10.6000
24.73,	10.5900
25.39,	10.5900
26.06,	10.5800
26.73,	10.5600
27.40,	10.5500
28.06,	10.5500
28.73,	10.5500
29.40,	10.5400
30.06,	10.5500
30.73,	10.5500
31.40,	10.5400
32.06,	10.5400
32.73,	10.5300
33.40,	10.5300
34.07,	10.5200
34.73,	10.5300
35.40,	10.5300
36.07,	10.5300
36.73,	10.5400
37.40,	10.5600
38.07,	10.5200
38.73,	10.4800
39.40,	10.4700
40.06,	10.4800
40.73,	10.4800
41.40,	10.4900
42.06,	10.4800
42.73,	10.4800
43.40,	10.4800
44.06,	10.4600
44.73,	10.4200
45.39,	10.3600
46.06,	10.2900
46.73,	10.2500
47.39,	10.2300
48.06,	10.2200
48.72,	10.2000
49.39,	10.1500
50.06,	10.1000
50.72,	10.0600
51.39,	10.0200
52.05,	9.9700
52.72,	9.9500
53.38,	9.9200
54.05,	9.8700
54.71,	9.8000
55.38,	9.7500
56.05,	9.7100
56.71,	9.6700
57.38,	9.6200
58.04,	9.5800
58.71,	9.5300
59.37,	9.5000
60.04,	9.4700
60.70,	9.4300
61.37,	9.4100
62.03,	9.4000
62.70,	9.3800
63.36,	9.3500
64.03,	9.2700
64.69,	9.1700
65.36,	9.0700
66.02,	9.0000
66.69,	8.9700
67.35,	8.9500
68.01,	8.9300
68.68,	8.9300
69.34,	8.9300
70.01,	8.9100
70.67,	8.8900
71.34,	8.8900
72.00,	8.8900
72.66,	8.8900
73.33,	8.8800
73.99,	8.8800
74.66,	8.8700
75.32,	8.8600
75.98,	8.8700
76.65,	8.8700
77.31,	8.8600
77.98,	8.8600
78.64,	8.8400
79.30,	8.8500
79.97,	8.8400
80.63,	8.8400
81.30,	8.8400
81.96,	8.8400
82.62,	8.8400
83.29,	8.8400
83.95,	8.8400
84.61,	8.8400
85.28,	8.8300
85.94,	8.8200
86.60,	8.8300
87.27,	8.8200
87.93,	8.8000
88.59,	8.8000
89.26,	8.8000
89.92,	8.8000
90.58,	8.8000
91.24,	8.7900
91.91,	8.7900
92.57,	8.7900
93.23,	8.7700
93.90,	8.7700
94.56,	8.7600
95.22,	8.7500
95.88,	8.7600
96.55,	8.7600
97.21,	8.7400
97.87,	8.7400
98.53,	8.7400
99.20,	8.7300
99.86,	8.7300
100.52,	8.7100
101.18,	8.7000
101.85,	8.6900
102.51,	8.6900
103.17,	8.6800
103.83,	8.6500
104.49,	8.6300
105.16,	8.6200
105.82,	8.6200
106.48,	8.6200
107.14,	8.6300
107.80,	8.6200
108.47,	8.5900
109.13,	8.5800
109.79,	8.5600
110.45,	8.5600
111.11,	8.5500
111.77,	8.5400
112.44,	8.5300
113.10,	8.5400
113.76,	8.5400
114.42,	8.5400
115.08,	8.5400
115.74,	8.5200
116.40,	8.5000
117.06,	8.4900
117.73,	8.4800
118.39,	8.4700
119.05,	8.4500
119.71,	8.4300
120.37,	8.4200
121.03,	8.3900
121.69,	8.3600
122.35,	8.3600
123.01,	8.3500
123.67,	8.3500
124.33,	8.3400
125.00,	8.3300
125.66,	8.3200
126.32,	8.3200
126.98,	8.3100
127.64,	8.3100
128.30,	8.2900
128.96,	8.2700
129.62,	8.2700
130.28,	8.2700
130.94,	8.2600
131.60,	8.2500
132.26,	8.2400
132.92,	8.2400
133.58,	8.2300
134.24,	8.2100
134.90,	8.1900
135.56,	8.1900
136.22,	8.2000
136.88,	8.1900
137.54,	8.1800
138.20,	8.1600
138.86,	8.1500
139.52,	8.1600
140.18,	8.1500
140.84,	8.1400
141.50,	8.1400
142.16,	8.1500
142.82,	8.1600
143.48,	8.1600
144.14,	8.1500
144.79,	8.1600
145.45,	8.1600
146.11,	8.1600
146.77,	8.1600
147.43,	8.1600
148.09,	8.1500
148.75,	8.1400
149.41,	8.1500
150.07,	8.1400
150.73,	8.1300
151.39,	8.1200
152.04,	8.1100
152.70,	8.1100
153.36,	8.1000
154.02,	8.0900
154.68,	8.0600
155.34,	8.0300
156.00,	8.0100
156.65,	8.0000
157.31,	7.9800
157.97,	7.9800
158.63,	7.9700
159.29,	7.9600
159.95,	7.9500
160.60,	7.9400
161.26,	7.9400
161.92,	7.9300
162.58,	7.9300
163.24,	7.9100
163.90,	7.9100
164.55,	7.9100
165.21,	7.9000
165.87,	7.8900
166.53,	7.9000
167.18,	7.9000
167.84,	7.8900
168.50,	7.8900
169.16,	7.8900
169.82,	7.9000
170.47,	7.9000
171.13,	7.9000
171.79,	7.9100
172.44,	7.9000
173.10,	7.9000
173.76,	7.8900
174.42,	7.8900
175.07,	7.9000
175.73,	7.9000
176.39,	7.9000
177.05,	7.9000
177.70,	7.9000
178.36,	7.9000
179.02,	7.9000
179.67,	7.9000
180.33,	7.9000
180.99,	7.9000
181.64,	7.9000
182.30,	7.9000
182.96,	7.9000
183.61,	7.8900
184.27,	7.9000
184.93,	7.9000
185.58,	7.8900
186.24,	7.8800
186.90,	7.8900
187.55,	7.8800
188.21,	7.8800
188.87,	7.8900
189.52,	7.8800
190.18,	7.8700
190.83,	7.8600
191.49,	7.8500
192.15,	7.8500
192.80,	7.8600
193.46,	7.8500
194.11,	7.8400
194.77,	7.8500
195.43,	7.8400
196.08,	7.8300
196.74,	7.8300
197.39,	7.8100
198.05,	7.7900
198.70,	7.7700
199.36,	7.7500
200.02,	7.7500
200.67,	7.7500
201.33,	7.7500
201.98,	7.7400
202.64,	7.7400
203.29,	7.7300
203.95,	7.7200
204.60,	7.7100
205.26,	7.7200
205.91,	7.7100
206.57,	7.7100
207.22,	7.7100
207.88,	7.7100
208.53,	7.7200
209.19,	7.7200
209.84,	7.7100
210.50,	7.7100
211.15,	7.7100
211.81,	7.7200
212.46,	7.7300
213.12,	7.7200
213.77,	7.7100
214.43,	7.7100
215.08,	7.7100
215.74,	7.7100
216.39,	7.7200
217.04,	7.7200
217.70,	7.7200
218.35,	7.7200
219.01,	7.7100
219.66,	7.7100
220.32,	7.7000
220.97,	7.7100
221.62,	7.7100
222.28,	7.7100
222.93,	7.7200
223.59,	7.7200
224.24,	7.7200
224.89,	7.7200
225.55,	7.7100
226.20,	7.7200
226.85,	7.7200
227.51,	7.7200
228.16,	7.7100
228.81,	7.7200
229.47,	7.7200
230.12,	7.7100
230.78,	7.7100
231.43,	7.7200
232.08,	7.7200
232.74,	7.7200
233.39,	7.7200
234.04,	7.7100
234.69,	7.7000
235.35,	7.7000
236.00,	7.6900
236.65,	7.6900
237.31,	7.6800
237.96,	7.6900
238.61,	7.6700
239.27,	7.6700
239.92,	7.6700
240.57,	7.6700
241.22,	7.6700
241.88,	7.6700
242.53,	7.6700
243.18,	7.6600
243.83,	7.6500
244.49,	7.6500
245.14,	7.6500
245.79,	7.6500
246.44,	7.6500
247.10,	7.6500
247.75,	7.6500
248.40,	7.6300
249.05,	7.6000
249.70,	7.5900
250.36,	7.5900
251.01,	7.5800
251.66,	7.5800
252.31,	7.5700
252.96,	7.5600
253.62,	7.5600
254.27,	7.5600
254.92,	7.5600
255.57,	7.5600
256.22,	7.5500
256.88,	7.5600
257.53,	7.5600
258.18,	7.5500
258.83,	7.5500
259.48,	7.5500
260.13,	7.5400
260.78,	7.5400
261.44,	7.5400
262.09,	7.5400
262.74,	7.5400
263.39,	7.5400
264.04,	7.5400
264.69,	7.5400
265.34,	7.5300
265.99,	7.5300
266.64,	7.5100
267.29,	7.5100
267.95,	7.5000
268.60,	7.5000
269.25,	7.5000
269.90,	7.5000
270.55,	7.4800
271.20,	7.4800
271.85,	7.4900
272.50,	7.4800
273.15,	7.4700
273.80,	7.4700
274.45,	7.4800
275.10,	7.4800
275.75,	7.4800
276.40,	7.4700
277.05,	7.4700
277.70,	7.4700
278.35,	7.4500
279.00,	7.4500
279.65,	7.4600
280.30,	7.4500
280.95,	7.4500
281.60,	7.4600
282.25,	7.4600
282.90,	7.4500
283.55,	7.4500
284.20,	7.4600
284.85,	7.4500
285.50,	7.4400
286.15,	7.4500
286.80,	7.4500
287.45,	7.4500
288.10,	7.4500
288.75,	7.4500
289.40,	7.4500
290.05,	7.4500
290.70,	7.4500
291.35,	7.4400
292.00,	7.4500
292.64,	7.4400
293.29,	7.4300
293.94,	7.4300
294.59,	7.4300
295.24,	7.4400
295.89,	7.4300
296.54,	7.4200
297.19,	7.4200
297.84,	7.4100
298.49,	7.4100
299.13,	7.4100
299.78,	7.4000
300.43,	7.4000
301.08,	7.4100
301.73,	7.4100
302.38,	7.4100
303.02,	7.4100
303.67,	7.4100
304.32,	7.4100
304.97,	7.4100
305.62,	7.4100
306.27,	7.4100
306.91,	7.4200
307.56,	7.4100
308.21,	7.4000
308.86,	7.4100
309.51,	7.4200
310.15,	7.4200
310.80,	7.4200
311.45,	7.4300
312.10,	7.4300
312.75,	7.4300
313.39,	7.4300
314.04,	7.4300
314.69,	7.4200
315.34,	7.4200
315.98,	7.4100
316.63,	7.4200
317.28,	7.4200
317.93,	7.4100
318.57,	7.4100
319.22,	7.4100
319.87,	7.4000
320.52,	7.4000
321.16,	7.4000
321.81,	7.4000
322.46,	7.4000
323.10,	7.4000
323.75,	7.4100
324.40,	7.4100
325.04,	7.4100
325.69,	7.4100
326.34,	7.4200
326.99,	7.4200
327.63,	7.4100
328.28,	7.4000
328.93,	7.3700
329.57,	7.3700
330.22,	7.3800
330.86,	7.3700
331.51,	7.3700
332.16,	7.3800
332.80,	7.3700
333.45,	7.3400
334.10,	7.3400
334.74,	7.3200
335.39,	7.3200
336.03,	7.3100
336.68,	7.3000
337.33,	7.3000
337.97,	7.3000
338.62,	7.2900
339.26,	7.2800
339.91,	7.2700
340.56,	7.2600
341.20,	7.2500
341.85,	7.2500
342.49,	7.2400
343.14,	7.2300
343.78,	7.2400
344.43,	7.2300
345.08,	7.2300
345.72,	7.2200
346.37,	7.2100
347.01,	7.2100
347.66,	7.2000
348.30,	7.2000
348.95,	7.2000
349.59,	7.2000
350.24,	7.1900
350.88,	7.1900
351.53,	7.1800
352.17,	7.1900
352.82,	7.1800
353.46,	7.1700
354.11,	7.1500
354.75,	7.1300
355.40,	7.1300
356.04,	7.1300
356.69,	7.1100
357.33,	7.1000
357.98,	7.0900
358.62,	7.0800
359.27,	7.0700
359.91,	7.0700
360.55,	7.0700
361.20,	7.0600
361.84,	7.0600
362.49,	7.0700
363.13,	7.0500
363.78,	7.0400
364.42,	7.0200
365.06,	7.0100
365.71,	6.9900
366.35,	6.9800
367.00,	6.9700
367.64,	6.9700
368.28,	6.9700
368.93,	6.9700
369.57,	6.9700
370.22,	6.9700
370.86,	6.9600
371.50,	6.9500
372.15,	6.9500
372.79,	6.9300
373.43,	6.9200
374.08,	6.9000
374.72,	6.9000
375.36,	6.8900
376.01,	6.8900
376.65,	6.8900
377.29,	6.8800
377.94,	6.8800
378.58,	6.8800
379.22,	6.8800
379.87,	6.8800
380.51,	6.8700
381.15,	6.8700
381.79,	6.8500
382.44,	6.8400
383.08,	6.8400
383.72,	6.8300
384.37,	6.8300
385.01,	6.8300
385.65,	6.8100
386.29,	6.8100
386.94,	6.8100
387.58,	6.8100
388.22,	6.8100
388.86,	6.8000
389.51,	6.8100
390.15,	6.8200
390.79,	6.8100
391.43,	6.8300
392.08,	6.8400
392.72,	6.8300
393.36,	6.8100
394.00,	6.7900
394.64,	6.7900
395.29,	6.7700
395.93,	6.7600
396.57,	6.7400
397.21,	6.7200
397.85,	6.7100
398.50,	6.7000
399.14,	6.6900
399.78,	6.6900
400.42,	6.6900
401.06,	6.6800
401.70,	6.6800
402.34,	6.6900
402.99,	6.7000
403.63,	6.6900
404.27,	6.6700
404.91,	6.6500
405.55,	6.6300
406.19,	6.6200
406.83,	6.6100
407.48,	6.6200
408.12,	6.6200
408.76,	6.6100
409.40,	6.5900
410.04,	6.5900
410.68,	6.5800
411.32,	6.5800
411.96,	6.6100
412.60,	6.6400
413.24,	6.6600
413.88,	6.6600
414.52,	6.6500
415.17,	6.6600
415.81,	6.6600
416.45,	6.6600
417.09,	6.6600
417.73,	6.6600
418.37,	6.6800
419.01,	6.6900
419.65,	6.7000
420.29,	6.7100
420.93,	6.7100
421.57,	6.7000
422.21,	6.6900
422.85,	6.6800
423.49,	6.6800
424.13,	6.6600
424.77,	6.6500
425.41,	6.6300
426.05,	6.6200
426.69,	6.6000
427.33,	6.5800
427.97,	6.5400
428.61,	6.5100
429.25,	6.4900
429.89,	6.4900
430.53,	6.4800
431.17,	6.4700
431.80,	6.4600
432.44,	6.4500
433.08,	6.4500
433.72,	6.4400
434.36,	6.4300
435.00,	6.4300
435.64,	6.4300
436.28,	6.4200
436.92,	6.4200
437.56,	6.3900
438.20,	6.3600
438.84,	6.3200
439.47,	6.2900
440.11,	6.2600
440.75,	6.2300
441.39,	6.2100
442.03,	6.2100
442.67,	6.2100
443.31,	6.2100
443.95,	6.2100
444.58,	6.2100
445.22,	6.2100
445.86,	6.2000
446.50,	6.1800
447.14,	6.1700
447.78,	6.1500
448.41,	6.1300
449.05,	6.1200
449.69,	6.1200
450.33,	6.1000
450.97,	6.1000
451.60,	6.0900
452.24,	6.0800
452.88,	6.0800
453.52,	6.0700
454.16,	6.0600
454.79,	6.0500
455.43,	6.0500
456.07,	6.0600
456.71,	6.0500
457.35,	6.0500
457.98,	6.0500
458.62,	6.0500
459.26,	6.0500
459.90,	6.0500
460.53,	6.0500
461.17,	6.0500
461.81,	6.0400
462.44,	6.0400
463.08,	6.0300
463.72,	6.0300
464.36,	6.0300
464.99,	6.0300
465.63,	6.0200
466.27,	6.0100
466.90,	6.0200
467.54,	6.0100
468.18,	6.0000
468.81,	6.0000
469.45,	5.9900
470.09,	5.9900
470.72,	5.9800
471.36,	5.9700
472.00,	5.9700
472.63,	5.9800
473.27,	5.9700
473.91,	5.9700
474.54,	5.9700
475.18,	5.9600
475.82,	5.9600
476.45,	5.9400
477.09,	5.9200
477.73,	5.9000
478.36,	5.9000
479.00,	5.8900
479.63,	5.8800
480.27,	5.8900
480.91,	5.8900
481.54,	5.8900
482.18,	5.8900
482.81,	5.8800
483.45,	5.8700
484.08,	5.8800
484.72,	5.8700
485.36,	5.8700
485.99,	5.8700
486.63,	5.8700
487.26,	5.8600
487.90,	5.8600
488.53,	5.8600
489.17,	5.8700
489.80,	5.8700
490.44,	5.8700
491.07,	5.8700
491.71,	5.8600
492.34,	5.8700
492.98,	5.8700
493.62,	5.8600
494.25,	5.8600
494.89,	5.8600
495.52,	5.8600
496.15,	5.8500
496.79,	5.8600
497.42,	5.8600
498.06,	5.8500
498.69,	5.8400
499.33,	5.8100
499.96,	5.7900
500.60,	5.7700
501.23,	5.7600
501.87,	5.7400
502.50,	5.7200
503.14,	5.7200
503.77,	5.7000
504.40,	5.6800
505.04,	5.6600
505.67,	5.6500
506.31,	5.6400
506.94,	5.6300
507.57,	5.6300
508.21,	5.6300
508.84,	5.6400
509.48,	5.6300
510.11,	5.6400
510.74,	5.6400
511.38,	5.6300
512.01,	5.6200
512.65,	5.6100
513.28,	5.6200
513.91,	5.6100
514.55,	5.6000
515.18,	5.5900
515.81,	5.5900
516.45,	5.5800
517.08,	5.5700
517.71,	5.5600
518.35,	5.5600
518.98,	5.5500
519.61,	5.5500
520.25,	5.5400
520.88,	5.5400
521.51,	5.5400
522.15,	5.5300
522.78,	5.5400
523.41,	5.5400
524.04,	5.5400
524.68,	5.5200
525.31,	5.5100
525.94,	5.5100
526.58,	5.5000
527.21,	5.5000
527.84,	5.4900
528.47,	5.4800
529.11,	5.4700
529.74,	5.4700
530.37,	5.4600
531.00,	5.4600
531.64,	5.4600
532.27,	5.4500
532.90,	5.4400
533.53,	5.4300
534.17,	5.4300
534.80,	5.4300
535.43,	5.4200
536.06,	5.4200
536.69,	5.4200
537.33,	5.4200
537.96,	5.4200
538.59,	5.4000
539.22,	5.4000
539.85,	5.3900
540.48,	5.3900
541.12,	5.3900
541.75,	5.3900
542.38,	5.3800
543.01,	5.3700
543.64,	5.3800
544.27,	5.3800
544.91,	5.3700
545.54,	5.3700
546.17,	5.3600
546.80,	5.3600
547.43,	5.3400
548.06,	5.3200
548.69,	5.3000
549.32,	5.2900
549.95,	5.2800
550.59,	5.2600
551.22,	5.2500
551.85,	5.2400
552.48,	5.2400
553.11,	5.2200
553.74,	5.2200
554.37,	5.2300
555.00,	5.2200
555.63,	5.2200
556.26,	5.2100
556.89,	5.1900
557.52,	5.1900
558.15,	5.1900
558.78,	5.1900
559.42,	5.1900
560.05,	5.1900
560.68,	5.1800
561.31,	5.1800
561.94,	5.1800
562.57,	5.1900
563.20,	5.1900
563.83,	5.1800
564.46,	5.1800
565.09,	5.1700
565.72,	5.1700
566.35,	5.1700
566.98,	5.1700
567.61,	5.1400
568.24,	5.1300
568.87,	5.1200
569.50,	5.1000
570.12,	5.1000
570.75,	5.0900
571.38,	5.0800
572.01,	5.0800
572.64,	5.0800
573.27,	5.0700
573.90,	5.0700
574.53,	5.0700
575.16,	5.0600
575.79,	5.0600
576.42,	5.0600
577.05,	5.0500
577.68,	5.0400
578.31,	5.0300
578.93,	5.0300
579.56,	5.0200
580.19,	5.0100
580.82,	5.0100
581.45,	5.0000
582.08,	4.9900
582.71,	4.9900
583.34,	4.9800
583.97,	4.9700
584.59,	4.9700
585.22,	4.9600
585.85,	4.9600
586.48,	4.9500
587.11,	4.9400
587.74,	4.9500
588.36,	4.9500
588.99,	4.9500
589.62,	4.9500
590.25,	4.9400
590.88,	4.9400
591.50,	4.9500
592.13,	4.9500
592.76,	4.9500
593.39,	4.9400
594.02,	4.9400
594.64,	4.9400
595.27,	4.9400
595.90,	4.9200
596.53,	4.9200
597.16,	4.9100
597.78,	4.9100
598.41,	4.8900
599.04,	4.8900
599.67,	4.8800
600.29,	4.8800
600.92,	4.8600
601.55,	4.8600
602.18,	4.8600
602.80,	4.8600
603.43,	4.8600
604.06,	4.8500
604.68,	4.8400
605.31,	4.8400
605.94,	4.8400
606.57,	4.8300
607.19,	4.8200
607.82,	4.8200
608.45,	4.8200
609.07,	4.8100
609.70,	4.8000
610.33,	4.7900
610.95,	4.7900
611.58,	4.7800
612.21,	4.7800
612.83,	4.7700
613.46,	4.7700
614.09,	4.7500
614.71,	4.7300
615.34,	4.7200
615.97,	4.7200
616.59,	4.7000
617.22,	4.6900
617.84,	4.6900
618.47,	4.6900
619.10,	4.6800
619.72,	4.6800
620.35,	4.6700
620.97,	4.6600
621.60,	4.6600
622.23,	4.6600
622.85,	4.6500
623.48,	4.6400
624.10,	4.6500
624.73,	4.6400
625.35,	4.6400
625.98,	4.6400
626.61,	4.6400
627.23,	4.6400
627.86,	4.6400
628.48,	4.6400
629.11,	4.6300
629.73,	4.6200
630.36,	4.6200
630.98,	4.6100
631.61,	4.6000
632.23,	4.5900
632.86,	4.5900
633.48,	4.5900
634.11,	4.5800
634.73,	4.5900
635.36,	4.5900
635.98,	4.5900
636.61,	4.5800
637.23,	4.5800
637.86,	4.5800
638.48,	4.5700
639.11,	4.5600
639.73,	4.5600
640.36,	4.5700
640.98,	4.5600
641.61,	4.5600
642.23,	4.5500
642.85,	4.5500
643.48,	4.5600
644.10,	4.5500
644.73,	4.5400
645.35,	4.5300
645.98,	4.5200
646.60,	4.5200
647.22,	4.5100
647.85,	4.5200
648.47,	4.5200
649.10,	4.5200
649.72,	4.5100
650.34,	4.5000
650.97,	4.5000
651.59,	4.4900
652.22,	4.4900
652.84,	4.4800
653.46,	4.4800
654.09,	4.4700
654.71,	4.4700
655.33,	4.4700
655.96,	4.4600
656.58,	4.4600
657.20,	4.4500
657.83,	4.4500
658.45,	4.4600
659.07,	4.4500
659.70,	4.4500
660.32,	4.4500
660.94,	4.4400
661.57,	4.4300
662.19,	4.4200
662.81,	4.4000
663.43,	4.4000
664.06,	4.3900
664.68,	4.3800
665.30,	4.3800
665.93,	4.3800
666.55,	4.3700
667.17,	4.3600
667.79,	4.3500
668.42,	4.3500
669.04,	4.3500
669.66,	4.3400
670.28,	4.3400
670.91,	4.3300
671.53,	4.3300
672.15,	4.3200
672.77,	4.3000
673.39,	4.3000
674.02,	4.3000
674.64,	4.3000
675.26,	4.2900
675.88,	4.3000
676.50,	4.2900
677.13,	4.2900
677.75,	4.2900
678.37,	4.2900
678.99,	4.2900
679.61,	4.2900
680.24,	4.2900
680.86,	4.2900
681.48,	4.2900
682.10,	4.2900
682.72,	4.2900
683.34,	4.2900
683.96,	4.2900
684.59,	4.2800
685.21,	4.2800
685.83,	4.2800
686.45,	4.2900
687.07,	4.2800
687.69,	4.2800
688.31,	4.2700
688.93,	4.2600
689.56,	4.2600
690.18,	4.2600
690.80,	4.2500
691.42,	4.2500
692.04,	4.2500
692.66,	4.2400
693.28,	4.2400
693.90,	4.2400
694.52,	4.2400
695.14,	4.2300
695.76,	4.2300
696.38,	4.2300
697.00,	4.2300
697.62,	4.2200
698.25,	4.2100
698.87,	4.2100
699.49,	4.2100
700.11,	4.2100
700.73,	4.1900
701.35,	4.1900
701.97,	4.1900
702.59,	4.1800
703.21,	4.1800
703.83,	4.1800
704.45,	4.1800
705.07,	4.1700
705.69,	4.1700
706.31,	4.1600
706.93,	4.1700
707.55,	4.1800
708.17,	4.1700
708.79,	4.1700
709.40,	4.1700
710.02,	4.1700
710.64,	4.1700
711.26,	4.1700
711.88,	4.1600
712.50,	4.1700
713.12,	4.1700
713.74,	4.1600
714.36,	4.1600
714.98,	4.1700
715.60,	4.1700
716.22,	4.1600
716.84,	4.1600
717.45,	4.1600
718.07,	4.1600
718.69,	4.1600
719.31,	4.1600
719.93,	4.1600
720.55,	4.1600
721.17,	4.1600
721.79,	4.1600
722.41,	4.1600
723.02,	4.1600
723.64,	4.1600
724.26,	4.1600
724.88,	4.1700
725.50,	4.1600
726.12,	4.1500
726.73,	4.1600
727.35,	4.1500
727.97,	4.1500
728.59,	4.1400
729.21,	4.1300
729.83,	4.1300
730.44,	4.1200
731.06,	4.1300
731.68,	4.1300
732.30,	4.1200
732.92,	4.1200
733.53,	4.1200
734.15,	4.1100
734.77,	4.1100
735.39,	4.1200
736.00,	4.1100
736.62,	4.0900
737.24,	4.1000
737.86,	4.1000
738.47,	4.0900
739.09,	4.1000
739.71,	4.1000
740.33,	4.1000
740.94,	4.0900
741.56,	4.0900
742.18,	4.0900
742.79,	4.0800
743.41,	4.0700
744.03,	4.0800
744.65,	4.0700
745.26,	4.0600
745.88,	4.0500
746.50,	4.0600
747.11,	4.0500
747.73,	4.0500
748.35,	4.0600
748.96,	4.0500
749.58,	4.0500
750.20,	4.0500
750.81,	4.0300
751.43,	4.0300
752.05,	4.0300
752.66,	4.0300
753.28,	4.0200
753.90,	4.0200
754.51,	4.0300
755.13,	4.0200
755.74,	4.0200
756.36,	4.0100
756.98,	4.0100
757.59,	4.0100
758.21,	4.0100
758.82,	4.0000
759.44,	4.0000
760.06,	4.0000
760.67,	3.9900
761.29,	3.9900
761.90,	3.9900
762.52,	3.9900
763.14,	3.9900
763.75,	3.9800
764.37,	3.9800
764.98,	3.9700
765.60,	3.9700
766.21,	3.9700
766.83,	3.9700
767.44,	3.9600
768.06,	3.9600
768.67,	3.9700
769.29,	3.9700
769.90,	3.9600
770.52,	3.9600
771.14,	3.9500
771.75,	3.9600
772.37,	3.9600
772.98,	3.9600
773.59,	3.9500
774.21,	3.9500
774.82,	3.9500
775.44,	3.9500
776.05,	3.9400
776.67,	3.9300
777.28,	3.9300
777.90,	3.9200
778.51,	3.9200
779.13,	3.9200
779.74,	3.9100
780.36,	3.9000
780.97,	3.9000
781.58,	3.9100
782.20,	3.9000
782.81,	3.9100
783.43,	3.9000
784.04,	3.9000
784.66,	3.9000
785.27,	3.9000
785.88,	3.9000
786.50,	3.9000
787.11,	3.9000
787.73,	3.8900
788.34,	3.8900
788.95,	3.8900
789.57,	3.8900
790.18,	3.8900
790.79,	3.8800
791.41,	3.8800
792.02,	3.8800
792.63,	3.8800
793.25,	3.8700
793.86,	3.8600
794.47,	3.8600
795.09,	3.8700
795.70,	3.8700
796.31,	3.8600
796.93,	3.8700
797.54,	3.8700
798.15,	3.8700
798.77,	3.8500
799.38,	3.8500
799.99,	3.8500
800.61,	3.8500
801.22,	3.8500
801.83,	3.8400
802.44,	3.8400
803.06,	3.8400
803.67,	3.8300
804.28,	3.8300
804.90,	3.8100
805.51,	3.8200
806.12,	3.8100
806.73,	3.8100
807.34,	3.8100
807.96,	3.8100
808.57,	3.8100
809.18,	3.8000
809.79,	3.7900
810.41,	3.7900
811.02,	3.7800
811.63,	3.7700
812.24,	3.7700
812.85,	3.7600
813.47,	3.7500
814.08,	3.7600
814.69,	3.7600
815.30,	3.7600
815.91,	3.7600
816.53,	3.7500
817.14,	3.7500
817.75,	3.7600
818.36,	3.7500
818.97,	3.7500
819.58,	3.7600
820.20,	3.7400
820.81,	3.7400
821.42,	3.7400
822.03,	3.7400
822.64,	3.7400
823.25,	3.7300
823.86,	3.7200
824.47,	3.7300
825.09,	3.7300
825.70,	3.7200
826.31,	3.7200
826.92,	3.7200
827.53,	3.7300
828.14,	3.7200
828.75,	3.7200
829.36,	3.7100
829.97,	3.7000
830.58,	3.7000
831.19,	3.7000
831.80,	3.6800
832.42,	3.6800
833.03,	3.6900
833.64,	3.6900
834.25,	3.6900
834.86,	3.6800
835.47,	3.6800
836.08,	3.6700
836.69,	3.6700
837.30,	3.6700
837.91,	3.6700
838.52,	3.6600
839.13,	3.6500
839.74,	3.6400
840.35,	3.6400
840.96,	3.6400
841.57,	3.6300
842.18,	3.6300
842.79,	3.6300
843.40,	3.6300
844.01,	3.6300
844.62,	3.6300
845.23,	3.6300
845.84,	3.6300
846.45,	3.6200
847.06,	3.6200
847.67,	3.6200
848.27,	3.6200
848.88,	3.6100
849.49,	3.6200
850.10,	3.6100
850.71,	3.6100
851.32,	3.6100
851.93,	3.6100
852.54,	3.6000
853.15,	3.5900
853.76,	3.5900
854.37,	3.5800
854.98,	3.5800
855.58,	3.5800
856.19,	3.5800
856.80,	3.5800
857.41,	3.5800
858.02,	3.5900
858.63,	3.5900
859.24,	3.5800
859.85,	3.5800
860.45,	3.5700
861.06,	3.5600
861.67,	3.5700
862.28,	3.5600
862.89,	3.5600
863.50,	3.5600
864.10,	3.5700
864.71,	3.5600
865.32,	3.5500
865.93,	3.5500
866.54,	3.5500
867.14,	3.5400
867.75,	3.5400
868.36,	3.5400
868.97,	3.5400
869.58,	3.5400
870.18,	3.5500
870.79,	3.5400
871.40,	3.5400
872.01,	3.5400
872.61,	3.5400
873.22,	3.5300
873.83,	3.5300
874.44,	3.5300
875.04,	3.5300
875.65,	3.5200
876.26,	3.5200
876.87,	3.5100
877.47,	3.5100
878.08,	3.5100
878.69,	3.5100
879.29,	3.5100
879.90,	3.5100
880.51,	3.5200
881.12,	3.5100
881.72,	3.5100
882.33,	3.5100
882.94,	3.5000
883.54,	3.5000
884.15,	3.5000
884.76,	3.5000
885.36,	3.5000
885.97,	3.5100
886.58,	3.5000
887.18,	3.5000
887.79,	3.5000
888.40,	3.4900
889.00,	3.4900
889.61,	3.5000
890.22,	3.4900
890.82,	3.4900
891.43,	3.4800
892.03,	3.4900
892.64,	3.4900
893.25,	3.4900
893.85,	3.4900
894.46,	3.4900
895.06,	3.4900
895.67,	3.4900
896.28,	3.4800
896.88,	3.4800
897.49,	3.4800
898.09,	3.4900
898.70,	3.4800
899.30,	3.4800
899.91,	3.4900
900.52,	3.4800
901.12,	3.4800
901.73,	3.4800
902.33,	3.4700
902.94,	3.4600
903.54,	3.4700
904.15,	3.4700
904.75,	3.4700
905.36,	3.4600
905.96,	3.4600
906.57,	3.4600
907.17,	3.4500
907.78,	3.4600
908.38,	3.4500
908.99,	3.4500
909.59,	3.4400
910.20,	3.4400
910.80,	3.4400
911.41,	3.4400
912.01,	3.4400
912.62,	3.4400
913.22,	3.4500
913.83,	3.4400
914.43,	3.4300
915.03,	3.4300
915.64,	3.4300
916.24,	3.4300
916.85,	3.4400
917.45,	3.4300
918.06,	3.4300
918.66,	3.4300
919.26,	3.4300
919.87,	3.4300
920.47,	3.4300
921.08,	3.4300
921.68,	3.4200
922.28,	3.4300
922.89,	3.5400
923.49,	4.7800
924.10,	8.3400
924.70,	12.5500
925.30,	14.8700
925.91,	15.9400
926.51,	16.6300
927.11,	17.2000
927.72,	17.6700
928.32,	18.0900
928.92,	18.4800
929.53,	18.8200
930.13,	19.1300
930.74,	19.4200
931.34,	19.8300
931.94,	30.5300
932.54,	35.5000
933.15,	35.5000
933.75,	35.5000
934.35,	35.5000
934.96,	35.5000
935.56,	35.5000
936.16,	35.5000
936.77,	35.5000
937.37,	35.5000
937.97,	35.5000
938.57,	35.5000
939.18,	35.5000
939.78,	35.5000
940.38,	35.5000
940.98,	35.5000
941.59,	35.5000
942.19,	35.5000
942.79,	35.5000
943.39,	35.5000
944.00,	35.5000
944.60,	35.5000
945.20,	35.5000
945.80,	35.5000
946.40,	35.5000
947.01,	35.5000
947.61,	35.5000
948.21,	35.5000
948.81,	35.5000
949.41,	35.5000
950.02,	35.5000
950.62,	35.5000
951.22,	35.5000
951.82,	35.5000
952.42,	35.5000
953.02,	35.5000
953.63,	35.5000
954.23,	35.5000
954.83,	35.5000
955.43,	35.5000
956.03,	35.5000
956.63,	35.5000
957.24,	35.5000
957.84,	35.5000
958.44,	35.5000
959.04,	35.5000
959.64,	35.5000
960.24,	35.5000
960.84,	35.5000
961.44,	35.5000
962.04,	35.5000
962.64,	35.5000
963.25,	35.5000
963.85,	35.5000
964.45,	35.5000
965.05,	35.5000
965.65,	35.5000
966.25,	35.5000
966.85,	35.5000
967.45,	35.5000
968.05,	35.5000
968.65,	35.5000
969.25,	35.5000
969.85,	35.5000
970.45,	35.5000
971.05,	35.5000
971.65,	35.5000
972.25,	35.5000
972.85,	35.5000
973.45,	35.5000
974.05,	35.5000
974.65,	35.5000
975.25,	35.5000
975.85,	35.5000
976.45,	-2.5200
977.05,	-2.5200
977.65,	-2.5200
978.25,	-2.5200
978.85,	-2.5200
979.45,	-2.5200
980.05,	-2.5200
980.65,	-2.5200
981.25,	-2.5200
981.85,	-2.5200
982.45,	-2.5200
983.05,	-2.5200
983.65,	-2.5200
984.25,	-2.5200
984.85,	-2.5200
985.45,	-2.5200
986.04,	-2.5200
986.64,	-2.5200
987.24,	-2.5200
987.84,	-2.5200
988.44,	-2.5200
989.04,	-2.5200
989.64,	-2.5200
990.24,	-2.5200
990.84,	-2.5200
991.44,	-2.5200
992.03,	-2.5200
992.63,	-2.5200
993.23,	-2.5200
993.83,	-2.5200
994.43,	-2.5200
995.03,	-2.5200
995.63,	-2.5200
996.22,	-2.5200
996.82,	-2.5200
997.42,	-2.5200
998.02,	-2.5200
998.62,	-2.5200
999.21,	-2.5200
999.81,	-2.5200
1000.41,	-2.5200
