Call Sign = ZSDA,	Ship Name = SA Agulhas,	Lloyds Num = 0
Date = 12/01/2016,	Time = 03:59,	
Latitude = 34 29.92  S,	Longitude = 016 42.06  E
Instr = Sippican Deep Blue,	Card Type = Sippican MK-21,	
Wind Instr = ,	Measur Method = 
Probe Serial Num = -1,	Ship Dir = -1,	Ship Speed = -1.00
Wind Dir = 149,	Wind Speed = 19.80
Dry Bulb Temp = 18.80,	Total Water Depth = -1.00

Full Resolution Values
Depth,	 Temp
0.67,	19.4600
1.34,	19.4400
2.01,	19.4400
2.68,	19.4300
3.34,	19.4400
4.01,	19.4300
4.68,	19.4400
5.35,	19.4300
6.02,	19.4300
6.69,	19.4400
7.36,	19.4400
8.03,	19.4400
8.69,	19.4300
9.36,	19.4300
10.03,	19.4400
10.70,	19.4400
11.37,	19.4400
12.04,	19.4400
12.70,	19.4400
13.37,	19.4400
14.04,	19.4400
14.71,	19.4500
15.38,	19.4500
16.05,	19.4400
16.71,	19.4500
17.38,	19.4500
18.05,	19.4500
18.72,	19.4200
19.38,	19.3900
20.05,	19.4200
20.72,	19.4400
21.39,	19.4400
22.06,	19.4400
22.72,	19.4400
23.39,	19.4400
24.06,	19.4400
24.73,	19.4200
25.39,	19.4200
26.06,	19.4000
26.73,	19.3800
27.40,	19.3500
28.06,	19.3100
28.73,	19.2500
29.40,	19.1900
30.06,	19.0800
30.73,	18.7600
31.40,	18.3400
32.06,	18.1600
32.73,	18.0900
33.40,	18.0400
34.07,	17.9800
34.73,	17.9000
35.40,	17.8400
36.07,	17.7900
36.73,	17.7400
37.40,	17.7000
38.07,	17.6900
38.73,	17.6900
39.40,	17.6800
40.06,	17.6700
40.73,	17.6300
41.40,	17.5800
42.06,	17.5600
42.73,	17.5400
43.40,	17.5200
44.06,	17.5000
44.73,	17.4900
45.39,	17.4700
46.06,	17.4600
46.73,	17.4500
47.39,	17.4300
48.06,	17.4000
48.72,	17.3600
49.39,	17.3000
50.06,	17.1900
50.72,	17.1100
51.39,	17.0900
52.05,	17.0500
52.72,	17.0100
53.38,	16.9700
54.05,	16.9200
54.71,	16.8500
55.38,	16.7400
56.05,	16.6400
56.71,	16.5700
57.38,	16.5000
58.04,	16.4300
58.71,	16.3400
59.37,	16.2500
60.04,	16.1900
60.70,	16.1600
61.37,	16.1200
62.03,	16.0600
62.70,	16.0000
63.36,	15.9600
64.03,	15.9200
64.69,	15.8900
65.36,	15.8400
66.02,	15.8200
66.69,	15.8000
67.35,	15.7700
68.01,	15.7000
68.68,	15.6500
69.34,	15.6000
70.01,	15.5700
70.67,	15.5500
71.34,	15.5200
72.00,	15.5000
72.66,	15.4800
73.33,	15.4500
73.99,	15.4300
74.66,	15.4200
75.32,	15.4000
75.98,	15.3700
76.65,	15.3200
77.31,	15.2600
77.98,	15.1800
78.64,	15.0800
79.30,	14.9600
79.97,	14.8900
80.63,	14.8700
81.30,	14.8500
81.96,	14.8400
82.62,	14.8300
83.29,	14.8100
83.95,	14.7900
84.61,	14.7600
85.28,	14.7300
85.94,	14.6800
86.60,	14.6300
87.27,	14.6000
87.93,	14.5600
88.59,	14.5300
89.26,	14.4900
89.92,	14.4700
90.58,	14.4300
91.24,	14.3600
91.91,	14.2700
92.57,	14.1900
93.23,	14.1200
93.90,	14.0600
94.56,	14.0300
95.22,	14.0000
95.88,	13.9800
96.55,	13.9300
97.21,	13.8400
97.87,	13.7700
98.53,	13.7300
99.20,	13.7200
99.86,	13.7200
100.52,	13.7200
101.18,	13.7200
101.85,	13.7200
102.51,	13.7100
103.17,	13.7000
103.83,	13.6900
104.49,	13.6700
105.16,	13.6000
105.82,	13.5200
106.48,	13.4700
107.14,	13.4600
107.80,	13.4500
108.47,	13.4500
109.13,	13.4500
109.79,	13.4700
110.45,	13.4700
111.11,	13.4600
111.77,	13.4400
112.44,	13.4100
113.10,	13.3900
113.76,	13.3700
114.42,	13.3400
115.08,	13.3200
115.74,	13.2900
116.40,	13.2700
117.06,	13.2500
117.73,	13.2300
118.39,	13.2000
119.05,	13.1500
119.71,	13.1100
120.37,	13.0700
121.03,	13.0500
121.69,	13.0300
122.35,	13.0100
123.01,	12.9900
123.67,	12.9500
124.33,	12.9200
125.00,	12.9000
125.66,	12.8700
126.32,	12.8600
126.98,	12.8400
127.64,	12.8100
128.30,	12.7700
128.96,	12.7500
129.62,	12.7300
130.28,	12.7200
130.94,	12.6900
131.60,	12.6600
132.26,	12.6300
132.92,	12.6000
133.58,	12.5900
134.24,	12.5800
134.90,	12.5800
135.56,	12.5700
136.22,	12.5700
136.88,	12.5700
137.54,	12.5600
138.20,	12.5400
138.86,	12.5300
139.52,	12.5000
140.18,	12.4500
140.84,	12.4200
141.50,	12.3800
142.16,	12.3200
142.82,	12.2600
143.48,	12.2000
144.14,	12.1400
144.79,	12.1000
145.45,	12.0800
146.11,	12.0700
146.77,	12.0600
147.43,	12.0400
148.09,	12.0400
148.75,	12.0200
149.41,	12.0100
150.07,	12.0000
150.73,	11.9900
151.39,	11.9700
152.04,	11.9400
152.70,	11.9300
153.36,	11.9100
154.02,	11.8900
154.68,	11.8800
155.34,	11.8800
156.00,	11.8600
156.65,	11.8300
157.31,	11.8100
157.97,	11.8000
158.63,	11.7900
159.29,	11.7700
159.95,	11.7500
160.60,	11.7400
161.26,	11.7300
161.92,	11.6800
162.58,	11.6300
163.24,	11.5900
163.90,	11.5600
164.55,	11.5500
165.21,	11.5500
165.87,	11.5400
166.53,	11.5200
167.18,	11.5100
167.84,	11.5000
168.50,	11.4900
169.16,	11.4900
169.82,	11.4800
170.47,	11.4500
171.13,	11.4100
171.79,	11.3800
172.44,	11.3500
173.10,	11.3200
173.76,	11.2900
174.42,	11.2700
175.07,	11.2500
175.73,	11.2400
176.39,	11.2200
177.05,	11.1800
177.70,	11.1500
178.36,	11.1300
179.02,	11.1100
179.67,	11.0700
180.33,	11.0500
180.99,	11.0300
181.64,	11.0300
182.30,	11.0300
182.96,	11.0300
183.61,	11.0200
184.27,	11.0100
184.93,	10.9900
185.58,	10.9800
186.24,	10.9700
186.90,	10.9400
187.55,	10.9200
188.21,	10.9000
188.87,	10.8900
189.52,	10.8900
190.18,	10.9000
190.83,	10.9000
191.49,	10.9000
192.15,	10.9100
192.80,	10.9000
193.46,	10.8900
194.11,	10.8800
194.77,	10.8800
195.43,	10.8700
196.08,	10.8700
196.74,	10.8600
197.39,	10.8300
198.05,	10.8100
198.70,	10.8000
199.36,	10.7900
200.02,	10.7700
200.67,	10.7600
201.33,	10.7400
201.98,	10.6900
202.64,	10.6600
203.29,	10.6400
203.95,	10.6100
204.60,	10.5700
205.26,	10.5100
205.91,	10.4600
206.57,	10.4400
207.22,	10.4300
207.88,	10.4200
208.53,	10.4200
209.19,	10.4200
209.84,	10.4200
210.50,	10.4200
211.15,	10.4200
211.81,	10.4200
212.46,	10.4200
213.12,	10.4200
213.77,	10.4200
214.43,	10.3900
215.08,	10.3500
215.74,	10.2800
216.39,	10.2500
217.04,	10.2300
217.70,	10.2300
218.35,	10.2300
219.01,	10.2200
219.66,	10.2000
220.32,	10.1800
220.97,	10.1700
221.62,	10.1600
222.28,	10.1500
222.93,	10.1400
223.59,	10.1000
224.24,	10.0500
224.89,	10.0300
225.55,	10.0300
226.20,	10.0300
226.85,	10.0300
227.51,	10.0300
228.16,	10.0300
228.81,	10.0300
229.47,	10.0500
230.12,	10.0600
230.78,	10.0900
231.43,	10.1300
232.08,	10.1800
232.74,	10.2300
233.39,	10.2700
234.04,	10.3000
234.69,	10.3100
235.35,	10.3000
236.00,	10.2700
236.65,	10.2600
237.31,	10.2400
237.96,	10.2300
238.61,	10.2300
239.27,	10.2300
239.92,	10.2400
240.57,	10.2500
241.22,	10.2500
241.88,	10.2400
242.53,	10.2300
243.18,	10.2100
243.83,	10.1900
244.49,	10.1600
245.14,	10.1400
245.79,	10.1200
246.44,	10.0900
247.10,	10.0700
247.75,	10.0600
248.40,	10.0700
249.05,	10.0900
249.70,	10.1100
250.36,	10.1100
251.01,	10.1000
251.66,	10.0900
252.31,	10.0700
252.96,	10.0500
253.62,	10.0200
254.27,	9.9900
254.92,	9.9600
255.57,	9.9500
256.22,	9.9300
256.88,	9.9200
257.53,	9.9200
258.18,	9.9100
258.83,	9.9100
259.48,	9.8900
260.13,	9.8900
260.78,	9.9000
261.44,	9.9200
262.09,	9.9300
262.74,	9.9300
263.39,	9.9300
264.04,	9.9200
264.69,	9.9200
265.34,	9.9100
265.99,	9.8900
266.64,	9.8700
267.29,	9.8400
267.95,	9.8200
268.60,	9.8000
269.25,	9.7900
269.90,	9.7800
270.55,	9.7700
271.20,	9.7600
271.85,	9.7500
272.50,	9.7500
273.15,	9.7300
273.80,	9.7000
274.45,	9.6900
275.10,	9.6900
275.75,	9.6800
276.40,	9.6700
277.05,	9.6600
277.70,	9.6400
278.35,	9.6300
279.00,	9.6200
279.65,	9.6100
280.30,	9.6100
280.95,	9.6000
281.60,	9.6000
282.25,	9.5900
282.90,	9.5800
283.55,	9.5700
284.20,	9.5700
284.85,	9.5700
285.50,	9.5400
286.15,	9.5100
286.80,	9.4800
287.45,	9.4500
288.10,	9.4400
288.75,	9.4400
289.40,	9.4300
290.05,	9.4100
290.70,	9.3800
291.35,	9.3100
292.00,	9.2600
292.64,	9.2300
293.29,	9.2200
293.94,	9.2200
294.59,	9.2200
295.24,	9.2200
295.89,	9.2100
296.54,	9.2100
297.19,	9.2000
297.84,	9.1700
298.49,	9.1200
299.13,	9.0700
299.78,	9.0400
300.43,	9.0200
301.08,	9.0100
301.73,	8.9900
302.38,	8.9800
303.02,	8.9700
303.67,	8.9700
304.32,	8.9700
304.97,	8.9700
305.62,	8.9700
306.27,	8.9600
306.91,	8.9600
307.56,	8.9600
308.21,	8.9300
308.86,	8.9100
309.51,	8.9000
310.15,	8.8800
310.80,	8.8500
311.45,	8.8100
312.10,	8.7800
312.75,	8.7600
313.39,	8.7500
314.04,	8.7400
314.69,	8.7300
315.34,	8.7300
315.98,	8.7100
316.63,	8.7100
317.28,	8.7000
317.93,	8.6900
318.57,	8.6800
319.22,	8.6800
319.87,	8.6600
320.52,	8.6200
321.16,	8.5900
321.81,	8.5600
322.46,	8.5400
323.10,	8.5300
323.75,	8.5100
324.40,	8.5000
325.04,	8.4900
325.69,	8.4700
326.34,	8.4400
326.99,	8.4000
327.63,	8.3600
328.28,	8.3500
328.93,	8.3400
329.57,	8.3300
330.22,	8.3200
330.86,	8.3000
331.51,	8.2900
332.16,	8.2500
332.80,	8.2200
333.45,	8.1800
334.10,	8.1300
334.74,	8.1000
335.39,	8.0800
336.03,	8.0600
336.68,	8.0600
337.33,	8.0900
337.97,	8.1100
338.62,	8.1100
339.26,	8.1100
339.91,	8.1200
340.56,	8.1100
341.20,	8.0900
341.85,	8.0700
342.49,	8.0600
343.14,	8.0500
343.78,	8.0400
344.43,	8.0300
345.08,	8.0200
345.72,	8.0100
346.37,	8.0000
347.01,	7.9800
347.66,	7.9400
348.30,	7.9200
348.95,	7.9100
349.59,	7.9100
350.24,	7.8900
350.88,	7.8600
351.53,	7.8300
352.17,	7.8100
352.82,	7.8000
353.46,	7.7800
354.11,	7.7800
354.75,	7.7700
355.40,	7.7600
356.04,	7.7500
356.69,	7.7400
357.33,	7.7300
357.98,	7.7200
358.62,	7.7100
359.27,	7.7000
359.91,	7.6800
360.55,	7.6600
361.20,	7.6500
361.84,	7.6300
362.49,	7.6200
363.13,	7.6100
363.78,	7.6000
364.42,	7.5900
365.06,	7.5900
365.71,	7.5800
366.35,	7.5800
367.00,	7.5800
367.64,	7.5700
368.28,	7.5700
368.93,	7.5500
369.57,	7.5300
370.22,	7.5200
370.86,	7.5100
371.50,	7.5000
372.15,	7.4900
372.79,	7.4800
373.43,	7.4700
374.08,	7.4700
374.72,	7.4600
375.36,	7.4500
376.01,	7.4400
376.65,	7.4300
377.29,	7.4200
377.94,	7.4100
378.58,	7.4000
379.22,	7.3800
379.87,	7.3800
380.51,	7.3600
381.15,	7.3600
381.79,	7.3500
382.44,	7.3300
383.08,	7.3200
383.72,	7.3100
384.37,	7.2900
385.01,	7.2700
385.65,	7.2600
386.29,	7.2400
386.94,	7.2300
387.58,	7.2300
388.22,	7.2200
388.86,	7.2000
389.51,	7.1900
390.15,	7.1700
390.79,	7.1600
391.43,	7.1500
392.08,	7.1500
392.72,	7.1500
393.36,	7.1400
394.00,	7.1400
394.64,	7.1300
395.29,	7.1300
395.93,	7.1300
396.57,	7.1300
397.21,	7.1300
397.85,	7.1300
398.50,	7.1400
399.14,	7.1300
399.78,	7.1300
400.42,	7.1300
401.06,	7.1200
401.70,	7.1200
402.34,	7.1200
402.99,	7.1100
403.63,	7.1000
404.27,	7.1000
404.91,	7.0900
405.55,	7.0800
406.19,	7.0700
406.83,	7.0700
407.48,	7.0600
408.12,	7.0500
408.76,	7.0500
409.40,	7.0500
410.04,	7.0400
410.68,	7.0300
411.32,	7.0300
411.96,	7.0100
412.60,	6.9900
413.24,	6.9700
413.88,	6.9600
414.52,	6.9400
415.17,	6.9300
415.81,	6.9100
416.45,	6.8900
417.09,	6.8900
417.73,	6.8800
418.37,	6.8800
419.01,	6.8700
419.65,	6.8700
420.29,	6.8600
420.93,	6.8500
421.57,	6.8400
422.21,	6.8300
422.85,	6.8100
423.49,	6.8000
424.13,	6.8000
424.77,	6.8000
425.41,	6.7900
426.05,	6.7900
426.69,	6.7900
427.33,	6.7800
427.97,	6.7700
428.61,	6.7600
429.25,	6.7600
429.89,	6.7600
430.53,	6.7500
431.17,	6.7500
431.80,	6.7400
432.44,	6.7300
433.08,	6.7300
433.72,	6.7100
434.36,	6.7000
435.00,	6.6900
435.64,	6.6800
436.28,	6.6700
436.92,	6.6700
437.56,	6.6600
438.20,	6.6500
438.84,	6.6400
439.47,	6.6400
440.11,	6.6300
440.75,	6.6300
441.39,	6.6300
442.03,	6.6300
442.67,	6.6300
443.31,	6.6300
443.95,	6.6300
444.58,	6.6300
445.22,	6.6300
445.86,	6.6200
446.50,	6.6100
447.14,	6.5900
447.78,	6.5800
448.41,	6.5800
449.05,	6.5700
449.69,	6.5700
450.33,	6.5700
450.97,	6.5700
451.60,	6.5700
452.24,	6.5700
452.88,	6.5700
453.52,	6.5700
454.16,	6.5600
454.79,	6.5600
455.43,	6.5500
456.07,	6.5300
456.71,	6.5300
457.35,	6.5300
457.98,	6.5400
458.62,	6.5400
459.26,	6.5400
459.90,	6.5400
460.53,	6.5400
461.17,	6.5300
461.81,	6.5300
462.44,	6.5300
463.08,	6.5200
463.72,	6.5200
464.36,	6.5100
464.99,	6.5100
465.63,	6.5100
466.27,	6.5200
466.90,	6.5100
467.54,	6.5100
468.18,	6.5100
468.81,	6.5000
469.45,	6.5000
470.09,	6.4900
470.72,	6.4900
471.36,	6.4700
472.00,	6.4700
472.63,	6.4700
473.27,	6.4700
473.91,	6.4700
474.54,	6.4700
475.18,	6.4700
475.82,	6.4700
476.45,	6.4700
477.09,	6.4700
477.73,	6.4600
478.36,	6.4600
479.00,	6.4600
479.63,	6.4600
480.27,	6.4500
480.91,	6.4500
481.54,	6.4400
482.18,	6.4400
482.81,	6.4300
483.45,	6.4200
484.08,	6.4000
484.72,	6.3900
485.36,	6.3900
485.99,	6.3800
486.63,	6.3800
487.26,	6.3700
487.90,	6.3700
488.53,	6.3700
489.17,	6.3700
489.80,	6.3700
490.44,	6.3700
491.07,	6.3700
491.71,	6.3700
492.34,	6.3800
492.98,	6.3800
493.62,	6.3800
494.25,	6.3800
494.89,	6.3800
495.52,	6.3800
496.15,	6.3900
496.79,	6.3800
497.42,	6.3800
498.06,	6.3900
498.69,	6.3900
499.33,	6.3900
499.96,	6.3900
500.60,	6.3900
501.23,	6.3900
501.87,	6.3800
502.50,	6.3800
503.14,	6.3800
503.77,	6.3700
504.40,	6.3700
505.04,	6.3700
505.67,	6.3500
506.31,	6.3400
506.94,	6.3200
507.57,	6.3000
508.21,	6.2800
508.84,	6.2800
509.48,	6.2700
510.11,	6.2600
510.74,	6.2500
511.38,	6.2500
512.01,	6.2400
512.65,	6.2300
513.28,	6.2300
513.91,	6.2300
514.55,	6.2300
515.18,	6.2300
515.81,	6.2200
516.45,	6.2000
517.08,	6.1800
517.71,	6.1700
518.35,	6.1700
518.98,	6.1500
519.61,	6.1400
520.25,	6.1400
520.88,	6.1400
521.51,	6.1400
522.15,	6.1400
522.78,	6.1300
523.41,	6.1300
524.04,	6.1300
524.68,	6.1300
525.31,	6.1200
525.94,	6.1000
526.58,	6.0800
527.21,	6.0700
527.84,	6.0600
528.47,	6.0400
529.11,	6.0200
529.74,	6.0000
530.37,	5.9800
531.00,	5.9700
531.64,	5.9500
532.27,	5.9300
532.90,	5.9200
533.53,	5.9200
534.17,	5.9200
534.80,	5.9200
535.43,	5.9100
536.06,	5.9100
536.69,	5.9100
537.33,	5.9000
537.96,	5.9000
538.59,	5.9000
539.22,	5.9000
539.85,	5.8900
540.48,	5.8900
541.12,	5.8900
541.75,	5.8800
542.38,	5.8800
543.01,	5.8700
543.64,	5.8700
544.27,	5.8600
544.91,	5.8400
545.54,	5.8300
546.17,	5.8200
546.80,	5.8100
547.43,	5.8100
548.06,	5.8000
548.69,	5.7900
549.32,	5.7900
549.95,	5.7800
550.59,	5.7800
551.22,	5.7800
551.85,	5.7700
552.48,	5.7700
553.11,	5.7700
553.74,	5.7700
554.37,	5.7700
555.00,	5.7600
555.63,	5.7600
556.26,	5.7500
556.89,	5.7300
557.52,	5.7100
558.15,	5.6900
558.78,	5.6800
559.42,	5.6800
560.05,	5.6800
560.68,	5.6800
561.31,	5.6700
561.94,	5.6700
562.57,	5.6700
563.20,	5.6700
563.83,	5.6700
564.46,	5.6700
565.09,	5.6600
565.72,	5.6400
566.35,	5.6300
566.98,	5.6200
567.61,	5.6200
568.24,	5.6200
568.87,	5.6100
569.50,	5.6200
570.12,	5.6100
570.75,	5.6100
571.38,	5.6000
572.01,	5.5900
572.64,	5.5600
573.27,	5.5400
573.90,	5.5200
574.53,	5.4900
575.16,	5.4600
575.79,	5.4400
576.42,	5.4300
577.05,	5.4100
577.68,	5.4000
578.31,	5.3800
578.93,	5.3700
579.56,	5.3500
580.19,	5.3300
580.82,	5.3100
581.45,	5.3000
582.08,	5.3000
582.71,	5.3000
583.34,	5.3000
583.97,	5.2800
584.59,	5.2600
585.22,	5.2500
585.85,	5.2400
586.48,	5.2400
587.11,	5.2300
587.74,	5.2200
588.36,	5.2100
588.99,	5.2100
589.62,	5.2100
590.25,	5.2000
590.88,	5.1800
591.50,	5.1700
592.13,	5.1600
592.76,	5.1600
593.39,	5.1500
594.02,	5.1600
594.64,	5.1700
595.27,	5.1800
595.90,	5.1900
596.53,	5.2000
597.16,	5.1900
597.78,	5.1800
598.41,	5.1600
599.04,	5.1500
599.67,	5.1500
600.29,	5.1500
600.92,	5.1400
601.55,	5.1300
602.18,	5.1100
602.80,	5.1000
603.43,	5.0700
604.06,	5.0300
604.68,	5.0200
605.31,	5.0100
605.94,	5.0000
606.57,	4.9900
607.19,	4.9600
607.82,	4.9500
608.45,	4.9400
609.07,	4.9300
609.70,	4.9300
610.33,	4.9200
610.95,	4.9200
611.58,	4.9100
612.21,	4.9100
612.83,	4.9100
613.46,	4.9100
614.09,	4.9100
614.71,	4.9000
615.34,	4.9000
615.97,	4.9000
616.59,	4.8900
617.22,	4.8800
617.84,	4.8800
618.47,	4.8800
619.10,	4.8800
619.72,	4.8800
620.35,	4.8800
620.97,	4.8700
621.60,	4.8700
622.23,	4.8700
622.85,	4.8700
623.48,	4.8700
624.10,	4.8700
624.73,	4.8700
625.35,	4.8700
625.98,	4.8700
626.61,	4.8700
627.23,	4.8700
627.86,	4.8700
628.48,	4.8700
629.11,	4.8800
629.73,	4.8800
630.36,	4.8800
630.98,	4.8800
631.61,	4.8800
632.23,	4.8800
632.86,	4.8800
633.48,	4.8800
634.11,	4.8800
634.73,	4.8700
635.36,	4.8800
635.98,	4.8700
636.61,	4.8700
637.23,	4.8700
637.86,	4.8700
638.48,	4.8700
639.11,	4.8600
639.73,	4.8600
640.36,	4.8600
640.98,	4.8600
641.61,	4.8600
642.23,	4.8600
642.85,	4.8600
643.48,	4.8600
644.10,	4.8600
644.73,	4.8700
645.35,	4.8600
645.98,	4.8600
646.60,	4.8600
647.22,	4.8600
647.85,	4.8600
648.47,	4.8500
649.10,	4.8500
649.72,	4.8500
650.34,	4.8500
650.97,	4.8500
651.59,	4.8500
652.22,	4.8500
652.84,	4.8400
653.46,	4.8400
654.09,	4.8400
654.71,	4.8300
655.33,	4.8300
655.96,	4.8300
656.58,	4.8300
657.20,	4.8200
657.83,	4.8200
658.45,	4.8200
659.07,	4.8200
659.70,	4.8200
660.32,	4.8200
660.94,	4.8100
661.57,	4.8100
662.19,	4.8000
662.81,	4.8000
663.43,	4.8000
664.06,	4.8000
664.68,	4.8000
665.30,	4.8000
665.93,	4.7900
666.55,	4.7900
667.17,	4.8000
667.79,	4.7900
668.42,	4.7900
669.04,	4.7900
669.66,	4.7900
670.28,	4.7900
670.91,	4.7900
671.53,	4.7900
672.15,	4.7900
672.77,	4.7900
673.39,	4.7900
674.02,	4.7900
674.64,	4.7800
675.26,	4.7700
675.88,	4.7800
676.50,	4.7800
677.13,	4.7700
677.75,	4.7600
678.37,	4.7600
678.99,	4.7500
679.61,	4.7500
680.24,	4.7500
680.86,	4.7400
681.48,	4.7400
682.10,	4.7300
682.72,	4.7300
683.34,	4.7300
683.96,	4.7300
684.59,	4.7300
685.21,	4.7300
685.83,	4.7300
686.45,	4.7200
687.07,	4.7200
687.69,	4.7100
688.31,	4.7100
688.93,	4.7000
689.56,	4.7000
690.18,	4.7000
690.80,	4.7000
691.42,	4.6900
692.04,	4.6900
692.66,	4.6900
693.28,	4.6900
693.90,	4.6800
694.52,	4.6800
695.14,	4.6800
695.76,	4.6800
696.38,	4.6800
697.00,	4.6800
697.62,	4.6800
698.25,	4.6800
698.87,	4.6800
699.49,	4.6700
700.11,	4.6700
700.73,	4.6700
701.35,	4.6700
701.97,	4.6700
702.59,	4.6700
703.21,	4.6700
703.83,	4.6700
704.45,	4.6600
705.07,	4.6600
705.69,	4.6600
706.31,	4.6600
706.93,	4.6600
707.55,	4.6600
708.17,	4.6500
708.79,	4.6500
709.40,	4.6500
710.02,	4.6500
710.64,	4.6500
711.26,	4.6500
711.88,	4.6500
712.50,	4.6500
713.12,	4.6500
713.74,	4.6500
714.36,	4.6500
714.98,	4.6500
715.60,	4.6400
716.22,	4.6400
716.84,	4.6400
717.45,	4.6400
718.07,	4.6400
718.69,	4.6300
719.31,	4.6300
719.93,	4.6300
720.55,	4.6300
721.17,	4.6300
721.79,	4.6300
722.41,	4.6300
723.02,	4.6300
723.64,	4.6300
724.26,	4.6200
724.88,	4.6200
725.50,	4.6100
726.12,	4.6100
726.73,	4.6100
727.35,	4.6000
727.97,	4.6000
728.59,	4.6000
729.21,	4.6000
729.83,	4.5900
730.44,	4.5900
731.06,	4.5800
731.68,	4.5700
732.30,	4.5700
732.92,	4.5600
733.53,	4.5600
734.15,	4.5600
734.77,	4.5500
735.39,	4.5500
736.00,	4.5500
736.62,	4.5400
737.24,	4.5300
737.86,	4.5300
738.47,	4.5300
739.09,	4.5200
739.71,	4.5200
740.33,	4.5100
740.94,	4.5000
741.56,	4.5000
742.18,	4.4900
742.79,	4.4900
743.41,	4.4900
744.03,	4.4900
744.65,	4.4900
745.26,	4.4800
745.88,	4.4800
746.50,	4.4700
747.11,	4.4700
747.73,	4.4700
748.35,	4.4600
748.96,	4.4600
749.58,	4.4600
750.20,	4.4600
750.81,	4.4500
751.43,	4.4300
752.05,	4.4200
752.66,	4.4200
753.28,	4.4100
753.90,	4.4000
754.51,	4.4000
755.13,	4.4000
755.74,	4.3900
756.36,	4.3900
756.98,	4.3900
757.59,	4.3800
758.21,	4.3700
758.82,	4.3600
759.44,	4.3500
760.06,	4.3500
760.67,	4.3400
761.29,	4.3400
761.90,	4.3300
762.52,	4.3200
763.14,	4.3200
763.75,	4.3200
764.37,	4.3100
764.98,	4.3100
765.60,	4.3100
766.21,	4.3100
766.83,	4.3000
767.44,	4.3000
768.06,	4.3000
768.67,	4.3000
769.29,	4.3100
769.90,	4.3100
770.52,	4.3000
771.14,	4.3000
771.75,	4.3000
772.37,	4.3000
772.98,	4.3100
773.59,	4.3100
774.21,	4.3100
774.82,	4.3000
775.44,	4.3000
776.05,	4.3000
776.67,	4.3000
777.28,	4.3000
777.90,	4.2900
778.51,	4.2900
779.13,	4.2800
779.74,	4.2700
780.36,	4.2700
780.97,	4.2700
781.58,	4.2600
782.20,	4.2500
782.81,	4.2500
783.43,	4.2500
784.04,	4.2500
784.66,	4.2400
785.27,	4.2400
785.88,	4.2400
786.50,	4.2400
787.11,	4.2300
787.73,	4.2200
788.34,	4.2100
788.95,	4.2100
789.57,	4.2000
790.18,	4.2000
790.79,	4.2000
791.41,	4.2000
792.02,	4.1900
792.63,	4.1800
793.25,	4.1700
793.86,	4.1600
794.47,	4.1500
795.09,	4.1500
795.70,	4.1500
796.31,	4.1500
796.93,	4.1400
797.54,	4.1400
798.15,	4.1400
798.77,	4.1400
799.38,	4.1400
799.99,	4.1400
800.61,	4.1400
801.22,	4.1400
801.83,	4.1400
802.44,	4.1400
803.06,	4.1400
803.67,	4.1400
804.28,	4.1400
804.90,	4.1400
805.51,	4.1400
806.12,	4.1400
806.73,	4.1400
807.34,	4.1400
807.96,	4.1400
808.57,	4.1400
809.18,	4.1400
809.79,	4.1400
810.41,	4.1400
811.02,	4.1300
811.63,	4.1300
812.24,	4.1200
812.85,	4.1200
813.47,	4.1100
814.08,	4.1100
814.69,	4.1000
815.30,	4.0900
815.91,	4.0900
816.53,	4.0900
817.14,	4.0900
817.75,	4.0900
818.36,	4.0800
818.97,	4.0700
819.58,	4.0700
820.20,	4.0700
820.81,	4.0600
821.42,	4.0700
822.03,	4.0600
822.64,	4.0600
823.25,	4.0600
823.86,	4.0600
824.47,	4.0600
825.09,	4.0600
825.70,	4.0500
826.31,	4.0500
826.92,	4.0400
827.53,	4.0400
828.14,	4.0400
828.75,	4.0400
829.36,	4.0400
829.97,	4.0300
830.58,	4.0300
831.19,	4.0300
831.80,	4.0300
832.42,	4.0200
833.03,	4.0200
833.64,	4.0200
834.25,	4.0200
834.86,	4.0200
835.47,	4.0200
836.08,	4.0200
836.69,	4.0200
837.30,	4.0100
837.91,	4.0100
838.52,	4.0100
839.13,	4.0100
839.74,	4.0100
840.35,	4.0100
840.96,	4.0100
841.57,	4.0000
842.18,	4.0000
842.79,	4.0000
843.40,	4.0000
844.01,	4.0000
844.62,	4.0000
845.23,	4.0000
845.84,	4.0000
846.45,	3.9900
847.06,	3.9900
847.67,	3.9800
848.27,	3.9800
848.88,	3.9800
849.49,	3.9700
850.10,	3.9600
850.71,	3.9600
851.32,	3.9600
851.93,	3.9500
852.54,	3.9500
853.15,	3.9400
853.76,	3.9400
854.37,	3.9400
854.98,	3.9300
855.58,	3.9200
856.19,	3.9100
856.80,	3.9100
857.41,	3.9100
858.02,	3.9100
858.63,	3.9100
859.24,	3.9000
859.85,	3.9000
860.45,	3.8900
861.06,	3.8900
861.67,	3.8900
862.28,	3.8900
862.89,	3.8800
863.50,	3.8800
864.10,	3.8700
864.71,	3.8500
865.32,	3.8400
865.93,	3.8400
866.54,	3.8400
867.14,	3.8400
867.75,	3.8400
868.36,	3.8400
868.97,	3.8300
869.58,	3.8300
870.18,	3.8300
870.79,	3.8300
871.40,	3.8300
872.01,	3.8200
872.61,	3.8200
873.22,	3.8200
873.83,	3.8100
874.44,	3.8100
875.04,	3.8100
875.65,	3.8100
876.26,	3.8100
876.87,	3.8100
877.47,	3.8000
878.08,	3.8000
878.69,	3.8000
879.29,	3.7900
879.90,	3.7900
880.51,	3.7900
881.12,	3.7900
881.72,	3.7900
882.33,	3.7800
882.94,	3.7800
883.54,	3.7800
884.15,	3.7800
884.76,	3.7800
885.36,	3.7800
885.97,	3.7800
886.58,	3.7800
887.18,	3.7800
887.79,	3.7800
888.40,	3.7800
889.00,	3.7800
889.61,	3.7800
890.22,	3.7900
890.82,	3.7900
891.43,	3.7800
892.03,	3.7800
892.64,	3.7800
893.25,	3.7800
893.85,	3.7800
894.46,	3.7800
895.06,	3.7800
895.67,	3.7800
896.28,	3.7800
896.88,	3.7700
897.49,	3.7700
898.09,	3.7700
898.70,	3.7700
899.30,	3.7700
899.91,	3.7700
900.52,	3.7700
901.12,	3.7700
901.73,	3.7700
902.33,	3.7600
902.94,	3.7600
903.54,	3.7600
904.15,	3.7600
904.75,	3.7600
905.36,	3.7600
905.96,	3.7600
906.57,	3.7600
907.17,	3.7600
907.78,	3.7500
908.38,	3.7500
908.99,	3.7500
909.59,	3.7500
910.20,	3.7500
910.80,	3.7500
911.41,	3.7400
912.01,	3.7400
912.62,	3.7300
913.22,	3.7300
913.83,	3.7300
914.43,	3.7300
915.03,	3.7400
915.64,	3.7300
916.24,	3.7300
916.85,	3.7300
917.45,	3.7300
918.06,	3.7300
918.66,	3.7300
919.26,	3.7200
919.87,	3.7200
920.47,	3.7100
921.08,	3.7100
921.68,	3.7100
922.28,	3.7300
922.89,	3.9600
923.49,	4.9400
924.10,	6.8400
924.70,	9.3700
925.30,	11.9100
925.91,	13.5700
926.51,	14.4700
927.11,	15.0600
927.72,	15.4900
928.32,	15.9600
928.92,	26.0700
929.53,	35.5000
930.13,	35.5000
930.74,	35.5000
931.34,	35.5000
931.94,	35.5000
932.54,	35.5000
933.15,	35.5000
933.75,	35.5000
934.35,	35.5000
934.96,	35.5000
935.56,	35.5000
936.16,	35.5000
936.77,	35.5000
937.37,	35.5000
937.97,	35.5000
938.57,	35.5000
939.18,	35.5000
939.78,	35.5000
940.38,	35.5000
940.98,	35.5000
941.59,	35.5000
942.19,	35.5000
942.79,	35.5000
943.39,	35.5000
944.00,	35.5000
944.60,	35.5000
945.20,	35.5000
945.80,	35.5000
946.40,	35.5000
947.01,	35.5000
947.61,	35.5000
948.21,	35.5000
948.81,	35.5000
949.41,	35.5000
950.02,	35.5000
950.62,	35.5000
951.22,	35.5000
951.82,	35.5000
952.42,	35.5000
953.02,	35.5000
953.63,	35.5000
954.23,	35.5000
954.83,	35.5000
955.43,	35.5000
956.03,	35.5000
956.63,	35.5000
957.24,	35.5000
957.84,	35.5000
958.44,	35.5000
959.04,	35.5000
959.64,	35.5000
960.24,	35.5000
960.84,	35.5000
961.44,	35.5000
962.04,	35.5000
962.64,	35.5000
963.25,	35.5000
963.85,	35.5000
964.45,	35.5000
965.05,	35.5000
965.65,	35.5000
966.25,	35.5000
966.85,	35.5000
967.45,	35.5000
968.05,	35.5000
968.65,	35.5000
969.25,	35.5000
969.85,	35.5000
970.45,	35.5000
971.05,	35.5000
971.65,	35.5000
972.25,	35.5000
972.85,	35.5000
973.45,	35.5000
974.05,	35.5000
974.65,	35.5000
975.25,	35.5000
975.85,	35.5000
976.45,	35.5000
977.05,	35.5000
977.65,	35.5000
978.25,	35.5000
978.85,	35.5000
979.45,	35.5000
980.05,	35.5000
980.65,	35.5000
981.25,	35.5000
981.85,	35.5000
982.45,	35.5000
983.05,	35.5000
983.65,	35.5000
984.25,	35.5000
984.85,	35.5000
985.45,	35.5000
986.04,	35.5000
986.64,	35.5000
987.24,	35.5000
987.84,	35.5000
988.44,	35.5000
989.04,	35.5000
989.64,	35.5000
990.24,	35.5000
990.84,	35.5000
991.44,	35.5000
992.03,	35.5000
992.63,	35.5000
993.23,	35.5000
993.83,	35.5000
994.43,	35.5000
995.03,	35.5000
995.63,	35.5000
996.22,	35.5000
996.82,	35.5000
997.42,	35.5000
998.02,	35.5000
998.62,	35.5000
999.21,	35.5000
999.81,	35.5000
1000.41,	35.5000
