Call Sign = ZSDA,	Ship Name = SA Agulhas,	Lloyds Num = 0
Date = 12/05/2016,	Time = 17:06,	
Latitude = 50 02.98  S,	Longitude = 001 28.96  E
Instr = Sippican Deep Blue,	Card Type = Sippican MK-21,	
Wind Instr = ,	Measur Method = 
Probe Serial Num = -1,	Ship Dir = -1,	Ship Speed = -1.00
Wind Dir = 1,	Wind Speed = 29.40
Dry Bulb Temp = 4.30,	Total Water Depth = -1.00

Full Resolution Values
Depth,	 Temp
0.67,	4.3200
1.34,	3.9000
2.01,	3.7600
2.68,	3.7000
3.34,	3.6600
4.01,	3.6300
4.68,	3.6300
5.35,	3.6600
6.02,	3.6700
6.69,	3.6800
7.36,	3.6900
8.03,	3.7000
8.69,	3.6900
9.36,	3.6900
10.03,	3.6600
10.70,	3.6400
11.37,	3.6700
12.04,	3.6800
12.70,	3.6800
13.37,	3.6700
14.04,	3.6600
14.71,	3.6600
15.38,	3.6600
16.05,	3.6600
16.71,	3.6600
17.38,	3.6700
18.05,	3.6700
18.72,	3.6700
19.38,	3.6600
20.05,	3.6600
20.72,	3.6500
21.39,	3.6500
22.06,	3.6500
22.72,	3.6500
23.39,	3.6500
24.06,	3.6500
24.73,	3.6500
25.39,	3.6500
26.06,	3.6400
26.73,	3.6400
27.40,	3.6400
28.06,	3.6400
28.73,	3.6300
29.40,	3.6300
30.06,	3.6300
30.73,	3.6200
31.40,	3.6100
32.06,	3.5900
32.73,	3.5700
33.40,	3.5600
34.07,	3.5600
34.73,	3.5500
35.40,	3.5500
36.07,	3.5500
36.73,	3.5500
37.40,	3.5500
38.07,	3.5400
38.73,	3.5400
39.40,	3.5300
40.06,	3.5300
40.73,	3.5200
41.40,	3.5200
42.06,	3.5200
42.73,	3.5100
43.40,	3.5100
44.06,	3.5100
44.73,	3.5100
45.39,	3.5100
46.06,	3.5000
46.73,	3.5000
47.39,	3.5000
48.06,	3.5100
48.72,	3.5000
49.39,	3.5000
50.06,	3.5100
50.72,	3.5000
51.39,	3.5000
52.05,	3.4900
52.72,	3.4900
53.38,	3.4800
54.05,	3.4800
54.71,	3.4800
55.38,	3.4800
56.05,	3.4800
56.71,	3.4800
57.38,	3.4800
58.04,	3.4800
58.71,	3.4700
59.37,	3.4700
60.04,	3.4600
60.70,	3.4600
61.37,	3.4600
62.03,	3.4600
62.70,	3.4700
63.36,	3.4700
64.03,	3.4600
64.69,	3.4400
65.36,	3.4300
66.02,	3.4300
66.69,	3.4300
67.35,	3.4300
68.01,	3.4300
68.68,	3.4300
69.34,	3.4300
70.01,	3.4300
70.67,	3.4300
71.34,	3.4300
72.00,	3.4300
72.66,	3.4200
73.33,	3.4200
73.99,	3.4200
74.66,	3.4200
75.32,	3.4100
75.98,	3.4200
76.65,	3.4200
77.31,	3.4200
77.98,	3.4100
78.64,	3.4100
79.30,	3.4200
79.97,	3.4200
80.63,	3.4200
81.30,	3.4100
81.96,	3.4100
82.62,	3.4100
83.29,	3.4100
83.95,	3.4100
84.61,	3.4100
85.28,	3.4000
85.94,	3.4000
86.60,	3.4000
87.27,	3.4000
87.93,	3.4000
88.59,	3.4000
89.26,	3.4000
89.92,	3.4000
90.58,	3.3900
91.24,	3.3900
91.91,	3.3900
92.57,	3.3800
93.23,	3.3700
93.90,	3.3600
94.56,	3.3500
95.22,	3.3300
95.88,	3.2900
96.55,	3.2500
97.21,	3.2200
97.87,	3.2000
98.53,	3.1900
99.20,	3.1800
99.86,	3.1600
100.52,	3.1400
101.18,	3.1200
101.85,	3.0500
102.51,	2.9300
103.17,	2.8200
103.83,	2.7400
104.49,	2.6900
105.16,	2.6600
105.82,	2.6500
106.48,	2.6300
107.14,	2.5900
107.80,	2.5700
108.47,	2.5500
109.13,	2.5000
109.79,	2.4500
110.45,	2.4300
111.11,	2.4300
111.77,	2.4200
112.44,	2.4200
113.10,	2.4200
113.76,	2.4200
114.42,	2.4300
115.08,	2.4500
115.74,	2.4500
116.40,	2.4600
117.06,	2.4600
117.73,	2.4500
118.39,	2.4300
119.05,	2.3900
119.71,	2.3400
120.37,	2.3100
121.03,	2.2900
121.69,	2.2900
122.35,	2.2800
123.01,	2.2900
123.67,	2.2900
124.33,	2.2900
125.00,	2.2900
125.66,	2.2900
126.32,	2.2900
126.98,	2.2800
127.64,	2.2700
128.30,	2.2600
128.96,	2.2500
129.62,	2.2400
130.28,	2.2300
130.94,	2.2200
131.60,	2.2200
132.26,	2.2200
132.92,	2.2100
133.58,	2.2200
134.24,	2.2200
134.90,	2.2200
135.56,	2.2200
136.22,	2.2200
136.88,	2.2300
137.54,	2.2300
138.20,	2.2300
138.86,	2.2300
139.52,	2.2200
140.18,	2.2300
140.84,	2.2300
141.50,	2.2400
142.16,	2.2400
142.82,	2.2400
143.48,	2.2400
144.14,	2.2300
144.79,	2.2300
145.45,	2.2200
146.11,	2.2000
146.77,	2.1900
147.43,	2.2100
148.09,	2.2100
148.75,	2.2200
149.41,	2.2200
150.07,	2.2200
150.73,	2.2200
151.39,	2.1900
152.04,	2.1800
152.70,	2.1800
153.36,	2.1700
154.02,	2.1600
154.68,	2.1500
155.34,	2.1600
156.00,	2.1600
156.65,	2.1700
157.31,	2.1600
157.97,	2.1500
158.63,	2.1400
159.29,	2.1400
159.95,	2.1300
160.60,	2.1200
161.26,	2.1100
161.92,	2.1100
162.58,	2.1100
163.24,	2.1100
163.90,	2.1000
164.55,	2.1000
165.21,	2.1000
165.87,	2.1000
166.53,	2.1000
167.18,	2.1000
167.84,	2.0900
168.50,	2.0900
169.16,	2.1000
169.82,	2.1000
170.47,	2.1000
171.13,	2.0900
171.79,	2.0800
172.44,	2.0900
173.10,	2.0900
173.76,	2.0800
174.42,	2.0700
175.07,	2.0700
175.73,	2.0800
176.39,	2.0800
177.05,	2.0800
177.70,	2.0900
178.36,	2.1000
179.02,	2.1200
179.67,	2.1500
180.33,	2.1600
180.99,	2.1700
181.64,	2.1800
182.30,	2.1700
182.96,	2.1700
183.61,	2.1700
184.27,	2.1600
184.93,	2.1600
185.58,	2.1400
186.24,	2.1100
186.90,	2.0900
187.55,	2.0700
188.21,	2.0500
188.87,	2.0500
189.52,	2.0500
190.18,	2.0500
190.83,	2.0500
191.49,	2.0500
192.15,	2.0500
192.80,	2.0500
193.46,	2.0500
194.11,	2.0600
194.77,	2.0600
195.43,	2.0500
196.08,	2.0500
196.74,	2.0400
197.39,	2.0400
198.05,	2.0400
198.70,	2.0300
199.36,	2.0300
200.02,	2.0300
200.67,	2.0300
201.33,	2.0300
201.98,	2.0200
202.64,	2.0100
203.29,	2.0100
203.95,	1.9900
204.60,	1.9900
205.26,	1.9900
205.91,	1.9800
206.57,	1.9700
207.22,	1.9500
207.88,	1.9400
208.53,	1.9300
209.19,	1.9200
209.84,	1.9200
210.50,	1.9200
211.15,	1.9200
211.81,	1.9100
212.46,	1.9000
213.12,	1.8900
213.77,	1.8900
214.43,	1.8900
215.08,	1.8800
215.74,	1.8800
216.39,	1.8800
217.04,	1.8700
217.70,	1.8600
218.35,	1.8500
219.01,	1.8500
219.66,	1.8500
220.32,	1.8500
220.97,	1.8600
221.62,	1.8700
222.28,	1.8800
222.93,	1.8800
223.59,	1.8800
224.24,	1.8800
224.89,	1.8800
225.55,	1.8800
226.20,	1.8700
226.85,	1.8800
227.51,	1.8800
228.16,	1.8800
228.81,	1.8700
229.47,	1.8700
230.12,	1.8700
230.78,	1.8700
231.43,	1.8700
232.08,	1.8700
232.74,	1.8700
233.39,	1.8700
234.04,	1.8700
234.69,	1.8700
235.35,	1.8800
236.00,	1.8900
236.65,	1.9000
237.31,	1.9100
237.96,	1.9100
238.61,	1.9200
239.27,	1.9300
239.92,	1.9400
240.57,	1.9400
241.22,	1.9400
241.88,	1.9500
242.53,	1.9500
243.18,	1.9400
243.83,	1.9400
244.49,	1.9400
245.14,	1.9500
245.79,	1.9500
246.44,	1.9600
247.10,	1.9800
247.75,	1.9900
248.40,	2.0000
249.05,	2.0200
249.70,	2.0300
250.36,	2.0400
251.01,	2.0400
251.66,	2.0400
252.31,	2.0300
252.96,	2.0300
253.62,	2.0300
254.27,	2.0400
254.92,	2.0400
255.57,	2.0400
256.22,	2.0300
256.88,	2.0300
257.53,	2.0200
258.18,	2.0200
258.83,	2.0200
259.48,	2.0400
260.13,	2.0500
260.78,	2.0500
261.44,	2.0600
262.09,	2.0700
262.74,	2.0600
263.39,	2.0600
264.04,	2.0700
264.69,	2.0900
265.34,	2.1000
265.99,	2.1200
266.64,	2.1400
267.29,	2.1600
267.95,	2.1600
268.60,	2.1700
269.25,	2.1800
269.90,	2.1900
270.55,	2.2000
271.20,	2.2100
271.85,	2.2300
272.50,	2.2300
273.15,	2.2500
273.80,	2.2500
274.45,	2.2500
275.10,	2.2500
275.75,	2.2500
276.40,	2.2600
277.05,	2.2700
277.70,	2.2700
278.35,	2.2700
279.00,	2.2700
279.65,	2.2700
280.30,	2.2700
280.95,	2.2700
281.60,	2.2700
282.25,	2.2700
282.90,	2.2700
283.55,	2.2800
284.20,	2.2800
284.85,	2.2800
285.50,	2.2800
286.15,	2.2800
286.80,	2.2800
287.45,	2.2800
288.10,	2.2800
288.75,	2.2800
289.40,	2.2800
290.05,	2.2800
290.70,	2.2900
291.35,	2.2900
292.00,	2.2900
292.64,	2.3000
293.29,	2.2900
293.94,	2.2900
294.59,	2.2800
295.24,	2.2800
295.89,	2.2800
296.54,	2.2700
297.19,	2.2600
297.84,	2.2500
298.49,	2.2400
299.13,	2.2400
299.78,	2.2400
300.43,	2.2400
301.08,	2.2400
301.73,	2.2400
302.38,	2.2400
303.02,	2.2500
303.67,	2.2500
304.32,	2.2500
304.97,	2.2500
305.62,	2.2600
306.27,	2.2600
306.91,	2.2700
307.56,	2.2800
308.21,	2.2900
308.86,	2.2900
309.51,	2.2800
310.15,	2.2800
310.80,	2.2800
311.45,	2.2800
312.10,	2.2800
312.75,	2.2800
313.39,	2.2700
314.04,	2.2800
314.69,	2.2800
315.34,	2.2700
315.98,	2.2700
316.63,	2.2700
317.28,	2.2800
317.93,	2.2800
318.57,	2.2800
319.22,	2.2800
319.87,	2.2700
320.52,	2.2700
321.16,	2.2600
321.81,	2.2600
322.46,	2.2600
323.10,	2.2500
323.75,	2.2500
324.40,	2.2400
325.04,	2.2400
325.69,	2.2400
326.34,	2.2400
326.99,	2.2300
327.63,	2.2200
328.28,	2.2100
328.93,	2.2200
329.57,	2.2100
330.22,	2.2100
330.86,	2.2100
331.51,	2.2100
332.16,	2.2000
332.80,	2.1900
333.45,	2.1900
334.10,	2.1800
334.74,	2.1900
335.39,	2.2000
336.03,	2.2000
336.68,	2.2000
337.33,	2.1900
337.97,	2.1900
338.62,	2.1900
339.26,	2.1800
339.91,	2.1800
340.56,	2.1700
341.20,	2.1500
341.85,	2.1300
342.49,	2.1300
343.14,	2.1300
343.78,	2.1300
344.43,	2.1400
345.08,	2.1400
345.72,	2.1500
346.37,	2.1800
347.01,	2.2100
347.66,	2.2300
348.30,	2.2500
348.95,	2.2600
349.59,	2.2600
350.24,	2.2600
350.88,	2.2700
351.53,	2.2800
352.17,	2.2700
352.82,	2.2800
353.46,	2.2900
354.11,	2.2800
354.75,	2.2800
355.40,	2.2900
356.04,	2.2900
356.69,	2.2900
357.33,	2.2900
357.98,	2.2900
358.62,	2.2900
359.27,	2.2900
359.91,	2.2900
360.55,	2.3000
361.20,	2.3000
361.84,	2.3000
362.49,	2.3000
363.13,	2.3000
363.78,	2.3000
364.42,	2.3000
365.06,	2.3000
365.71,	2.3000
366.35,	2.3100
367.00,	2.3100
367.64,	2.3100
368.28,	2.3100
368.93,	2.3200
369.57,	2.3300
370.22,	2.3400
370.86,	2.3400
371.50,	2.3500
372.15,	2.3500
372.79,	2.3500
373.43,	2.3500
374.08,	2.3500
374.72,	2.3600
375.36,	2.3600
376.01,	2.3600
376.65,	2.3600
377.29,	2.3600
377.94,	2.3600
378.58,	2.3600
379.22,	2.3600
379.87,	2.3600
380.51,	2.3700
381.15,	2.3700
381.79,	2.3700
382.44,	2.3600
383.08,	2.3700
383.72,	2.3700
384.37,	2.3700
385.01,	2.3800
385.65,	2.3800
386.29,	2.3700
386.94,	2.3800
387.58,	2.3800
388.22,	2.3800
388.86,	2.3900
389.51,	2.3900
390.15,	2.3900
390.79,	2.4100
391.43,	2.4000
392.08,	2.4000
392.72,	2.4100
393.36,	2.4100
394.00,	2.4100
394.64,	2.4100
395.29,	2.4100
395.93,	2.4100
396.57,	2.4100
397.21,	2.4100
397.85,	2.4100
398.50,	2.4200
399.14,	2.4200
399.78,	2.4200
400.42,	2.4200
401.06,	2.4200
401.70,	2.4200
402.34,	2.4200
402.99,	2.4300
403.63,	2.4300
404.27,	2.4300
404.91,	2.4300
405.55,	2.4300
406.19,	2.4300
406.83,	2.4300
407.48,	2.4400
408.12,	2.4300
408.76,	2.4300
409.40,	2.4300
410.04,	2.4300
410.68,	2.4300
411.32,	2.4300
411.96,	2.4300
412.60,	2.4400
413.24,	2.4400
413.88,	2.4500
414.52,	2.4700
415.17,	2.4800
415.81,	2.4800
416.45,	2.4800
417.09,	2.5000
417.73,	2.5200
418.37,	2.5300
419.01,	2.5300
419.65,	2.5300
420.29,	2.5300
420.93,	2.5300
421.57,	2.5400
422.21,	2.5300
422.85,	2.5300
423.49,	2.5300
424.13,	2.5400
424.77,	2.5400
425.41,	2.5400
426.05,	2.5300
426.69,	2.5400
427.33,	2.5400
427.97,	2.5400
428.61,	2.5400
429.25,	2.5500
429.89,	2.5500
430.53,	2.5500
431.17,	2.5400
431.80,	2.5400
432.44,	2.5500
433.08,	2.5400
433.72,	2.5400
434.36,	2.5400
435.00,	2.5500
435.64,	2.5500
436.28,	2.5500
436.92,	2.5500
437.56,	2.5500
438.20,	2.5500
438.84,	2.5400
439.47,	2.5400
440.11,	2.5300
440.75,	2.5200
441.39,	2.5300
442.03,	2.5300
442.67,	2.5300
443.31,	2.5300
443.95,	2.5200
444.58,	2.5300
445.22,	2.5300
445.86,	2.5300
446.50,	2.5400
447.14,	2.5400
447.78,	2.5300
448.41,	2.5300
449.05,	2.5300
449.69,	2.5300
450.33,	2.5400
450.97,	2.5400
451.60,	2.5300
452.24,	2.5300
452.88,	2.5300
453.52,	2.5300
454.16,	2.5300
454.79,	2.5300
455.43,	2.5400
456.07,	2.5400
456.71,	2.5400
457.35,	2.5400
457.98,	2.5400
458.62,	2.5400
459.26,	2.5400
459.90,	2.5400
460.53,	2.5400
461.17,	2.5400
461.81,	2.5400
462.44,	2.5400
463.08,	2.5400
463.72,	2.5500
464.36,	2.5600
464.99,	2.5600
465.63,	2.5600
466.27,	2.5600
466.90,	2.5700
467.54,	2.5600
468.18,	2.5500
468.81,	2.5600
469.45,	2.5600
470.09,	2.5600
470.72,	2.5600
471.36,	2.5600
472.00,	2.5600
472.63,	2.5700
473.27,	2.5700
473.91,	2.5700
474.54,	2.5700
475.18,	2.5700
475.82,	2.5800
476.45,	2.5700
477.09,	2.5800
477.73,	2.5800
478.36,	2.5800
479.00,	2.5800
479.63,	2.5800
480.27,	2.5800
480.91,	2.5800
481.54,	2.5800
482.18,	2.5800
482.81,	2.5900
483.45,	2.5900
484.08,	2.5800
484.72,	2.5800
485.36,	2.5900
485.99,	2.5900
486.63,	2.5900
487.26,	2.5900
487.90,	2.5900
488.53,	2.5900
489.17,	2.5900
489.80,	2.5900
490.44,	2.5900
491.07,	2.5900
491.71,	2.5900
492.34,	2.5900
492.98,	2.5900
493.62,	2.5900
494.25,	2.6000
494.89,	2.6000
495.52,	2.6000
496.15,	2.6000
496.79,	2.6000
497.42,	2.6000
498.06,	2.6000
498.69,	2.6000
499.33,	2.6000
499.96,	2.6000
500.60,	2.6000
501.23,	2.6000
501.87,	2.6000
502.50,	2.6100
503.14,	2.6100
503.77,	2.6100
504.40,	2.6100
505.04,	2.6100
505.67,	2.6100
506.31,	2.6100
506.94,	2.6200
507.57,	2.6200
508.21,	2.6200
508.84,	2.6100
509.48,	2.6100
510.11,	2.6200
510.74,	2.6100
511.38,	2.6200
512.01,	2.6200
512.65,	2.6200
513.28,	2.6200
513.91,	2.6300
514.55,	2.6300
515.18,	2.6300
515.81,	2.6300
516.45,	2.6300
517.08,	2.6300
517.71,	2.6300
518.35,	2.6300
518.98,	2.6300
519.61,	2.6300
520.25,	2.6300
520.88,	2.6200
521.51,	2.6200
522.15,	2.6300
522.78,	2.6200
523.41,	2.6300
524.04,	2.6200
524.68,	2.6200
525.31,	2.6200
525.94,	2.6300
526.58,	2.6300
527.21,	2.6300
527.84,	2.6300
528.47,	2.6200
529.11,	2.6100
529.74,	2.6100
530.37,	2.6200
531.00,	2.6200
531.64,	2.6100
532.27,	2.6100
532.90,	2.6200
533.53,	2.6200
534.17,	2.6200
534.80,	2.6200
535.43,	2.6100
536.06,	2.6200
536.69,	2.6100
537.33,	2.6100
537.96,	2.6100
538.59,	2.6100
539.22,	2.6000
539.85,	2.6000
540.48,	2.5900
541.12,	2.5900
541.75,	2.5900
542.38,	2.6000
543.01,	2.6000
543.64,	2.6000
544.27,	2.6000
544.91,	2.6000
545.54,	2.5900
546.17,	2.5900
546.80,	2.6000
547.43,	2.6000
548.06,	2.5900
548.69,	2.5900
549.32,	2.5900
549.95,	2.5900
550.59,	2.5900
551.22,	2.5900
551.85,	2.6000
552.48,	2.6000
553.11,	2.6000
553.74,	2.6000
554.37,	2.6000
555.00,	2.6000
555.63,	2.6000
556.26,	2.6000
556.89,	2.6000
557.52,	2.6000
558.15,	2.6000
558.78,	2.5900
559.42,	2.5900
560.05,	2.5900
560.68,	2.5900
561.31,	2.5900
561.94,	2.6000
562.57,	2.6000
563.20,	2.6000
563.83,	2.6000
564.46,	2.6000
565.09,	2.6100
565.72,	2.6000
566.35,	2.6000
566.98,	2.6100
567.61,	2.6100
568.24,	2.6100
568.87,	2.6100
569.50,	2.6100
570.12,	2.6000
570.75,	2.6100
571.38,	2.6100
572.01,	2.6100
572.64,	2.6100
573.27,	2.6200
573.90,	2.6200
574.53,	2.6100
575.16,	2.6200
575.79,	2.6200
576.42,	2.6300
577.05,	2.6300
577.68,	2.6300
578.31,	2.6400
578.93,	2.6300
579.56,	2.6400
580.19,	2.6400
580.82,	2.6400
581.45,	2.6300
582.08,	2.6300
582.71,	2.6300
583.34,	2.6300
583.97,	2.6300
584.59,	2.6300
585.22,	2.6400
585.85,	2.6300
586.48,	2.6300
587.11,	2.6300
587.74,	2.6300
588.36,	2.6400
588.99,	2.6400
589.62,	2.6400
590.25,	2.6300
590.88,	2.6400
591.50,	2.6500
592.13,	2.6500
592.76,	2.6400
593.39,	2.6300
594.02,	2.6400
594.64,	2.6400
595.27,	2.6300
595.90,	2.6300
596.53,	2.6300
597.16,	2.6400
597.78,	2.6400
598.41,	2.6300
599.04,	2.6400
599.67,	2.6400
600.29,	2.6400
600.92,	2.6400
601.55,	2.6500
602.18,	2.6400
602.80,	2.6400
603.43,	2.6400
604.06,	2.6400
604.68,	2.6400
605.31,	2.6400
605.94,	2.6400
606.57,	2.6500
607.19,	2.6500
607.82,	2.6500
608.45,	2.6400
609.07,	2.6400
609.70,	2.6400
610.33,	2.6400
610.95,	2.6400
611.58,	2.6300
612.21,	2.6300
612.83,	2.6400
613.46,	2.6400
614.09,	2.6400
614.71,	2.6400
615.34,	2.6400
615.97,	2.6400
616.59,	2.6400
617.22,	2.6400
617.84,	2.6400
618.47,	2.6400
619.10,	2.6400
619.72,	2.6400
620.35,	2.6400
620.97,	2.6400
621.60,	2.6400
622.23,	2.6400
622.85,	2.6400
623.48,	2.6400
624.10,	2.6500
624.73,	2.6500
625.35,	2.6500
625.98,	2.6400
626.61,	2.6400
627.23,	2.6500
627.86,	2.6500
628.48,	2.6500
629.11,	2.6500
629.73,	2.6500
630.36,	2.6600
630.98,	2.6600
631.61,	2.6500
632.23,	2.6500
632.86,	2.6400
633.48,	2.6400
634.11,	2.6400
634.73,	2.6300
635.36,	2.6200
635.98,	2.6200
636.61,	2.6200
637.23,	2.6200
637.86,	2.6200
638.48,	2.6300
639.11,	2.6300
639.73,	2.6300
640.36,	2.6300
640.98,	2.6300
641.61,	2.6300
642.23,	2.6300
642.85,	2.6200
643.48,	2.6200
644.10,	2.6200
644.73,	2.6200
645.35,	2.6100
645.98,	2.6100
646.60,	2.6100
647.22,	2.6100
647.85,	2.6100
648.47,	2.6100
649.10,	2.6100
649.72,	2.6000
650.34,	2.6000
650.97,	2.6000
651.59,	2.5900
652.22,	2.5800
652.84,	2.5700
653.46,	2.5700
654.09,	2.5600
654.71,	2.5600
655.33,	2.5600
655.96,	2.5600
656.58,	2.5600
657.20,	2.5600
657.83,	2.5500
658.45,	2.5500
659.07,	2.5400
659.70,	2.5500
660.32,	2.5500
660.94,	2.5500
661.57,	2.5500
662.19,	2.5500
662.81,	2.5500
663.43,	2.5500
664.06,	2.5500
664.68,	2.5500
665.30,	2.5500
665.93,	2.5500
666.55,	2.5500
667.17,	2.5500
667.79,	2.5500
668.42,	2.5500
669.04,	2.5500
669.66,	2.5400
670.28,	2.5400
670.91,	2.5400
671.53,	2.5400
672.15,	2.5400
672.77,	2.5400
673.39,	2.5500
674.02,	2.5500
674.64,	2.5500
675.26,	2.5500
675.88,	2.5500
676.50,	2.5500
677.13,	2.5500
677.75,	2.5500
678.37,	2.5500
678.99,	2.5400
679.61,	2.5400
680.24,	2.5400
680.86,	2.5400
681.48,	2.5400
682.10,	2.5400
682.72,	2.5400
683.34,	2.5400
683.96,	2.5400
684.59,	2.5300
685.21,	2.5300
685.83,	2.5400
686.45,	2.5300
687.07,	2.5300
687.69,	2.5300
688.31,	2.5300
688.93,	2.5300
689.56,	2.5400
690.18,	2.5300
690.80,	2.5300
691.42,	2.5300
692.04,	2.5300
692.66,	2.5200
693.28,	2.5300
693.90,	2.5300
694.52,	2.5200
695.14,	2.5300
695.76,	2.5200
696.38,	2.5200
697.00,	2.5200
697.62,	2.5100
698.25,	2.5200
698.87,	2.5200
699.49,	2.5200
700.11,	2.5200
700.73,	2.5100
701.35,	2.5200
701.97,	2.5200
702.59,	2.5200
703.21,	2.5200
703.83,	2.5200
704.45,	2.5200
705.07,	2.5200
705.69,	2.5100
706.31,	2.5100
706.93,	2.5200
707.55,	2.5100
708.17,	2.5100
708.79,	2.5100
709.40,	2.5100
710.02,	2.5200
710.64,	2.5200
711.26,	2.5200
711.88,	2.5200
712.50,	2.5200
713.12,	2.5200
713.74,	2.5200
714.36,	2.5200
714.98,	2.5300
715.60,	2.5300
716.22,	2.5200
716.84,	2.5200
717.45,	2.5200
718.07,	2.5200
718.69,	2.5200
719.31,	2.5200
719.93,	2.5200
720.55,	2.5200
721.17,	2.5300
721.79,	2.5200
722.41,	2.5200
723.02,	2.5200
723.64,	2.5200
724.26,	2.5100
724.88,	2.5200
725.50,	2.5100
726.12,	2.5100
726.73,	2.5100
727.35,	2.5200
727.97,	2.5200
728.59,	2.5200
729.21,	2.5200
729.83,	2.5200
730.44,	2.5300
731.06,	2.5300
731.68,	2.5200
732.30,	2.5300
732.92,	2.5300
733.53,	2.5200
734.15,	2.5200
734.77,	2.5200
735.39,	2.5200
736.00,	2.5300
736.62,	2.5200
737.24,	2.5200
737.86,	2.5200
738.47,	2.5200
739.09,	2.5200
739.71,	2.5200
740.33,	2.5200
740.94,	2.5100
741.56,	2.5100
742.18,	2.5100
742.79,	2.5200
743.41,	2.5200
744.03,	2.5200
744.65,	2.5200
745.26,	2.5200
745.88,	2.5200
746.50,	2.5100
747.11,	2.5100
747.73,	2.5200
748.35,	2.5100
748.96,	2.5100
749.58,	2.5100
750.20,	2.5200
750.81,	2.5200
751.43,	2.5100
752.05,	2.5100
752.66,	2.5100
753.28,	2.5100
753.90,	2.5100
754.51,	2.5100
755.13,	2.5100
755.74,	2.5100
756.36,	2.5000
756.98,	2.5000
757.59,	2.5000
758.21,	2.5000
758.82,	2.5000
759.44,	2.5000
760.06,	2.5000
760.67,	2.5000
761.29,	2.5100
761.90,	2.5100
762.52,	2.5100
763.14,	2.5100
763.75,	2.5100
764.37,	2.5000
764.98,	2.5000
765.60,	2.5000
766.21,	2.5000
766.83,	2.5000
767.44,	2.5000
768.06,	2.4900
768.67,	2.4900
769.29,	2.5000
769.90,	2.5000
770.52,	2.5000
771.14,	2.5000
771.75,	2.5100
772.37,	2.5100
772.98,	2.5100
773.59,	2.5100
774.21,	2.5000
774.82,	2.4900
775.44,	2.5000
776.05,	2.5000
776.67,	2.5000
777.28,	2.5000
777.90,	2.5000
778.51,	2.4900
779.13,	2.5000
779.74,	2.5000
780.36,	2.5000
780.97,	2.5000
781.58,	2.5000
782.20,	2.5100
782.81,	2.5000
783.43,	2.5000
784.04,	2.4900
784.66,	2.5000
785.27,	2.5000
785.88,	2.5000
786.50,	2.4900
787.11,	2.4900
787.73,	2.4800
788.34,	2.4900
788.95,	2.4900
789.57,	2.4900
790.18,	2.5000
790.79,	2.4900
791.41,	2.5000
792.02,	2.5000
792.63,	2.5000
793.25,	2.5000
793.86,	2.5000
794.47,	2.4900
795.09,	2.4900
795.70,	2.5000
796.31,	2.4900
796.93,	2.4900
797.54,	2.4900
798.15,	2.4900
798.77,	2.4900
799.38,	2.4900
799.99,	2.4900
800.61,	2.4900
801.22,	2.4900
801.83,	2.4900
802.44,	2.4900
803.06,	2.4900
803.67,	2.4900
804.28,	2.4900
804.90,	2.4900
805.51,	2.4900
806.12,	2.4900
806.73,	2.4900
807.34,	2.4900
807.96,	2.4900
808.57,	2.4900
809.18,	2.4900
809.79,	2.4900
810.41,	2.4900
811.02,	2.4900
811.63,	2.4900
812.24,	2.4900
812.85,	2.5000
813.47,	2.5000
814.08,	2.5000
814.69,	2.4900
815.30,	2.4900
815.91,	2.4900
816.53,	2.4900
817.14,	2.4900
817.75,	2.5000
818.36,	2.4900
818.97,	2.5000
819.58,	2.4900
820.20,	2.5000
820.81,	2.5000
821.42,	2.5000
822.03,	2.5000
822.64,	2.4900
823.25,	2.4900
823.86,	2.4900
824.47,	2.4900
825.09,	2.4900
825.70,	2.4900
826.31,	2.5000
826.92,	2.4900
827.53,	2.4900
828.14,	2.5000
828.75,	2.4900
829.36,	2.4900
829.97,	2.4900
830.58,	2.4900
831.19,	2.4900
831.80,	2.4900
832.42,	2.4900
833.03,	2.4900
833.64,	2.4900
834.25,	2.4900
834.86,	2.4900
835.47,	2.4900
836.08,	2.4900
836.69,	2.4900
837.30,	2.4900
837.91,	2.4900
838.52,	2.4900
839.13,	2.4900
839.74,	2.4900
840.35,	2.4900
840.96,	2.4900
841.57,	2.4900
842.18,	2.4900
842.79,	2.4900
843.40,	2.4900
844.01,	2.4900
844.62,	2.4900
845.23,	2.4900
845.84,	2.4900
846.45,	2.4900
847.06,	2.4900
847.67,	2.4900
848.27,	2.4900
848.88,	2.4900
849.49,	2.4900
850.10,	2.4900
850.71,	2.4900
851.32,	2.4900
851.93,	2.4900
852.54,	2.4900
853.15,	2.4900
853.76,	2.4900
854.37,	2.4900
854.98,	2.5000
855.58,	2.5000
856.19,	2.5000
856.80,	2.5000
857.41,	2.4900
858.02,	2.5000
858.63,	2.5000
859.24,	2.4900
859.85,	2.4900
860.45,	2.4900
861.06,	2.4800
861.67,	2.4900
862.28,	2.4900
862.89,	2.4800
863.50,	2.4900
864.10,	2.4900
864.71,	2.4800
865.32,	2.4800
865.93,	2.4800
866.54,	2.4800
867.14,	2.4800
867.75,	2.4800
868.36,	2.4900
868.97,	2.4900
869.58,	2.4900
870.18,	2.4900
870.79,	2.4900
871.40,	2.4900
872.01,	2.4900
872.61,	2.4900
873.22,	2.4900
873.83,	2.4900
874.44,	2.4900
875.04,	2.4900
875.65,	2.4900
876.26,	2.4900
876.87,	2.4800
877.47,	2.4800
878.08,	2.4900
878.69,	2.4800
879.29,	2.4800
879.90,	2.4800
880.51,	2.4800
881.12,	2.4800
881.72,	2.4800
882.33,	2.4800
882.94,	2.4800
883.54,	2.4800
884.15,	2.4800
884.76,	2.4800
885.36,	2.4800
885.97,	2.4800
886.58,	2.4900
887.18,	2.4800
887.79,	2.4800
888.40,	2.4800
889.00,	2.4800
889.61,	2.4800
890.22,	2.4800
890.82,	2.4800
891.43,	2.4800
892.03,	2.4800
892.64,	2.4800
893.25,	2.4800
893.85,	2.4800
894.46,	2.4800
895.06,	2.4900
895.67,	2.4900
896.28,	2.4900
896.88,	2.4900
897.49,	2.4900
898.09,	2.4900
898.70,	2.5000
899.30,	2.5000
899.91,	2.4900
900.52,	2.5000
901.12,	2.4900
901.73,	2.4900
902.33,	2.4900
902.94,	2.4900
903.54,	2.4800
904.15,	2.4900
904.75,	2.5000
905.36,	2.4900
905.96,	2.4900
906.57,	2.4900
907.17,	2.5000
907.78,	2.7400
908.38,	7.9300
908.99,	19.0700
909.59,	25.1800
910.20,	29.2500
910.80,	32.2200
911.41,	34.0400
912.01,	35.0200
912.62,	35.5000
913.22,	35.5000
913.83,	35.5000
914.43,	35.5000
915.03,	35.5000
915.64,	35.5000
916.24,	35.5000
916.85,	35.5000
917.45,	35.5000
918.06,	35.5000
918.66,	35.5000
919.26,	35.5000
919.87,	35.5000
920.47,	35.5000
921.08,	35.5000
921.68,	35.5000
922.28,	35.5000
922.89,	35.5000
923.49,	35.5000
924.10,	35.5000
924.70,	35.5000
925.30,	35.5000
925.91,	35.5000
926.51,	35.5000
927.11,	35.5000
927.72,	35.5000
928.32,	35.5000
928.92,	35.5000
929.53,	35.5000
930.13,	35.5000
930.74,	35.5000
931.34,	35.5000
931.94,	35.5000
932.54,	35.5000
933.15,	35.5000
933.75,	35.5000
934.35,	35.5000
934.96,	35.5000
935.56,	35.5000
936.16,	35.5000
936.77,	35.5000
937.37,	35.5000
937.97,	35.5000
938.57,	35.5000
939.18,	35.5000
939.78,	35.5000
940.38,	35.5000
940.98,	35.5000
941.59,	35.5000
942.19,	35.5000
942.79,	35.5000
943.39,	35.5000
944.00,	35.5000
944.60,	35.5000
945.20,	35.5000
945.80,	35.5000
946.40,	35.5000
947.01,	35.5000
947.61,	35.5000
948.21,	35.5000
948.81,	35.5000
949.41,	35.5000
950.02,	35.5000
950.62,	35.5000
951.22,	35.5000
951.82,	35.5000
952.42,	35.5000
953.02,	35.5000
953.63,	35.5000
954.23,	35.5000
954.83,	35.5000
955.43,	35.5000
956.03,	35.5000
956.63,	35.5000
957.24,	35.5000
957.84,	35.5000
958.44,	35.5000
959.04,	35.5000
959.64,	35.5000
960.24,	35.5000
960.84,	35.5000
961.44,	35.5000
962.04,	35.5000
962.64,	35.5000
963.25,	35.5000
963.85,	35.5000
964.45,	35.5000
965.05,	35.5000
965.65,	35.5000
966.25,	35.5000
966.85,	35.5000
967.45,	35.5000
968.05,	35.5000
968.65,	35.5000
969.25,	35.5000
969.85,	35.5000
970.45,	35.5000
971.05,	35.5000
971.65,	35.5000
972.25,	35.5000
972.85,	-2.5200
973.45,	-2.5200
974.05,	-2.5200
974.65,	-2.5200
975.25,	-2.5200
975.85,	-2.5200
976.45,	-2.5200
977.05,	-2.5200
977.65,	-2.5200
978.25,	-2.5200
978.85,	-2.5200
979.45,	-2.5200
980.05,	-2.5200
980.65,	-2.5200
981.25,	-2.5200
981.85,	-2.5200
982.45,	-2.5200
983.05,	-2.5200
983.65,	-2.5200
984.25,	-2.5200
984.85,	-2.5200
985.45,	-2.5200
986.04,	-2.5200
986.64,	-2.5200
987.24,	-2.5200
987.84,	-2.5200
988.44,	-2.5200
989.04,	-2.5200
989.64,	-2.5200
990.24,	-2.5200
990.84,	-2.5200
991.44,	-2.5200
992.03,	-2.5200
992.63,	-2.5200
993.23,	-2.5200
993.83,	-2.5200
994.43,	-2.5200
995.03,	-2.5200
995.63,	-2.5200
996.22,	-2.5200
996.82,	-2.5200
997.42,	-2.5200
998.02,	-2.5200
998.62,	-2.5200
999.21,	-2.5200
999.81,	-2.5200
1000.41,	-2.5200
