Call Sign = ZSDA,	Ship Name = SA Agulhas,	Lloyds Num = 0
Date = 12/06/2016,	Time = 01:03,	
Latitude = 51 41.06  S,	Longitude = 000 00.07  E
Instr = Sippican Deep Blue,	Card Type = Sippican MK-21,	
Wind Instr = ,	Measur Method = 
Probe Serial Num = -1,	Ship Dir = -1,	Ship Speed = -1.00
Wind Dir = 336,	Wind Speed = 31.90
Dry Bulb Temp = 0.40,	Total Water Depth = -1.00

Full Resolution Values
Depth,	 Temp
0.67,	2.0400
1.34,	1.4900
2.01,	1.2900
2.68,	1.2300
3.34,	1.2000
4.01,	1.2000
4.68,	1.2000
5.35,	1.2300
6.02,	1.2400
6.69,	1.2200
7.36,	1.1100
8.03,	1.0400
8.69,	1.1300
9.36,	1.1500
10.03,	1.1500
10.70,	1.1600
11.37,	1.1600
12.04,	1.1700
12.70,	1.1700
13.37,	1.1600
14.04,	1.1600
14.71,	1.1700
15.38,	1.1800
16.05,	1.1700
16.71,	1.1700
17.38,	1.1600
18.05,	1.1700
18.72,	1.1700
19.38,	1.1700
20.05,	1.1700
20.72,	1.1600
21.39,	1.1600
22.06,	1.1600
22.72,	1.1600
23.39,	1.1500
24.06,	1.1500
24.73,	1.1400
25.39,	1.1400
26.06,	1.1300
26.73,	1.1300
27.40,	1.1200
28.06,	1.1200
28.73,	1.1200
29.40,	1.1200
30.06,	1.1200
30.73,	1.1200
31.40,	1.1100
32.06,	1.1200
32.73,	1.1100
33.40,	1.0900
34.07,	1.0800
34.73,	1.0700
35.40,	1.0500
36.07,	1.0300
36.73,	1.0100
37.40,	0.9900
38.07,	0.9700
38.73,	0.9500
39.40,	0.9000
40.06,	0.8400
40.73,	0.8200
41.40,	0.8100
42.06,	0.8100
42.73,	0.8100
43.40,	0.8100
44.06,	0.8100
44.73,	0.8100
45.39,	0.8100
46.06,	0.8100
46.73,	0.8100
47.39,	0.8100
48.06,	0.8100
48.72,	0.8000
49.39,	0.8000
50.06,	0.8000
50.72,	0.8000
51.39,	0.8200
52.05,	0.8400
52.72,	0.8600
53.38,	0.8600
54.05,	0.8700
54.71,	0.8700
55.38,	0.8800
56.05,	0.8800
56.71,	0.8800
57.38,	0.8800
58.04,	0.8800
58.71,	0.8900
59.37,	0.8700
60.04,	0.8600
60.70,	0.8600
61.37,	0.8700
62.03,	0.8700
62.70,	0.8700
63.36,	0.8800
64.03,	0.8800
64.69,	0.8900
65.36,	0.8900
66.02,	0.8800
66.69,	0.8800
67.35,	0.8700
68.01,	0.8700
68.68,	0.8700
69.34,	0.8700
70.01,	0.8700
70.67,	0.8800
71.34,	0.8700
72.00,	0.8700
72.66,	0.8600
73.33,	0.8600
73.99,	0.8500
74.66,	0.8400
75.32,	0.8400
75.98,	0.8400
76.65,	0.8300
77.31,	0.8300
77.98,	0.8200
78.64,	0.8200
79.30,	0.8200
79.97,	0.8200
80.63,	0.8200
81.30,	0.8300
81.96,	0.8300
82.62,	0.8500
83.29,	0.8900
83.95,	0.9400
84.61,	1.0100
85.28,	1.1100
85.94,	1.1800
86.60,	1.2300
87.27,	1.2700
87.93,	1.2900
88.59,	1.2900
89.26,	1.3200
89.92,	1.3600
90.58,	1.4000
91.24,	1.4400
91.91,	1.4700
92.57,	1.4800
93.23,	1.5100
93.90,	1.5300
94.56,	1.5500
95.22,	1.5700
95.88,	1.6100
96.55,	1.6600
97.21,	1.6900
97.87,	1.7600
98.53,	1.8800
99.20,	2.0000
99.86,	2.0900
100.52,	2.1600
101.18,	2.2000
101.85,	2.2300
102.51,	2.2500
103.17,	2.2500
103.83,	2.2100
104.49,	2.1800
105.16,	2.1200
105.82,	2.0600
106.48,	2.0200
107.14,	1.9700
107.80,	1.9300
108.47,	1.9000
109.13,	1.8700
109.79,	1.8300
110.45,	1.8100
111.11,	1.8000
111.77,	1.7700
112.44,	1.7400
113.10,	1.7100
113.76,	1.6900
114.42,	1.6700
115.08,	1.6600
115.74,	1.6400
116.40,	1.6300
117.06,	1.6200
117.73,	1.6300
118.39,	1.6100
119.05,	1.5900
119.71,	1.5600
120.37,	1.5400
121.03,	1.5300
121.69,	1.5200
122.35,	1.5100
123.01,	1.5000
123.67,	1.5000
124.33,	1.5000
125.00,	1.4900
125.66,	1.4800
126.32,	1.4700
126.98,	1.4600
127.64,	1.4500
128.30,	1.4400
128.96,	1.4300
129.62,	1.4200
130.28,	1.4100
130.94,	1.4100
131.60,	1.4100
132.26,	1.4100
132.92,	1.3900
133.58,	1.3900
134.24,	1.4000
134.90,	1.4000
135.56,	1.4000
136.22,	1.4000
136.88,	1.4100
137.54,	1.4300
138.20,	1.4400
138.86,	1.4500
139.52,	1.4600
140.18,	1.4700
140.84,	1.4700
141.50,	1.4800
142.16,	1.4900
142.82,	1.5100
143.48,	1.5400
144.14,	1.5500
144.79,	1.5900
145.45,	1.6200
146.11,	1.6400
146.77,	1.6800
147.43,	1.7200
148.09,	1.7500
148.75,	1.7700
149.41,	1.7900
150.07,	1.8000
150.73,	1.7800
151.39,	1.7600
152.04,	1.7400
152.70,	1.7300
153.36,	1.7200
154.02,	1.7000
154.68,	1.7000
155.34,	1.7100
156.00,	1.7200
156.65,	1.7500
157.31,	1.7700
157.97,	1.7700
158.63,	1.7600
159.29,	1.7500
159.95,	1.7400
160.60,	1.7400
161.26,	1.7400
161.92,	1.7500
162.58,	1.7800
163.24,	1.8600
163.90,	1.9100
164.55,	1.9400
165.21,	1.9700
165.87,	1.9900
166.53,	2.0100
167.18,	2.0500
167.84,	2.0700
168.50,	2.0700
169.16,	2.0800
169.82,	2.0700
170.47,	2.0700
171.13,	2.0600
171.79,	2.0700
172.44,	2.0700
173.10,	2.0800
173.76,	2.0800
174.42,	2.0900
175.07,	2.0900
175.73,	2.1100
176.39,	2.1200
177.05,	2.1000
177.70,	2.1000
178.36,	2.1000
179.02,	2.1000
179.67,	2.1200
180.33,	2.1600
180.99,	2.2000
181.64,	2.2500
182.30,	2.2900
182.96,	2.2900
183.61,	2.3000
184.27,	2.3200
184.93,	2.3400
185.58,	2.3500
186.24,	2.3400
186.90,	2.3300
187.55,	2.3300
188.21,	2.3500
188.87,	2.3500
189.52,	2.3600
190.18,	2.3500
190.83,	2.3600
191.49,	2.3600
192.15,	2.3600
192.80,	2.3600
193.46,	2.3600
194.11,	2.3600
194.77,	2.3700
195.43,	2.3800
196.08,	2.4000
196.74,	2.4100
197.39,	2.4200
198.05,	2.4200
198.70,	2.4100
199.36,	2.4100
200.02,	2.4200
200.67,	2.4300
201.33,	2.4300
201.98,	2.4400
202.64,	2.4500
203.29,	2.4600
203.95,	2.4700
204.60,	2.4700
205.26,	2.4700
205.91,	2.4900
206.57,	2.4900
207.22,	2.4900
207.88,	2.5000
208.53,	2.5100
209.19,	2.5100
209.84,	2.5200
210.50,	2.5200
211.15,	2.5200
211.81,	2.5200
212.46,	2.5200
213.12,	2.5200
213.77,	2.5200
214.43,	2.5200
215.08,	2.5200
215.74,	2.5100
216.39,	2.5100
217.04,	2.5100
217.70,	2.5200
218.35,	2.5300
219.01,	2.5500
219.66,	2.5500
220.32,	2.5400
220.97,	2.5400
221.62,	2.5400
222.28,	2.5400
222.93,	2.5400
223.59,	2.5400
224.24,	2.5300
224.89,	2.5300
225.55,	2.5300
226.20,	2.5500
226.85,	2.5600
227.51,	2.5600
228.16,	2.5600
228.81,	2.5600
229.47,	2.5700
230.12,	2.5800
230.78,	2.5800
231.43,	2.6000
232.08,	2.6000
232.74,	2.6000
233.39,	2.6000
234.04,	2.6000
234.69,	2.6000
235.35,	2.6000
236.00,	2.6100
236.65,	2.6200
237.31,	2.6300
237.96,	2.6300
238.61,	2.6400
239.27,	2.6400
239.92,	2.6400
240.57,	2.6400
241.22,	2.6600
241.88,	2.6700
242.53,	2.6700
243.18,	2.6700
243.83,	2.6700
244.49,	2.6700
245.14,	2.6800
245.79,	2.6800
246.44,	2.6800
247.10,	2.6800
247.75,	2.6800
248.40,	2.6900
249.05,	2.6900
249.70,	2.6900
250.36,	2.7000
251.01,	2.7000
251.66,	2.7000
252.31,	2.7000
252.96,	2.7100
253.62,	2.7100
254.27,	2.7000
254.92,	2.7100
255.57,	2.7200
256.22,	2.7200
256.88,	2.7200
257.53,	2.7100
258.18,	2.7000
258.83,	2.7000
259.48,	2.7000
260.13,	2.7000
260.78,	2.7000
261.44,	2.7100
262.09,	2.7200
262.74,	2.7300
263.39,	2.7300
264.04,	2.7200
264.69,	2.7200
265.34,	2.7100
265.99,	2.7100
266.64,	2.7200
267.29,	2.7200
267.95,	2.7100
268.60,	2.7100
269.25,	2.7200
269.90,	2.7300
270.55,	2.7200
271.20,	2.7100
271.85,	2.7000
272.50,	2.7000
273.15,	2.7000
273.80,	2.6900
274.45,	2.6900
275.10,	2.6900
275.75,	2.6900
276.40,	2.6900
277.05,	2.6800
277.70,	2.6700
278.35,	2.6700
279.00,	2.6700
279.65,	2.6600
280.30,	2.6600
280.95,	2.6600
281.60,	2.6600
282.25,	2.6600
282.90,	2.6600
283.55,	2.6600
284.20,	2.6600
284.85,	2.6600
285.50,	2.6600
286.15,	2.6600
286.80,	2.6500
287.45,	2.6500
288.10,	2.6500
288.75,	2.6500
289.40,	2.6500
290.05,	2.6500
290.70,	2.6400
291.35,	2.6300
292.00,	2.6200
292.64,	2.6300
293.29,	2.6200
293.94,	2.6200
294.59,	2.6300
295.24,	2.6300
295.89,	2.6200
296.54,	2.6200
297.19,	2.6300
297.84,	2.6200
298.49,	2.6200
299.13,	2.6200
299.78,	2.6200
300.43,	2.6200
301.08,	2.6200
301.73,	2.6200
302.38,	2.6200
303.02,	2.6200
303.67,	2.6200
304.32,	2.6200
304.97,	2.6200
305.62,	2.6300
306.27,	2.6400
306.91,	2.6300
307.56,	2.6200
308.21,	2.6200
308.86,	2.6300
309.51,	2.6300
310.15,	2.6400
310.80,	2.6500
311.45,	2.6500
312.10,	2.6400
312.75,	2.6300
313.39,	2.6300
314.04,	2.6300
314.69,	2.6400
315.34,	2.6400
315.98,	2.6400
316.63,	2.6300
317.28,	2.6300
317.93,	2.6400
318.57,	2.6500
319.22,	2.6500
319.87,	2.6500
320.52,	2.6400
321.16,	2.6300
321.81,	2.6300
322.46,	2.6300
323.10,	2.6300
323.75,	2.6300
324.40,	2.6200
325.04,	2.6200
325.69,	2.6200
326.34,	2.6200
326.99,	2.6100
327.63,	2.6100
328.28,	2.6100
328.93,	2.6100
329.57,	2.6200
330.22,	2.6200
330.86,	2.6200
331.51,	2.6200
332.16,	2.6200
332.80,	2.6200
333.45,	2.6200
334.10,	2.6100
334.74,	2.6100
335.39,	2.6100
336.03,	2.6100
336.68,	2.6000
337.33,	2.6000
337.97,	2.5900
338.62,	2.5900
339.26,	2.5900
339.91,	2.6000
340.56,	2.6000
341.20,	2.6000
341.85,	2.6000
342.49,	2.5900
343.14,	2.5900
343.78,	2.5800
344.43,	2.5900
345.08,	2.5800
345.72,	2.5800
346.37,	2.5700
347.01,	2.5700
347.66,	2.5700
348.30,	2.5800
348.95,	2.5700
349.59,	2.5700
350.24,	2.5800
350.88,	2.5800
351.53,	2.5800
352.17,	2.5800
352.82,	2.5800
353.46,	2.5800
354.11,	2.5800
354.75,	2.5900
355.40,	2.6000
356.04,	2.6000
356.69,	2.5900
357.33,	2.5900
357.98,	2.5900
358.62,	2.5900
359.27,	2.5900
359.91,	2.6000
360.55,	2.6100
361.20,	2.6300
361.84,	2.6300
362.49,	2.6400
363.13,	2.6400
363.78,	2.6300
364.42,	2.6200
365.06,	2.6100
365.71,	2.6100
366.35,	2.6200
367.00,	2.6200
367.64,	2.6200
368.28,	2.6200
368.93,	2.6100
369.57,	2.6100
370.22,	2.6100
370.86,	2.6100
371.50,	2.6100
372.15,	2.6000
372.79,	2.6000
373.43,	2.6100
374.08,	2.6000
374.72,	2.6000
375.36,	2.6000
376.01,	2.6000
376.65,	2.5900
377.29,	2.5900
377.94,	2.5900
378.58,	2.5900
379.22,	2.5900
379.87,	2.6000
380.51,	2.5900
381.15,	2.5900
381.79,	2.5900
382.44,	2.5900
383.08,	2.5900
383.72,	2.5900
384.37,	2.5900
385.01,	2.5900
385.65,	2.5800
386.29,	2.5800
386.94,	2.5800
387.58,	2.5800
388.22,	2.5800
388.86,	2.5700
389.51,	2.5900
390.15,	2.6000
390.79,	2.6100
391.43,	2.6100
392.08,	2.6100
392.72,	2.6000
393.36,	2.6000
394.00,	2.5900
394.64,	2.5900
395.29,	2.5800
395.93,	2.5800
396.57,	2.5800
397.21,	2.5800
397.85,	2.5800
398.50,	2.5800
399.14,	2.5800
399.78,	2.5800
400.42,	2.5800
401.06,	2.5800
401.70,	2.5900
402.34,	2.5900
402.99,	2.5900
403.63,	2.5900
404.27,	2.5900
404.91,	2.5800
405.55,	2.5800
406.19,	2.5800
406.83,	2.5800
407.48,	2.5800
408.12,	2.5800
408.76,	2.5700
409.40,	2.5600
410.04,	2.5600
410.68,	2.5500
411.32,	2.5600
411.96,	2.5600
412.60,	2.5500
413.24,	2.5500
413.88,	2.5500
414.52,	2.5500
415.17,	2.5500
415.81,	2.5600
416.45,	2.5700
417.09,	2.5600
417.73,	2.5600
418.37,	2.5600
419.01,	2.5600
419.65,	2.5600
420.29,	2.5600
420.93,	2.5600
421.57,	2.5600
422.21,	2.5600
422.85,	2.5600
423.49,	2.5600
424.13,	2.5600
424.77,	2.5700
425.41,	2.5700
426.05,	2.5600
426.69,	2.5700
427.33,	2.5700
427.97,	2.5700
428.61,	2.5800
429.25,	2.5800
429.89,	2.5900
430.53,	2.5900
431.17,	2.5900
431.80,	2.5900
432.44,	2.5800
433.08,	2.5700
433.72,	2.5700
434.36,	2.5800
435.00,	2.5900
435.64,	2.5900
436.28,	2.5900
436.92,	2.5900
437.56,	2.6000
438.20,	2.5900
438.84,	2.5900
439.47,	2.5900
440.11,	2.6000
440.75,	2.6100
441.39,	2.6100
442.03,	2.6100
442.67,	2.6100
443.31,	2.6100
443.95,	2.6100
444.58,	2.6200
445.22,	2.6200
445.86,	2.6200
446.50,	2.6200
447.14,	2.6200
447.78,	2.6200
448.41,	2.6200
449.05,	2.6300
449.69,	2.6400
450.33,	2.6400
450.97,	2.6400
451.60,	2.6300
452.24,	2.6300
452.88,	2.6300
453.52,	2.6400
454.16,	2.6500
454.79,	2.6600
455.43,	2.6700
456.07,	2.6600
456.71,	2.6600
457.35,	2.6600
457.98,	2.6600
458.62,	2.6700
459.26,	2.6700
459.90,	2.6700
460.53,	2.6700
461.17,	2.6700
461.81,	2.6700
462.44,	2.6700
463.08,	2.6700
463.72,	2.6800
464.36,	2.6900
464.99,	2.6900
465.63,	2.7000
466.27,	2.6900
466.90,	2.6900
467.54,	2.6900
468.18,	2.6900
468.81,	2.6900
469.45,	2.6900
470.09,	2.6900
470.72,	2.7000
471.36,	2.7000
472.00,	2.7000
472.63,	2.7000
473.27,	2.7100
473.91,	2.7100
474.54,	2.7100
475.18,	2.7200
475.82,	2.7200
476.45,	2.7200
477.09,	2.7300
477.73,	2.7400
478.36,	2.7400
479.00,	2.7400
479.63,	2.7500
480.27,	2.7600
480.91,	2.7700
481.54,	2.7700
482.18,	2.7700
482.81,	2.7700
483.45,	2.7800
484.08,	2.7800
484.72,	2.7900
485.36,	2.7800
485.99,	2.7700
486.63,	2.7600
487.26,	2.7600
487.90,	2.7600
488.53,	2.7500
489.17,	2.7500
489.80,	2.7500
490.44,	2.7500
491.07,	2.7500
491.71,	2.7500
492.34,	2.7500
492.98,	2.7400
493.62,	2.7400
494.25,	2.7400
494.89,	2.7300
495.52,	2.7200
496.15,	2.7200
496.79,	2.7300
497.42,	2.7300
498.06,	2.7400
498.69,	2.7500
499.33,	2.7500
499.96,	2.7400
500.60,	2.7500
501.23,	2.7500
501.87,	2.7400
502.50,	2.7400
503.14,	2.7400
503.77,	2.7400
504.40,	2.7500
505.04,	2.7600
505.67,	2.7600
506.31,	2.7600
506.94,	2.7500
507.57,	2.7500
508.21,	2.7400
508.84,	2.7500
509.48,	2.7500
510.11,	2.7400
510.74,	2.7400
511.38,	2.7400
512.01,	2.7400
512.65,	2.7400
513.28,	2.7400
513.91,	2.7400
514.55,	2.7400
515.18,	2.7400
515.81,	2.7500
516.45,	2.7500
517.08,	2.7400
517.71,	2.7400
518.35,	2.7400
518.98,	2.7400
519.61,	2.7400
520.25,	2.7500
520.88,	2.7500
521.51,	2.7500
522.15,	2.7500
522.78,	2.7400
523.41,	2.7400
524.04,	2.7400
524.68,	2.7500
525.31,	2.7500
525.94,	2.7400
526.58,	2.7300
527.21,	2.7400
527.84,	2.7400
528.47,	2.7300
529.11,	2.7300
529.74,	2.7400
530.37,	2.7500
531.00,	2.7400
531.64,	2.7400
532.27,	2.7400
532.90,	2.7500
533.53,	2.7400
534.17,	2.7400
534.80,	2.7400
535.43,	2.7500
536.06,	2.7400
536.69,	2.7400
537.33,	2.7400
537.96,	2.7400
538.59,	2.7500
539.22,	2.7500
539.85,	2.7500
540.48,	2.7400
541.12,	2.7500
541.75,	2.7500
542.38,	2.7400
543.01,	2.7300
543.64,	2.7300
544.27,	2.7300
544.91,	2.7300
545.54,	2.7300
546.17,	2.7400
546.80,	2.7400
547.43,	2.7400
548.06,	2.7400
548.69,	2.7400
549.32,	2.7400
549.95,	2.7400
550.59,	2.7500
551.22,	2.7500
551.85,	2.7400
552.48,	2.7400
553.11,	2.7500
553.74,	2.7500
554.37,	2.7500
555.00,	2.7400
555.63,	2.7400
556.26,	2.7400
556.89,	2.7400
557.52,	2.7400
558.15,	2.7400
558.78,	2.7400
559.42,	2.7400
560.05,	2.7400
560.68,	2.7400
561.31,	2.7300
561.94,	2.7300
562.57,	2.7300
563.20,	2.7300
563.83,	2.7300
564.46,	2.7300
565.09,	2.7300
565.72,	2.7300
566.35,	2.7300
566.98,	2.7300
567.61,	2.7300
568.24,	2.7300
568.87,	2.7400
569.50,	2.7400
570.12,	2.7400
570.75,	2.7400
571.38,	2.7500
572.01,	2.7400
572.64,	2.7400
573.27,	2.7500
573.90,	2.7500
574.53,	2.7500
575.16,	2.7500
575.79,	2.7500
576.42,	2.7600
577.05,	2.7500
577.68,	2.7400
578.31,	2.7500
578.93,	2.7500
579.56,	2.7500
580.19,	2.7400
580.82,	2.7500
581.45,	2.7500
582.08,	2.7500
582.71,	2.7600
583.34,	2.7500
583.97,	2.7500
584.59,	2.7600
585.22,	2.7500
585.85,	2.7500
586.48,	2.7600
587.11,	2.7600
587.74,	2.7500
588.36,	2.7500
588.99,	2.7500
589.62,	2.7500
590.25,	2.7500
590.88,	2.7500
591.50,	2.7500
592.13,	2.7500
592.76,	2.7500
593.39,	2.7500
594.02,	2.7500
594.64,	2.7500
595.27,	2.7500
595.90,	2.7500
596.53,	2.7500
597.16,	2.7500
597.78,	2.7500
598.41,	2.7400
599.04,	2.7400
599.67,	2.7400
600.29,	2.7400
600.92,	2.7300
601.55,	2.7400
602.18,	2.7400
602.80,	2.7400
603.43,	2.7500
604.06,	2.7400
604.68,	2.7400
605.31,	2.7400
605.94,	2.7500
606.57,	2.7500
607.19,	2.7500
607.82,	2.7400
608.45,	2.7400
609.07,	2.7400
609.70,	2.7500
610.33,	2.7500
610.95,	2.7500
611.58,	2.7400
612.21,	2.7400
612.83,	2.7400
613.46,	2.7300
614.09,	2.7300
614.71,	2.7300
615.34,	2.7300
615.97,	2.7200
616.59,	2.7300
617.22,	2.7400
617.84,	2.7400
618.47,	2.7500
619.10,	2.7500
619.72,	2.7400
620.35,	2.7400
620.97,	2.7300
621.60,	2.7400
622.23,	2.7300
622.85,	2.7400
623.48,	2.7400
624.10,	2.7400
624.73,	2.7300
625.35,	2.7400
625.98,	2.7400
626.61,	2.7400
627.23,	2.7400
627.86,	2.7400
628.48,	2.7400
629.11,	2.7400
629.73,	2.7300
630.36,	2.7300
630.98,	2.7300
631.61,	2.7200
632.23,	2.7200
632.86,	2.7200
633.48,	2.7200
634.11,	2.7200
634.73,	2.7300
635.36,	2.7300
635.98,	2.7300
636.61,	2.7300
637.23,	2.7300
637.86,	2.7200
638.48,	2.7200
639.11,	2.7200
639.73,	2.7200
640.36,	2.7200
640.98,	2.7200
641.61,	2.7200
642.23,	2.7100
642.85,	2.7200
643.48,	2.7200
644.10,	2.7100
644.73,	2.7100
645.35,	2.7100
645.98,	2.7200
646.60,	2.7200
647.22,	2.7100
647.85,	2.7100
648.47,	2.7100
649.10,	2.7100
649.72,	2.7200
650.34,	2.7100
650.97,	2.7100
651.59,	2.7100
652.22,	2.7100
652.84,	2.7000
653.46,	2.7000
654.09,	2.7100
654.71,	2.7100
655.33,	2.7100
655.96,	2.7100
656.58,	2.7100
657.20,	2.7100
657.83,	2.7100
658.45,	2.7100
659.07,	2.7000
659.70,	2.7000
660.32,	2.7000
660.94,	2.7000
661.57,	2.7100
662.19,	2.7000
662.81,	2.7000
663.43,	2.7000
664.06,	2.6900
664.68,	2.6900
665.30,	2.7000
665.93,	2.7000
666.55,	2.7000
667.17,	2.7000
667.79,	2.7000
668.42,	2.7000
669.04,	2.7000
669.66,	2.7000
670.28,	2.7100
670.91,	2.7100
671.53,	2.7000
672.15,	2.7000
672.77,	2.7100
673.39,	2.7000
674.02,	2.7000
674.64,	2.7000
675.26,	2.7000
675.88,	2.7000
676.50,	2.7000
677.13,	2.7000
677.75,	2.7100
678.37,	2.7000
678.99,	2.7000
679.61,	2.7000
680.24,	2.7000
680.86,	2.7000
681.48,	2.7000
682.10,	2.7000
682.72,	2.7000
683.34,	2.7000
683.96,	2.7000
684.59,	2.7000
685.21,	2.7000
685.83,	2.7000
686.45,	2.7000
687.07,	2.7000
687.69,	2.7000
688.31,	2.7000
688.93,	2.7000
689.56,	2.7000
690.18,	2.7000
690.80,	2.6900
691.42,	2.7000
692.04,	2.7000
692.66,	2.7100
693.28,	2.7100
693.90,	2.7100
694.52,	2.7200
695.14,	2.7100
695.76,	2.7100
696.38,	2.7000
697.00,	2.7000
697.62,	2.6900
698.25,	2.6900
698.87,	2.7000
699.49,	2.7000
700.11,	2.7000
700.73,	2.7000
701.35,	2.7000
701.97,	2.7000
702.59,	2.7000
703.21,	2.7000
703.83,	2.7100
704.45,	2.7100
705.07,	2.7100
705.69,	2.7100
706.31,	2.7100
706.93,	2.7100
707.55,	2.7100
708.17,	2.7100
708.79,	2.7200
709.40,	2.7200
710.02,	2.7100
710.64,	2.7100
711.26,	2.7100
711.88,	2.7000
712.50,	2.7000
713.12,	2.7000
713.74,	2.6900
714.36,	2.6900
714.98,	2.6900
715.60,	2.6900
716.22,	2.6900
716.84,	2.7000
717.45,	2.6900
718.07,	2.6900
718.69,	2.6900
719.31,	2.6900
719.93,	2.6900
720.55,	2.6900
721.17,	2.7000
721.79,	2.6900
722.41,	2.6800
723.02,	2.6800
723.64,	2.6800
724.26,	2.6800
724.88,	2.6800
725.50,	2.6800
726.12,	2.6800
726.73,	2.6800
727.35,	2.6800
727.97,	2.6700
728.59,	2.6700
729.21,	2.6700
729.83,	2.6700
730.44,	2.6700
731.06,	2.6700
731.68,	2.6700
732.30,	2.6800
732.92,	2.6800
733.53,	2.6800
734.15,	2.6700
734.77,	2.6700
735.39,	2.6700
736.00,	2.6700
736.62,	2.6700
737.24,	2.6700
737.86,	2.6600
738.47,	2.6700
739.09,	2.6600
739.71,	2.6600
740.33,	2.6600
740.94,	2.6700
741.56,	2.6700
742.18,	2.6600
742.79,	2.6600
743.41,	2.6600
744.03,	2.6600
744.65,	2.6600
745.26,	2.6700
745.88,	2.6700
746.50,	2.6700
747.11,	2.6600
747.73,	2.6600
748.35,	2.6700
748.96,	2.6700
749.58,	2.6600
750.20,	2.6600
750.81,	2.6600
751.43,	2.6600
752.05,	2.6600
752.66,	2.6600
753.28,	2.6700
753.90,	2.6700
754.51,	2.6700
755.13,	2.6700
755.74,	2.6700
756.36,	2.6700
756.98,	2.6700
757.59,	2.6600
758.21,	2.6600
758.82,	2.6500
759.44,	2.6600
760.06,	2.6600
760.67,	2.6500
761.29,	2.6600
761.90,	2.6500
762.52,	2.6600
763.14,	2.6600
763.75,	2.6500
764.37,	2.6500
764.98,	2.6500
765.60,	2.6400
766.21,	2.6500
766.83,	2.6500
767.44,	2.6500
768.06,	2.6500
768.67,	2.6500
769.29,	2.6500
769.90,	2.6600
770.52,	2.6600
771.14,	2.6600
771.75,	2.6600
772.37,	2.6600
772.98,	2.6600
773.59,	2.6500
774.21,	2.6500
774.82,	2.6500
775.44,	2.6500
776.05,	2.6500
776.67,	2.6500
777.28,	2.6400
777.90,	2.6400
778.51,	2.6400
779.13,	2.6400
779.74,	2.6300
780.36,	2.6300
780.97,	2.6300
781.58,	2.6300
782.20,	2.6300
782.81,	2.6300
783.43,	2.6300
784.04,	2.6400
784.66,	2.6300
785.27,	2.6300
785.88,	2.6300
786.50,	2.6300
787.11,	2.6300
787.73,	2.6300
788.34,	2.6300
788.95,	2.6200
789.57,	2.6200
790.18,	2.6200
790.79,	2.6200
791.41,	2.6300
792.02,	2.6300
792.63,	2.6300
793.25,	2.6300
793.86,	2.6200
794.47,	2.6100
795.09,	2.6100
795.70,	2.6200
796.31,	2.6100
796.93,	2.6200
797.54,	2.6200
798.15,	2.6200
798.77,	2.6300
799.38,	2.6200
799.99,	2.6200
800.61,	2.6200
801.22,	2.6200
801.83,	2.6200
802.44,	2.6100
803.06,	2.6100
803.67,	2.6100
804.28,	2.6000
804.90,	2.6000
805.51,	2.6000
806.12,	2.6100
806.73,	2.6100
807.34,	2.6100
807.96,	2.6100
808.57,	2.6000
809.18,	2.6100
809.79,	2.6100
810.41,	2.6100
811.02,	2.6100
811.63,	2.6200
812.24,	2.6200
812.85,	2.6100
813.47,	2.6000
814.08,	2.6000
814.69,	2.6100
815.30,	2.6100
815.91,	2.6100
816.53,	2.6100
817.14,	2.6000
817.75,	2.6000
818.36,	2.5900
818.97,	2.5900
819.58,	2.6000
820.20,	2.6100
820.81,	2.6000
821.42,	2.6000
822.03,	2.6100
822.64,	2.6100
823.25,	2.6100
823.86,	2.6100
824.47,	2.6100
825.09,	2.6000
825.70,	2.6100
826.31,	2.6200
826.92,	2.6100
827.53,	2.6100
828.14,	2.6100
828.75,	2.6100
829.36,	2.6100
829.97,	2.6100
830.58,	2.6100
831.19,	2.6100
831.80,	2.6000
832.42,	2.6000
833.03,	2.6000
833.64,	2.6000
834.25,	2.6000
834.86,	2.6000
835.47,	2.6000
836.08,	2.6000
836.69,	2.5900
837.30,	2.5900
837.91,	2.5900
838.52,	2.6000
839.13,	2.6000
839.74,	2.6100
840.35,	2.6000
840.96,	2.6000
841.57,	2.6100
842.18,	2.6000
842.79,	2.6000
843.40,	2.6000
844.01,	2.6000
844.62,	2.6000
845.23,	2.6000
845.84,	2.5900
846.45,	2.5900
847.06,	2.5900
847.67,	2.5900
848.27,	2.5900
848.88,	2.5900
849.49,	2.5900
850.10,	2.5900
850.71,	2.5900
851.32,	2.5900
851.93,	2.5900
852.54,	2.6000
853.15,	2.5900
853.76,	2.5900
854.37,	2.5900
854.98,	2.5900
855.58,	2.5900
856.19,	2.5900
856.80,	2.5900
857.41,	2.5900
858.02,	2.5900
858.63,	2.5800
859.24,	2.5800
859.85,	2.5900
860.45,	2.5900
861.06,	2.5900
861.67,	2.5900
862.28,	2.5900
862.89,	2.5900
863.50,	2.5900
864.10,	2.5800
864.71,	2.5700
865.32,	2.5800
865.93,	2.5700
866.54,	2.5700
867.14,	2.5800
867.75,	2.5900
868.36,	2.5800
868.97,	2.5800
869.58,	2.5700
870.18,	2.5700
870.79,	2.5600
871.40,	2.5600
872.01,	2.5500
872.61,	2.5500
873.22,	2.5500
873.83,	2.5500
874.44,	2.5400
875.04,	2.5400
875.65,	2.5500
876.26,	2.5500
876.87,	2.5500
877.47,	2.5500
878.08,	2.5500
878.69,	2.5500
879.29,	2.5600
879.90,	2.5500
880.51,	2.5600
881.12,	2.5500
881.72,	2.5400
882.33,	2.5500
882.94,	2.5500
883.54,	2.5500
884.15,	2.5400
884.76,	2.5400
885.36,	2.5400
885.97,	2.5400
886.58,	2.5400
887.18,	2.5400
887.79,	2.5400
888.40,	2.5400
889.00,	2.5300
889.61,	2.5300
890.22,	2.5400
890.82,	2.5400
891.43,	2.5400
892.03,	2.5400
892.64,	2.5400
893.25,	2.5500
893.85,	2.5500
894.46,	2.5500
895.06,	2.5500
895.67,	2.5500
896.28,	2.5500
896.88,	2.5600
897.49,	2.5500
898.09,	2.5500
898.70,	2.5400
899.30,	2.5400
899.91,	2.5400
900.52,	2.5300
901.12,	2.5400
901.73,	2.5400
902.33,	2.5300
902.94,	2.5300
903.54,	2.5200
904.15,	2.5200
904.75,	2.5200
905.36,	2.5200
905.96,	2.5100
906.57,	2.5100
907.17,	2.5200
907.78,	2.5100
908.38,	2.5200
908.99,	2.5300
909.59,	2.5300
910.20,	2.5200
910.80,	2.5200
911.41,	2.5200
912.01,	2.5200
912.62,	2.5100
913.22,	2.5200
913.83,	2.5200
914.43,	2.5300
915.03,	2.5300
915.64,	2.5200
916.24,	2.5300
916.85,	2.5200
917.45,	2.5200
918.06,	2.5300
918.66,	2.5300
919.26,	2.5300
919.87,	2.5200
920.47,	2.5200
921.08,	2.5200
921.68,	2.5200
922.28,	2.5100
922.89,	2.5100
923.49,	2.5100
924.10,	2.5100
924.70,	2.5000
925.30,	2.5000
925.91,	2.5000
926.51,	2.5000
927.11,	2.4900
927.72,	2.4900
928.32,	2.4900
928.92,	2.4900
929.53,	2.4900
930.13,	2.4900
930.74,	2.4900
931.34,	2.4900
931.94,	2.4900
932.54,	2.4900
933.15,	2.4800
933.75,	2.4900
934.35,	2.4900
934.96,	2.4900
935.56,	2.4800
936.16,	2.4800
936.77,	2.4900
937.37,	2.4800
937.97,	2.4800
938.57,	2.4800
939.18,	2.5000
939.78,	3.8000
940.38,	11.8200
940.98,	19.9300
941.59,	23.7800
942.19,	26.8300
942.79,	35.5000
943.39,	35.5000
944.00,	35.5000
944.60,	35.5000
945.20,	35.5000
945.80,	35.5000
946.40,	35.5000
947.01,	35.5000
947.61,	35.5000
948.21,	35.5000
948.81,	35.5000
949.41,	35.5000
950.02,	35.5000
950.62,	35.5000
951.22,	35.5000
951.82,	35.5000
952.42,	35.5000
953.02,	35.5000
953.63,	35.5000
954.23,	35.5000
954.83,	35.5000
955.43,	35.5000
956.03,	35.5000
956.63,	35.5000
957.24,	35.5000
957.84,	35.5000
958.44,	35.5000
959.04,	35.5000
959.64,	35.5000
960.24,	35.5000
960.84,	35.5000
961.44,	35.5000
962.04,	35.5000
962.64,	35.5000
963.25,	35.5000
963.85,	35.5000
964.45,	35.5000
965.05,	35.5000
965.65,	35.5000
966.25,	35.5000
966.85,	35.5000
967.45,	35.5000
968.05,	35.5000
968.65,	35.5000
969.25,	35.5000
969.85,	35.5000
970.45,	35.5000
971.05,	35.5000
971.65,	35.5000
972.25,	35.5000
972.85,	35.5000
973.45,	35.5000
974.05,	35.5000
974.65,	35.5000
975.25,	35.5000
975.85,	35.5000
976.45,	35.5000
977.05,	35.5000
977.65,	35.5000
978.25,	35.5000
978.85,	35.5000
979.45,	35.5000
980.05,	35.5000
980.65,	35.5000
981.25,	35.5000
981.85,	35.5000
982.45,	35.5000
983.05,	35.5000
983.65,	35.5000
984.25,	35.5000
984.85,	35.5000
985.45,	35.5000
986.04,	35.5000
986.64,	35.5000
987.24,	35.5000
987.84,	35.5000
988.44,	35.5000
989.04,	35.5000
989.64,	35.5000
990.24,	35.5000
990.84,	35.5000
991.44,	35.5000
992.03,	35.5000
992.63,	35.5000
993.23,	35.5000
993.83,	35.5000
994.43,	35.5000
995.03,	35.5000
995.63,	35.5000
996.22,	35.5000
996.82,	35.5000
997.42,	35.5000
998.02,	35.5000
998.62,	35.5000
999.21,	35.5000
999.81,	35.5000
1000.41,	35.5000
