Call Sign = ZSDA,	Ship Name = SA Agulhas,	Lloyds Num = 0
Date = 12/06/2016,	Time = 17:02,	
Latitude = 54 58.37  S,	Longitude = 000 01.57  E
Instr = Sippican Deep Blue,	Card Type = Sippican MK-21,	
Wind Instr = ,	Measur Method = 
Probe Serial Num = -1,	Ship Dir = -1,	Ship Speed = -1.00
Wind Dir = 138,	Wind Speed = 15.90
Dry Bulb Temp = -0.50,	Total Water Depth = -1.00

Full Resolution Values
Depth,	 Temp
0.67,	1.0800
1.34,	0.3100
2.01,	0.0500
2.68,	-0.0600
3.34,	-0.1400
4.01,	-0.2100
4.68,	-0.2300
5.35,	-0.2400
6.02,	-0.2500
6.69,	-0.2600
7.36,	-0.2900
8.03,	-0.3500
8.69,	-0.3900
9.36,	-0.4200
10.03,	-0.4600
10.70,	-0.5000
11.37,	-0.5400
12.04,	-0.5600
12.70,	-0.5600
13.37,	-0.5700
14.04,	-0.5800
14.71,	-0.5800
15.38,	-0.5800
16.05,	-0.5900
16.71,	-0.5900
17.38,	-0.5900
18.05,	-0.5900
18.72,	-0.5900
19.38,	-0.5900
20.05,	-0.6000
20.72,	-0.6100
21.39,	-0.6000
22.06,	-0.6000
22.72,	-0.6000
23.39,	-0.6000
24.06,	-0.6000
24.73,	-0.6000
25.39,	-0.6100
26.06,	-0.6200
26.73,	-0.6300
27.40,	-0.6300
28.06,	-0.6300
28.73,	-0.6300
29.40,	-0.6300
30.06,	-0.6200
30.73,	-0.6200
31.40,	-0.6200
32.06,	-0.6200
32.73,	-0.6200
33.40,	-0.6200
34.07,	-0.6200
34.73,	-0.6200
35.40,	-0.6400
36.07,	-0.6700
36.73,	-0.6900
37.40,	-0.7100
38.07,	-0.7200
38.73,	-0.7300
39.40,	-0.7300
40.06,	-0.7400
40.73,	-0.7500
41.40,	-0.7600
42.06,	-0.7600
42.73,	-0.7600
43.40,	-0.7700
44.06,	-0.7700
44.73,	-0.7700
45.39,	-0.7700
46.06,	-0.7700
46.73,	-0.7800
47.39,	-0.7800
48.06,	-0.7800
48.72,	-0.7800
49.39,	-0.7800
50.06,	-0.7800
50.72,	-0.7800
51.39,	-0.8000
52.05,	-0.8400
52.72,	-0.9000
53.38,	-0.9500
54.05,	-1.0000
54.71,	-1.0700
55.38,	-1.1200
56.05,	-1.1300
56.71,	-1.1300
57.38,	-1.1300
58.04,	-1.1300
58.71,	-1.1300
59.37,	-1.1300
60.04,	-1.1300
60.70,	-1.1400
61.37,	-1.1400
62.03,	-1.1500
62.70,	-1.1500
63.36,	-1.1500
64.03,	-1.1500
64.69,	-1.1500
65.36,	-1.1500
66.02,	-1.1600
66.69,	-1.1700
67.35,	-1.1800
68.01,	-1.1800
68.68,	-1.1900
69.34,	-1.1900
70.01,	-1.1900
70.67,	-1.1900
71.34,	-1.2000
72.00,	-1.2000
72.66,	-1.2000
73.33,	-1.2000
73.99,	-1.2100
74.66,	-1.2100
75.32,	-1.2100
75.98,	-1.2200
76.65,	-1.2200
77.31,	-1.2200
77.98,	-1.2200
78.64,	-1.2200
79.30,	-1.2200
79.97,	-1.2200
80.63,	-1.2200
81.30,	-1.2200
81.96,	-1.2200
82.62,	-1.2200
83.29,	-1.2200
83.95,	-1.2200
84.61,	-1.2200
85.28,	-1.2200
85.94,	-1.2200
86.60,	-1.2200
87.27,	-1.2200
87.93,	-1.2200
88.59,	-1.2200
89.26,	-1.2200
89.92,	-1.2200
90.58,	-1.2200
91.24,	-1.2300
91.91,	-1.2300
92.57,	-1.2300
93.23,	-1.2300
93.90,	-1.2300
94.56,	-1.2300
95.22,	-1.2300
95.88,	-1.2300
96.55,	-1.2300
97.21,	-1.2200
97.87,	-1.2200
98.53,	-1.2300
99.20,	-1.2200
99.86,	-1.2200
100.52,	-1.2200
101.18,	-1.2200
101.85,	-1.2200
102.51,	-1.2100
103.17,	-1.2100
103.83,	-1.2200
104.49,	-1.2200
105.16,	-1.2300
105.82,	-1.2500
106.48,	-1.2700
107.14,	-1.3000
107.80,	-1.3100
108.47,	-1.3200
109.13,	-1.3100
109.79,	-1.3100
110.45,	-1.3200
111.11,	-1.3200
111.77,	-1.3200
112.44,	-1.3200
113.10,	-1.3300
113.76,	-1.3300
114.42,	-1.3300
115.08,	-1.3300
115.74,	-1.3200
116.40,	-1.3000
117.06,	-1.3100
117.73,	-1.3200
118.39,	-1.3200
119.05,	-1.3300
119.71,	-1.3200
120.37,	-1.3200
121.03,	-1.3000
121.69,	-1.2800
122.35,	-1.2700
123.01,	-1.2600
123.67,	-1.2100
124.33,	-1.1400
125.00,	-1.1100
125.66,	-1.0800
126.32,	-1.0500
126.98,	-1.0100
127.64,	-0.9800
128.30,	-0.9300
128.96,	-0.9000
129.62,	-0.8800
130.28,	-0.8800
130.94,	-0.8800
131.60,	-0.8800
132.26,	-0.8700
132.92,	-0.8700
133.58,	-0.8700
134.24,	-0.8700
134.90,	-0.8700
135.56,	-0.8700
136.22,	-0.8700
136.88,	-0.8600
137.54,	-0.8600
138.20,	-0.8600
138.86,	-0.8600
139.52,	-0.8600
140.18,	-0.8500
140.84,	-0.8400
141.50,	-0.8300
142.16,	-0.8200
142.82,	-0.8100
143.48,	-0.8100
144.14,	-0.7900
144.79,	-0.7800
145.45,	-0.7700
146.11,	-0.7500
146.77,	-0.7300
147.43,	-0.7100
148.09,	-0.6700
148.75,	-0.6500
149.41,	-0.6300
150.07,	-0.6200
150.73,	-0.6000
151.39,	-0.5900
152.04,	-0.5800
152.70,	-0.5800
153.36,	-0.5700
154.02,	-0.5700
154.68,	-0.5700
155.34,	-0.5600
156.00,	-0.5500
156.65,	-0.5400
157.31,	-0.5300
157.97,	-0.5300
158.63,	-0.5200
159.29,	-0.5100
159.95,	-0.4900
160.60,	-0.4700
161.26,	-0.4600
161.92,	-0.4500
162.58,	-0.4500
163.24,	-0.4500
163.90,	-0.4500
164.55,	-0.4500
165.21,	-0.4500
165.87,	-0.4500
166.53,	-0.4500
167.18,	-0.4500
167.84,	-0.4500
168.50,	-0.4500
169.16,	-0.4500
169.82,	-0.4500
170.47,	-0.4400
171.13,	-0.4200
171.79,	-0.4000
172.44,	-0.3700
173.10,	-0.3600
173.76,	-0.3500
174.42,	-0.3400
175.07,	-0.3400
175.73,	-0.3300
176.39,	-0.3200
177.05,	-0.3200
177.70,	-0.3100
178.36,	-0.3000
179.02,	-0.2900
179.67,	-0.2900
180.33,	-0.2900
180.99,	-0.2800
181.64,	-0.2800
182.30,	-0.2700
182.96,	-0.2600
183.61,	-0.2500
184.27,	-0.2000
184.93,	-0.1200
185.58,	-0.0600
186.24,	-0.0400
186.90,	-0.0200
187.55,	0.0000
188.21,	0.0100
188.87,	0.0400
189.52,	0.0600
190.18,	0.0800
190.83,	0.1000
191.49,	0.1100
192.15,	0.1200
192.80,	0.1500
193.46,	0.1800
194.11,	0.2000
194.77,	0.2200
195.43,	0.2400
196.08,	0.2700
196.74,	0.3000
197.39,	0.3300
198.05,	0.3600
198.70,	0.3800
199.36,	0.3900
200.02,	0.3900
200.67,	0.3900
201.33,	0.4000
201.98,	0.4000
202.64,	0.4100
203.29,	0.4200
203.95,	0.4300
204.60,	0.4400
205.26,	0.4500
205.91,	0.4500
206.57,	0.4600
207.22,	0.4700
207.88,	0.4800
208.53,	0.4900
209.19,	0.5000
209.84,	0.5000
210.50,	0.5100
211.15,	0.5200
211.81,	0.5200
212.46,	0.5300
213.12,	0.5300
213.77,	0.5400
214.43,	0.5400
215.08,	0.5500
215.74,	0.5600
216.39,	0.5700
217.04,	0.5700
217.70,	0.5800
218.35,	0.5900
219.01,	0.6000
219.66,	0.6100
220.32,	0.6100
220.97,	0.6200
221.62,	0.6200
222.28,	0.6200
222.93,	0.6200
223.59,	0.6300
224.24,	0.6300
224.89,	0.6500
225.55,	0.6700
226.20,	0.7000
226.85,	0.7400
227.51,	0.8000
228.16,	0.8400
228.81,	0.8600
229.47,	0.8700
230.12,	0.8700
230.78,	0.8700
231.43,	0.8800
232.08,	0.8900
232.74,	0.9000
233.39,	0.9000
234.04,	0.9100
234.69,	0.9300
235.35,	0.9400
236.00,	0.9800
236.65,	1.0100
237.31,	1.0400
237.96,	1.0600
238.61,	1.0700
239.27,	1.0800
239.92,	1.0900
240.57,	1.0900
241.22,	1.1000
241.88,	1.1000
242.53,	1.1000
243.18,	1.1000
243.83,	1.1100
244.49,	1.1200
245.14,	1.1300
245.79,	1.1300
246.44,	1.1400
247.10,	1.1500
247.75,	1.1500
248.40,	1.1400
249.05,	1.1500
249.70,	1.1500
250.36,	1.1600
251.01,	1.1600
251.66,	1.1600
252.31,	1.1600
252.96,	1.1600
253.62,	1.1700
254.27,	1.1700
254.92,	1.1800
255.57,	1.1900
256.22,	1.2000
256.88,	1.2200
257.53,	1.2300
258.18,	1.2400
258.83,	1.2400
259.48,	1.2500
260.13,	1.2500
260.78,	1.2600
261.44,	1.2700
262.09,	1.2700
262.74,	1.2700
263.39,	1.2700
264.04,	1.2700
264.69,	1.2700
265.34,	1.2800
265.99,	1.2800
266.64,	1.2900
267.29,	1.2900
267.95,	1.3000
268.60,	1.3000
269.25,	1.3100
269.90,	1.3100
270.55,	1.3200
271.20,	1.3200
271.85,	1.3200
272.50,	1.3200
273.15,	1.3300
273.80,	1.3300
274.45,	1.3300
275.10,	1.3400
275.75,	1.3500
276.40,	1.3500
277.05,	1.3500
277.70,	1.3500
278.35,	1.3600
279.00,	1.3600
279.65,	1.3600
280.30,	1.3600
280.95,	1.3600
281.60,	1.3700
282.25,	1.3600
282.90,	1.3700
283.55,	1.3700
284.20,	1.3800
284.85,	1.3900
285.50,	1.4000
286.15,	1.4100
286.80,	1.4200
287.45,	1.4200
288.10,	1.4200
288.75,	1.4400
289.40,	1.4500
290.05,	1.4600
290.70,	1.4600
291.35,	1.4600
292.00,	1.4600
292.64,	1.4700
293.29,	1.4700
293.94,	1.4700
294.59,	1.4700
295.24,	1.4700
295.89,	1.4700
296.54,	1.4700
297.19,	1.4700
297.84,	1.4800
298.49,	1.4800
299.13,	1.4800
299.78,	1.4800
300.43,	1.4900
301.08,	1.4900
301.73,	1.4900
302.38,	1.5000
303.02,	1.5000
303.67,	1.5100
304.32,	1.5200
304.97,	1.5200
305.62,	1.5300
306.27,	1.5400
306.91,	1.5400
307.56,	1.5400
308.21,	1.5400
308.86,	1.5300
309.51,	1.5300
310.15,	1.5400
310.80,	1.5500
311.45,	1.5500
312.10,	1.5500
312.75,	1.5500
313.39,	1.5500
314.04,	1.5600
314.69,	1.5500
315.34,	1.5600
315.98,	1.5700
316.63,	1.5700
317.28,	1.5700
317.93,	1.5600
318.57,	1.5600
319.22,	1.5600
319.87,	1.5600
320.52,	1.5700
321.16,	1.5700
321.81,	1.5700
322.46,	1.5700
323.10,	1.5800
323.75,	1.5800
324.40,	1.6000
325.04,	1.6100
325.69,	1.6400
326.34,	1.6500
326.99,	1.6600
327.63,	1.6800
328.28,	1.6900
328.93,	1.7000
329.57,	1.7000
330.22,	1.7100
330.86,	1.7100
331.51,	1.7100
332.16,	1.7100
332.80,	1.7200
333.45,	1.7200
334.10,	1.7200
334.74,	1.7100
335.39,	1.7100
336.03,	1.7100
336.68,	1.7100
337.33,	1.7100
337.97,	1.7100
338.62,	1.7100
339.26,	1.7100
339.91,	1.7200
340.56,	1.7200
341.20,	1.7300
341.85,	1.7300
342.49,	1.7300
343.14,	1.7400
343.78,	1.7500
344.43,	1.7500
345.08,	1.7500
345.72,	1.7500
346.37,	1.7500
347.01,	1.7600
347.66,	1.7600
348.30,	1.7600
348.95,	1.7600
349.59,	1.7600
350.24,	1.7600
350.88,	1.7600
351.53,	1.7600
352.17,	1.7600
352.82,	1.7700
353.46,	1.7700
354.11,	1.7700
354.75,	1.7600
355.40,	1.7600
356.04,	1.7700
356.69,	1.7700
357.33,	1.7700
357.98,	1.7700
358.62,	1.7800
359.27,	1.7800
359.91,	1.7800
360.55,	1.7900
361.20,	1.7900
361.84,	1.7900
362.49,	1.7900
363.13,	1.7900
363.78,	1.7900
364.42,	1.8000
365.06,	1.8000
365.71,	1.8000
366.35,	1.8100
367.00,	1.8100
367.64,	1.8100
368.28,	1.8100
368.93,	1.8100
369.57,	1.8100
370.22,	1.8200
370.86,	1.8100
371.50,	1.8200
372.15,	1.8200
372.79,	1.8200
373.43,	1.8100
374.08,	1.8200
374.72,	1.8200
375.36,	1.8200
376.01,	1.8200
376.65,	1.8300
377.29,	1.8300
377.94,	1.8300
378.58,	1.8300
379.22,	1.8300
379.87,	1.8300
380.51,	1.8300
381.15,	1.8300
381.79,	1.8300
382.44,	1.8300
383.08,	1.8300
383.72,	1.8300
384.37,	1.8400
385.01,	1.8300
385.65,	1.8300
386.29,	1.8300
386.94,	1.8400
387.58,	1.8400
388.22,	1.8400
388.86,	1.8400
389.51,	1.8400
390.15,	1.8400
390.79,	1.8500
391.43,	1.8500
392.08,	1.8600
392.72,	1.8600
393.36,	1.8600
394.00,	1.8600
394.64,	1.8600
395.29,	1.8600
395.93,	1.8600
396.57,	1.8600
397.21,	1.8600
397.85,	1.8600
398.50,	1.8600
399.14,	1.8600
399.78,	1.8600
400.42,	1.8600
401.06,	1.8600
401.70,	1.8600
402.34,	1.8600
402.99,	1.8600
403.63,	1.8600
404.27,	1.8600
404.91,	1.8600
405.55,	1.8600
406.19,	1.8600
406.83,	1.8600
407.48,	1.8600
408.12,	1.8600
408.76,	1.8600
409.40,	1.8600
410.04,	1.8600
410.68,	1.8600
411.32,	1.8600
411.96,	1.8600
412.60,	1.8600
413.24,	1.8600
413.88,	1.8600
414.52,	1.8600
415.17,	1.8600
415.81,	1.8600
416.45,	1.8600
417.09,	1.8600
417.73,	1.8600
418.37,	1.8600
419.01,	1.8600
419.65,	1.8500
420.29,	1.8600
420.93,	1.8600
421.57,	1.8600
422.21,	1.8600
422.85,	1.8600
423.49,	1.8600
424.13,	1.8600
424.77,	1.8600
425.41,	1.8600
426.05,	1.8600
426.69,	1.8600
427.33,	1.8600
427.97,	1.8600
428.61,	1.8600
429.25,	1.8600
429.89,	1.8600
430.53,	1.8600
431.17,	1.8600
431.80,	1.8600
432.44,	1.8700
433.08,	1.8600
433.72,	1.8700
434.36,	1.8700
435.00,	1.8600
435.64,	1.8600
436.28,	1.8600
436.92,	1.8600
437.56,	1.8600
438.20,	1.8600
438.84,	1.8600
439.47,	1.8500
440.11,	1.8600
440.75,	1.8600
441.39,	1.8600
442.03,	1.8600
442.67,	1.8600
443.31,	1.8600
443.95,	1.8600
444.58,	1.8600
445.22,	1.8600
445.86,	1.8600
446.50,	1.8600
447.14,	1.8600
447.78,	1.8600
448.41,	1.8600
449.05,	1.8600
449.69,	1.8600
450.33,	1.8600
450.97,	1.8600
451.60,	1.8600
452.24,	1.8600
452.88,	1.8600
453.52,	1.8600
454.16,	1.8600
454.79,	1.8600
455.43,	1.8600
456.07,	1.8500
456.71,	1.8600
457.35,	1.8600
457.98,	1.8600
458.62,	1.8600
459.26,	1.8600
459.90,	1.8600
460.53,	1.8600
461.17,	1.8600
461.81,	1.8600
462.44,	1.8600
463.08,	1.8600
463.72,	1.8600
464.36,	1.8600
464.99,	1.8600
465.63,	1.8600
466.27,	1.8600
466.90,	1.8600
467.54,	1.8600
468.18,	1.8600
468.81,	1.8600
469.45,	1.8600
470.09,	1.8600
470.72,	1.8600
471.36,	1.8600
472.00,	1.8600
472.63,	1.8600
473.27,	1.8600
473.91,	1.8600
474.54,	1.8600
475.18,	1.8600
475.82,	1.8600
476.45,	1.8500
477.09,	1.8500
477.73,	1.8500
478.36,	1.8600
479.00,	1.8600
479.63,	1.8500
480.27,	1.8500
480.91,	1.8500
481.54,	1.8500
482.18,	1.8500
482.81,	1.8500
483.45,	1.8500
484.08,	1.8500
484.72,	1.8500
485.36,	1.8500
485.99,	1.8500
486.63,	1.8500
487.26,	1.8500
487.90,	1.8500
488.53,	1.8500
489.17,	1.8500
489.80,	1.8500
490.44,	1.8500
491.07,	1.8500
491.71,	1.8500
492.34,	1.8500
492.98,	1.8500
493.62,	1.8500
494.25,	1.8600
494.89,	1.8500
495.52,	1.8500
496.15,	1.8500
496.79,	1.8500
497.42,	1.8500
498.06,	1.8500
498.69,	1.8500
499.33,	1.8500
499.96,	1.8500
500.60,	1.8400
501.23,	1.8500
501.87,	1.8500
502.50,	1.8500
503.14,	1.8400
503.77,	1.8400
504.40,	1.8500
505.04,	1.8500
505.67,	1.8500
506.31,	1.8500
506.94,	1.8500
507.57,	1.8500
508.21,	1.8400
508.84,	1.8500
509.48,	1.8500
510.11,	1.8500
510.74,	1.8500
511.38,	1.8500
512.01,	1.8400
512.65,	1.8400
513.28,	1.8400
513.91,	1.8500
514.55,	1.8500
515.18,	1.8500
515.81,	1.8400
516.45,	1.8500
517.08,	1.8500
517.71,	1.8500
518.35,	1.8500
518.98,	1.8500
519.61,	1.8500
520.25,	1.8400
520.88,	1.8400
521.51,	1.8400
522.15,	1.8500
522.78,	1.8500
523.41,	1.8400
524.04,	1.8400
524.68,	1.8400
525.31,	1.8400
525.94,	1.8400
526.58,	1.8400
527.21,	1.8400
527.84,	1.8400
528.47,	1.8400
529.11,	1.8300
529.74,	1.8300
530.37,	1.8300
531.00,	1.8200
531.64,	1.8200
532.27,	1.8200
532.90,	1.8200
533.53,	1.8100
534.17,	1.8100
534.80,	1.8100
535.43,	1.8100
536.06,	1.8100
536.69,	1.8100
537.33,	1.8100
537.96,	1.8100
538.59,	1.8100
539.22,	1.8100
539.85,	1.8100
540.48,	1.8100
541.12,	1.8100
541.75,	1.8100
542.38,	1.8100
543.01,	1.8100
543.64,	1.8100
544.27,	1.8100
544.91,	1.8000
545.54,	1.8000
546.17,	1.8000
546.80,	1.8000
547.43,	1.8000
548.06,	1.8000
548.69,	1.8000
549.32,	1.8000
549.95,	1.8000
550.59,	1.8000
551.22,	1.8000
551.85,	1.7900
552.48,	1.7900
553.11,	1.7900
553.74,	1.7900
554.37,	1.7900
555.00,	1.7900
555.63,	1.7900
556.26,	1.7900
556.89,	1.8000
557.52,	1.8000
558.15,	1.8000
558.78,	1.7900
559.42,	1.7900
560.05,	1.7900
560.68,	1.7900
561.31,	1.7900
561.94,	1.7800
562.57,	1.7900
563.20,	1.7900
563.83,	1.7900
564.46,	1.7900
565.09,	1.7900
565.72,	1.7900
566.35,	1.7900
566.98,	1.7900
567.61,	1.7900
568.24,	1.7900
568.87,	1.7900
569.50,	1.7900
570.12,	1.7800
570.75,	1.7800
571.38,	1.7800
572.01,	1.7800
572.64,	1.7800
573.27,	1.7800
573.90,	1.7800
574.53,	1.7800
575.16,	1.7800
575.79,	1.7800
576.42,	1.7800
577.05,	1.7800
577.68,	1.7800
578.31,	1.7800
578.93,	1.7800
579.56,	1.7800
580.19,	1.7800
580.82,	1.7800
581.45,	1.7800
582.08,	1.7700
582.71,	1.7700
583.34,	1.7700
583.97,	1.7700
584.59,	1.7700
585.22,	1.7700
585.85,	1.7700
586.48,	1.7700
587.11,	1.7700
587.74,	1.7700
588.36,	1.7700
588.99,	1.7700
589.62,	1.7600
590.25,	1.7600
590.88,	1.7600
591.50,	1.7600
592.13,	1.7600
592.76,	1.7600
593.39,	1.7500
594.02,	1.7600
594.64,	1.7500
595.27,	1.7500
595.90,	1.7500
596.53,	1.7500
597.16,	1.7500
597.78,	1.7500
598.41,	1.7500
599.04,	1.7500
599.67,	1.7500
600.29,	1.7500
600.92,	1.7500
601.55,	1.7500
602.18,	1.7500
602.80,	1.7500
603.43,	1.7500
604.06,	1.7400
604.68,	1.7400
605.31,	1.7400
605.94,	1.7400
606.57,	1.7400
607.19,	1.7400
607.82,	1.7400
608.45,	1.7300
609.07,	1.7300
609.70,	1.7400
610.33,	1.7300
610.95,	1.7300
611.58,	1.7400
612.21,	1.7400
612.83,	1.7300
613.46,	1.7300
614.09,	1.7300
614.71,	1.7300
615.34,	1.7300
615.97,	1.7300
616.59,	1.7300
617.22,	1.7300
617.84,	1.7200
618.47,	1.7200
619.10,	1.7200
619.72,	1.7200
620.35,	1.7200
620.97,	1.7200
621.60,	1.7200
622.23,	1.7300
622.85,	1.7300
623.48,	1.7300
624.10,	1.7300
624.73,	1.7300
625.35,	1.7200
625.98,	1.7200
626.61,	1.7200
627.23,	1.7200
627.86,	1.7200
628.48,	1.7200
629.11,	1.7200
629.73,	1.7200
630.36,	1.7200
630.98,	1.7200
631.61,	1.7100
632.23,	1.7200
632.86,	1.7200
633.48,	1.7200
634.11,	1.7200
634.73,	1.7100
635.36,	1.7100
635.98,	1.7100
636.61,	1.7100
637.23,	1.7100
637.86,	1.7100
638.48,	1.7100
639.11,	1.7100
639.73,	1.7200
640.36,	1.7200
640.98,	1.7100
641.61,	1.7100
642.23,	1.7100
642.85,	1.7100
643.48,	1.7100
644.10,	1.7100
644.73,	1.7100
645.35,	1.7100
645.98,	1.7100
646.60,	1.7100
647.22,	1.7100
647.85,	1.7100
648.47,	1.7100
649.10,	1.7200
649.72,	1.7100
650.34,	1.7100
650.97,	1.7100
651.59,	1.7100
652.22,	1.7100
652.84,	1.7100
653.46,	1.7100
654.09,	1.7000
654.71,	1.7000
655.33,	1.7000
655.96,	1.7000
656.58,	1.7000
657.20,	1.7100
657.83,	1.7100
658.45,	1.7000
659.07,	1.7000
659.70,	1.7100
660.32,	1.7100
660.94,	1.7000
661.57,	1.7000
662.19,	1.7000
662.81,	1.7000
663.43,	1.7000
664.06,	1.7000
664.68,	1.7100
665.30,	1.7100
665.93,	1.7000
666.55,	1.7000
667.17,	1.7000
667.79,	1.7000
668.42,	1.7000
669.04,	1.7000
669.66,	1.7000
670.28,	1.6900
670.91,	1.6900
671.53,	1.6900
672.15,	1.6900
672.77,	1.6900
673.39,	1.6900
674.02,	1.6900
674.64,	1.6900
675.26,	1.6900
675.88,	1.6800
676.50,	1.6800
677.13,	1.6800
677.75,	1.6800
678.37,	1.6800
678.99,	1.6800
679.61,	1.6800
680.24,	1.6800
680.86,	1.6800
681.48,	1.6800
682.10,	1.6800
682.72,	1.6800
683.34,	1.6800
683.96,	1.6800
684.59,	1.6700
685.21,	1.6700
685.83,	1.6700
686.45,	1.6700
687.07,	1.6700
687.69,	1.6700
688.31,	1.6700
688.93,	1.6700
689.56,	1.6700
690.18,	1.6700
690.80,	1.6700
691.42,	1.6700
692.04,	1.6700
692.66,	1.6700
693.28,	1.6700
693.90,	1.6700
694.52,	1.6600
695.14,	1.6600
695.76,	1.6600
696.38,	1.6600
697.00,	1.6600
697.62,	1.6600
698.25,	1.6500
698.87,	1.6500
699.49,	1.6500
700.11,	1.6500
700.73,	1.6400
701.35,	1.6500
701.97,	1.6500
702.59,	1.6500
703.21,	1.6500
703.83,	1.6500
704.45,	1.6500
705.07,	1.6500
705.69,	1.6500
706.31,	1.6500
706.93,	1.6500
707.55,	1.6500
708.17,	1.6400
708.79,	1.6400
709.40,	1.6400
710.02,	1.6400
710.64,	1.6400
711.26,	1.6400
711.88,	1.6400
712.50,	1.6400
713.12,	1.6300
713.74,	1.6300
714.36,	1.6300
714.98,	1.6300
715.60,	1.6300
716.22,	1.6400
716.84,	1.6400
717.45,	1.6400
718.07,	1.6400
718.69,	1.6400
719.31,	1.6300
719.93,	1.6300
720.55,	1.6300
721.17,	1.6300
721.79,	1.6300
722.41,	1.6400
723.02,	1.6400
723.64,	1.6300
724.26,	1.6300
724.88,	1.6300
725.50,	1.6300
726.12,	1.6300
726.73,	1.6300
727.35,	1.6300
727.97,	1.6200
728.59,	1.6200
729.21,	1.6200
729.83,	1.6200
730.44,	1.6200
731.06,	1.6200
731.68,	1.6200
732.30,	1.6200
732.92,	1.6200
733.53,	1.6200
734.15,	1.6200
734.77,	1.6200
735.39,	1.6200
736.00,	1.6200
736.62,	1.6200
737.24,	1.6200
737.86,	1.6200
738.47,	1.6200
739.09,	1.6200
739.71,	1.6200
740.33,	1.6200
740.94,	1.6200
741.56,	1.6200
742.18,	1.6200
742.79,	1.6200
743.41,	1.6200
744.03,	1.6200
744.65,	1.6200
745.26,	1.6200
745.88,	1.6200
746.50,	1.6200
747.11,	1.6200
747.73,	1.6200
748.35,	1.6200
748.96,	1.6200
749.58,	1.6200
750.20,	1.6200
750.81,	1.6200
751.43,	1.6300
752.05,	1.6300
752.66,	1.6300
753.28,	1.6200
753.90,	1.6200
754.51,	1.6200
755.13,	1.6300
755.74,	1.6200
756.36,	1.6200
756.98,	1.6200
757.59,	1.6200
758.21,	1.6100
758.82,	1.6100
759.44,	1.6100
760.06,	1.6100
760.67,	1.6100
761.29,	1.6100
761.90,	1.6000
762.52,	1.6000
763.14,	1.6000
763.75,	1.6000
764.37,	1.6000
764.98,	1.6000
765.60,	1.5900
766.21,	1.5900
766.83,	1.5900
767.44,	1.5900
768.06,	1.5900
768.67,	1.5800
769.29,	1.5900
769.90,	1.5800
770.52,	1.5800
771.14,	1.5900
771.75,	1.5900
772.37,	1.5900
772.98,	1.5900
773.59,	1.5800
774.21,	1.5800
774.82,	1.5800
775.44,	1.5700
776.05,	1.5700
776.67,	1.5700
777.28,	1.5600
777.90,	1.5700
778.51,	1.5700
779.13,	1.5700
779.74,	1.5700
780.36,	1.5700
780.97,	1.5600
781.58,	1.5600
782.20,	1.5600
782.81,	1.5700
783.43,	1.5600
784.04,	1.5600
784.66,	1.5600
785.27,	1.5700
785.88,	1.5600
786.50,	1.5600
787.11,	1.5600
787.73,	1.5600
788.34,	1.5600
788.95,	1.5600
789.57,	1.5600
790.18,	1.5600
790.79,	1.5600
791.41,	1.5600
792.02,	1.5600
792.63,	1.5600
793.25,	1.5600
793.86,	1.5600
794.47,	1.5600
795.09,	1.5600
795.70,	1.5600
796.31,	1.5600
796.93,	1.5600
797.54,	1.5600
798.15,	1.5600
798.77,	1.5500
799.38,	1.5500
799.99,	1.5500
800.61,	1.5600
801.22,	1.5500
801.83,	1.5500
802.44,	1.5500
803.06,	1.5500
803.67,	1.5500
804.28,	1.5500
804.90,	1.5500
805.51,	1.5500
806.12,	1.5400
806.73,	1.5400
807.34,	1.5500
807.96,	1.5400
808.57,	1.5400
809.18,	1.5400
809.79,	1.5400
810.41,	1.5400
811.02,	1.5400
811.63,	1.5400
812.24,	1.5400
812.85,	1.5400
813.47,	1.5400
814.08,	1.5300
814.69,	1.5300
815.30,	1.5300
815.91,	1.5300
816.53,	1.5300
817.14,	1.5300
817.75,	1.5200
818.36,	1.5200
818.97,	1.5200
819.58,	1.5200
820.20,	1.5200
820.81,	1.5200
821.42,	1.5200
822.03,	1.5200
822.64,	1.5200
823.25,	1.5200
823.86,	1.5200
824.47,	1.5200
825.09,	1.5200
825.70,	1.5200
826.31,	1.5200
826.92,	1.5100
827.53,	1.5100
828.14,	1.5100
828.75,	1.5100
829.36,	1.5100
829.97,	1.5100
830.58,	1.5100
831.19,	1.5100
831.80,	1.5100
832.42,	1.5100
833.03,	1.5100
833.64,	1.5100
834.25,	1.5100
834.86,	1.5100
835.47,	1.5100
836.08,	1.5100
836.69,	1.5100
837.30,	1.5100
837.91,	1.5100
838.52,	1.5100
839.13,	1.5100
839.74,	1.5100
840.35,	1.5100
840.96,	1.5000
841.57,	1.5000
842.18,	1.5000
842.79,	1.5000
843.40,	1.5000
844.01,	1.5000
844.62,	1.5000
845.23,	1.5000
845.84,	1.4900
846.45,	1.4900
847.06,	1.4900
847.67,	1.4900
848.27,	1.4900
848.88,	1.4900
849.49,	1.4900
850.10,	1.4900
850.71,	1.4900
851.32,	1.4900
851.93,	1.4900
852.54,	1.4900
853.15,	1.4900
853.76,	1.4900
854.37,	1.4900
854.98,	1.4900
855.58,	1.4900
856.19,	1.4900
856.80,	1.4900
857.41,	1.4900
858.02,	1.4900
858.63,	1.4800
859.24,	1.4800
859.85,	1.4800
860.45,	1.4800
861.06,	1.4800
861.67,	1.4800
862.28,	1.4800
862.89,	1.4800
863.50,	1.4800
864.10,	1.4800
864.71,	1.4800
865.32,	1.4800
865.93,	1.4800
866.54,	1.4800
867.14,	1.4800
867.75,	1.4700
868.36,	1.4700
868.97,	1.4700
869.58,	1.4700
870.18,	1.4700
870.79,	1.4700
871.40,	1.4700
872.01,	1.4700
872.61,	1.4700
873.22,	1.4700
873.83,	1.4700
874.44,	1.4700
875.04,	1.4700
875.65,	1.4700
876.26,	1.4700
876.87,	1.4700
877.47,	1.4700
878.08,	1.4700
878.69,	1.4700
879.29,	1.4700
879.90,	1.4700
880.51,	1.4700
881.12,	1.4700
881.72,	1.4700
882.33,	1.4700
882.94,	1.4700
883.54,	1.4700
884.15,	1.4700
884.76,	1.4700
885.36,	1.4700
885.97,	1.4700
886.58,	1.4700
887.18,	1.4700
887.79,	1.4600
888.40,	1.4600
889.00,	1.4600
889.61,	1.4600
890.22,	1.4600
890.82,	1.4600
891.43,	1.4600
892.03,	1.4600
892.64,	1.4500
893.25,	1.4500
893.85,	1.4500
894.46,	1.4500
895.06,	1.4500
895.67,	1.4500
896.28,	1.4500
896.88,	1.4500
897.49,	1.4500
898.09,	1.4500
898.70,	1.4500
899.30,	1.4500
899.91,	1.4500
900.52,	1.4500
901.12,	1.4400
901.73,	1.4400
902.33,	1.4400
902.94,	1.4400
903.54,	1.4400
904.15,	1.6900
904.75,	4.0600
905.36,	9.6100
905.96,	13.7300
906.57,	15.2100
907.17,	16.1300
907.78,	16.9000
908.38,	17.5900
908.99,	18.2100
909.59,	18.7800
910.20,	19.3000
910.80,	19.7800
911.41,	20.2400
912.01,	21.5900
912.62,	35.5000
913.22,	35.5000
913.83,	35.5000
914.43,	35.5000
915.03,	35.5000
915.64,	35.5000
916.24,	35.5000
916.85,	35.5000
917.45,	35.5000
918.06,	35.5000
918.66,	35.5000
919.26,	35.5000
919.87,	35.5000
920.47,	35.5000
921.08,	35.5000
921.68,	35.5000
922.28,	35.5000
922.89,	35.5000
923.49,	35.5000
924.10,	35.5000
924.70,	35.5000
925.30,	35.5000
925.91,	35.5000
926.51,	35.5000
927.11,	35.5000
927.72,	35.5000
928.32,	35.5000
928.92,	35.5000
929.53,	35.5000
930.13,	35.5000
930.74,	35.5000
931.34,	35.5000
931.94,	35.5000
932.54,	35.5000
933.15,	35.5000
933.75,	35.5000
934.35,	35.5000
934.96,	35.5000
935.56,	35.5000
936.16,	35.5000
936.77,	35.5000
937.37,	35.5000
937.97,	35.5000
938.57,	35.5000
939.18,	35.5000
939.78,	35.5000
940.38,	35.5000
940.98,	35.5000
941.59,	35.5000
942.19,	35.5000
942.79,	35.5000
943.39,	35.5000
944.00,	35.5000
944.60,	35.5000
945.20,	35.5000
945.80,	35.5000
946.40,	35.5000
947.01,	35.5000
947.61,	35.5000
948.21,	35.5000
948.81,	35.5000
949.41,	35.5000
950.02,	35.5000
950.62,	35.5000
951.22,	35.5000
951.82,	35.5000
952.42,	35.5000
953.02,	35.5000
953.63,	35.5000
954.23,	35.5000
954.83,	35.5000
955.43,	35.5000
956.03,	35.5000
956.63,	35.5000
957.24,	35.5000
957.84,	35.5000
958.44,	35.5000
959.04,	35.5000
959.64,	35.5000
960.24,	35.5000
960.84,	35.5000
961.44,	35.5000
962.04,	35.5000
962.64,	35.5000
963.25,	35.5000
963.85,	35.5000
964.45,	35.5000
965.05,	35.5000
965.65,	35.5000
966.25,	35.5000
966.85,	35.5000
967.45,	35.5000
968.05,	35.5000
968.65,	35.5000
969.25,	35.5000
969.85,	35.5000
970.45,	35.5000
971.05,	35.5000
971.65,	35.5000
972.25,	35.5000
972.85,	35.5000
973.45,	35.5000
974.05,	35.5000
974.65,	35.5000
975.25,	35.5000
975.85,	35.5000
976.45,	35.5000
977.05,	35.5000
977.65,	35.5000
978.25,	35.5000
978.85,	35.5000
979.45,	35.5000
980.05,	35.5000
980.65,	35.5000
981.25,	35.5000
981.85,	35.5000
982.45,	35.5000
983.05,	35.5000
983.65,	35.5000
984.25,	35.5000
984.85,	35.5000
985.45,	35.5000
986.04,	35.5000
986.64,	35.5000
987.24,	35.5000
987.84,	-2.5200
988.44,	-2.5200
989.04,	-2.5200
989.64,	-2.5200
990.24,	-2.5200
990.84,	-2.5200
991.44,	-2.5200
992.03,	-2.5200
992.63,	-2.5200
993.23,	-2.5200
993.83,	-2.5200
994.43,	-2.5200
995.03,	-2.5200
995.63,	-2.5200
996.22,	-2.5200
996.82,	-2.5200
997.42,	-2.5200
998.02,	-2.5200
998.62,	-2.5200
999.21,	-2.5200
999.81,	-2.5200
1000.41,	-2.5200
