Call Sign = ZSDA,	Ship Name = SA Agulhas,	Lloyds Num = 0
Date = 12/06/2016,	Time = 12:02,	
Latitude = 54 01.87  S,	Longitude = 000 01.70  W
Instr = Sippican Deep Blue,	Card Type = Sippican MK-21,	
Wind Instr = ,	Measur Method = 
Probe Serial Num = -1,	Ship Dir = -1,	Ship Speed = -1.00
Wind Dir = 319,	Wind Speed = 5.60
Dry Bulb Temp = -0.50,	Total Water Depth = -1.00

Full Resolution Values
Depth,	 Temp
0.67,	-0.1300
1.34,	-0.3000
2.01,	-0.3400
2.68,	-0.3600
3.34,	-0.3600
4.01,	-0.3500
4.68,	-0.3200
5.35,	-0.3100
6.02,	-0.3100
6.69,	-0.3200
7.36,	-0.3200
8.03,	-0.3400
8.69,	-0.3500
9.36,	-0.3700
10.03,	-0.3900
10.70,	-0.4100
11.37,	-0.4300
12.04,	-0.4400
12.70,	-0.4500
13.37,	-0.4400
14.04,	-0.4500
14.71,	-0.4500
15.38,	-0.4400
16.05,	-0.4300
16.71,	-0.4100
17.38,	-0.4100
18.05,	-0.4100
18.72,	-0.4100
19.38,	-0.4500
20.05,	-0.4500
20.72,	-0.4100
21.39,	-0.4100
22.06,	-0.4200
22.72,	-0.4300
23.39,	-0.4600
24.06,	-0.4700
24.73,	-0.4700
25.39,	-0.4700
26.06,	-0.4800
26.73,	-0.4800
27.40,	-0.4900
28.06,	-0.5000
28.73,	-0.5000
29.40,	-0.5100
30.06,	-0.5100
30.73,	-0.5200
31.40,	-0.5200
32.06,	-0.5200
32.73,	-0.5200
33.40,	-0.5300
34.07,	-0.5300
34.73,	-0.5300
35.40,	-0.5300
36.07,	-0.5400
36.73,	-0.5400
37.40,	-0.5400
38.07,	-0.5400
38.73,	-0.5400
39.40,	-0.5400
40.06,	-0.5400
40.73,	-0.5400
41.40,	-0.5500
42.06,	-0.5400
42.73,	-0.5400
43.40,	-0.5500
44.06,	-0.5500
44.73,	-0.5600
45.39,	-0.5600
46.06,	-0.5600
46.73,	-0.5600
47.39,	-0.5600
48.06,	-0.5600
48.72,	-0.5700
49.39,	-0.5700
50.06,	-0.5700
50.72,	-0.5700
51.39,	-0.5800
52.05,	-0.5800
52.72,	-0.5800
53.38,	-0.5900
54.05,	-0.5900
54.71,	-0.6000
55.38,	-0.6000
56.05,	-0.6000
56.71,	-0.6000
57.38,	-0.6100
58.04,	-0.6100
58.71,	-0.6200
59.37,	-0.6200
60.04,	-0.6300
60.70,	-0.6300
61.37,	-0.6300
62.03,	-0.6300
62.70,	-0.6300
63.36,	-0.6300
64.03,	-0.6400
64.69,	-0.6500
65.36,	-0.6500
66.02,	-0.6600
66.69,	-0.6600
67.35,	-0.6600
68.01,	-0.6600
68.68,	-0.6700
69.34,	-0.6700
70.01,	-0.6800
70.67,	-0.6800
71.34,	-0.6800
72.00,	-0.6800
72.66,	-0.6900
73.33,	-0.6900
73.99,	-0.7000
74.66,	-0.7000
75.32,	-0.7100
75.98,	-0.7100
76.65,	-0.7200
77.31,	-0.7200
77.98,	-0.7300
78.64,	-0.7300
79.30,	-0.7300
79.97,	-0.7300
80.63,	-0.7200
81.30,	-0.7200
81.96,	-0.7200
82.62,	-0.7200
83.29,	-0.7300
83.95,	-0.7300
84.61,	-0.7300
85.28,	-0.7300
85.94,	-0.7400
86.60,	-0.7500
87.27,	-0.7500
87.93,	-0.7600
88.59,	-0.7700
89.26,	-0.7800
89.92,	-0.7800
90.58,	-0.7900
91.24,	-0.8000
91.91,	-0.8000
92.57,	-0.8000
93.23,	-0.8200
93.90,	-0.8300
94.56,	-0.8500
95.22,	-0.8600
95.88,	-0.8700
96.55,	-0.8800
97.21,	-0.8800
97.87,	-0.8800
98.53,	-0.8800
99.20,	-0.8900
99.86,	-0.8900
100.52,	-0.8900
101.18,	-0.8900
101.85,	-0.8900
102.51,	-0.8900
103.17,	-0.8900
103.83,	-0.9000
104.49,	-0.9000
105.16,	-0.9100
105.82,	-0.9100
106.48,	-0.9100
107.14,	-0.9200
107.80,	-0.9300
108.47,	-0.9400
109.13,	-0.9500
109.79,	-0.9600
110.45,	-0.9800
111.11,	-0.9900
111.77,	-1.0000
112.44,	-1.0000
113.10,	-1.0000
113.76,	-1.0100
114.42,	-1.0100
115.08,	-1.0200
115.74,	-1.0200
116.40,	-1.0200
117.06,	-1.0200
117.73,	-1.0200
118.39,	-1.0300
119.05,	-1.0300
119.71,	-1.0300
120.37,	-1.0300
121.03,	-1.0300
121.69,	-1.0300
122.35,	-1.0300
123.01,	-1.0200
123.67,	-1.0200
124.33,	-1.0100
125.00,	-1.0100
125.66,	-1.0000
126.32,	-1.0000
126.98,	-1.0000
127.64,	-1.0000
128.30,	-1.0000
128.96,	-1.0000
129.62,	-1.0000
130.28,	-1.0000
130.94,	-1.0100
131.60,	-1.0100
132.26,	-1.0200
132.92,	-1.0400
133.58,	-1.0700
134.24,	-1.1100
134.90,	-1.1300
135.56,	-1.1300
136.22,	-1.1400
136.88,	-1.1400
137.54,	-1.1400
138.20,	-1.1300
138.86,	-1.1300
139.52,	-1.1200
140.18,	-1.1100
140.84,	-1.1000
141.50,	-1.0800
142.16,	-1.0900
142.82,	-1.0900
143.48,	-1.0900
144.14,	-1.0900
144.79,	-1.0900
145.45,	-1.1000
146.11,	-1.1000
146.77,	-1.0900
147.43,	-1.0700
148.09,	-1.0700
148.75,	-1.0700
149.41,	-1.0500
150.07,	-0.9900
150.73,	-0.9800
151.39,	-1.0000
152.04,	-1.0200
152.70,	-1.0400
153.36,	-1.0400
154.02,	-1.0500
154.68,	-1.0500
155.34,	-1.0400
156.00,	-1.0200
156.65,	-0.9900
157.31,	-0.9700
157.97,	-0.9600
158.63,	-0.9500
159.29,	-0.9400
159.95,	-0.9400
160.60,	-0.9300
161.26,	-0.9300
161.92,	-0.9400
162.58,	-0.9600
163.24,	-0.9700
163.90,	-0.9700
164.55,	-0.9700
165.21,	-0.9700
165.87,	-0.9800
166.53,	-0.9900
167.18,	-0.9900
167.84,	-0.9800
168.50,	-0.9800
169.16,	-0.9700
169.82,	-0.9600
170.47,	-0.9500
171.13,	-0.9500
171.79,	-0.9400
172.44,	-0.9200
173.10,	-0.8900
173.76,	-0.8600
174.42,	-0.8400
175.07,	-0.8100
175.73,	-0.7800
176.39,	-0.7500
177.05,	-0.7100
177.70,	-0.6500
178.36,	-0.6100
179.02,	-0.5900
179.67,	-0.5800
180.33,	-0.5800
180.99,	-0.5700
181.64,	-0.5600
182.30,	-0.5500
182.96,	-0.5500
183.61,	-0.5500
184.27,	-0.5400
184.93,	-0.4900
185.58,	-0.4400
186.24,	-0.4100
186.90,	-0.3700
187.55,	-0.3500
188.21,	-0.3100
188.87,	-0.2800
189.52,	-0.2700
190.18,	-0.2600
190.83,	-0.2600
191.49,	-0.2500
192.15,	-0.2300
192.80,	-0.2300
193.46,	-0.2100
194.11,	-0.1900
194.77,	-0.1800
195.43,	-0.1700
196.08,	-0.1600
196.74,	-0.1500
197.39,	-0.1300
198.05,	-0.1200
198.70,	-0.1100
199.36,	-0.1000
200.02,	-0.0800
200.67,	-0.0600
201.33,	-0.0300
201.98,	0.0000
202.64,	0.0200
203.29,	0.0500
203.95,	0.0900
204.60,	0.1100
205.26,	0.1300
205.91,	0.1600
206.57,	0.1900
207.22,	0.2400
207.88,	0.3000
208.53,	0.3500
209.19,	0.3900
209.84,	0.4400
210.50,	0.5000
211.15,	0.5500
211.81,	0.5900
212.46,	0.6100
213.12,	0.6400
213.77,	0.6600
214.43,	0.6600
215.08,	0.6800
215.74,	0.7500
216.39,	0.8100
217.04,	0.8400
217.70,	0.8600
218.35,	0.8700
219.01,	0.8800
219.66,	0.8900
220.32,	0.9000
220.97,	0.9100
221.62,	0.9100
222.28,	0.9200
222.93,	0.9300
223.59,	0.9400
224.24,	0.9400
224.89,	0.9400
225.55,	0.9500
226.20,	0.9600
226.85,	0.9600
227.51,	0.9700
228.16,	0.9700
228.81,	0.9700
229.47,	0.9700
230.12,	0.9700
230.78,	0.9800
231.43,	0.9900
232.08,	1.0000
232.74,	1.0100
233.39,	1.0200
234.04,	1.0300
234.69,	1.0400
235.35,	1.0500
236.00,	1.0500
236.65,	1.0600
237.31,	1.0800
237.96,	1.1000
238.61,	1.1200
239.27,	1.1400
239.92,	1.1600
240.57,	1.1800
241.22,	1.2000
241.88,	1.2200
242.53,	1.2200
243.18,	1.2300
243.83,	1.2300
244.49,	1.2400
245.14,	1.2400
245.79,	1.2500
246.44,	1.2500
247.10,	1.2500
247.75,	1.2500
248.40,	1.2600
249.05,	1.2600
249.70,	1.2800
250.36,	1.3000
251.01,	1.3100
251.66,	1.3100
252.31,	1.3200
252.96,	1.3200
253.62,	1.3300
254.27,	1.3400
254.92,	1.3400
255.57,	1.3400
256.22,	1.3400
256.88,	1.3500
257.53,	1.3500
258.18,	1.3500
258.83,	1.3500
259.48,	1.3600
260.13,	1.3600
260.78,	1.3600
261.44,	1.3700
262.09,	1.3900
262.74,	1.4100
263.39,	1.4200
264.04,	1.4400
264.69,	1.4500
265.34,	1.4600
265.99,	1.4600
266.64,	1.4500
267.29,	1.4500
267.95,	1.4500
268.60,	1.4500
269.25,	1.4600
269.90,	1.4600
270.55,	1.4700
271.20,	1.4700
271.85,	1.4700
272.50,	1.4700
273.15,	1.4700
273.80,	1.4700
274.45,	1.4700
275.10,	1.4700
275.75,	1.4800
276.40,	1.4800
277.05,	1.4800
277.70,	1.4800
278.35,	1.4800
279.00,	1.4800
279.65,	1.4800
280.30,	1.4800
280.95,	1.4800
281.60,	1.4800
282.25,	1.4900
282.90,	1.4900
283.55,	1.5000
284.20,	1.5000
284.85,	1.5000
285.50,	1.5100
286.15,	1.5100
286.80,	1.5100
287.45,	1.5200
288.10,	1.5200
288.75,	1.5300
289.40,	1.5300
290.05,	1.5300
290.70,	1.5400
291.35,	1.5400
292.00,	1.5400
292.64,	1.5400
293.29,	1.5500
293.94,	1.5500
294.59,	1.5500
295.24,	1.5500
295.89,	1.5500
296.54,	1.5500
297.19,	1.5500
297.84,	1.5500
298.49,	1.5500
299.13,	1.5500
299.78,	1.5500
300.43,	1.5500
301.08,	1.5600
301.73,	1.5600
302.38,	1.5700
303.02,	1.5700
303.67,	1.5800
304.32,	1.5800
304.97,	1.5800
305.62,	1.5800
306.27,	1.5900
306.91,	1.5900
307.56,	1.6000
308.21,	1.6100
308.86,	1.6200
309.51,	1.6300
310.15,	1.6300
310.80,	1.6400
311.45,	1.6400
312.10,	1.6400
312.75,	1.6400
313.39,	1.6400
314.04,	1.6500
314.69,	1.6500
315.34,	1.6500
315.98,	1.6500
316.63,	1.6500
317.28,	1.6500
317.93,	1.6500
318.57,	1.6500
319.22,	1.6600
319.87,	1.6600
320.52,	1.6600
321.16,	1.6600
321.81,	1.6600
322.46,	1.6600
323.10,	1.6600
323.75,	1.6600
324.40,	1.6600
325.04,	1.6700
325.69,	1.6700
326.34,	1.6700
326.99,	1.6700
327.63,	1.6700
328.28,	1.6700
328.93,	1.6700
329.57,	1.6700
330.22,	1.6700
330.86,	1.6700
331.51,	1.6700
332.16,	1.6700
332.80,	1.6700
333.45,	1.6700
334.10,	1.6700
334.74,	1.6700
335.39,	1.6700
336.03,	1.6700
336.68,	1.6700
337.33,	1.6700
337.97,	1.6800
338.62,	1.6800
339.26,	1.6800
339.91,	1.6800
340.56,	1.6800
341.20,	1.6800
341.85,	1.6800
342.49,	1.6800
343.14,	1.6800
343.78,	1.6800
344.43,	1.6800
345.08,	1.6800
345.72,	1.6900
346.37,	1.6900
347.01,	1.6900
347.66,	1.6900
348.30,	1.6900
348.95,	1.6900
349.59,	1.6900
350.24,	1.6900
350.88,	1.6900
351.53,	1.6900
352.17,	1.6900
352.82,	1.6900
353.46,	1.6900
354.11,	1.6900
354.75,	1.7000
355.40,	1.6900
356.04,	1.7000
356.69,	1.7000
357.33,	1.6900
357.98,	1.7000
358.62,	1.7000
359.27,	1.6900
359.91,	1.7000
360.55,	1.6900
361.20,	1.7000
361.84,	1.7000
362.49,	1.7000
363.13,	1.7000
363.78,	1.7000
364.42,	1.6900
365.06,	1.7000
365.71,	1.6900
366.35,	1.7000
367.00,	1.7000
367.64,	1.7000
368.28,	1.6900
368.93,	1.7000
369.57,	1.7000
370.22,	1.7000
370.86,	1.6900
371.50,	1.6900
372.15,	1.6900
372.79,	1.7000
373.43,	1.7000
374.08,	1.7000
374.72,	1.7000
375.36,	1.7000
376.01,	1.7000
376.65,	1.7000
377.29,	1.7000
377.94,	1.7000
378.58,	1.7000
379.22,	1.6900
379.87,	1.6900
380.51,	1.7000
381.15,	1.7000
381.79,	1.7000
382.44,	1.7000
383.08,	1.7000
383.72,	1.7000
384.37,	1.7000
385.01,	1.7000
385.65,	1.7000
386.29,	1.7000
386.94,	1.7000
387.58,	1.7100
388.22,	1.7100
388.86,	1.7100
389.51,	1.7100
390.15,	1.7100
390.79,	1.7100
391.43,	1.7100
392.08,	1.7100
392.72,	1.7100
393.36,	1.7100
394.00,	1.7000
394.64,	1.7000
395.29,	1.7100
395.93,	1.7100
396.57,	1.7100
397.21,	1.7100
397.85,	1.7000
398.50,	1.7000
399.14,	1.7000
399.78,	1.7000
400.42,	1.7100
401.06,	1.7100
401.70,	1.7100
402.34,	1.7100
402.99,	1.7000
403.63,	1.7000
404.27,	1.7000
404.91,	1.7100
405.55,	1.7100
406.19,	1.7100
406.83,	1.7000
407.48,	1.7000
408.12,	1.7000
408.76,	1.7000
409.40,	1.7000
410.04,	1.7100
410.68,	1.7000
411.32,	1.7000
411.96,	1.7000
412.60,	1.7100
413.24,	1.7100
413.88,	1.7100
414.52,	1.7000
415.17,	1.7100
415.81,	1.7000
416.45,	1.7000
417.09,	1.7000
417.73,	1.7000
418.37,	1.7000
419.01,	1.7100
419.65,	1.7100
420.29,	1.7000
420.93,	1.7000
421.57,	1.7000
422.21,	1.7000
422.85,	1.7100
423.49,	1.7100
424.13,	1.7100
424.77,	1.7100
425.41,	1.7100
426.05,	1.7000
426.69,	1.7000
427.33,	1.7100
427.97,	1.7000
428.61,	1.7100
429.25,	1.7000
429.89,	1.7000
430.53,	1.7000
431.17,	1.7000
431.80,	1.7000
432.44,	1.7000
433.08,	1.7000
433.72,	1.7000
434.36,	1.7000
435.00,	1.7000
435.64,	1.7000
436.28,	1.7000
436.92,	1.7000
437.56,	1.7000
438.20,	1.7000
438.84,	1.6900
439.47,	1.6900
440.11,	1.7000
440.75,	1.7000
441.39,	1.7000
442.03,	1.6900
442.67,	1.6900
443.31,	1.7000
443.95,	1.7000
444.58,	1.7000
445.22,	1.7000
445.86,	1.7000
446.50,	1.7000
447.14,	1.7000
447.78,	1.7000
448.41,	1.7000
449.05,	1.7000
449.69,	1.7000
450.33,	1.7000
450.97,	1.7000
451.60,	1.7000
452.24,	1.7000
452.88,	1.7000
453.52,	1.7000
454.16,	1.7000
454.79,	1.7000
455.43,	1.7000
456.07,	1.7000
456.71,	1.7000
457.35,	1.7000
457.98,	1.7000
458.62,	1.7000
459.26,	1.7000
459.90,	1.7000
460.53,	1.7000
461.17,	1.7000
461.81,	1.7000
462.44,	1.7000
463.08,	1.7000
463.72,	1.6900
464.36,	1.6900
464.99,	1.6900
465.63,	1.7000
466.27,	1.6900
466.90,	1.6900
467.54,	1.6900
468.18,	1.6900
468.81,	1.6900
469.45,	1.6900
470.09,	1.6900
470.72,	1.6900
471.36,	1.6900
472.00,	1.6900
472.63,	1.6900
473.27,	1.6900
473.91,	1.6900
474.54,	1.6900
475.18,	1.6900
475.82,	1.6900
476.45,	1.6900
477.09,	1.6900
477.73,	1.6900
478.36,	1.6900
479.00,	1.6900
479.63,	1.6900
480.27,	1.6900
480.91,	1.6900
481.54,	1.6900
482.18,	1.6900
482.81,	1.6900
483.45,	1.6900
484.08,	1.6900
484.72,	1.6900
485.36,	1.6800
485.99,	1.6900
486.63,	1.6900
487.26,	1.6900
487.90,	1.6800
488.53,	1.6800
489.17,	1.6800
489.80,	1.6800
490.44,	1.6700
491.07,	1.6800
491.71,	1.6800
492.34,	1.6800
492.98,	1.6800
493.62,	1.6800
494.25,	1.6700
494.89,	1.6700
495.52,	1.6700
496.15,	1.6700
496.79,	1.6700
497.42,	1.6700
498.06,	1.6700
498.69,	1.6700
499.33,	1.6700
499.96,	1.6700
500.60,	1.6700
501.23,	1.6700
501.87,	1.6700
502.50,	1.6700
503.14,	1.6700
503.77,	1.6600
504.40,	1.6700
505.04,	1.6700
505.67,	1.6700
506.31,	1.6700
506.94,	1.6600
507.57,	1.6700
508.21,	1.6600
508.84,	1.6600
509.48,	1.6600
510.11,	1.6600
510.74,	1.6600
511.38,	1.6600
512.01,	1.6600
512.65,	1.6600
513.28,	1.6600
513.91,	1.6600
514.55,	1.6600
515.18,	1.6600
515.81,	1.6600
516.45,	1.6600
517.08,	1.6600
517.71,	1.6600
518.35,	1.6600
518.98,	1.6600
519.61,	1.6600
520.25,	1.6600
520.88,	1.6600
521.51,	1.6600
522.15,	1.6600
522.78,	1.6500
523.41,	1.6500
524.04,	1.6600
524.68,	1.6600
525.31,	1.6500
525.94,	1.6500
526.58,	1.6600
527.21,	1.6600
527.84,	1.6600
528.47,	1.6600
529.11,	1.6600
529.74,	1.6600
530.37,	1.6600
531.00,	1.6600
531.64,	1.6600
532.27,	1.6500
532.90,	1.6600
533.53,	1.6500
534.17,	1.6500
534.80,	1.6500
535.43,	1.6500
536.06,	1.6500
536.69,	1.6500
537.33,	1.6500
537.96,	1.6500
538.59,	1.6500
539.22,	1.6400
539.85,	1.6400
540.48,	1.6400
541.12,	1.6400
541.75,	1.6400
542.38,	1.6400
543.01,	1.6400
543.64,	1.6400
544.27,	1.6300
544.91,	1.6300
545.54,	1.6300
546.17,	1.6300
546.80,	1.6300
547.43,	1.6300
548.06,	1.6300
548.69,	1.6300
549.32,	1.6300
549.95,	1.6300
550.59,	1.6300
551.22,	1.6300
551.85,	1.6300
552.48,	1.6300
553.11,	1.6300
553.74,	1.6300
554.37,	1.6300
555.00,	1.6300
555.63,	1.6300
556.26,	1.6300
556.89,	1.6300
557.52,	1.6300
558.15,	1.6300
558.78,	1.6300
559.42,	1.6300
560.05,	1.6300
560.68,	1.6300
561.31,	1.6300
561.94,	1.6300
562.57,	1.6300
563.20,	1.6200
563.83,	1.6200
564.46,	1.6200
565.09,	1.6200
565.72,	1.6300
566.35,	1.6300
566.98,	1.6200
567.61,	1.6200
568.24,	1.6200
568.87,	1.6200
569.50,	1.6200
570.12,	1.6100
570.75,	1.6100
571.38,	1.6200
572.01,	1.6100
572.64,	1.6100
573.27,	1.6100
573.90,	1.6100
574.53,	1.6100
575.16,	1.6100
575.79,	1.6100
576.42,	1.6100
577.05,	1.6100
577.68,	1.6000
578.31,	1.6000
578.93,	1.6000
579.56,	1.6100
580.19,	1.6000
580.82,	1.6000
581.45,	1.6000
582.08,	1.6000
582.71,	1.6000
583.34,	1.6000
583.97,	1.6000
584.59,	1.6000
585.22,	1.5900
585.85,	1.5900
586.48,	1.6000
587.11,	1.6000
587.74,	1.6000
588.36,	1.6000
588.99,	1.6000
589.62,	1.5900
590.25,	1.5900
590.88,	1.5900
591.50,	1.5900
592.13,	1.5900
592.76,	1.5900
593.39,	1.5900
594.02,	1.5900
594.64,	1.5800
595.27,	1.5800
595.90,	1.5800
596.53,	1.5800
597.16,	1.5800
597.78,	1.5800
598.41,	1.5800
599.04,	1.5800
599.67,	1.5800
600.29,	1.5800
600.92,	1.5800
601.55,	1.5800
602.18,	1.5800
602.80,	1.5800
603.43,	1.5800
604.06,	1.5800
604.68,	1.5800
605.31,	1.5800
605.94,	1.5800
606.57,	1.5800
607.19,	1.5800
607.82,	1.5700
608.45,	1.5700
609.07,	1.5700
609.70,	1.5700
610.33,	1.5700
610.95,	1.5700
611.58,	1.5700
612.21,	1.5700
612.83,	1.5700
613.46,	1.5700
614.09,	1.5700
614.71,	1.5700
615.34,	1.5700
615.97,	1.5700
616.59,	1.5700
617.22,	1.5700
617.84,	1.5700
618.47,	1.5700
619.10,	1.5700
619.72,	1.5700
620.35,	1.5700
620.97,	1.5700
621.60,	1.5700
622.23,	1.5600
622.85,	1.5700
623.48,	1.5700
624.10,	1.5600
624.73,	1.5600
625.35,	1.5600
625.98,	1.5600
626.61,	1.5600
627.23,	1.5600
627.86,	1.5500
628.48,	1.5500
629.11,	1.5500
629.73,	1.5500
630.36,	1.5500
630.98,	1.5500
631.61,	1.5500
632.23,	1.5500
632.86,	1.5500
633.48,	1.5500
634.11,	1.5500
634.73,	1.5500
635.36,	1.5500
635.98,	1.5500
636.61,	1.5500
637.23,	1.5500
637.86,	1.5500
638.48,	1.5500
639.11,	1.5500
639.73,	1.5500
640.36,	1.5500
640.98,	1.5500
641.61,	1.5500
642.23,	1.5500
642.85,	1.5500
643.48,	1.5400
644.10,	1.5400
644.73,	1.5400
645.35,	1.5400
645.98,	1.5400
646.60,	1.5400
647.22,	1.5400
647.85,	1.5400
648.47,	1.5400
649.10,	1.5400
649.72,	1.5400
650.34,	1.5400
650.97,	1.5400
651.59,	1.5400
652.22,	1.5400
652.84,	1.5400
653.46,	1.5400
654.09,	1.5400
654.71,	1.5400
655.33,	1.5300
655.96,	1.5300
656.58,	1.5300
657.20,	1.5300
657.83,	1.5300
658.45,	1.5300
659.07,	1.5300
659.70,	1.5300
660.32,	1.5300
660.94,	1.5300
661.57,	1.5300
662.19,	1.5300
662.81,	1.5200
663.43,	1.5200
664.06,	1.5200
664.68,	1.5200
665.30,	1.5200
665.93,	1.5200
666.55,	1.5200
667.17,	1.5200
667.79,	1.5200
668.42,	1.5200
669.04,	1.5200
669.66,	1.5200
670.28,	1.5200
670.91,	1.5200
671.53,	1.5200
672.15,	1.5200
672.77,	1.5200
673.39,	1.5200
674.02,	1.5200
674.64,	1.5200
675.26,	1.5200
675.88,	1.5200
676.50,	1.5200
677.13,	1.5100
677.75,	1.5100
678.37,	1.5100
678.99,	1.5100
679.61,	1.5100
680.24,	1.5000
680.86,	1.5000
681.48,	1.5000
682.10,	1.5000
682.72,	1.5000
683.34,	1.5000
683.96,	1.5000
684.59,	1.5000
685.21,	1.5000
685.83,	1.5000
686.45,	1.5000
687.07,	1.4900
687.69,	1.4800
688.31,	1.4800
688.93,	1.4800
689.56,	1.4800
690.18,	1.4800
690.80,	1.4800
691.42,	1.4800
692.04,	1.4800
692.66,	1.4800
693.28,	1.4800
693.90,	1.4700
694.52,	1.4800
695.14,	1.4800
695.76,	1.4800
696.38,	1.4800
697.00,	1.4800
697.62,	1.4800
698.25,	1.4800
698.87,	1.4800
699.49,	1.4800
700.11,	1.4800
700.73,	1.4800
701.35,	1.4800
701.97,	1.4800
702.59,	1.4800
703.21,	1.4700
703.83,	1.4700
704.45,	1.4700
705.07,	1.4800
705.69,	1.4700
706.31,	1.4700
706.93,	1.4700
707.55,	1.4700
708.17,	1.4700
708.79,	1.4700
709.40,	1.4800
710.02,	1.4700
710.64,	1.4700
711.26,	1.4700
711.88,	1.4700
712.50,	1.4700
713.12,	1.4700
713.74,	1.4700
714.36,	1.4700
714.98,	1.4700
715.60,	1.4700
716.22,	1.4700
716.84,	1.4700
717.45,	1.4700
718.07,	1.4700
718.69,	1.4700
719.31,	1.4700
719.93,	1.4700
720.55,	1.4700
721.17,	1.4700
721.79,	1.4700
722.41,	1.4700
723.02,	1.4700
723.64,	1.4700
724.26,	1.4700
724.88,	1.4700
725.50,	1.4700
726.12,	1.4700
726.73,	1.4600
727.35,	1.4700
727.97,	1.4700
728.59,	1.4700
729.21,	1.4600
729.83,	1.4600
730.44,	1.4600
731.06,	1.4500
731.68,	1.4500
732.30,	1.4500
732.92,	1.4500
733.53,	1.4500
734.15,	1.4500
734.77,	1.4500
735.39,	1.4400
736.00,	1.4400
736.62,	1.4500
737.24,	1.4500
737.86,	1.4400
738.47,	1.4400
739.09,	1.4400
739.71,	1.4400
740.33,	1.4400
740.94,	1.4400
741.56,	1.4500
742.18,	1.4400
742.79,	1.4400
743.41,	1.4400
744.03,	1.4300
744.65,	1.4300
745.26,	1.4300
745.88,	1.4300
746.50,	1.4300
747.11,	1.4300
747.73,	1.4300
748.35,	1.4300
748.96,	1.4300
749.58,	1.4300
750.20,	1.4300
750.81,	1.4300
751.43,	1.4300
752.05,	1.4300
752.66,	1.4300
753.28,	1.4300
753.90,	1.4200
754.51,	1.4200
755.13,	1.4200
755.74,	1.4200
756.36,	1.4200
756.98,	1.4200
757.59,	1.4200
758.21,	1.4200
758.82,	1.4200
759.44,	1.4200
760.06,	1.4200
760.67,	1.4100
761.29,	1.4100
761.90,	1.4100
762.52,	1.4200
763.14,	1.4200
763.75,	1.4100
764.37,	1.4100
764.98,	1.4100
765.60,	1.4100
766.21,	1.4100
766.83,	1.4100
767.44,	1.4100
768.06,	1.4100
768.67,	1.4100
769.29,	1.4100
769.90,	1.4000
770.52,	1.4000
771.14,	1.4000
771.75,	1.4100
772.37,	1.4100
772.98,	1.4100
773.59,	1.4100
774.21,	1.4100
774.82,	1.4100
775.44,	1.4100
776.05,	1.4000
776.67,	1.4000
777.28,	1.4000
777.90,	1.4000
778.51,	1.4000
779.13,	1.4000
779.74,	1.4000
780.36,	1.4000
780.97,	1.4000
781.58,	1.3900
782.20,	1.3900
782.81,	1.3900
783.43,	1.3900
784.04,	1.3900
784.66,	1.3900
785.27,	1.3900
785.88,	1.3900
786.50,	1.3900
787.11,	1.3900
787.73,	1.3900
788.34,	1.3900
788.95,	1.3900
789.57,	1.3900
790.18,	1.3900
790.79,	1.3900
791.41,	1.3900
792.02,	1.3900
792.63,	1.3800
793.25,	1.3900
793.86,	1.3900
794.47,	1.3900
795.09,	1.3800
795.70,	1.3900
796.31,	1.3900
796.93,	1.3900
797.54,	1.3800
798.15,	1.3800
798.77,	1.3800
799.38,	1.3800
799.99,	1.3800
800.61,	1.3800
801.22,	1.3800
801.83,	1.3800
802.44,	1.3800
803.06,	1.3700
803.67,	1.3700
804.28,	1.3700
804.90,	1.3700
805.51,	1.3700
806.12,	1.3700
806.73,	1.3700
807.34,	1.3600
807.96,	1.3600
808.57,	1.3600
809.18,	1.3500
809.79,	1.3500
810.41,	1.3500
811.02,	1.3500
811.63,	1.3500
812.24,	1.3500
812.85,	1.3500
813.47,	1.3500
814.08,	1.3500
814.69,	1.3500
815.30,	1.3500
815.91,	1.3500
816.53,	1.3500
817.14,	1.3400
817.75,	1.3500
818.36,	1.3500
818.97,	1.3500
819.58,	1.3400
820.20,	1.3400
820.81,	1.3400
821.42,	1.3500
822.03,	1.3400
822.64,	1.3500
823.25,	1.3500
823.86,	1.3500
824.47,	1.3400
825.09,	1.3500
825.70,	1.3500
826.31,	1.3500
826.92,	1.3500
827.53,	1.3500
828.14,	1.3400
828.75,	1.3400
829.36,	1.3400
829.97,	1.3400
830.58,	1.3400
831.19,	1.3400
831.80,	1.3400
832.42,	1.3400
833.03,	1.3400
833.64,	1.3400
834.25,	1.3300
834.86,	1.3300
835.47,	1.3300
836.08,	1.3300
836.69,	1.3300
837.30,	1.3300
837.91,	1.3300
838.52,	1.3300
839.13,	1.3300
839.74,	1.3200
840.35,	1.3200
840.96,	1.3200
841.57,	1.3200
842.18,	1.3200
842.79,	1.3200
843.40,	1.3200
844.01,	1.3200
844.62,	1.3200
845.23,	1.3200
845.84,	1.3200
846.45,	1.3200
847.06,	1.3200
847.67,	1.3100
848.27,	1.3100
848.88,	1.3200
849.49,	1.3200
850.10,	1.3200
850.71,	1.3200
851.32,	1.3200
851.93,	1.3200
852.54,	1.3100
853.15,	1.3100
853.76,	1.3100
854.37,	1.3100
854.98,	1.3100
855.58,	1.3100
856.19,	1.3100
856.80,	1.3100
857.41,	1.3100
858.02,	1.3100
858.63,	1.3100
859.24,	1.3100
859.85,	1.3100
860.45,	1.3100
861.06,	1.3100
861.67,	1.3100
862.28,	1.3100
862.89,	1.3100
863.50,	1.3100
864.10,	1.3000
864.71,	1.3100
865.32,	1.3000
865.93,	1.3000
866.54,	1.3000
867.14,	1.3000
867.75,	1.3000
868.36,	1.3000
868.97,	1.3000
869.58,	1.3000
870.18,	1.3000
870.79,	1.3000
871.40,	1.3000
872.01,	1.3000
872.61,	1.3000
873.22,	1.3000
873.83,	1.3000
874.44,	1.3000
875.04,	1.3000
875.65,	1.3000
876.26,	1.3000
876.87,	1.3000
877.47,	1.3000
878.08,	1.3000
878.69,	1.3000
879.29,	1.3000
879.90,	1.3000
880.51,	1.3000
881.12,	1.3000
881.72,	1.3000
882.33,	1.3000
882.94,	1.3000
883.54,	1.2900
884.15,	1.2900
884.76,	1.2900
885.36,	1.2900
885.97,	1.3000
886.58,	1.3000
887.18,	1.2900
887.79,	1.2900
888.40,	1.2900
889.00,	1.2900
889.61,	1.2900
890.22,	1.2900
890.82,	1.2900
891.43,	1.2900
892.03,	1.2900
892.64,	1.2900
893.25,	1.2900
893.85,	1.2900
894.46,	1.2900
895.06,	1.2900
895.67,	1.2900
896.28,	1.2900
896.88,	1.2900
897.49,	1.2900
898.09,	1.2900
898.70,	1.2900
899.30,	1.2900
899.91,	1.2900
900.52,	1.2900
901.12,	1.2800
901.73,	1.2800
902.33,	1.2800
902.94,	1.2800
903.54,	1.2800
904.15,	1.2900
904.75,	1.2800
905.36,	1.2800
905.96,	1.2800
906.57,	1.2800
907.17,	1.2800
907.78,	1.2800
908.38,	1.2800
908.99,	1.2700
909.59,	1.2700
910.20,	1.2700
910.80,	1.2700
911.41,	1.2700
912.01,	1.2700
912.62,	1.2700
913.22,	1.2700
913.83,	1.2700
914.43,	1.2600
915.03,	1.2700
915.64,	1.8400
916.24,	7.4200
916.85,	14.7100
917.45,	17.3000
918.06,	18.8300
918.66,	19.9300
919.26,	20.7700
919.87,	21.4700
920.47,	22.0800
921.08,	22.6200
921.68,	23.1200
922.28,	23.8400
922.89,	35.5000
923.49,	35.5000
924.10,	35.5000
924.70,	35.5000
925.30,	35.5000
925.91,	35.5000
926.51,	35.5000
927.11,	35.5000
927.72,	35.5000
928.32,	35.5000
928.92,	35.5000
929.53,	35.5000
930.13,	35.5000
930.74,	35.5000
931.34,	35.5000
931.94,	35.5000
932.54,	35.5000
933.15,	35.5000
933.75,	35.5000
934.35,	35.5000
934.96,	35.5000
935.56,	35.5000
936.16,	35.5000
936.77,	35.5000
937.37,	35.5000
937.97,	35.5000
938.57,	35.5000
939.18,	35.5000
939.78,	35.5000
940.38,	35.5000
940.98,	35.5000
941.59,	35.5000
942.19,	35.5000
942.79,	35.5000
943.39,	35.5000
944.00,	35.5000
944.60,	35.5000
945.20,	35.5000
945.80,	35.5000
946.40,	35.5000
947.01,	35.5000
947.61,	35.5000
948.21,	35.5000
948.81,	35.5000
949.41,	35.5000
950.02,	35.5000
950.62,	35.5000
951.22,	35.5000
951.82,	35.5000
952.42,	35.5000
953.02,	35.5000
953.63,	35.5000
954.23,	35.5000
954.83,	35.5000
955.43,	35.5000
956.03,	35.5000
956.63,	35.5000
957.24,	35.5000
957.84,	35.5000
958.44,	35.5000
959.04,	35.5000
959.64,	35.5000
960.24,	35.5000
960.84,	35.5000
961.44,	35.5000
962.04,	35.5000
962.64,	35.5000
963.25,	35.5000
963.85,	35.5000
964.45,	35.5000
965.05,	35.5000
965.65,	35.5000
966.25,	35.5000
966.85,	35.5000
967.45,	35.5000
968.05,	35.5000
968.65,	35.5000
969.25,	35.5000
969.85,	35.5000
970.45,	35.5000
971.05,	35.5000
971.65,	35.5000
972.25,	35.5000
972.85,	35.5000
973.45,	35.5000
974.05,	35.5000
974.65,	35.5000
975.25,	35.5000
975.85,	35.5000
976.45,	35.5000
977.05,	-2.5200
977.65,	-2.5200
978.25,	-2.5200
978.85,	-2.5200
979.45,	-2.5200
980.05,	-2.5200
980.65,	-2.5200
981.25,	-2.5200
981.85,	-2.5200
982.45,	-2.5200
983.05,	-2.5200
983.65,	-2.5200
984.25,	-2.5200
984.85,	-2.5200
985.45,	-2.5200
986.04,	-2.5200
986.64,	-2.5200
987.24,	-2.5200
987.84,	-2.5200
988.44,	-2.5200
989.04,	-2.5200
989.64,	-2.5200
990.24,	-2.5200
990.84,	-2.5200
991.44,	-2.5200
992.03,	-2.5200
992.63,	-2.5200
993.23,	-2.5200
993.83,	-2.5200
994.43,	-2.5200
995.03,	-2.5200
995.63,	-2.5200
996.22,	-2.5200
996.82,	-2.5200
997.42,	-2.5200
998.02,	-2.5200
998.62,	-2.5200
999.21,	-2.5200
999.81,	-2.5200
1000.41,	-2.5200
