Call Sign = ZSDA,	Ship Name = SA Agulhas,	Lloyds Num = 0
Date = 12/03/2016,	Time = 05:01,	
Latitude = 42 26.49  S,	Longitude = 008 57.56  E
Instr = Sippican Deep Blue,	Card Type = Sippican MK-21,	
Wind Instr = ,	Measur Method = 
Probe Serial Num = -1,	Ship Dir = -1,	Ship Speed = -1.00
Wind Dir = 352,	Wind Speed = 36.00
Dry Bulb Temp = 11.00,	Total Water Depth = -1.00

Full Resolution Values
Depth,	 Temp
0.67,	10.9900
1.34,	10.7200
2.01,	10.6300
2.68,	10.6000
3.34,	10.6100
4.01,	10.6200
4.68,	10.6300
5.35,	10.6400
6.02,	10.6400
6.69,	10.6400
7.36,	10.6300
8.03,	10.6300
8.69,	10.6300
9.36,	10.6400
10.03,	10.6300
10.70,	10.6300
11.37,	10.6300
12.04,	10.6300
12.70,	10.6100
13.37,	10.6100
14.04,	10.6100
14.71,	10.6000
15.38,	10.6100
16.05,	10.6100
16.71,	10.6100
17.38,	10.6100
18.05,	10.6100
18.72,	10.6000
19.38,	10.5900
20.05,	10.6000
20.72,	10.6100
21.39,	10.6200
22.06,	10.6100
22.72,	10.6000
23.39,	10.6000
24.06,	10.5900
24.73,	10.6000
25.39,	10.6100
26.06,	10.6000
26.73,	10.6100
27.40,	10.6000
28.06,	10.6000
28.73,	10.5800
29.40,	10.5800
30.06,	10.5900
30.73,	10.5700
31.40,	10.5500
32.06,	10.5500
32.73,	10.5400
33.40,	10.5300
34.07,	10.5300
34.73,	10.5200
35.40,	10.5000
36.07,	10.4700
36.73,	10.4500
37.40,	10.4400
38.07,	10.4300
38.73,	10.4000
39.40,	10.3800
40.06,	10.3600
40.73,	10.3400
41.40,	10.2900
42.06,	10.2300
42.73,	10.1600
43.40,	10.0600
44.06,	9.9700
44.73,	9.8800
45.39,	9.7800
46.06,	9.7200
46.73,	9.6600
47.39,	9.6000
48.06,	9.5500
48.72,	9.4900
49.39,	9.4500
50.06,	9.4000
50.72,	9.3600
51.39,	9.3300
52.05,	9.3100
52.72,	9.2800
53.38,	9.2600
54.05,	9.2500
54.71,	9.2500
55.38,	9.2400
56.05,	9.2300
56.71,	9.1900
57.38,	9.1700
58.04,	9.1500
58.71,	9.1400
59.37,	9.1300
60.04,	9.1200
60.70,	9.1100
61.37,	9.1100
62.03,	9.1000
62.70,	9.0900
63.36,	9.0900
64.03,	9.0800
64.69,	9.0700
65.36,	9.0400
66.02,	9.0400
66.69,	9.0300
67.35,	9.0300
68.01,	9.0300
68.68,	9.0300
69.34,	9.0200
70.01,	9.0000
70.67,	9.0000
71.34,	8.9900
72.00,	8.9700
72.66,	8.9700
73.33,	8.9700
73.99,	8.9500
74.66,	8.9400
75.32,	8.9300
75.98,	8.9200
76.65,	8.9000
77.31,	8.8900
77.98,	8.8800
78.64,	8.8800
79.30,	8.8800
79.97,	8.8800
80.63,	8.8600
81.30,	8.8300
81.96,	8.8000
82.62,	8.7900
83.29,	8.7800
83.95,	8.7800
84.61,	8.7800
85.28,	8.7700
85.94,	8.7600
86.60,	8.7500
87.27,	8.7400
87.93,	8.7400
88.59,	8.7400
89.26,	8.7500
89.92,	8.7600
90.58,	8.7800
91.24,	8.7800
91.91,	8.7800
92.57,	8.7700
93.23,	8.7800
93.90,	8.7900
94.56,	8.8100
95.22,	8.8100
95.88,	8.8200
96.55,	8.8300
97.21,	8.8300
97.87,	8.8200
98.53,	8.7900
99.20,	8.7800
99.86,	8.7800
100.52,	8.7900
101.18,	8.8000
101.85,	8.8300
102.51,	8.8300
103.17,	8.8300
103.83,	8.8300
104.49,	8.8100
105.16,	8.7800
105.82,	8.7300
106.48,	8.7100
107.14,	8.7100
107.80,	8.7100
108.47,	8.7000
109.13,	8.6900
109.79,	8.6600
110.45,	8.6400
111.11,	8.6300
111.77,	8.6200
112.44,	8.6300
113.10,	8.6300
113.76,	8.6400
114.42,	8.6500
115.08,	8.6500
115.74,	8.6400
116.40,	8.6300
117.06,	8.6100
117.73,	8.6100
118.39,	8.6000
119.05,	8.6000
119.71,	8.5900
120.37,	8.5900
121.03,	8.5700
121.69,	8.5300
122.35,	8.5100
123.01,	8.4800
123.67,	8.4500
124.33,	8.4200
125.00,	8.4000
125.66,	8.3800
126.32,	8.3600
126.98,	8.3600
127.64,	8.3300
128.30,	8.3100
128.96,	8.3000
129.62,	8.2800
130.28,	8.2600
130.94,	8.2400
131.60,	8.2300
132.26,	8.2200
132.92,	8.2100
133.58,	8.2100
134.24,	8.1900
134.90,	8.1800
135.56,	8.1800
136.22,	8.1800
136.88,	8.1800
137.54,	8.1700
138.20,	8.1700
138.86,	8.1700
139.52,	8.1700
140.18,	8.1700
140.84,	8.1700
141.50,	8.1600
142.16,	8.1600
142.82,	8.1600
143.48,	8.1600
144.14,	8.1600
144.79,	8.1500
145.45,	8.1400
146.11,	8.1400
146.77,	8.1400
147.43,	8.1500
148.09,	8.1400
148.75,	8.1300
149.41,	8.1300
150.07,	8.1300
150.73,	8.1100
151.39,	8.1100
152.04,	8.1000
152.70,	8.0900
153.36,	8.0900
154.02,	8.0800
154.68,	8.0700
155.34,	8.0700
156.00,	8.0600
156.65,	8.0600
157.31,	8.0600
157.97,	8.0500
158.63,	8.0400
159.29,	8.0400
159.95,	8.0500
160.60,	8.0400
161.26,	8.0300
161.92,	8.0400
162.58,	8.0400
163.24,	8.0300
163.90,	8.0300
164.55,	8.0300
165.21,	8.0300
165.87,	8.0200
166.53,	8.0000
167.18,	7.9900
167.84,	7.9800
168.50,	7.9700
169.16,	7.9700
169.82,	7.9600
170.47,	7.9500
171.13,	7.9400
171.79,	7.9300
172.44,	7.9200
173.10,	7.9200
173.76,	7.9200
174.42,	7.9200
175.07,	7.9100
175.73,	7.9000
176.39,	7.8800
177.05,	7.8700
177.70,	7.8600
178.36,	7.8600
179.02,	7.8600
179.67,	7.8300
180.33,	7.8000
180.99,	7.7900
181.64,	7.7800
182.30,	7.7700
182.96,	7.7700
183.61,	7.7500
184.27,	7.7400
184.93,	7.7300
185.58,	7.7200
186.24,	7.7100
186.90,	7.6900
187.55,	7.6600
188.21,	7.6400
188.87,	7.6200
189.52,	7.6100
190.18,	7.6100
190.83,	7.6000
191.49,	7.5800
192.15,	7.5800
192.80,	7.5800
193.46,	7.5800
194.11,	7.5900
194.77,	7.6000
195.43,	7.6000
196.08,	7.5900
196.74,	7.6000
197.39,	7.6000
198.05,	7.5900
198.70,	7.5600
199.36,	7.5500
200.02,	7.5400
200.67,	7.5300
201.33,	7.5200
201.98,	7.5200
202.64,	7.5300
203.29,	7.5300
203.95,	7.5300
204.60,	7.5200
205.26,	7.5200
205.91,	7.5200
206.57,	7.5200
207.22,	7.5200
207.88,	7.5200
208.53,	7.5200
209.19,	7.5200
209.84,	7.5300
210.50,	7.5200
211.15,	7.5200
211.81,	7.5100
212.46,	7.5000
213.12,	7.5000
213.77,	7.4900
214.43,	7.5000
215.08,	7.5000
215.74,	7.5000
216.39,	7.5000
217.04,	7.4900
217.70,	7.4800
218.35,	7.4700
219.01,	7.4600
219.66,	7.4500
220.32,	7.4500
220.97,	7.4500
221.62,	7.4400
222.28,	7.4400
222.93,	7.4400
223.59,	7.4400
224.24,	7.4400
224.89,	7.4300
225.55,	7.4500
226.20,	7.4800
226.85,	7.5000
227.51,	7.5200
228.16,	7.5300
228.81,	7.5400
229.47,	7.5300
230.12,	7.5200
230.78,	7.5000
231.43,	7.4700
232.08,	7.4500
232.74,	7.4300
233.39,	7.4300
234.04,	7.4500
234.69,	7.4700
235.35,	7.4700
236.00,	7.4400
236.65,	7.4100
237.31,	7.3900
237.96,	7.3900
238.61,	7.4000
239.27,	7.4000
239.92,	7.4000
240.57,	7.3900
241.22,	7.3900
241.88,	7.3800
242.53,	7.3700
243.18,	7.3800
243.83,	7.3800
244.49,	7.3900
245.14,	7.3900
245.79,	7.3900
246.44,	7.3900
247.10,	7.3900
247.75,	7.3900
248.40,	7.3900
249.05,	7.3900
249.70,	7.3900
250.36,	7.4000
251.01,	7.4000
251.66,	7.3900
252.31,	7.3900
252.96,	7.3900
253.62,	7.3800
254.27,	7.3800
254.92,	7.3800
255.57,	7.3700
256.22,	7.3700
256.88,	7.3600
257.53,	7.3600
258.18,	7.3600
258.83,	7.3600
259.48,	7.3600
260.13,	7.3700
260.78,	7.3600
261.44,	7.3600
262.09,	7.3600
262.74,	7.3500
263.39,	7.3400
264.04,	7.3300
264.69,	7.3300
265.34,	7.3300
265.99,	7.3300
266.64,	7.3300
267.29,	7.3300
267.95,	7.3300
268.60,	7.3200
269.25,	7.3100
269.90,	7.3100
270.55,	7.3100
271.20,	7.3100
271.85,	7.3000
272.50,	7.3000
273.15,	7.3000
273.80,	7.3100
274.45,	7.3100
275.10,	7.3100
275.75,	7.3100
276.40,	7.3000
277.05,	7.3000
277.70,	7.2900
278.35,	7.2900
279.00,	7.2900
279.65,	7.2900
280.30,	7.2900
280.95,	7.2900
281.60,	7.2900
282.25,	7.2900
282.90,	7.2900
283.55,	7.2900
284.20,	7.2900
284.85,	7.2800
285.50,	7.2900
286.15,	7.3000
286.80,	7.3000
287.45,	7.3000
288.10,	7.3100
288.75,	7.3200
289.40,	7.3300
290.05,	7.3200
290.70,	7.3200
291.35,	7.3200
292.00,	7.3200
292.64,	7.3100
293.29,	7.3100
293.94,	7.3100
294.59,	7.3000
295.24,	7.3000
295.89,	7.3000
296.54,	7.3000
297.19,	7.2900
297.84,	7.2900
298.49,	7.2900
299.13,	7.2800
299.78,	7.2800
300.43,	7.2800
301.08,	7.2800
301.73,	7.2700
302.38,	7.2700
303.02,	7.2600
303.67,	7.2500
304.32,	7.2600
304.97,	7.2600
305.62,	7.2500
306.27,	7.2400
306.91,	7.2300
307.56,	7.2200
308.21,	7.2000
308.86,	7.1900
309.51,	7.1700
310.15,	7.1700
310.80,	7.1700
311.45,	7.1500
312.10,	7.1500
312.75,	7.1300
313.39,	7.1300
314.04,	7.1200
314.69,	7.1000
315.34,	7.0800
315.98,	7.0600
316.63,	7.0500
317.28,	7.0400
317.93,	7.0300
318.57,	7.0200
319.22,	7.0100
319.87,	7.0000
320.52,	7.0000
321.16,	7.0000
321.81,	7.0000
322.46,	6.9900
323.10,	6.9700
323.75,	6.9700
324.40,	6.9700
325.04,	6.9700
325.69,	6.9700
326.34,	6.9700
326.99,	6.9700
327.63,	6.9600
328.28,	6.9700
328.93,	6.9600
329.57,	6.9600
330.22,	6.9500
330.86,	6.9500
331.51,	6.9500
332.16,	6.9500
332.80,	6.9500
333.45,	6.9400
334.10,	6.9400
334.74,	6.9400
335.39,	6.9300
336.03,	6.9400
336.68,	6.9400
337.33,	6.9300
337.97,	6.9200
338.62,	6.9100
339.26,	6.9000
339.91,	6.8900
340.56,	6.8900
341.20,	6.8900
341.85,	6.9000
342.49,	6.8800
343.14,	6.8700
343.78,	6.8600
344.43,	6.8600
345.08,	6.8600
345.72,	6.8600
346.37,	6.8600
347.01,	6.8600
347.66,	6.8600
348.30,	6.8500
348.95,	6.8500
349.59,	6.8500
350.24,	6.8500
350.88,	6.8400
351.53,	6.8400
352.17,	6.8300
352.82,	6.8300
353.46,	6.8200
354.11,	6.8200
354.75,	6.8200
355.40,	6.8200
356.04,	6.8100
356.69,	6.8200
357.33,	6.8200
357.98,	6.8100
358.62,	6.8000
359.27,	6.7900
359.91,	6.7900
360.55,	6.7900
361.20,	6.7700
361.84,	6.7600
362.49,	6.7600
363.13,	6.7600
363.78,	6.7400
364.42,	6.7300
365.06,	6.7300
365.71,	6.7200
366.35,	6.7200
367.00,	6.7100
367.64,	6.6900
368.28,	6.6700
368.93,	6.6600
369.57,	6.6500
370.22,	6.6500
370.86,	6.6400
371.50,	6.6300
372.15,	6.6300
372.79,	6.6200
373.43,	6.6000
374.08,	6.5900
374.72,	6.5800
375.36,	6.5900
376.01,	6.5800
376.65,	6.5700
377.29,	6.5700
377.94,	6.5500
378.58,	6.5300
379.22,	6.5200
379.87,	6.5200
380.51,	6.5100
381.15,	6.5000
381.79,	6.5000
382.44,	6.4800
383.08,	6.4700
383.72,	6.4700
384.37,	6.4700
385.01,	6.4600
385.65,	6.4500
386.29,	6.4400
386.94,	6.4400
387.58,	6.4400
388.22,	6.4400
388.86,	6.4400
389.51,	6.4400
390.15,	6.4400
390.79,	6.4400
391.43,	6.4300
392.08,	6.4300
392.72,	6.4300
393.36,	6.4300
394.00,	6.4300
394.64,	6.4200
395.29,	6.4100
395.93,	6.4000
396.57,	6.3900
397.21,	6.3800
397.85,	6.3600
398.50,	6.3500
399.14,	6.3300
399.78,	6.3100
400.42,	6.3100
401.06,	6.3000
401.70,	6.2900
402.34,	6.3000
402.99,	6.3000
403.63,	6.2900
404.27,	6.2900
404.91,	6.2800
405.55,	6.2800
406.19,	6.2800
406.83,	6.2800
407.48,	6.2700
408.12,	6.2700
408.76,	6.2700
409.40,	6.2500
410.04,	6.2500
410.68,	6.2400
411.32,	6.2300
411.96,	6.2100
412.60,	6.2000
413.24,	6.2000
413.88,	6.1900
414.52,	6.1700
415.17,	6.1700
415.81,	6.1700
416.45,	6.1600
417.09,	6.1600
417.73,	6.1600
418.37,	6.1500
419.01,	6.1500
419.65,	6.1500
420.29,	6.1500
420.93,	6.1400
421.57,	6.1400
422.21,	6.1400
422.85,	6.1300
423.49,	6.1200
424.13,	6.1100
424.77,	6.1000
425.41,	6.0800
426.05,	6.0700
426.69,	6.0600
427.33,	6.0500
427.97,	6.0500
428.61,	6.0300
429.25,	6.0100
429.89,	6.0000
430.53,	5.9900
431.17,	5.9900
431.80,	5.9900
432.44,	5.9900
433.08,	5.9900
433.72,	5.9900
434.36,	5.9900
435.00,	5.9900
435.64,	5.9900
436.28,	5.9900
436.92,	5.9800
437.56,	5.9700
438.20,	5.9600
438.84,	5.9500
439.47,	5.9400
440.11,	5.9300
440.75,	5.9200
441.39,	5.9200
442.03,	5.9100
442.67,	5.9000
443.31,	5.8800
443.95,	5.8700
444.58,	5.8500
445.22,	5.8400
445.86,	5.8200
446.50,	5.8200
447.14,	5.8000
447.78,	5.7900
448.41,	5.7900
449.05,	5.7800
449.69,	5.7700
450.33,	5.7700
450.97,	5.7700
451.60,	5.7500
452.24,	5.7400
452.88,	5.7300
453.52,	5.7300
454.16,	5.7200
454.79,	5.7100
455.43,	5.6900
456.07,	5.6800
456.71,	5.6800
457.35,	5.6700
457.98,	5.6600
458.62,	5.6400
459.26,	5.6300
459.90,	5.6100
460.53,	5.6100
461.17,	5.6000
461.81,	5.6000
462.44,	5.5900
463.08,	5.5700
463.72,	5.5600
464.36,	5.5500
464.99,	5.5500
465.63,	5.5400
466.27,	5.5300
466.90,	5.5300
467.54,	5.5100
468.18,	5.5000
468.81,	5.4900
469.45,	5.4900
470.09,	5.4800
470.72,	5.4600
471.36,	5.4500
472.00,	5.4500
472.63,	5.4500
473.27,	5.4500
473.91,	5.4400
474.54,	5.4400
475.18,	5.4400
475.82,	5.4300
476.45,	5.4200
477.09,	5.4100
477.73,	5.3900
478.36,	5.3700
479.00,	5.3600
479.63,	5.3600
480.27,	5.3600
480.91,	5.3400
481.54,	5.3300
482.18,	5.3200
482.81,	5.3100
483.45,	5.2800
484.08,	5.2600
484.72,	5.2500
485.36,	5.2400
485.99,	5.2200
486.63,	5.2000
487.26,	5.2000
487.90,	5.1900
488.53,	5.1900
489.17,	5.1800
489.80,	5.1900
490.44,	5.1800
491.07,	5.1800
491.71,	5.1700
492.34,	5.1700
492.98,	5.1700
493.62,	5.1600
494.25,	5.1500
494.89,	5.1500
495.52,	5.1500
496.15,	5.1400
496.79,	5.1400
497.42,	5.1400
498.06,	5.1200
498.69,	5.1100
499.33,	5.1100
499.96,	5.1000
500.60,	5.1000
501.23,	5.1000
501.87,	5.0900
502.50,	5.0900
503.14,	5.0800
503.77,	5.0900
504.40,	5.0800
505.04,	5.0700
505.67,	5.0700
506.31,	5.0700
506.94,	5.0700
507.57,	5.0800
508.21,	5.0700
508.84,	5.0600
509.48,	5.0500
510.11,	5.0400
510.74,	5.0300
511.38,	5.0200
512.01,	5.0000
512.65,	4.9900
513.28,	4.9900
513.91,	4.9900
514.55,	4.9800
515.18,	4.9700
515.81,	4.9700
516.45,	4.9700
517.08,	4.9700
517.71,	4.9700
518.35,	4.9700
518.98,	4.9600
519.61,	4.9600
520.25,	4.9600
520.88,	4.9600
521.51,	4.9600
522.15,	4.9500
522.78,	4.9400
523.41,	4.9400
524.04,	4.9400
524.68,	4.9300
525.31,	4.9100
525.94,	4.9000
526.58,	4.9000
527.21,	4.9000
527.84,	4.8900
528.47,	4.8900
529.11,	4.8800
529.74,	4.8700
530.37,	4.8700
531.00,	4.8700
531.64,	4.8600
532.27,	4.8600
532.90,	4.8600
533.53,	4.8400
534.17,	4.8300
534.80,	4.8300
535.43,	4.8300
536.06,	4.8200
536.69,	4.8200
537.33,	4.8200
537.96,	4.8100
538.59,	4.8100
539.22,	4.8100
539.85,	4.8100
540.48,	4.8000
541.12,	4.8000
541.75,	4.8000
542.38,	4.8000
543.01,	4.8000
543.64,	4.8000
544.27,	4.8100
544.91,	4.8000
545.54,	4.8000
546.17,	4.7900
546.80,	4.7700
547.43,	4.7700
548.06,	4.7700
548.69,	4.7700
549.32,	4.7700
549.95,	4.7700
550.59,	4.7600
551.22,	4.7600
551.85,	4.7500
552.48,	4.7500
553.11,	4.7500
553.74,	4.7400
554.37,	4.7400
555.00,	4.7400
555.63,	4.7300
556.26,	4.7200
556.89,	4.7200
557.52,	4.7200
558.15,	4.7200
558.78,	4.7100
559.42,	4.7000
560.05,	4.7000
560.68,	4.6900
561.31,	4.6900
561.94,	4.6800
562.57,	4.6800
563.20,	4.6800
563.83,	4.6800
564.46,	4.6700
565.09,	4.6700
565.72,	4.6700
566.35,	4.6600
566.98,	4.6500
567.61,	4.6400
568.24,	4.6300
568.87,	4.6200
569.50,	4.6200
570.12,	4.6200
570.75,	4.6100
571.38,	4.6100
572.01,	4.6100
572.64,	4.6100
573.27,	4.6200
573.90,	4.6200
574.53,	4.6100
575.16,	4.6000
575.79,	4.6000
576.42,	4.6000
577.05,	4.6000
577.68,	4.6000
578.31,	4.6000
578.93,	4.5900
579.56,	4.5900
580.19,	4.5800
580.82,	4.5800
581.45,	4.5800
582.08,	4.5800
582.71,	4.5800
583.34,	4.5700
583.97,	4.5600
584.59,	4.5500
585.22,	4.5500
585.85,	4.5400
586.48,	4.5400
587.11,	4.5300
587.74,	4.5200
588.36,	4.5200
588.99,	4.5100
589.62,	4.5000
590.25,	4.4900
590.88,	4.4900
591.50,	4.4900
592.13,	4.4800
592.76,	4.4700
593.39,	4.4800
594.02,	4.4700
594.64,	4.4600
595.27,	4.4600
595.90,	4.4600
596.53,	4.4600
597.16,	4.4500
597.78,	4.4400
598.41,	4.4300
599.04,	4.4300
599.67,	4.4300
600.29,	4.4200
600.92,	4.4300
601.55,	4.4300
602.18,	4.4200
602.80,	4.4100
603.43,	4.4100
604.06,	4.4100
604.68,	4.4100
605.31,	4.4100
605.94,	4.4100
606.57,	4.4100
607.19,	4.4000
607.82,	4.4000
608.45,	4.4000
609.07,	4.3900
609.70,	4.3800
610.33,	4.3700
610.95,	4.3700
611.58,	4.3700
612.21,	4.3600
612.83,	4.3600
613.46,	4.3600
614.09,	4.3700
614.71,	4.3600
615.34,	4.3600
615.97,	4.3600
616.59,	4.3600
617.22,	4.3600
617.84,	4.3600
618.47,	4.3600
619.10,	4.3500
619.72,	4.3500
620.35,	4.3500
620.97,	4.3400
621.60,	4.3300
622.23,	4.3100
622.85,	4.3000
623.48,	4.2900
624.10,	4.2900
624.73,	4.2800
625.35,	4.2700
625.98,	4.2600
626.61,	4.2500
627.23,	4.2300
627.86,	4.2300
628.48,	4.2200
629.11,	4.2200
629.73,	4.2200
630.36,	4.2200
630.98,	4.2100
631.61,	4.2000
632.23,	4.2000
632.86,	4.2000
633.48,	4.1900
634.11,	4.1900
634.73,	4.1900
635.36,	4.1900
635.98,	4.1900
636.61,	4.1800
637.23,	4.1800
637.86,	4.1800
638.48,	4.1700
639.11,	4.1700
639.73,	4.1600
640.36,	4.1500
640.98,	4.1400
641.61,	4.1300
642.23,	4.1100
642.85,	4.1000
643.48,	4.0900
644.10,	4.0900
644.73,	4.0900
645.35,	4.0800
645.98,	4.0800
646.60,	4.0700
647.22,	4.0700
647.85,	4.0700
648.47,	4.0700
649.10,	4.0700
649.72,	4.0700
650.34,	4.0600
650.97,	4.0600
651.59,	4.0400
652.22,	4.0400
652.84,	4.0400
653.46,	4.0300
654.09,	4.0300
654.71,	4.0300
655.33,	4.0300
655.96,	4.0300
656.58,	4.0200
657.20,	4.0100
657.83,	4.0100
658.45,	4.0200
659.07,	4.0200
659.70,	4.0200
660.32,	4.0100
660.94,	4.0000
661.57,	4.0000
662.19,	4.0000
662.81,	4.0000
663.43,	3.9900
664.06,	3.9900
664.68,	3.9900
665.30,	3.9900
665.93,	3.9900
666.55,	3.9800
667.17,	3.9800
667.79,	3.9700
668.42,	3.9700
669.04,	3.9800
669.66,	3.9800
670.28,	3.9700
670.91,	3.9700
671.53,	3.9700
672.15,	3.9700
672.77,	3.9600
673.39,	3.9500
674.02,	3.9500
674.64,	3.9500
675.26,	3.9500
675.88,	3.9400
676.50,	3.9300
677.13,	3.9300
677.75,	3.9200
678.37,	3.9200
678.99,	3.9200
679.61,	3.9300
680.24,	3.9300
680.86,	3.9300
681.48,	3.9200
682.10,	3.9300
682.72,	3.9300
683.34,	3.9300
683.96,	3.9300
684.59,	3.9300
685.21,	3.9200
685.83,	3.9100
686.45,	3.9100
687.07,	3.9100
687.69,	3.9000
688.31,	3.9000
688.93,	3.8900
689.56,	3.9000
690.18,	3.8900
690.80,	3.8800
691.42,	3.8800
692.04,	3.8800
692.66,	3.8700
693.28,	3.8700
693.90,	3.8700
694.52,	3.8600
695.14,	3.8500
695.76,	3.8500
696.38,	3.8500
697.00,	3.8400
697.62,	3.8300
698.25,	3.8300
698.87,	3.8300
699.49,	3.8200
700.11,	3.8200
700.73,	3.8200
701.35,	3.8200
701.97,	3.8200
702.59,	3.8200
703.21,	3.8200
703.83,	3.8200
704.45,	3.8200
705.07,	3.8200
705.69,	3.8200
706.31,	3.8100
706.93,	3.8100
707.55,	3.8100
708.17,	3.8100
708.79,	3.8100
709.40,	3.8100
710.02,	3.8000
710.64,	3.8000
711.26,	3.8000
711.88,	3.8000
712.50,	3.8100
713.12,	3.8000
713.74,	3.8000
714.36,	3.8000
714.98,	3.8000
715.60,	3.8000
716.22,	3.8000
716.84,	3.8000
717.45,	3.7900
718.07,	3.7900
718.69,	3.7900
719.31,	3.7900
719.93,	3.7900
720.55,	3.7900
721.17,	3.7800
721.79,	3.7700
722.41,	3.7700
723.02,	3.7700
723.64,	3.7700
724.26,	3.7600
724.88,	3.7600
725.50,	3.7600
726.12,	3.7600
726.73,	3.7500
727.35,	3.7600
727.97,	3.7500
728.59,	3.7500
729.21,	3.7500
729.83,	3.7400
730.44,	3.7300
731.06,	3.7300
731.68,	3.7200
732.30,	3.7200
732.92,	3.7100
733.53,	3.7100
734.15,	3.7200
734.77,	3.7200
735.39,	3.7100
736.00,	3.7100
736.62,	3.7000
737.24,	3.7000
737.86,	3.7000
738.47,	3.6900
739.09,	3.6900
739.71,	3.6900
740.33,	3.6900
740.94,	3.6900
741.56,	3.6900
742.18,	3.6800
742.79,	3.6800
743.41,	3.6800
744.03,	3.6800
744.65,	3.6800
745.26,	3.6800
745.88,	3.6800
746.50,	3.6800
747.11,	3.6800
747.73,	3.6800
748.35,	3.6800
748.96,	3.6700
749.58,	3.6700
750.20,	3.6700
750.81,	3.6600
751.43,	3.6600
752.05,	3.6600
752.66,	3.6500
753.28,	3.6500
753.90,	3.6400
754.51,	3.6500
755.13,	3.6500
755.74,	3.6400
756.36,	3.6400
756.98,	3.6400
757.59,	3.6300
758.21,	3.6300
758.82,	3.6300
759.44,	3.6300
760.06,	3.6300
760.67,	3.6300
761.29,	3.6300
761.90,	3.6200
762.52,	3.6200
763.14,	3.6200
763.75,	3.6200
764.37,	3.6300
764.98,	3.6300
765.60,	3.6300
766.21,	3.6300
766.83,	3.6300
767.44,	3.6200
768.06,	3.6200
768.67,	3.6200
769.29,	3.6100
769.90,	3.6100
770.52,	3.6100
771.14,	3.6000
771.75,	3.6000
772.37,	3.6000
772.98,	3.6000
773.59,	3.6000
774.21,	3.6000
774.82,	3.6000
775.44,	3.5900
776.05,	3.6000
776.67,	3.6000
777.28,	3.5900
777.90,	3.5900
778.51,	3.6000
779.13,	3.5900
779.74,	3.5900
780.36,	3.5800
780.97,	3.5700
781.58,	3.5700
782.20,	3.5700
782.81,	3.5600
783.43,	3.5600
784.04,	3.5500
784.66,	3.5500
785.27,	3.5500
785.88,	3.5500
786.50,	3.5500
787.11,	3.5500
787.73,	3.5400
788.34,	3.5400
788.95,	3.5400
789.57,	3.5500
790.18,	3.5400
790.79,	3.5400
791.41,	3.5400
792.02,	3.5400
792.63,	3.5400
793.25,	3.5300
793.86,	3.5300
794.47,	3.5300
795.09,	3.5400
795.70,	3.5400
796.31,	3.5400
796.93,	3.5400
797.54,	3.5300
798.15,	3.5300
798.77,	3.5300
799.38,	3.5300
799.99,	3.5300
800.61,	3.5300
801.22,	3.5300
801.83,	3.5200
802.44,	3.5200
803.06,	3.5200
803.67,	3.5200
804.28,	3.5200
804.90,	3.5200
805.51,	3.5200
806.12,	3.5200
806.73,	3.5200
807.34,	3.5300
807.96,	3.5300
808.57,	3.5300
809.18,	3.5300
809.79,	3.5300
810.41,	3.5300
811.02,	3.5300
811.63,	3.5300
812.24,	3.5300
812.85,	3.5200
813.47,	3.5200
814.08,	3.5200
814.69,	3.5200
815.30,	3.5200
815.91,	3.5100
816.53,	3.5100
817.14,	3.5000
817.75,	3.5000
818.36,	3.5000
818.97,	3.5000
819.58,	3.5000
820.20,	3.5000
820.81,	3.5000
821.42,	3.5000
822.03,	3.5000
822.64,	3.5000
823.25,	3.4900
823.86,	3.4900
824.47,	3.4900
825.09,	3.4900
825.70,	3.4900
826.31,	3.4900
826.92,	3.5000
827.53,	3.5000
828.14,	3.5000
828.75,	3.4900
829.36,	3.4900
829.97,	3.4800
830.58,	3.4800
831.19,	3.4800
831.80,	3.4800
832.42,	3.4800
833.03,	3.4800
833.64,	3.4800
834.25,	3.4800
834.86,	3.4700
835.47,	3.4700
836.08,	3.4700
836.69,	3.4700
837.30,	3.4700
837.91,	3.4700
838.52,	3.4700
839.13,	3.4700
839.74,	3.4700
840.35,	3.4700
840.96,	3.4700
841.57,	3.4700
842.18,	3.4700
842.79,	3.4700
843.40,	3.4600
844.01,	3.4600
844.62,	3.4600
845.23,	3.4600
845.84,	3.4600
846.45,	3.4600
847.06,	3.4600
847.67,	3.4600
848.27,	3.4600
848.88,	3.4600
849.49,	3.4500
850.10,	3.4500
850.71,	3.4500
851.32,	3.4400
851.93,	3.4300
852.54,	3.4300
853.15,	3.4300
853.76,	3.4300
854.37,	3.4300
854.98,	3.4200
855.58,	3.4200
856.19,	3.4200
856.80,	3.4100
857.41,	3.4200
858.02,	3.4200
858.63,	3.4200
859.24,	3.4100
859.85,	3.4100
860.45,	3.4100
861.06,	3.4000
861.67,	3.4100
862.28,	3.4000
862.89,	3.4100
863.50,	3.4000
864.10,	3.4000
864.71,	3.4000
865.32,	3.4000
865.93,	3.4000
866.54,	3.4000
867.14,	3.4000
867.75,	3.4000
868.36,	3.4000
868.97,	3.4000
869.58,	3.4000
870.18,	3.4000
870.79,	3.4000
871.40,	3.3900
872.01,	3.3900
872.61,	3.3900
873.22,	3.3800
873.83,	3.3800
874.44,	3.3800
875.04,	3.3800
875.65,	3.3900
876.26,	3.3800
876.87,	3.3700
877.47,	3.3700
878.08,	3.3700
878.69,	3.3800
879.29,	3.3800
879.90,	3.3700
880.51,	3.3700
881.12,	3.3700
881.72,	3.3700
882.33,	3.3700
882.94,	3.3700
883.54,	3.3700
884.15,	3.3600
884.76,	3.3600
885.36,	3.3500
885.97,	3.3500
886.58,	3.3500
887.18,	3.3400
887.79,	3.3400
888.40,	3.3300
889.00,	3.3300
889.61,	3.3400
890.22,	3.3300
890.82,	3.3300
891.43,	3.3300
892.03,	3.3300
892.64,	3.3300
893.25,	3.3300
893.85,	3.3300
894.46,	3.3300
895.06,	3.3300
895.67,	3.3300
896.28,	3.3300
896.88,	3.3300
897.49,	3.3300
898.09,	3.3300
898.70,	3.3300
899.30,	3.3300
899.91,	3.3300
900.52,	3.3200
901.12,	3.3300
901.73,	3.3200
902.33,	3.3200
902.94,	3.3200
903.54,	3.3200
904.15,	3.3100
904.75,	3.3100
905.36,	3.3200
905.96,	3.3200
906.57,	3.3100
907.17,	3.3100
907.78,	3.3000
908.38,	3.3000
908.99,	3.3000
909.59,	3.3000
910.20,	3.2900
910.80,	3.3000
911.41,	3.3000
912.01,	3.3000
912.62,	3.3000
913.22,	3.2900
913.83,	3.2900
914.43,	3.2900
915.03,	3.2900
915.64,	3.2900
916.24,	3.2900
916.85,	3.3200
917.45,	3.7300
918.06,	5.5100
918.66,	8.8900
919.26,	12.4500
919.87,	14.5300
920.47,	15.6000
921.08,	16.3200
921.68,	16.8900
922.28,	17.3900
922.89,	17.8200
923.49,	18.3700
924.10,	26.4500
924.70,	35.5000
925.30,	35.5000
925.91,	35.5000
926.51,	35.5000
927.11,	35.5000
927.72,	35.5000
928.32,	35.5000
928.92,	35.5000
929.53,	35.5000
930.13,	35.5000
930.74,	35.5000
931.34,	35.5000
931.94,	35.5000
932.54,	35.5000
933.15,	35.5000
933.75,	35.5000
934.35,	35.5000
934.96,	35.5000
935.56,	35.5000
936.16,	35.5000
936.77,	35.5000
937.37,	35.5000
937.97,	35.5000
938.57,	35.5000
939.18,	35.5000
939.78,	35.5000
940.38,	35.5000
940.98,	35.5000
941.59,	35.5000
942.19,	35.5000
942.79,	35.5000
943.39,	35.5000
944.00,	35.5000
944.60,	35.5000
945.20,	35.5000
945.80,	35.5000
946.40,	35.5000
947.01,	35.5000
947.61,	35.5000
948.21,	35.5000
948.81,	35.5000
949.41,	35.5000
950.02,	35.5000
950.62,	35.5000
951.22,	35.5000
951.82,	35.5000
952.42,	35.5000
953.02,	35.5000
953.63,	35.5000
954.23,	35.5000
954.83,	35.5000
955.43,	35.5000
956.03,	35.5000
956.63,	35.5000
957.24,	35.5000
957.84,	35.5000
958.44,	35.5000
959.04,	35.5000
959.64,	35.5000
960.24,	35.5000
960.84,	35.5000
961.44,	35.5000
962.04,	35.5000
962.64,	35.5000
963.25,	35.5000
963.85,	35.5000
964.45,	35.5000
965.05,	35.5000
965.65,	35.5000
966.25,	35.5000
966.85,	35.5000
967.45,	35.5000
968.05,	35.5000
968.65,	35.5000
969.25,	35.5000
969.85,	35.5000
970.45,	35.5000
971.05,	35.5000
971.65,	35.5000
972.25,	35.5000
972.85,	35.5000
973.45,	35.5000
974.05,	35.5000
974.65,	35.5000
975.25,	35.5000
975.85,	35.5000
976.45,	35.5000
977.05,	35.5000
977.65,	35.5000
978.25,	35.5000
978.85,	35.5000
979.45,	35.5000
980.05,	35.5000
980.65,	35.5000
981.25,	35.5000
981.85,	35.5000
982.45,	35.5000
983.05,	35.5000
983.65,	35.5000
984.25,	35.5000
984.85,	35.5000
985.45,	35.5000
986.04,	35.5000
986.64,	35.5000
987.24,	35.5000
987.84,	35.5000
988.44,	35.5000
989.04,	35.5000
989.64,	35.5000
990.24,	35.5000
990.84,	35.5000
991.44,	35.5000
992.03,	35.5000
992.63,	35.5000
993.23,	35.5000
993.83,	35.5000
994.43,	35.5000
995.03,	35.5000
995.63,	35.5000
996.22,	35.5000
996.82,	35.5000
997.42,	35.5000
998.02,	35.5000
998.62,	35.5000
999.21,	35.5000
999.81,	35.5000
1000.41,	35.5000
