Call Sign = ZSDA,	Ship Name = SA Agulhas,	Lloyds Num = 0
Date = 12/06/2016,	Time = 09:03,	
Latitude = 53 26.27  S,	Longitude = 000 00.30  E
Instr = Sippican Deep Blue,	Card Type = Sippican MK-21,	
Wind Instr = ,	Measur Method = 
Probe Serial Num = -1,	Ship Dir = -1,	Ship Speed = -1.00
Wind Dir = 178,	Wind Speed = 5.80
Dry Bulb Temp = -0.50,	Total Water Depth = -1.00

Full Resolution Values
Depth,	 Temp
0.67,	0.2500
1.34,	0.0000
2.01,	-0.0400
2.68,	-0.0500
3.34,	-0.0600
4.01,	-0.0600
4.68,	-0.0400
5.35,	-0.0200
6.02,	-0.0200
6.69,	-0.0200
7.36,	-0.0100
8.03,	-0.0100
8.69,	-0.0100
9.36,	-0.0100
10.03,	-0.0100
10.70,	-0.0100
11.37,	-0.0200
12.04,	-0.0300
12.70,	-0.0300
13.37,	-0.0400
14.04,	-0.0600
14.71,	-0.0800
15.38,	-0.0900
16.05,	-0.0800
16.71,	-0.0800
17.38,	-0.0700
18.05,	-0.0700
18.72,	-0.1000
19.38,	-0.1200
20.05,	-0.1000
20.72,	-0.1300
21.39,	-0.1400
22.06,	-0.1600
22.72,	-0.1600
23.39,	-0.1800
24.06,	-0.2100
24.73,	-0.1900
25.39,	-0.2100
26.06,	-0.2300
26.73,	-0.2400
27.40,	-0.2400
28.06,	-0.2300
28.73,	-0.2400
29.40,	-0.2600
30.06,	-0.2500
30.73,	-0.2200
31.40,	-0.2000
32.06,	-0.2000
32.73,	-0.2000
33.40,	-0.2000
34.07,	-0.2100
34.73,	-0.2100
35.40,	-0.2200
36.07,	-0.2100
36.73,	-0.2100
37.40,	-0.2200
38.07,	-0.2300
38.73,	-0.2300
39.40,	-0.2500
40.06,	-0.2500
40.73,	-0.2500
41.40,	-0.2500
42.06,	-0.2400
42.73,	-0.2500
43.40,	-0.2600
44.06,	-0.2600
44.73,	-0.2600
45.39,	-0.2500
46.06,	-0.2600
46.73,	-0.2700
47.39,	-0.2700
48.06,	-0.2600
48.72,	-0.2600
49.39,	-0.2700
50.06,	-0.2800
50.72,	-0.2800
51.39,	-0.2800
52.05,	-0.2800
52.72,	-0.2800
53.38,	-0.2800
54.05,	-0.2800
54.71,	-0.2900
55.38,	-0.2900
56.05,	-0.2900
56.71,	-0.2900
57.38,	-0.2900
58.04,	-0.3100
58.71,	-0.3100
59.37,	-0.3200
60.04,	-0.3300
60.70,	-0.3300
61.37,	-0.3300
62.03,	-0.3300
62.70,	-0.3200
63.36,	-0.3200
64.03,	-0.3300
64.69,	-0.3300
65.36,	-0.3400
66.02,	-0.3400
66.69,	-0.3300
67.35,	-0.3300
68.01,	-0.3300
68.68,	-0.3300
69.34,	-0.3400
70.01,	-0.3500
70.67,	-0.3600
71.34,	-0.3600
72.00,	-0.3500
72.66,	-0.3600
73.33,	-0.3600
73.99,	-0.3700
74.66,	-0.3700
75.32,	-0.3700
75.98,	-0.3700
76.65,	-0.3700
77.31,	-0.3900
77.98,	-0.3900
78.64,	-0.3900
79.30,	-0.3900
79.97,	-0.3900
80.63,	-0.3900
81.30,	-0.3900
81.96,	-0.3900
82.62,	-0.3900
83.29,	-0.4000
83.95,	-0.4000
84.61,	-0.3900
85.28,	-0.4000
85.94,	-0.4100
86.60,	-0.4200
87.27,	-0.4300
87.93,	-0.4500
88.59,	-0.4700
89.26,	-0.4700
89.92,	-0.4900
90.58,	-0.5200
91.24,	-0.5500
91.91,	-0.5800
92.57,	-0.5900
93.23,	-0.6000
93.90,	-0.6200
94.56,	-0.6400
95.22,	-0.6700
95.88,	-0.7000
96.55,	-0.7100
97.21,	-0.7100
97.87,	-0.7200
98.53,	-0.7300
99.20,	-0.7300
99.86,	-0.7300
100.52,	-0.7200
101.18,	-0.7300
101.85,	-0.7400
102.51,	-0.7500
103.17,	-0.7600
103.83,	-0.7600
104.49,	-0.7700
105.16,	-0.7800
105.82,	-0.8000
106.48,	-0.8100
107.14,	-0.8200
107.80,	-0.8300
108.47,	-0.8500
109.13,	-0.8600
109.79,	-0.8700
110.45,	-0.8900
111.11,	-0.9200
111.77,	-0.9700
112.44,	-1.0200
113.10,	-1.0300
113.76,	-1.0400
114.42,	-1.0500
115.08,	-1.0600
115.74,	-1.0600
116.40,	-1.0700
117.06,	-1.0700
117.73,	-1.0800
118.39,	-1.0900
119.05,	-1.1000
119.71,	-1.1100
120.37,	-1.1100
121.03,	-1.1200
121.69,	-1.1300
122.35,	-1.1400
123.01,	-1.1400
123.67,	-1.1400
124.33,	-1.1400
125.00,	-1.1400
125.66,	-1.1500
126.32,	-1.1600
126.98,	-1.1600
127.64,	-1.1600
128.30,	-1.1700
128.96,	-1.1700
129.62,	-1.1700
130.28,	-1.1800
130.94,	-1.1800
131.60,	-1.1800
132.26,	-1.1800
132.92,	-1.1800
133.58,	-1.1900
134.24,	-1.1900
134.90,	-1.2000
135.56,	-1.2000
136.22,	-1.2000
136.88,	-1.2100
137.54,	-1.2100
138.20,	-1.2100
138.86,	-1.2100
139.52,	-1.2200
140.18,	-1.2200
140.84,	-1.2100
141.50,	-1.2100
142.16,	-1.2100
142.82,	-1.2100
143.48,	-1.2100
144.14,	-1.2200
144.79,	-1.2200
145.45,	-1.2200
146.11,	-1.2200
146.77,	-1.2200
147.43,	-1.2200
148.09,	-1.2200
148.75,	-1.2100
149.41,	-1.2100
150.07,	-1.2100
150.73,	-1.2100
151.39,	-1.2000
152.04,	-1.2100
152.70,	-1.2100
153.36,	-1.2100
154.02,	-1.2100
154.68,	-1.2100
155.34,	-1.2000
156.00,	-1.2000
156.65,	-1.2000
157.31,	-1.2000
157.97,	-1.2000
158.63,	-1.2000
159.29,	-1.1900
159.95,	-1.1900
160.60,	-1.1800
161.26,	-1.1800
161.92,	-1.1700
162.58,	-1.1700
163.24,	-1.1500
163.90,	-1.1400
164.55,	-1.1300
165.21,	-1.1000
165.87,	-1.0500
166.53,	-1.0000
167.18,	-0.9400
167.84,	-0.9000
168.50,	-0.8600
169.16,	-0.8300
169.82,	-0.8100
170.47,	-0.7800
171.13,	-0.7600
171.79,	-0.7500
172.44,	-0.7100
173.10,	-0.6500
173.76,	-0.6100
174.42,	-0.5900
175.07,	-0.5700
175.73,	-0.5500
176.39,	-0.5300
177.05,	-0.5200
177.70,	-0.5100
178.36,	-0.5100
179.02,	-0.5000
179.67,	-0.4900
180.33,	-0.4900
180.99,	-0.4800
181.64,	-0.4800
182.30,	-0.4600
182.96,	-0.4200
183.61,	-0.3800
184.27,	-0.3200
184.93,	-0.2500
185.58,	-0.2100
186.24,	-0.1800
186.90,	-0.1600
187.55,	-0.1600
188.21,	-0.1500
188.87,	-0.1400
189.52,	-0.1100
190.18,	-0.0700
190.83,	-0.0200
191.49,	0.0100
192.15,	0.0300
192.80,	0.0600
193.46,	0.0800
194.11,	0.0900
194.77,	0.1100
195.43,	0.1600
196.08,	0.2000
196.74,	0.2200
197.39,	0.2500
198.05,	0.2700
198.70,	0.2700
199.36,	0.2800
200.02,	0.2800
200.67,	0.2800
201.33,	0.2800
201.98,	0.2800
202.64,	0.2800
203.29,	0.2900
203.95,	0.2900
204.60,	0.2900
205.26,	0.2900
205.91,	0.3000
206.57,	0.3100
207.22,	0.3200
207.88,	0.3200
208.53,	0.3300
209.19,	0.3300
209.84,	0.3300
210.50,	0.3400
211.15,	0.3500
211.81,	0.4100
212.46,	0.4800
213.12,	0.5300
213.77,	0.5700
214.43,	0.5900
215.08,	0.6000
215.74,	0.6100
216.39,	0.6200
217.04,	0.6400
217.70,	0.6400
218.35,	0.6400
219.01,	0.6200
219.66,	0.6000
220.32,	0.6700
220.97,	0.7500
221.62,	0.8000
222.28,	0.8300
222.93,	0.8600
223.59,	0.8800
224.24,	0.9300
224.89,	0.9600
225.55,	0.9800
226.20,	1.0100
226.85,	1.0300
227.51,	1.0400
228.16,	1.0500
228.81,	1.0600
229.47,	1.0600
230.12,	1.0700
230.78,	1.0700
231.43,	1.0800
232.08,	1.0900
232.74,	1.1100
233.39,	1.1300
234.04,	1.1400
234.69,	1.1500
235.35,	1.1500
236.00,	1.1600
236.65,	1.1700
237.31,	1.1700
237.96,	1.1800
238.61,	1.1900
239.27,	1.2100
239.92,	1.2400
240.57,	1.2600
241.22,	1.2700
241.88,	1.2800
242.53,	1.2800
243.18,	1.2800
243.83,	1.2800
244.49,	1.2800
245.14,	1.2800
245.79,	1.2900
246.44,	1.2900
247.10,	1.2900
247.75,	1.3000
248.40,	1.3100
249.05,	1.3300
249.70,	1.3400
250.36,	1.3700
251.01,	1.3900
251.66,	1.3900
252.31,	1.3900
252.96,	1.3900
253.62,	1.3900
254.27,	1.4000
254.92,	1.4100
255.57,	1.4100
256.22,	1.4200
256.88,	1.4400
257.53,	1.4500
258.18,	1.4600
258.83,	1.4700
259.48,	1.4800
260.13,	1.4900
260.78,	1.5000
261.44,	1.5000
262.09,	1.5000
262.74,	1.5000
263.39,	1.5100
264.04,	1.5200
264.69,	1.5200
265.34,	1.5300
265.99,	1.5300
266.64,	1.5300
267.29,	1.5300
267.95,	1.5400
268.60,	1.5400
269.25,	1.5500
269.90,	1.5500
270.55,	1.5600
271.20,	1.5600
271.85,	1.5600
272.50,	1.5600
273.15,	1.5600
273.80,	1.5700
274.45,	1.5800
275.10,	1.5800
275.75,	1.5900
276.40,	1.6000
277.05,	1.6000
277.70,	1.6000
278.35,	1.6000
279.00,	1.6100
279.65,	1.6200
280.30,	1.6300
280.95,	1.6300
281.60,	1.6400
282.25,	1.6400
282.90,	1.6400
283.55,	1.6500
284.20,	1.6500
284.85,	1.6600
285.50,	1.6700
286.15,	1.6700
286.80,	1.6700
287.45,	1.6700
288.10,	1.6700
288.75,	1.6700
289.40,	1.6800
290.05,	1.6800
290.70,	1.6700
291.35,	1.6700
292.00,	1.6800
292.64,	1.6800
293.29,	1.6800
293.94,	1.6900
294.59,	1.6900
295.24,	1.6900
295.89,	1.7000
296.54,	1.7000
297.19,	1.7100
297.84,	1.7100
298.49,	1.7100
299.13,	1.7100
299.78,	1.7100
300.43,	1.7100
301.08,	1.7200
301.73,	1.7200
302.38,	1.7200
303.02,	1.7200
303.67,	1.7200
304.32,	1.7300
304.97,	1.7300
305.62,	1.7400
306.27,	1.7400
306.91,	1.7400
307.56,	1.7400
308.21,	1.7400
308.86,	1.7400
309.51,	1.7400
310.15,	1.7400
310.80,	1.7400
311.45,	1.7400
312.10,	1.7400
312.75,	1.7400
313.39,	1.7500
314.04,	1.7400
314.69,	1.7400
315.34,	1.7400
315.98,	1.7400
316.63,	1.7400
317.28,	1.7400
317.93,	1.7400
318.57,	1.7400
319.22,	1.7400
319.87,	1.7400
320.52,	1.7400
321.16,	1.7400
321.81,	1.7400
322.46,	1.7400
323.10,	1.7400
323.75,	1.7400
324.40,	1.7500
325.04,	1.7500
325.69,	1.7500
326.34,	1.7500
326.99,	1.7400
327.63,	1.7400
328.28,	1.7400
328.93,	1.7400
329.57,	1.7400
330.22,	1.7400
330.86,	1.7400
331.51,	1.7400
332.16,	1.7400
332.80,	1.7400
333.45,	1.7400
334.10,	1.7500
334.74,	1.7500
335.39,	1.7500
336.03,	1.7500
336.68,	1.7500
337.33,	1.7500
337.97,	1.7500
338.62,	1.7500
339.26,	1.7500
339.91,	1.7500
340.56,	1.7500
341.20,	1.7500
341.85,	1.7500
342.49,	1.7500
343.14,	1.7500
343.78,	1.7500
344.43,	1.7500
345.08,	1.7500
345.72,	1.7500
346.37,	1.7500
347.01,	1.7500
347.66,	1.7500
348.30,	1.7400
348.95,	1.7500
349.59,	1.7500
350.24,	1.7500
350.88,	1.7400
351.53,	1.7400
352.17,	1.7500
352.82,	1.7500
353.46,	1.7500
354.11,	1.7500
354.75,	1.7500
355.40,	1.7500
356.04,	1.7500
356.69,	1.7500
357.33,	1.7500
357.98,	1.7500
358.62,	1.7500
359.27,	1.7600
359.91,	1.7600
360.55,	1.7600
361.20,	1.7600
361.84,	1.7600
362.49,	1.7500
363.13,	1.7600
363.78,	1.7600
364.42,	1.7600
365.06,	1.7700
365.71,	1.7700
366.35,	1.7700
367.00,	1.7700
367.64,	1.7700
368.28,	1.7700
368.93,	1.7700
369.57,	1.7700
370.22,	1.7700
370.86,	1.7700
371.50,	1.7700
372.15,	1.7700
372.79,	1.7800
373.43,	1.7800
374.08,	1.7800
374.72,	1.7800
375.36,	1.7800
376.01,	1.7800
376.65,	1.7800
377.29,	1.7800
377.94,	1.7900
378.58,	1.8000
379.22,	1.7900
379.87,	1.7900
380.51,	1.7900
381.15,	1.7800
381.79,	1.7900
382.44,	1.7900
383.08,	1.7900
383.72,	1.7900
384.37,	1.7900
385.01,	1.7900
385.65,	1.7900
386.29,	1.8000
386.94,	1.8000
387.58,	1.8000
388.22,	1.8000
388.86,	1.8000
389.51,	1.7900
390.15,	1.8000
390.79,	1.8000
391.43,	1.8000
392.08,	1.8000
392.72,	1.8000
393.36,	1.8000
394.00,	1.8000
394.64,	1.7900
395.29,	1.7900
395.93,	1.7900
396.57,	1.7900
397.21,	1.7900
397.85,	1.7900
398.50,	1.7900
399.14,	1.7900
399.78,	1.7900
400.42,	1.7900
401.06,	1.8000
401.70,	1.8000
402.34,	1.8000
402.99,	1.8000
403.63,	1.8000
404.27,	1.8000
404.91,	1.8000
405.55,	1.8000
406.19,	1.8000
406.83,	1.8000
407.48,	1.8000
408.12,	1.8000
408.76,	1.7900
409.40,	1.7900
410.04,	1.7900
410.68,	1.7900
411.32,	1.8000
411.96,	1.8000
412.60,	1.7900
413.24,	1.7900
413.88,	1.7900
414.52,	1.7900
415.17,	1.7900
415.81,	1.7800
416.45,	1.7900
417.09,	1.7900
417.73,	1.7900
418.37,	1.7900
419.01,	1.7900
419.65,	1.7900
420.29,	1.7900
420.93,	1.7900
421.57,	1.7900
422.21,	1.7900
422.85,	1.7900
423.49,	1.7900
424.13,	1.7900
424.77,	1.7900
425.41,	1.7900
426.05,	1.7900
426.69,	1.7900
427.33,	1.7900
427.97,	1.7900
428.61,	1.7900
429.25,	1.7900
429.89,	1.7900
430.53,	1.7900
431.17,	1.7900
431.80,	1.7900
432.44,	1.7800
433.08,	1.7800
433.72,	1.7800
434.36,	1.7800
435.00,	1.7800
435.64,	1.7800
436.28,	1.7800
436.92,	1.7800
437.56,	1.7800
438.20,	1.7900
438.84,	1.7800
439.47,	1.7800
440.11,	1.7800
440.75,	1.7800
441.39,	1.7800
442.03,	1.7800
442.67,	1.7800
443.31,	1.7800
443.95,	1.7800
444.58,	1.7800
445.22,	1.7800
445.86,	1.7700
446.50,	1.7700
447.14,	1.7700
447.78,	1.7800
448.41,	1.7800
449.05,	1.7700
449.69,	1.7700
450.33,	1.7700
450.97,	1.7700
451.60,	1.7700
452.24,	1.7700
452.88,	1.7700
453.52,	1.7700
454.16,	1.7700
454.79,	1.7700
455.43,	1.7700
456.07,	1.7700
456.71,	1.7700
457.35,	1.7700
457.98,	1.7700
458.62,	1.7700
459.26,	1.7700
459.90,	1.7700
460.53,	1.7600
461.17,	1.7700
461.81,	1.7700
462.44,	1.7700
463.08,	1.7600
463.72,	1.7600
464.36,	1.7600
464.99,	1.7700
465.63,	1.7700
466.27,	1.7700
466.90,	1.7700
467.54,	1.7600
468.18,	1.7600
468.81,	1.7600
469.45,	1.7600
470.09,	1.7600
470.72,	1.7600
471.36,	1.7600
472.00,	1.7600
472.63,	1.7600
473.27,	1.7500
473.91,	1.7600
474.54,	1.7600
475.18,	1.7600
475.82,	1.7600
476.45,	1.7600
477.09,	1.7600
477.73,	1.7600
478.36,	1.7600
479.00,	1.7600
479.63,	1.7600
480.27,	1.7600
480.91,	1.7600
481.54,	1.7500
482.18,	1.7500
482.81,	1.7500
483.45,	1.7500
484.08,	1.7500
484.72,	1.7600
485.36,	1.7600
485.99,	1.7600
486.63,	1.7600
487.26,	1.7600
487.90,	1.7600
488.53,	1.7600
489.17,	1.7600
489.80,	1.7600
490.44,	1.7500
491.07,	1.7500
491.71,	1.7500
492.34,	1.7500
492.98,	1.7500
493.62,	1.7500
494.25,	1.7500
494.89,	1.7500
495.52,	1.7500
496.15,	1.7500
496.79,	1.7500
497.42,	1.7500
498.06,	1.7500
498.69,	1.7400
499.33,	1.7500
499.96,	1.7500
500.60,	1.7500
501.23,	1.7500
501.87,	1.7500
502.50,	1.7500
503.14,	1.7500
503.77,	1.7500
504.40,	1.7500
505.04,	1.7500
505.67,	1.7500
506.31,	1.7500
506.94,	1.7500
507.57,	1.7500
508.21,	1.7400
508.84,	1.7400
509.48,	1.7400
510.11,	1.7400
510.74,	1.7400
511.38,	1.7400
512.01,	1.7400
512.65,	1.7400
513.28,	1.7400
513.91,	1.7400
514.55,	1.7400
515.18,	1.7400
515.81,	1.7400
516.45,	1.7400
517.08,	1.7400
517.71,	1.7400
518.35,	1.7400
518.98,	1.7400
519.61,	1.7400
520.25,	1.7400
520.88,	1.7500
521.51,	1.7400
522.15,	1.7400
522.78,	1.7400
523.41,	1.7500
524.04,	1.7400
524.68,	1.7400
525.31,	1.7400
525.94,	1.7400
526.58,	1.7400
527.21,	1.7400
527.84,	1.7400
528.47,	1.7400
529.11,	1.7300
529.74,	1.7300
530.37,	1.7300
531.00,	1.7400
531.64,	1.7400
532.27,	1.7400
532.90,	1.7400
533.53,	1.7400
534.17,	1.7400
534.80,	1.7400
535.43,	1.7300
536.06,	1.7300
536.69,	1.7300
537.33,	1.7300
537.96,	1.7300
538.59,	1.7300
539.22,	1.7300
539.85,	1.7300
540.48,	1.7300
541.12,	1.7300
541.75,	1.7300
542.38,	1.7300
543.01,	1.7300
543.64,	1.7300
544.27,	1.7300
544.91,	1.7300
545.54,	1.7300
546.17,	1.7300
546.80,	1.7300
547.43,	1.7300
548.06,	1.7300
548.69,	1.7300
549.32,	1.7300
549.95,	1.7300
550.59,	1.7200
551.22,	1.7200
551.85,	1.7200
552.48,	1.7200
553.11,	1.7200
553.74,	1.7200
554.37,	1.7200
555.00,	1.7200
555.63,	1.7200
556.26,	1.7200
556.89,	1.7200
557.52,	1.7200
558.15,	1.7200
558.78,	1.7200
559.42,	1.7100
560.05,	1.7100
560.68,	1.7100
561.31,	1.7100
561.94,	1.7100
562.57,	1.7100
563.20,	1.7100
563.83,	1.7100
564.46,	1.7100
565.09,	1.7100
565.72,	1.7100
566.35,	1.7100
566.98,	1.7100
567.61,	1.7100
568.24,	1.7100
568.87,	1.7100
569.50,	1.7100
570.12,	1.7100
570.75,	1.7100
571.38,	1.7100
572.01,	1.7100
572.64,	1.7100
573.27,	1.7100
573.90,	1.7100
574.53,	1.7100
575.16,	1.7000
575.79,	1.7000
576.42,	1.7000
577.05,	1.7000
577.68,	1.7000
578.31,	1.7000
578.93,	1.7000
579.56,	1.7000
580.19,	1.7000
580.82,	1.7000
581.45,	1.7000
582.08,	1.7000
582.71,	1.7000
583.34,	1.7000
583.97,	1.7000
584.59,	1.7000
585.22,	1.7000
585.85,	1.7000
586.48,	1.7000
587.11,	1.7000
587.74,	1.7000
588.36,	1.7000
588.99,	1.7000
589.62,	1.7000
590.25,	1.7000
590.88,	1.7000
591.50,	1.6900
592.13,	1.6900
592.76,	1.6900
593.39,	1.6900
594.02,	1.6900
594.64,	1.6800
595.27,	1.6800
595.90,	1.6800
596.53,	1.6800
597.16,	1.6800
597.78,	1.6800
598.41,	1.6800
599.04,	1.6800
599.67,	1.6800
600.29,	1.6700
600.92,	1.6700
601.55,	1.6700
602.18,	1.6700
602.80,	1.6700
603.43,	1.6700
604.06,	1.6700
604.68,	1.6700
605.31,	1.6700
605.94,	1.6700
606.57,	1.6700
607.19,	1.6700
607.82,	1.6700
608.45,	1.6700
609.07,	1.6700
609.70,	1.6700
610.33,	1.6700
610.95,	1.6600
611.58,	1.6600
612.21,	1.6600
612.83,	1.6600
613.46,	1.6600
614.09,	1.6600
614.71,	1.6600
615.34,	1.6600
615.97,	1.6600
616.59,	1.6600
617.22,	1.6600
617.84,	1.6600
618.47,	1.6600
619.10,	1.6600
619.72,	1.6600
620.35,	1.6600
620.97,	1.6600
621.60,	1.6600
622.23,	1.6600
622.85,	1.6500
623.48,	1.6500
624.10,	1.6500
624.73,	1.6500
625.35,	1.6500
625.98,	1.6500
626.61,	1.6400
627.23,	1.6400
627.86,	1.6400
628.48,	1.6400
629.11,	1.6400
629.73,	1.6400
630.36,	1.6400
630.98,	1.6400
631.61,	1.6300
632.23,	1.6400
632.86,	1.6300
633.48,	1.6300
634.11,	1.6300
634.73,	1.6300
635.36,	1.6300
635.98,	1.6300
636.61,	1.6300
637.23,	1.6300
637.86,	1.6300
638.48,	1.6300
639.11,	1.6300
639.73,	1.6300
640.36,	1.6300
640.98,	1.6300
641.61,	1.6300
642.23,	1.6300
642.85,	1.6300
643.48,	1.6300
644.10,	1.6300
644.73,	1.6300
645.35,	1.6300
645.98,	1.6300
646.60,	1.6300
647.22,	1.6200
647.85,	1.6200
648.47,	1.6200
649.10,	1.6200
649.72,	1.6200
650.34,	1.6200
650.97,	1.6200
651.59,	1.6100
652.22,	1.6200
652.84,	1.6200
653.46,	1.6200
654.09,	1.6200
654.71,	1.6200
655.33,	1.6200
655.96,	1.6200
656.58,	1.6200
657.20,	1.6200
657.83,	1.6100
658.45,	1.6200
659.07,	1.6200
659.70,	1.6200
660.32,	1.6200
660.94,	1.6200
661.57,	1.6200
662.19,	1.6100
662.81,	1.6100
663.43,	1.6100
664.06,	1.6100
664.68,	1.6100
665.30,	1.6100
665.93,	1.6100
666.55,	1.6100
667.17,	1.6100
667.79,	1.6000
668.42,	1.6000
669.04,	1.6000
669.66,	1.6000
670.28,	1.6000
670.91,	1.6000
671.53,	1.6000
672.15,	1.6000
672.77,	1.6000
673.39,	1.6000
674.02,	1.6000
674.64,	1.6000
675.26,	1.6000
675.88,	1.6000
676.50,	1.6000
677.13,	1.6000
677.75,	1.6000
678.37,	1.6000
678.99,	1.6000
679.61,	1.6000
680.24,	1.6000
680.86,	1.6000
681.48,	1.6000
682.10,	1.5900
682.72,	1.5900
683.34,	1.5900
683.96,	1.5900
684.59,	1.5900
685.21,	1.5900
685.83,	1.5900
686.45,	1.5900
687.07,	1.5900
687.69,	1.5900
688.31,	1.5900
688.93,	1.5900
689.56,	1.5900
690.18,	1.5900
690.80,	1.5900
691.42,	1.5900
692.04,	1.5900
692.66,	1.5900
693.28,	1.5900
693.90,	1.5900
694.52,	1.5900
695.14,	1.5900
695.76,	1.5900
696.38,	1.5900
697.00,	1.5900
697.62,	1.5900
698.25,	1.5900
698.87,	1.5800
699.49,	1.5800
700.11,	1.5900
700.73,	1.5800
701.35,	1.5800
701.97,	1.5800
702.59,	1.5800
703.21,	1.5800
703.83,	1.5800
704.45,	1.5800
705.07,	1.5700
705.69,	1.5700
706.31,	1.5700
706.93,	1.5700
707.55,	1.5700
708.17,	1.5700
708.79,	1.5700
709.40,	1.5600
710.02,	1.5600
710.64,	1.5600
711.26,	1.5600
711.88,	1.5600
712.50,	1.5600
713.12,	1.5600
713.74,	1.5600
714.36,	1.5600
714.98,	1.5700
715.60,	1.5600
716.22,	1.5700
716.84,	1.5600
717.45,	1.5600
718.07,	1.5600
718.69,	1.5600
719.31,	1.5600
719.93,	1.5600
720.55,	1.5600
721.17,	1.5600
721.79,	1.5600
722.41,	1.5600
723.02,	1.5600
723.64,	1.5600
724.26,	1.5600
724.88,	1.5600
725.50,	1.5600
726.12,	1.5600
726.73,	1.5600
727.35,	1.5600
727.97,	1.5600
728.59,	1.5500
729.21,	1.5500
729.83,	1.5500
730.44,	1.5500
731.06,	1.5600
731.68,	1.5500
732.30,	1.5500
732.92,	1.5500
733.53,	1.5500
734.15,	1.5500
734.77,	1.5500
735.39,	1.5500
736.00,	1.5500
736.62,	1.5500
737.24,	1.5500
737.86,	1.5500
738.47,	1.5500
739.09,	1.5500
739.71,	1.5500
740.33,	1.5500
740.94,	1.5400
741.56,	1.5400
742.18,	1.5400
742.79,	1.5400
743.41,	1.5400
744.03,	1.5400
744.65,	1.5400
745.26,	1.5400
745.88,	1.5400
746.50,	1.5400
747.11,	1.5400
747.73,	1.5400
748.35,	1.5400
748.96,	1.5400
749.58,	1.5400
750.20,	1.5400
750.81,	1.5400
751.43,	1.5400
752.05,	1.5400
752.66,	1.5400
753.28,	1.5400
753.90,	1.5400
754.51,	1.5400
755.13,	1.5300
755.74,	1.5400
756.36,	1.5300
756.98,	1.5300
757.59,	1.5200
758.21,	1.5200
758.82,	1.5200
759.44,	1.5200
760.06,	1.5200
760.67,	1.5200
761.29,	1.5200
761.90,	1.5200
762.52,	1.5200
763.14,	1.5200
763.75,	1.5200
764.37,	1.5200
764.98,	1.5200
765.60,	1.5200
766.21,	1.5200
766.83,	1.5200
767.44,	1.5200
768.06,	1.5200
768.67,	1.5100
769.29,	1.5100
769.90,	1.5100
770.52,	1.5100
771.14,	1.5100
771.75,	1.5000
772.37,	1.5100
772.98,	1.5000
773.59,	1.5000
774.21,	1.5000
774.82,	1.5000
775.44,	1.5000
776.05,	1.5000
776.67,	1.5000
777.28,	1.4900
777.90,	1.4900
778.51,	1.4900
779.13,	1.4900
779.74,	1.4900
780.36,	1.4900
780.97,	1.4900
781.58,	1.4900
782.20,	1.4900
782.81,	1.4900
783.43,	1.4900
784.04,	1.4900
784.66,	1.4900
785.27,	1.4900
785.88,	1.4900
786.50,	1.4900
787.11,	1.4800
787.73,	1.4800
788.34,	1.4700
788.95,	1.4700
789.57,	1.4800
790.18,	1.4800
790.79,	1.4800
791.41,	1.4700
792.02,	1.4700
792.63,	1.4700
793.25,	1.4700
793.86,	1.4700
794.47,	1.4700
795.09,	1.4700
795.70,	1.4700
796.31,	1.4700
796.93,	1.4800
797.54,	1.4700
798.15,	1.4700
798.77,	1.4700
799.38,	1.4700
799.99,	1.4700
800.61,	1.4700
801.22,	1.4700
801.83,	1.4700
802.44,	1.4700
803.06,	1.4700
803.67,	1.4700
804.28,	1.4700
804.90,	1.4700
805.51,	1.4700
806.12,	1.4700
806.73,	1.4700
807.34,	1.4700
807.96,	1.4700
808.57,	1.4700
809.18,	1.4600
809.79,	1.4600
810.41,	1.4600
811.02,	1.4600
811.63,	1.4600
812.24,	1.4600
812.85,	1.4600
813.47,	1.4600
814.08,	1.4600
814.69,	1.4600
815.30,	1.4600
815.91,	1.4600
816.53,	1.4600
817.14,	1.4600
817.75,	1.4500
818.36,	1.4500
818.97,	1.4500
819.58,	1.4500
820.20,	1.4500
820.81,	1.4500
821.42,	1.4500
822.03,	1.4500
822.64,	1.4500
823.25,	1.4500
823.86,	1.4500
824.47,	1.4500
825.09,	1.4500
825.70,	1.4400
826.31,	1.4400
826.92,	1.4400
827.53,	1.4400
828.14,	1.4400
828.75,	1.4400
829.36,	1.4400
829.97,	1.4400
830.58,	1.4400
831.19,	1.4400
831.80,	1.4400
832.42,	1.4300
833.03,	1.4300
833.64,	1.4300
834.25,	1.4300
834.86,	1.4300
835.47,	1.4300
836.08,	1.4400
836.69,	1.4300
837.30,	1.4300
837.91,	1.4300
838.52,	1.4300
839.13,	1.4300
839.74,	1.4300
840.35,	1.4300
840.96,	1.4300
841.57,	1.4300
842.18,	1.4300
842.79,	1.4300
843.40,	1.4300
844.01,	1.4300
844.62,	1.4300
845.23,	1.4400
845.84,	1.4300
846.45,	1.4300
847.06,	1.4300
847.67,	1.4300
848.27,	1.4300
848.88,	1.4300
849.49,	1.4300
850.10,	1.4200
850.71,	1.4200
851.32,	1.4200
851.93,	1.4200
852.54,	1.4200
853.15,	1.4200
853.76,	1.4200
854.37,	1.4200
854.98,	1.4200
855.58,	1.4200
856.19,	1.4200
856.80,	1.4100
857.41,	1.4100
858.02,	1.4200
858.63,	1.4100
859.24,	1.4100
859.85,	1.4100
860.45,	1.4100
861.06,	1.4100
861.67,	1.4100
862.28,	1.4100
862.89,	1.4100
863.50,	1.4100
864.10,	1.4000
864.71,	1.4100
865.32,	1.4000
865.93,	1.4000
866.54,	1.4000
867.14,	1.4000
867.75,	1.4000
868.36,	1.4000
868.97,	1.4000
869.58,	1.4000
870.18,	1.4000
870.79,	1.4000
871.40,	1.4000
872.01,	1.4000
872.61,	1.4000
873.22,	1.4000
873.83,	1.3900
874.44,	1.3900
875.04,	1.3900
875.65,	1.3900
876.26,	1.3900
876.87,	1.3900
877.47,	1.3900
878.08,	1.3900
878.69,	1.3900
879.29,	1.3800
879.90,	1.3800
880.51,	1.3900
881.12,	1.3900
881.72,	1.3800
882.33,	1.3800
882.94,	1.3800
883.54,	1.3800
884.15,	1.3800
884.76,	1.3700
885.36,	1.3800
885.97,	1.3700
886.58,	1.3700
887.18,	1.3700
887.79,	1.3800
888.40,	1.3800
889.00,	1.3800
889.61,	1.3800
890.22,	1.3800
890.82,	1.3700
891.43,	1.3800
892.03,	1.3800
892.64,	1.3700
893.25,	1.3700
893.85,	1.3700
894.46,	1.3700
895.06,	1.3700
895.67,	1.3700
896.28,	1.3700
896.88,	1.3700
897.49,	1.3700
898.09,	1.3700
898.70,	1.3600
899.30,	1.3600
899.91,	1.3600
900.52,	1.3600
901.12,	1.3600
901.73,	1.3600
902.33,	1.3600
902.94,	1.3600
903.54,	1.3600
904.15,	1.3600
904.75,	1.3600
905.36,	1.3600
905.96,	1.3600
906.57,	1.3600
907.17,	1.3600
907.78,	1.3600
908.38,	1.3500
908.99,	1.3500
909.59,	1.3500
910.20,	1.3600
910.80,	1.6000
911.41,	5.7900
912.01,	13.8500
912.62,	16.8600
913.22,	18.3700
913.83,	19.5000
914.43,	20.4100
915.03,	21.1700
915.64,	21.8400
916.24,	23.0900
916.85,	35.5000
917.45,	35.5000
918.06,	35.5000
918.66,	35.5000
919.26,	35.5000
919.87,	35.5000
920.47,	35.5000
921.08,	35.5000
921.68,	35.5000
922.28,	35.5000
922.89,	35.5000
923.49,	35.5000
924.10,	35.5000
924.70,	35.5000
925.30,	35.5000
925.91,	35.5000
926.51,	35.5000
927.11,	35.5000
927.72,	35.5000
928.32,	35.5000
928.92,	35.5000
929.53,	35.5000
930.13,	35.5000
930.74,	35.5000
931.34,	35.5000
931.94,	35.5000
932.54,	35.5000
933.15,	35.5000
933.75,	35.5000
934.35,	35.5000
934.96,	35.5000
935.56,	35.5000
936.16,	35.5000
936.77,	35.5000
937.37,	35.5000
937.97,	35.5000
938.57,	35.5000
939.18,	35.5000
939.78,	35.5000
940.38,	35.5000
940.98,	35.5000
941.59,	35.5000
942.19,	35.5000
942.79,	35.5000
943.39,	35.5000
944.00,	35.5000
944.60,	35.5000
945.20,	35.5000
945.80,	35.5000
946.40,	35.5000
947.01,	35.5000
947.61,	35.5000
948.21,	35.5000
948.81,	35.5000
949.41,	35.5000
950.02,	35.5000
950.62,	35.5000
951.22,	35.5000
951.82,	35.5000
952.42,	35.5000
953.02,	35.5000
953.63,	35.5000
954.23,	35.5000
954.83,	35.5000
955.43,	35.5000
956.03,	35.5000
956.63,	35.5000
957.24,	35.5000
957.84,	35.5000
958.44,	35.5000
959.04,	35.5000
959.64,	35.5000
960.24,	35.5000
960.84,	35.5000
961.44,	35.5000
962.04,	35.5000
962.64,	35.5000
963.25,	35.5000
963.85,	35.5000
964.45,	35.5000
965.05,	35.5000
965.65,	35.5000
966.25,	35.5000
966.85,	35.5000
967.45,	35.5000
968.05,	35.5000
968.65,	35.5000
969.25,	35.5000
969.85,	35.5000
970.45,	35.5000
971.05,	35.5000
971.65,	35.5000
972.25,	35.5000
972.85,	35.5000
973.45,	35.5000
974.05,	35.5000
974.65,	35.5000
975.25,	35.5000
975.85,	35.5000
976.45,	35.5000
977.05,	35.5000
977.65,	35.5000
978.25,	35.5000
978.85,	35.5000
979.45,	35.5000
980.05,	35.5000
980.65,	35.5000
981.25,	35.5000
981.85,	35.5000
982.45,	12.2700
983.05,	-2.5200
983.65,	-2.5200
984.25,	-2.5200
984.85,	-2.5200
985.45,	-2.5200
986.04,	-2.5200
986.64,	-2.5200
987.24,	-2.5200
987.84,	-2.5200
988.44,	-2.5200
989.04,	-2.5200
989.64,	-2.5200
990.24,	-2.5200
990.84,	-2.5200
991.44,	-2.5200
992.03,	-2.5200
992.63,	-2.5200
993.23,	-2.5200
993.83,	-2.5200
994.43,	-2.5200
995.03,	-2.5200
995.63,	-2.5200
996.22,	-2.5200
996.82,	-2.5200
997.42,	-2.5200
998.02,	-2.5200
998.62,	-2.5200
999.21,	-2.5200
999.81,	-2.5200
1000.41,	-2.5200
