Call Sign = ZSDA,	Ship Name = SA Agulhas,	Lloyds Num = 0
Date = 12/06/2016,	Time = 08:02,	
Latitude = 53 11.93  S,	Longitude = 000 00.27  W
Instr = Sippican Deep Blue,	Card Type = Sippican MK-21,	
Wind Instr = ,	Measur Method = 
Probe Serial Num = -1,	Ship Dir = -1,	Ship Speed = -1.00
Wind Dir = 238,	Wind Speed = 8.70
Dry Bulb Temp = -0.50,	Total Water Depth = -1.00

Full Resolution Values
Depth,	 Temp
0.67,	0.3700
1.34,	0.1400
2.01,	0.1100
2.68,	0.1900
3.34,	0.4800
4.01,	0.7600
4.68,	1.1100
5.35,	1.3600
6.02,	1.5500
6.69,	1.7200
7.36,	1.8600
8.03,	1.9400
8.69,	2.0000
9.36,	2.1000
10.03,	2.2100
10.70,	2.2900
11.37,	2.3600
12.04,	2.4100
12.70,	2.4700
13.37,	2.5300
14.04,	2.5800
14.71,	2.6200
15.38,	2.6500
16.05,	2.6700
16.71,	2.7000
17.38,	2.7200
18.05,	2.7600
18.72,	2.8500
19.38,	2.9000
20.05,	2.9300
20.72,	2.9500
21.39,	2.9600
22.06,	2.9600
22.72,	2.9600
23.39,	2.9800
24.06,	3.0000
24.73,	3.0000
25.39,	3.0100
26.06,	3.0100
26.73,	3.0100
27.40,	3.0300
28.06,	3.0900
28.73,	3.1400
29.40,	3.1600
30.06,	3.1700
30.73,	3.1600
31.40,	3.1800
32.06,	3.2200
32.73,	3.3300
33.40,	3.4000
34.07,	3.4300
34.73,	3.4500
35.40,	3.4500
36.07,	3.4500
36.73,	3.4500
37.40,	3.4400
38.07,	3.4300
38.73,	3.4400
39.40,	3.4600
40.06,	3.4600
40.73,	3.4500
41.40,	3.4400
42.06,	3.4300
42.73,	3.4300
43.40,	3.4200
44.06,	3.4300
44.73,	3.4300
45.39,	3.4400
46.06,	3.4300
46.73,	3.4200
47.39,	3.4200
48.06,	3.4200
48.72,	3.4200
49.39,	3.4200
50.06,	3.4200
50.72,	3.4200
51.39,	3.4200
52.05,	3.4100
52.72,	3.4100
53.38,	3.4000
54.05,	3.4000
54.71,	3.4000
55.38,	3.4000
56.05,	3.4000
56.71,	3.3900
57.38,	3.3800
58.04,	3.3800
58.71,	3.3800
59.37,	3.3700
60.04,	3.3600
60.70,	3.3600
61.37,	3.3500
62.03,	3.3500
62.70,	3.3400
63.36,	3.3400
64.03,	3.3400
64.69,	3.3400
65.36,	3.3300
66.02,	3.3300
66.69,	3.3300
67.35,	3.3200
68.01,	3.3200
68.68,	3.3100
69.34,	3.3000
70.01,	3.2900
70.67,	3.2800
71.34,	3.2800
72.00,	3.2700
72.66,	3.2700
73.33,	3.2600
73.99,	3.2500
74.66,	3.2500
75.32,	3.2400
75.98,	3.2400
76.65,	3.2300
77.31,	3.2200
77.98,	3.2000
78.64,	3.1800
79.30,	3.1800
79.97,	3.1800
80.63,	3.1800
81.30,	3.1600
81.96,	3.1400
82.62,	3.1400
83.29,	3.1400
83.95,	3.1400
84.61,	3.1300
85.28,	3.1300
85.94,	3.1300
86.60,	3.1300
87.27,	3.1300
87.93,	3.1200
88.59,	3.1200
89.26,	3.1200
89.92,	3.1100
90.58,	3.1100
91.24,	3.1100
91.91,	3.1100
92.57,	3.1100
93.23,	3.1100
93.90,	3.1100
94.56,	3.1100
95.22,	3.1000
95.88,	3.1000
96.55,	3.1000
97.21,	3.0900
97.87,	3.0900
98.53,	3.0900
99.20,	3.0800
99.86,	3.0900
100.52,	3.0700
101.18,	3.0500
101.85,	3.0200
102.51,	3.0000
103.17,	3.0000
103.83,	3.0000
104.49,	2.9900
105.16,	2.9900
105.82,	2.9900
106.48,	2.9900
107.14,	2.9900
107.80,	2.9900
108.47,	2.9900
109.13,	2.9800
109.79,	2.9800
110.45,	2.9800
111.11,	2.9800
111.77,	2.9800
112.44,	2.9700
113.10,	2.9700
113.76,	2.9700
114.42,	2.9700
115.08,	2.9700
115.74,	2.9700
116.40,	2.9700
117.06,	2.9700
117.73,	2.9700
118.39,	2.9700
119.05,	2.9600
119.71,	2.9200
120.37,	2.8900
121.03,	2.8800
121.69,	2.8800
122.35,	2.8800
123.01,	2.8800
123.67,	2.8900
124.33,	2.8800
125.00,	2.8800
125.66,	2.8800
126.32,	2.8900
126.98,	2.8900
127.64,	2.9000
128.30,	2.9000
128.96,	2.8800
129.62,	2.8600
130.28,	2.8300
130.94,	2.8100
131.60,	2.8000
132.26,	2.8000
132.92,	2.8000
133.58,	2.8000
134.24,	2.8000
134.90,	2.8100
135.56,	2.8100
136.22,	2.8000
136.88,	2.8000
137.54,	2.8000
138.20,	2.8000
138.86,	2.7900
139.52,	2.7800
140.18,	2.7600
140.84,	2.7600
141.50,	2.7800
142.16,	2.8000
142.82,	2.8100
143.48,	2.8100
144.14,	2.8200
144.79,	2.8200
145.45,	2.8200
146.11,	2.8300
146.77,	2.8500
147.43,	2.8600
148.09,	2.8700
148.75,	2.8700
149.41,	2.8700
150.07,	2.8700
150.73,	2.8700
151.39,	2.8900
152.04,	2.8900
152.70,	2.9000
153.36,	2.9000
154.02,	2.9200
154.68,	2.9300
155.34,	2.9200
156.00,	2.9300
156.65,	2.9300
157.31,	2.9600
157.97,	2.9900
158.63,	3.0100
159.29,	3.0200
159.95,	3.0400
160.60,	3.0600
161.26,	3.0900
161.92,	3.1100
162.58,	3.1300
163.24,	3.1500
163.90,	3.1500
164.55,	3.1700
165.21,	3.1800
165.87,	3.1900
166.53,	3.2000
167.18,	3.2100
167.84,	3.2200
168.50,	3.2200
169.16,	3.2300
169.82,	3.2300
170.47,	3.2300
171.13,	3.2400
171.79,	3.2500
172.44,	3.2500
173.10,	3.2600
173.76,	3.2900
174.42,	3.3600
175.07,	3.4200
175.73,	3.4400
176.39,	3.4600
177.05,	3.4600
177.70,	3.4700
178.36,	3.4800
179.02,	3.4800
179.67,	3.4900
180.33,	3.5100
180.99,	3.5700
181.64,	3.6400
182.30,	3.6800
182.96,	3.6900
183.61,	3.7000
184.27,	3.7100
184.93,	3.7100
185.58,	3.7200
186.24,	3.7200
186.90,	3.7300
187.55,	3.7200
188.21,	3.7200
188.87,	3.7400
189.52,	3.7400
190.18,	3.7500
190.83,	3.7600
191.49,	3.7800
192.15,	3.8000
192.80,	3.8300
193.46,	3.8500
194.11,	3.8800
194.77,	3.8900
195.43,	3.9000
196.08,	3.9000
196.74,	3.9100
197.39,	3.9200
198.05,	3.9400
198.70,	3.9700
199.36,	3.9900
200.02,	4.0000
200.67,	4.0000
201.33,	4.0100
201.98,	4.0100
202.64,	4.0200
203.29,	4.0200
203.95,	4.0300
204.60,	4.0300
205.26,	4.0300
205.91,	4.0300
206.57,	4.0300
207.22,	4.0200
207.88,	4.0200
208.53,	4.0300
209.19,	4.0300
209.84,	4.0300
210.50,	4.0200
211.15,	4.0200
211.81,	4.0300
212.46,	4.0300
213.12,	4.0300
213.77,	4.0200
214.43,	4.0300
215.08,	4.0200
215.74,	4.0300
216.39,	4.0200
217.04,	4.0300
217.70,	4.0300
218.35,	4.0400
219.01,	4.0500
219.66,	4.0600
220.32,	4.0700
220.97,	4.0800
221.62,	4.0800
222.28,	4.0900
222.93,	4.0900
223.59,	4.1000
224.24,	4.1000
224.89,	4.1100
225.55,	4.1100
226.20,	4.1100
226.85,	4.1100
227.51,	4.1200
228.16,	4.1200
228.81,	4.1200
229.47,	4.1400
230.12,	4.1500
230.78,	4.1600
231.43,	4.1700
232.08,	4.1700
232.74,	4.1700
233.39,	4.1800
234.04,	4.2100
234.69,	4.2200
235.35,	4.2300
236.00,	4.2300
236.65,	4.2300
237.31,	4.2400
237.96,	4.2500
238.61,	4.2600
239.27,	4.2600
239.92,	4.2800
240.57,	4.2900
241.22,	4.3100
241.88,	4.3400
242.53,	4.3600
243.18,	4.3700
243.83,	4.3700
244.49,	4.3800
245.14,	4.3800
245.79,	4.3800
246.44,	4.3800
247.10,	4.3900
247.75,	4.4000
248.40,	4.4000
249.05,	4.4100
249.70,	4.4200
250.36,	4.4200
251.01,	4.4300
251.66,	4.4400
252.31,	4.4500
252.96,	4.4500
253.62,	4.4600
254.27,	4.4700
254.92,	4.4800
255.57,	4.4900
256.22,	4.4900
256.88,	4.4900
257.53,	4.5000
258.18,	4.5000
258.83,	4.5100
259.48,	4.5300
260.13,	4.5400
260.78,	4.5500
261.44,	4.5600
262.09,	4.5600
262.74,	4.5700
263.39,	4.5700
264.04,	4.5700
264.69,	4.5700
265.34,	4.5700
265.99,	4.5700
266.64,	4.5700
267.29,	4.5700
267.95,	4.5700
268.60,	4.5700
269.25,	4.5700
269.90,	4.5700
270.55,	4.5700
271.20,	4.5700
271.85,	4.5700
272.50,	4.5700
273.15,	4.5700
273.80,	4.5700
274.45,	4.5700
275.10,	4.5700
275.75,	4.5800
276.40,	4.5700
277.05,	4.5800
277.70,	4.5800
278.35,	4.5800
279.00,	4.5900
279.65,	4.5900
280.30,	4.5900
280.95,	4.5900
281.60,	4.6000
282.25,	4.6000
282.90,	4.6100
283.55,	4.6200
284.20,	4.6300
284.85,	4.6300
285.50,	4.6300
286.15,	4.6300
286.80,	4.6400
287.45,	4.6400
288.10,	4.6400
288.75,	4.6500
289.40,	4.6500
290.05,	4.6500
290.70,	4.6500
291.35,	4.6600
292.00,	4.6600
292.64,	4.6700
293.29,	4.6700
293.94,	4.6700
294.59,	4.6700
295.24,	4.6800
295.89,	4.6700
296.54,	4.6700
297.19,	4.6700
297.84,	4.6700
298.49,	4.6800
299.13,	4.6800
299.78,	4.6900
300.43,	4.6900
301.08,	4.6900
301.73,	4.6900
302.38,	4.6900
303.02,	4.7000
303.67,	4.7000
304.32,	4.7000
304.97,	4.7100
305.62,	4.7100
306.27,	4.7100
306.91,	4.7200
307.56,	4.7200
308.21,	4.7200
308.86,	4.7200
309.51,	4.7200
310.15,	4.7200
310.80,	4.7200
311.45,	4.7300
312.10,	4.7300
312.75,	4.7300
313.39,	4.7300
314.04,	4.7400
314.69,	4.7400
315.34,	4.7300
315.98,	4.7400
316.63,	4.7400
317.28,	4.7400
317.93,	4.7400
318.57,	4.7400
319.22,	4.7400
319.87,	4.7400
320.52,	4.7400
321.16,	4.7300
321.81,	4.7400
322.46,	4.7300
323.10,	4.7300
323.75,	4.7300
324.40,	4.7300
325.04,	4.7300
325.69,	4.7400
326.34,	4.7400
326.99,	4.7300
327.63,	4.7400
328.28,	4.7400
328.93,	4.7400
329.57,	4.7400
330.22,	4.7400
330.86,	4.7400
331.51,	4.7400
332.16,	4.7500
332.80,	4.7400
333.45,	4.7400
334.10,	4.7400
334.74,	4.7500
335.39,	4.7500
336.03,	4.7500
336.68,	4.7500
337.33,	4.7500
337.97,	4.7500
338.62,	4.7500
339.26,	4.7500
339.91,	4.7500
340.56,	4.7600
341.20,	4.7600
341.85,	4.7600
342.49,	4.7600
343.14,	4.7600
343.78,	4.7600
344.43,	4.7600
345.08,	4.7600
345.72,	4.7500
346.37,	4.7600
347.01,	4.7600
347.66,	4.7600
348.30,	4.7600
348.95,	4.7600
349.59,	4.7600
350.24,	4.7600
350.88,	4.7600
351.53,	4.7600
352.17,	4.7600
352.82,	4.7600
353.46,	4.7600
354.11,	4.7600
354.75,	4.7600
355.40,	4.7600
356.04,	4.7600
356.69,	4.7600
357.33,	4.7600
357.98,	4.7600
358.62,	4.7600
359.27,	4.7600
359.91,	4.7600
360.55,	4.7600
361.20,	4.7600
361.84,	4.7600
362.49,	4.7600
363.13,	4.7600
363.78,	4.7700
364.42,	4.7700
365.06,	4.7600
365.71,	4.7600
366.35,	4.7600
367.00,	4.7600
367.64,	4.7600
368.28,	4.7600
368.93,	4.7600
369.57,	4.7600
370.22,	4.7600
370.86,	4.7600
371.50,	4.7600
372.15,	4.7600
372.79,	4.7600
373.43,	4.7600
374.08,	4.7600
374.72,	4.7600
375.36,	4.7600
376.01,	4.7600
376.65,	4.7600
377.29,	4.7600
377.94,	4.7600
378.58,	4.7600
379.22,	4.7600
379.87,	4.7600
380.51,	4.7600
381.15,	4.7600
381.79,	4.7500
382.44,	4.7600
383.08,	4.7500
383.72,	4.7500
384.37,	4.7500
385.01,	4.7600
385.65,	4.7500
386.29,	4.7500
386.94,	4.7500
387.58,	4.7500
388.22,	4.7500
388.86,	4.7500
389.51,	4.7500
390.15,	4.7500
390.79,	4.7500
391.43,	4.7500
392.08,	4.7500
392.72,	4.7500
393.36,	4.7500
394.00,	4.7500
394.64,	4.7500
395.29,	4.7500
395.93,	4.7600
396.57,	4.7500
397.21,	4.7500
397.85,	4.7500
398.50,	4.7500
399.14,	4.7500
399.78,	4.7600
400.42,	4.7600
401.06,	4.7600
401.70,	4.7600
402.34,	4.7600
402.99,	4.7600
403.63,	4.7600
404.27,	4.7600
404.91,	4.7600
405.55,	4.7600
406.19,	4.7600
406.83,	4.7600
407.48,	4.7500
408.12,	4.7600
408.76,	4.7600
409.40,	4.7600
410.04,	4.7600
410.68,	4.7500
411.32,	4.7600
411.96,	4.7500
412.60,	4.7500
413.24,	4.7600
413.88,	4.7600
414.52,	4.7600
415.17,	4.7600
415.81,	4.7500
416.45,	4.7600
417.09,	4.7600
417.73,	4.7600
418.37,	4.7600
419.01,	4.7600
419.65,	4.7600
420.29,	4.7600
420.93,	4.7600
421.57,	4.7600
422.21,	4.7600
422.85,	4.7600
423.49,	4.7600
424.13,	4.7600
424.77,	4.7600
425.41,	4.7600
426.05,	4.7600
426.69,	4.7600
427.33,	4.7600
427.97,	4.7600
428.61,	4.7600
429.25,	4.7600
429.89,	4.7600
430.53,	4.7600
431.17,	4.7600
431.80,	4.7600
432.44,	4.7600
433.08,	4.7500
433.72,	4.7600
434.36,	4.7600
435.00,	4.7600
435.64,	4.7500
436.28,	4.7500
436.92,	4.7500
437.56,	4.7500
438.20,	4.7600
438.84,	4.7600
439.47,	4.7600
440.11,	4.7600
440.75,	4.7600
441.39,	4.7600
442.03,	4.7600
442.67,	4.7600
443.31,	4.7600
443.95,	4.7700
444.58,	4.7700
445.22,	4.7700
445.86,	4.7700
446.50,	4.7700
447.14,	4.7700
447.78,	4.7700
448.41,	4.7700
449.05,	4.7700
449.69,	4.7700
450.33,	4.7700
450.97,	4.7700
451.60,	4.7700
452.24,	4.7700
452.88,	4.7700
453.52,	4.7700
454.16,	4.7800
454.79,	4.7800
455.43,	4.7800
456.07,	4.7800
456.71,	4.7800
457.35,	4.7800
457.98,	4.7800
458.62,	4.7800
459.26,	4.7800
459.90,	4.7900
460.53,	4.7900
461.17,	4.7900
461.81,	4.7900
462.44,	4.7900
463.08,	4.8000
463.72,	4.8100
464.36,	4.8100
464.99,	4.8200
465.63,	4.8200
466.27,	4.8200
466.90,	4.8200
467.54,	4.8300
468.18,	4.8300
468.81,	4.8300
469.45,	4.8300
470.09,	4.8400
470.72,	4.8400
471.36,	4.8400
472.00,	4.8400
472.63,	4.8400
473.27,	4.8400
473.91,	4.8400
474.54,	4.8400
475.18,	4.8400
475.82,	4.8400
476.45,	4.8400
477.09,	4.8500
477.73,	4.8500
478.36,	4.8500
479.00,	4.8500
479.63,	4.8500
480.27,	4.8500
480.91,	4.8500
481.54,	4.8500
482.18,	4.8500
482.81,	4.8500
483.45,	4.8500
484.08,	4.8500
484.72,	4.8500
485.36,	4.8500
485.99,	4.8600
486.63,	4.8600
487.26,	4.8600
487.90,	4.8600
488.53,	4.8600
489.17,	4.8700
489.80,	4.8800
490.44,	4.8900
491.07,	4.8900
491.71,	4.9000
492.34,	4.9000
492.98,	4.9000
493.62,	4.9000
494.25,	4.9000
494.89,	4.9000
495.52,	4.9100
496.15,	4.9100
496.79,	4.9100
497.42,	4.9100
498.06,	4.9100
498.69,	4.9200
499.33,	4.9300
499.96,	4.9400
500.60,	4.9400
501.23,	4.9500
501.87,	4.9600
502.50,	4.9600
503.14,	4.9600
503.77,	4.9600
504.40,	4.9600
505.04,	4.9700
505.67,	4.9800
506.31,	4.9800
506.94,	4.9900
507.57,	4.9900
508.21,	5.0000
508.84,	5.0000
509.48,	5.0100
510.11,	5.0100
510.74,	5.0100
511.38,	5.0200
512.01,	5.0200
512.65,	5.0200
513.28,	5.0300
513.91,	5.0300
514.55,	5.0400
515.18,	5.0400
515.81,	5.0500
516.45,	5.0500
517.08,	5.0500
517.71,	5.0600
518.35,	5.0600
518.98,	5.0600
519.61,	5.0600
520.25,	5.0700
520.88,	5.0700
521.51,	5.0800
522.15,	5.0800
522.78,	5.0800
523.41,	5.0900
524.04,	5.1000
524.68,	5.1000
525.31,	5.1000
525.94,	5.1000
526.58,	5.1100
527.21,	5.1200
527.84,	5.1200
528.47,	5.1300
529.11,	5.1400
529.74,	5.1400
530.37,	5.1500
531.00,	5.1600
531.64,	5.1600
532.27,	5.1700
532.90,	5.1800
533.53,	5.1800
534.17,	5.2000
534.80,	5.2100
535.43,	5.2200
536.06,	5.2300
536.69,	5.2500
537.33,	5.2600
537.96,	5.2700
538.59,	5.2800
539.22,	5.3000
539.85,	5.3100
540.48,	5.3200
541.12,	5.3300
541.75,	5.3400
542.38,	5.3600
543.01,	5.3800
543.64,	5.4000
544.27,	5.4200
544.91,	5.4400
545.54,	5.4600
546.17,	5.4800
546.80,	5.5000
547.43,	5.5200
548.06,	5.5400
548.69,	5.5600
549.32,	5.5800
549.95,	5.5900
550.59,	5.6100
551.22,	5.6300
551.85,	5.6600
552.48,	5.6800
553.11,	5.7100
553.74,	5.7300
554.37,	5.7600
555.00,	5.7800
555.63,	5.8100
556.26,	5.8400
556.89,	5.8700
557.52,	5.8900
558.15,	5.9100
558.78,	5.9300
559.42,	5.9600
560.05,	5.9700
560.68,	5.9900
561.31,	6.0000
561.94,	6.0200
562.57,	6.0300
563.20,	6.0500
563.83,	6.0600
564.46,	6.0700
565.09,	6.0800
565.72,	6.0900
566.35,	6.1000
566.98,	6.1100
567.61,	6.1200
568.24,	6.1300
568.87,	6.1300
569.50,	6.1400
570.12,	6.1400
570.75,	6.1500
571.38,	6.1600
572.01,	6.1600
572.64,	6.1700
573.27,	6.1800
573.90,	6.1800
574.53,	6.1900
575.16,	6.2000
575.79,	6.2100
576.42,	6.2200
577.05,	6.2300
577.68,	6.2500
578.31,	6.2600
578.93,	6.2800
579.56,	6.2900
580.19,	6.3000
580.82,	6.3100
581.45,	6.3200
582.08,	6.3300
582.71,	6.3400
583.34,	6.3500
583.97,	6.3600
584.59,	6.3700
585.22,	6.3800
585.85,	6.3900
586.48,	6.3900
587.11,	6.4100
587.74,	6.4200
588.36,	6.4300
588.99,	6.4400
589.62,	6.4500
590.25,	6.4700
590.88,	6.4700
591.50,	6.4800
592.13,	6.4800
592.76,	6.4900
593.39,	6.5000
594.02,	6.5100
594.64,	6.5200
595.27,	6.5200
595.90,	6.5200
596.53,	6.5300
597.16,	6.5400
597.78,	6.5400
598.41,	6.5500
599.04,	6.5500
599.67,	6.5600
600.29,	6.5700
600.92,	6.5800
601.55,	6.5800
602.18,	6.5900
602.80,	6.5900
603.43,	6.6000
604.06,	6.6000
604.68,	6.6000
605.31,	6.6000
605.94,	6.6100
606.57,	6.6100
607.19,	6.6100
607.82,	6.6100
608.45,	6.6200
609.07,	6.6200
609.70,	6.6300
610.33,	6.6300
610.95,	6.6300
611.58,	6.6400
612.21,	6.6400
612.83,	6.6500
613.46,	6.6500
614.09,	6.6600
614.71,	6.6600
615.34,	6.6600
615.97,	6.6700
616.59,	6.6700
617.22,	6.6800
617.84,	6.6800
618.47,	6.6800
619.10,	6.6900
619.72,	6.6900
620.35,	6.7000
620.97,	6.7000
621.60,	6.7000
622.23,	6.7100
622.85,	6.7100
623.48,	6.7100
624.10,	6.7100
624.73,	6.7200
625.35,	6.7200
625.98,	6.7200
626.61,	6.7300
627.23,	6.7300
627.86,	6.7300
628.48,	6.7400
629.11,	6.7500
629.73,	6.7500
630.36,	6.7600
630.98,	6.7600
631.61,	6.7600
632.23,	6.7600
632.86,	6.7600
633.48,	6.7700
634.11,	6.7800
634.73,	6.7900
635.36,	6.7900
635.98,	6.7900
636.61,	6.8000
637.23,	6.8000
637.86,	6.8000
638.48,	6.8000
639.11,	6.8100
639.73,	6.8100
640.36,	6.8200
640.98,	6.8100
641.61,	6.8200
642.23,	6.8300
642.85,	6.8300
643.48,	6.8300
644.10,	6.8300
644.73,	6.8400
645.35,	6.8400
645.98,	6.8500
646.60,	6.8500
647.22,	6.8500
647.85,	6.8500
648.47,	6.8500
649.10,	6.8600
649.72,	6.8600
650.34,	6.8700
650.97,	6.8700
651.59,	6.8700
652.22,	6.8800
652.84,	6.8800
653.46,	6.8800
654.09,	6.8900
654.71,	6.8900
655.33,	6.8900
655.96,	6.8900
656.58,	6.9000
657.20,	6.9000
657.83,	6.9000
658.45,	6.9000
659.07,	6.9100
659.70,	6.9100
660.32,	6.9100
660.94,	6.9100
661.57,	6.9100
662.19,	6.9200
662.81,	6.9200
663.43,	6.9200
664.06,	6.9300
664.68,	6.9300
665.30,	6.9300
665.93,	6.9300
666.55,	6.9400
667.17,	6.9400
667.79,	6.9500
668.42,	6.9500
669.04,	6.9500
669.66,	6.9600
670.28,	6.9600
670.91,	6.9700
671.53,	6.9700
672.15,	6.9700
672.77,	6.9700
673.39,	6.9800
674.02,	6.9800
674.64,	6.9800
675.26,	6.9800
675.88,	6.9900
676.50,	6.9900
677.13,	6.9900
677.75,	6.9900
678.37,	6.9900
678.99,	7.0000
679.61,	6.9900
680.24,	7.0000
680.86,	7.0000
681.48,	7.0000
682.10,	7.0100
682.72,	7.0100
683.34,	7.0200
683.96,	7.0200
684.59,	7.0200
685.21,	7.0300
685.83,	7.0300
686.45,	7.0300
687.07,	7.0400
687.69,	7.0400
688.31,	7.0400
688.93,	7.0400
689.56,	7.0500
690.18,	7.0500
690.80,	7.0500
691.42,	7.0600
692.04,	7.0600
692.66,	7.0600
693.28,	7.0600
693.90,	7.0600
694.52,	7.0600
695.14,	7.0700
695.76,	7.0700
696.38,	7.0700
697.00,	7.0700
697.62,	7.0700
698.25,	7.0800
698.87,	7.0800
699.49,	7.0800
700.11,	7.0800
700.73,	7.0900
701.35,	7.0900
701.97,	7.0900
702.59,	7.1000
703.21,	7.1000
703.83,	7.1100
704.45,	7.1100
705.07,	7.1100
705.69,	7.1200
706.31,	7.1200
706.93,	7.1200
707.55,	7.1300
708.17,	7.1300
708.79,	7.1300
709.40,	7.1400
710.02,	7.1400
710.64,	7.1400
711.26,	7.1400
711.88,	7.1400
712.50,	7.1400
713.12,	7.1500
713.74,	7.1500
714.36,	7.1500
714.98,	7.1500
715.60,	7.1500
716.22,	7.1600
716.84,	7.1600
717.45,	7.1600
718.07,	7.1700
718.69,	7.1700
719.31,	7.1800
719.93,	7.1800
720.55,	7.1800
721.17,	7.1800
721.79,	7.1800
722.41,	7.1900
723.02,	7.1800
723.64,	7.1800
724.26,	7.1900
724.88,	7.1900
725.50,	7.1900
726.12,	7.1900
726.73,	7.2000
727.35,	7.1900
727.97,	7.1900
728.59,	7.1900
729.21,	7.2000
729.83,	7.2000
730.44,	7.2000
731.06,	7.2000
731.68,	7.2000
732.30,	7.2000
732.92,	7.2000
733.53,	7.2000
734.15,	7.2000
734.77,	7.2100
735.39,	7.2100
736.00,	7.2100
736.62,	7.2100
737.24,	7.2000
737.86,	7.2000
738.47,	7.2100
739.09,	7.2100
739.71,	7.2100
740.33,	7.2100
740.94,	7.2100
741.56,	7.2200
742.18,	7.2100
742.79,	7.2100
743.41,	7.2200
744.03,	7.2200
744.65,	7.2200
745.26,	7.2200
745.88,	7.2200
746.50,	7.2200
747.11,	7.2200
747.73,	7.2200
748.35,	7.2200
748.96,	7.2300
749.58,	7.2200
750.20,	7.2200
750.81,	7.2200
751.43,	7.2200
752.05,	7.2200
752.66,	7.2200
753.28,	7.2200
753.90,	7.2200
754.51,	7.2200
755.13,	7.2200
755.74,	7.2200
756.36,	7.2100
756.98,	7.2100
757.59,	7.2100
758.21,	7.2100
758.82,	7.2200
759.44,	7.2200
760.06,	7.2200
760.67,	7.2200
761.29,	7.2200
761.90,	7.2200
762.52,	7.2200
763.14,	7.2100
763.75,	7.2100
764.37,	7.2200
764.98,	7.2200
765.60,	7.2100
766.21,	7.2100
766.83,	7.2100
767.44,	7.2100
768.06,	7.2200
768.67,	7.2200
769.29,	7.2200
769.90,	7.2200
770.52,	7.2200
771.14,	7.2100
771.75,	7.2100
772.37,	7.2100
772.98,	7.2100
773.59,	7.2100
774.21,	7.2100
774.82,	7.2200
775.44,	7.2200
776.05,	7.2100
776.67,	7.2100
777.28,	7.2100
777.90,	7.2100
778.51,	7.2100
779.13,	7.2100
779.74,	7.2200
780.36,	7.2100
780.97,	7.2200
781.58,	7.2200
782.20,	7.2200
782.81,	7.2200
783.43,	7.2200
784.04,	7.2200
784.66,	7.2200
785.27,	7.2200
785.88,	7.2200
786.50,	7.2200
787.11,	7.2300
787.73,	7.2300
788.34,	7.2400
788.95,	7.2500
789.57,	7.2600
790.18,	7.2700
790.79,	7.2800
791.41,	7.2900
792.02,	7.3000
792.63,	7.3100
793.25,	7.3200
793.86,	7.3300
794.47,	7.3400
795.09,	7.3600
795.70,	7.3600
796.31,	7.3700
796.93,	7.3800
797.54,	7.3900
798.15,	7.4000
798.77,	7.4000
799.38,	7.4100
799.99,	7.4100
800.61,	7.4100
801.22,	7.4200
801.83,	7.4200
802.44,	7.4200
803.06,	7.4300
803.67,	7.4300
804.28,	7.4400
804.90,	7.4400
805.51,	7.4400
806.12,	7.4400
806.73,	7.4400
807.34,	7.4500
807.96,	7.4500
808.57,	7.4500
809.18,	7.4500
809.79,	7.4500
810.41,	7.4500
811.02,	7.4600
811.63,	7.4600
812.24,	7.4600
812.85,	7.4600
813.47,	7.4700
814.08,	7.4600
814.69,	7.4600
815.30,	7.4700
815.91,	7.4700
816.53,	7.4700
817.14,	7.4800
817.75,	7.4800
818.36,	7.4800
818.97,	7.4800
819.58,	7.4900
820.20,	7.4900
820.81,	7.5000
821.42,	7.4900
822.03,	7.4900
822.64,	7.4900
823.25,	7.4900
823.86,	7.5000
824.47,	7.5000
825.09,	7.5000
825.70,	7.5000
826.31,	7.5000
826.92,	7.5100
827.53,	7.5100
828.14,	7.5100
828.75,	7.5100
829.36,	7.5200
829.97,	7.5100
830.58,	7.5100
831.19,	7.5100
831.80,	7.5100
832.42,	7.5100
833.03,	7.5100
833.64,	7.5100
834.25,	7.5100
834.86,	7.5100
835.47,	7.5200
836.08,	7.5100
836.69,	7.5100
837.30,	7.5200
837.91,	7.5200
838.52,	7.5200
839.13,	7.5200
839.74,	7.5200
840.35,	7.5200
840.96,	7.5200
841.57,	7.5200
842.18,	7.5200
842.79,	7.5200
843.40,	7.5200
844.01,	7.5200
844.62,	7.5200
845.23,	7.5200
845.84,	7.5200
846.45,	7.5200
847.06,	7.5200
847.67,	7.5200
848.27,	7.5200
848.88,	7.5200
849.49,	7.5200
850.10,	7.5200
850.71,	7.5200
851.32,	7.5200
851.93,	7.5200
852.54,	7.5200
853.15,	7.5200
853.76,	7.5300
854.37,	7.5200
854.98,	7.5200
855.58,	7.5300
856.19,	7.5300
856.80,	7.5300
857.41,	7.5300
858.02,	7.5300
858.63,	7.5300
859.24,	7.5300
859.85,	7.5300
860.45,	7.5300
861.06,	7.5300
861.67,	7.5300
862.28,	7.5300
862.89,	7.5200
863.50,	7.5200
864.10,	7.5200
864.71,	7.5200
865.32,	7.5300
865.93,	7.5200
866.54,	7.5200
867.14,	7.5200
867.75,	7.5200
868.36,	7.5200
868.97,	7.5300
869.58,	7.5300
870.18,	7.5300
870.79,	7.5300
871.40,	7.5300
872.01,	7.5300
872.61,	7.5200
873.22,	7.5300
873.83,	7.5300
874.44,	7.5300
875.04,	7.5300
875.65,	7.5300
876.26,	7.5300
876.87,	7.5300
877.47,	7.5400
878.08,	7.5400
878.69,	7.5400
879.29,	7.5400
879.90,	7.5400
880.51,	7.5400
881.12,	7.5500
881.72,	7.5500
882.33,	7.5500
882.94,	7.5600
883.54,	7.5600
884.15,	7.5600
884.76,	7.5600
885.36,	7.5700
885.97,	7.5700
886.58,	7.5600
887.18,	7.5600
887.79,	7.5700
888.40,	7.5700
889.00,	7.5800
889.61,	7.5800
890.22,	7.5800
890.82,	7.5800
891.43,	7.5800
892.03,	7.5900
892.64,	7.5900
893.25,	7.5900
893.85,	7.5900
894.46,	7.5900
895.06,	7.5900
895.67,	7.6000
896.28,	7.6000
896.88,	7.6000
897.49,	7.6000
898.09,	7.6100
898.70,	7.6100
899.30,	7.6100
899.91,	7.6100
900.52,	7.6100
901.12,	7.6100
901.73,	7.6200
902.33,	7.6200
902.94,	7.6200
903.54,	7.6200
904.15,	7.6200
904.75,	7.6300
905.36,	7.6300
905.96,	7.6300
906.57,	7.6300
907.17,	7.6400
907.78,	7.6400
908.38,	7.6400
908.99,	7.6500
909.59,	7.6500
910.20,	7.6500
910.80,	7.6500
911.41,	7.6600
912.01,	8.2300
912.62,	11.6400
913.22,	15.6200
913.83,	17.7000
914.43,	19.1200
915.03,	20.2500
915.64,	21.1800
916.24,	21.9600
916.85,	22.6500
917.45,	23.2600
918.06,	23.8200
918.66,	24.3300
919.26,	24.8000
919.87,	25.2300
920.47,	25.6400
921.08,	26.0300
921.68,	28.0900
922.28,	35.5000
922.89,	35.5000
923.49,	35.5000
924.10,	35.5000
924.70,	35.5000
925.30,	35.5000
925.91,	35.5000
926.51,	35.5000
927.11,	35.5000
927.72,	35.5000
928.32,	35.5000
928.92,	35.5000
929.53,	35.5000
930.13,	35.5000
930.74,	35.5000
931.34,	35.5000
931.94,	35.5000
932.54,	35.5000
933.15,	35.5000
933.75,	35.5000
934.35,	35.5000
934.96,	35.5000
935.56,	35.5000
936.16,	35.5000
936.77,	35.5000
937.37,	35.5000
937.97,	35.5000
938.57,	35.5000
939.18,	35.5000
939.78,	35.5000
940.38,	35.5000
940.98,	35.5000
941.59,	35.5000
942.19,	35.5000
942.79,	35.5000
943.39,	35.5000
944.00,	35.5000
944.60,	35.5000
945.20,	35.5000
945.80,	35.5000
946.40,	35.5000
947.01,	35.5000
947.61,	35.5000
948.21,	35.5000
948.81,	35.5000
949.41,	35.5000
950.02,	35.5000
950.62,	35.5000
951.22,	35.5000
951.82,	35.5000
952.42,	35.5000
953.02,	35.5000
953.63,	35.5000
954.23,	35.5000
954.83,	35.5000
955.43,	35.5000
956.03,	35.5000
956.63,	35.5000
957.24,	35.5000
957.84,	35.5000
958.44,	35.5000
959.04,	35.5000
959.64,	35.5000
960.24,	35.5000
960.84,	35.5000
961.44,	35.5000
962.04,	35.5000
962.64,	35.5000
963.25,	35.5000
963.85,	35.5000
964.45,	35.5000
965.05,	35.5000
965.65,	35.5000
966.25,	35.5000
966.85,	35.5000
967.45,	35.5000
968.05,	35.5000
968.65,	35.5000
969.25,	35.5000
969.85,	35.5000
970.45,	35.5000
971.05,	35.5000
971.65,	35.5000
972.25,	35.5000
972.85,	35.5000
973.45,	35.5000
974.05,	35.5000
974.65,	35.5000
975.25,	35.5000
975.85,	35.5000
976.45,	35.5000
977.05,	35.5000
977.65,	35.5000
978.25,	35.5000
978.85,	35.5000
979.45,	35.5000
980.05,	35.5000
980.65,	35.5000
981.25,	35.5000
981.85,	35.5000
982.45,	35.5000
983.05,	35.5000
983.65,	35.5000
984.25,	35.5000
984.85,	35.5000
985.45,	35.5000
986.04,	35.5000
986.64,	35.5000
987.24,	35.5000
987.84,	35.5000
988.44,	35.5000
989.04,	35.5000
989.64,	35.5000
990.24,	35.5000
990.84,	35.5000
991.44,	35.5000
992.03,	35.5000
992.63,	35.5000
993.23,	35.5000
993.83,	35.5000
994.43,	35.5000
995.03,	35.5000
995.63,	35.5000
996.22,	35.5000
996.82,	35.5000
997.42,	35.5000
998.02,	35.5000
998.62,	35.5000
999.21,	35.5000
999.81,	35.5000
1000.41,	35.5000
