Call Sign = ZSDA,	Ship Name = SA Agulhas,	Lloyds Num = 0
Date = 12/02/2016,	Time = 21:01,	
Latitude = 40 55.47  S,	Longitude = 010 09.66  E
Instr = Sippican Deep Blue,	Card Type = Sippican MK-21,	
Wind Instr = ,	Measur Method = 
Probe Serial Num = -1,	Ship Dir = -1,	Ship Speed = -1.00
Wind Dir = 330,	Wind Speed = 15.20
Dry Bulb Temp = 12.60,	Total Water Depth = -1.00

Full Resolution Values
Depth,	 Temp
0.67,	14.5400
1.34,	14.3800
2.01,	14.3500
2.68,	14.3500
3.34,	14.3700
4.01,	14.4000
4.68,	14.4200
5.35,	14.4500
6.02,	14.5000
6.69,	14.5400
7.36,	14.5600
8.03,	14.5800
8.69,	14.6100
9.36,	14.6500
10.03,	14.6800
10.70,	14.7000
11.37,	14.7000
12.04,	14.7000
12.70,	14.7100
13.37,	14.7100
14.04,	14.7200
14.71,	14.7200
15.38,	14.7200
16.05,	14.7100
16.71,	14.6900
17.38,	14.6800
18.05,	14.6700
18.72,	14.6500
19.38,	14.6600
20.05,	14.6700
20.72,	14.6800
21.39,	14.6900
22.06,	14.7000
22.72,	14.7100
23.39,	14.7100
24.06,	14.7100
24.73,	14.7200
25.39,	14.7100
26.06,	14.7100
26.73,	14.7100
27.40,	14.7200
28.06,	14.7100
28.73,	14.7100
29.40,	14.7100
30.06,	14.7100
30.73,	14.7100
31.40,	14.7100
32.06,	14.7100
32.73,	14.7100
33.40,	14.7100
34.07,	14.7000
34.73,	14.7000
35.40,	14.7000
36.07,	14.7100
36.73,	14.7000
37.40,	14.7000
38.07,	14.7000
38.73,	14.6900
39.40,	14.6900
40.06,	14.6900
40.73,	14.6900
41.40,	14.6900
42.06,	14.6900
42.73,	14.6900
43.40,	14.6900
44.06,	14.6900
44.73,	14.6900
45.39,	14.7000
46.06,	14.6900
46.73,	14.6900
47.39,	14.6800
48.06,	14.6900
48.72,	14.6800
49.39,	14.6800
50.06,	14.6800
50.72,	14.6800
51.39,	14.6800
52.05,	14.6700
52.72,	14.6700
53.38,	14.6700
54.05,	14.6700
54.71,	14.6700
55.38,	14.6700
56.05,	14.6600
56.71,	14.6500
57.38,	14.6500
58.04,	14.6400
58.71,	14.6400
59.37,	14.6300
60.04,	14.6300
60.70,	14.6200
61.37,	14.6100
62.03,	14.6100
62.70,	14.6100
63.36,	14.5900
64.03,	14.5600
64.69,	14.5200
65.36,	14.4700
66.02,	14.4300
66.69,	14.3700
67.35,	14.2800
68.01,	14.2100
68.68,	14.1400
69.34,	14.0300
70.01,	13.9100
70.67,	13.8300
71.34,	13.7400
72.00,	13.5900
72.66,	13.4300
73.33,	13.2700
73.99,	13.1200
74.66,	12.9100
75.32,	12.7400
75.98,	12.6300
76.65,	12.5700
77.31,	12.5300
77.98,	12.4900
78.64,	12.3800
79.30,	12.2400
79.97,	12.1700
80.63,	12.1100
81.30,	11.9600
81.96,	11.8100
82.62,	11.7300
83.29,	11.6600
83.95,	11.5800
84.61,	11.5400
85.28,	11.5300
85.94,	11.5000
86.60,	11.4700
87.27,	11.4500
87.93,	11.4300
88.59,	11.3800
89.26,	11.3400
89.92,	11.3200
90.58,	11.3100
91.24,	11.3000
91.91,	11.2900
92.57,	11.2900
93.23,	11.2800
93.90,	11.2700
94.56,	11.2700
95.22,	11.2800
95.88,	11.3000
96.55,	11.3200
97.21,	11.3200
97.87,	11.3000
98.53,	11.2800
99.20,	11.2700
99.86,	11.2600
100.52,	11.2600
101.18,	11.2500
101.85,	11.2500
102.51,	11.2600
103.17,	11.2600
103.83,	11.2600
104.49,	11.2800
105.16,	11.4000
105.82,	11.5100
106.48,	11.5500
107.14,	11.5600
107.80,	11.5400
108.47,	11.5200
109.13,	11.5200
109.79,	11.5200
110.45,	11.5200
111.11,	11.4900
111.77,	11.4700
112.44,	11.4400
113.10,	11.4400
113.76,	11.4300
114.42,	11.4300
115.08,	11.4300
115.74,	11.4200
116.40,	11.4100
117.06,	11.3700
117.73,	11.3300
118.39,	11.3100
119.05,	11.2700
119.71,	11.2300
120.37,	11.2000
121.03,	11.1700
121.69,	11.1600
122.35,	11.1300
123.01,	11.1000
123.67,	11.0700
124.33,	11.0200
125.00,	10.9300
125.66,	10.8800
126.32,	10.8500
126.98,	10.8200
127.64,	10.8000
128.30,	10.7900
128.96,	10.7900
129.62,	10.7900
130.28,	10.7800
130.94,	10.7500
131.60,	10.7300
132.26,	10.7200
132.92,	10.7000
133.58,	10.6900
134.24,	10.6800
134.90,	10.6700
135.56,	10.6500
136.22,	10.6000
136.88,	10.5600
137.54,	10.5200
138.20,	10.5000
138.86,	10.4800
139.52,	10.4700
140.18,	10.4600
140.84,	10.4500
141.50,	10.4300
142.16,	10.3900
142.82,	10.3700
143.48,	10.3600
144.14,	10.3500
144.79,	10.3200
145.45,	10.3000
146.11,	10.2700
146.77,	10.2300
147.43,	10.2000
148.09,	10.1900
148.75,	10.1600
149.41,	10.1500
150.07,	10.1400
150.73,	10.1400
151.39,	10.1400
152.04,	10.1400
152.70,	10.1600
153.36,	10.1400
154.02,	10.0900
154.68,	10.0500
155.34,	10.0400
156.00,	10.0400
156.65,	10.0400
157.31,	10.0500
157.97,	10.0800
158.63,	10.1100
159.29,	10.1300
159.95,	10.1300
160.60,	10.1200
161.26,	10.0900
161.92,	10.0700
162.58,	10.0600
163.24,	10.0600
163.90,	10.0400
164.55,	10.0100
165.21,	10.0000
165.87,	10.0000
166.53,	9.9800
167.18,	9.9800
167.84,	9.9900
168.50,	10.0000
169.16,	10.0100
169.82,	10.0100
170.47,	10.0100
171.13,	10.0100
171.79,	10.0100
172.44,	10.0100
173.10,	10.0100
173.76,	10.0100
174.42,	10.0100
175.07,	10.0000
175.73,	9.9700
176.39,	9.9500
177.05,	9.9300
177.70,	9.9100
178.36,	9.8900
179.02,	9.8800
179.67,	9.8800
180.33,	9.8900
180.99,	9.9000
181.64,	9.9000
182.30,	9.9100
182.96,	9.9000
183.61,	9.9000
184.27,	9.9000
184.93,	9.9000
185.58,	9.9000
186.24,	9.9000
186.90,	9.9000
187.55,	9.9000
188.21,	9.9000
188.87,	9.9000
189.52,	9.9000
190.18,	9.8900
190.83,	9.8800
191.49,	9.8700
192.15,	9.8600
192.80,	9.8400
193.46,	9.7800
194.11,	9.7200
194.77,	9.6600
195.43,	9.6200
196.08,	9.6000
196.74,	9.5900
197.39,	9.5800
198.05,	9.5600
198.70,	9.5500
199.36,	9.5400
200.02,	9.5400
200.67,	9.5300
201.33,	9.5300
201.98,	9.5300
202.64,	9.5600
203.29,	9.5800
203.95,	9.5600
204.60,	9.5200
205.26,	9.4900
205.91,	9.4800
206.57,	9.4800
207.22,	9.4800
207.88,	9.4700
208.53,	9.4700
209.19,	9.4500
209.84,	9.4200
210.50,	9.4000
211.15,	9.3500
211.81,	9.3300
212.46,	9.3200
213.12,	9.3100
213.77,	9.2700
214.43,	9.2200
215.08,	9.2000
215.74,	9.1800
216.39,	9.1700
217.04,	9.1600
217.70,	9.1600
218.35,	9.1600
219.01,	9.1600
219.66,	9.1600
220.32,	9.1700
220.97,	9.2400
221.62,	9.2800
222.28,	9.3000
222.93,	9.2900
223.59,	9.3000
224.24,	9.3000
224.89,	9.2900
225.55,	9.3000
226.20,	9.3100
226.85,	9.3500
227.51,	9.3800
228.16,	9.3900
228.81,	9.3900
229.47,	9.4000
230.12,	9.4100
230.78,	9.4200
231.43,	9.4400
232.08,	9.4500
232.74,	9.4600
233.39,	9.4600
234.04,	9.4500
234.69,	9.4400
235.35,	9.4400
236.00,	9.4600
236.65,	9.4800
237.31,	9.4800
237.96,	9.4800
238.61,	9.4700
239.27,	9.4700
239.92,	9.4800
240.57,	9.4900
241.22,	9.4900
241.88,	9.4900
242.53,	9.4900
243.18,	9.4900
243.83,	9.4800
244.49,	9.4700
245.14,	9.4400
245.79,	9.4200
246.44,	9.4000
247.10,	9.3900
247.75,	9.3800
248.40,	9.3700
249.05,	9.3600
249.70,	9.3800
250.36,	9.3900
251.01,	9.3900
251.66,	9.3800
252.31,	9.3800
252.96,	9.4100
253.62,	9.4500
254.27,	9.4900
254.92,	9.5500
255.57,	9.5700
256.22,	9.5800
256.88,	9.5800
257.53,	9.5800
258.18,	9.5800
258.83,	9.5800
259.48,	9.5900
260.13,	9.5800
260.78,	9.5800
261.44,	9.5700
262.09,	9.5600
262.74,	9.5500
263.39,	9.5500
264.04,	9.5400
264.69,	9.5300
265.34,	9.5200
265.99,	9.4900
266.64,	9.4600
267.29,	9.4500
267.95,	9.4400
268.60,	9.4400
269.25,	9.4700
269.90,	9.5100
270.55,	9.5400
271.20,	9.5600
271.85,	9.5700
272.50,	9.5700
273.15,	9.5700
273.80,	9.5700
274.45,	9.5700
275.10,	9.5600
275.75,	9.5400
276.40,	9.5000
277.05,	9.4800
277.70,	9.4700
278.35,	9.4400
279.00,	9.4200
279.65,	9.4100
280.30,	9.3800
280.95,	9.3700
281.60,	9.3600
282.25,	9.3600
282.90,	9.3400
283.55,	9.3300
284.20,	9.3300
284.85,	9.3300
285.50,	9.3300
286.15,	9.3400
286.80,	9.4100
287.45,	9.4600
288.10,	9.4700
288.75,	9.4700
289.40,	9.4700
290.05,	9.4700
290.70,	9.4600
291.35,	9.4600
292.00,	9.4600
292.64,	9.4700
293.29,	9.4800
293.94,	9.4700
294.59,	9.4500
295.24,	9.4500
295.89,	9.4300
296.54,	9.4100
297.19,	9.4000
297.84,	9.3900
298.49,	9.3800
299.13,	9.3600
299.78,	9.3400
300.43,	9.2800
301.08,	9.2000
301.73,	9.1600
302.38,	9.1000
303.02,	8.9700
303.67,	8.8900
304.32,	8.8600
304.97,	8.8400
305.62,	8.8300
306.27,	8.8200
306.91,	8.8200
307.56,	8.8000
308.21,	8.7800
308.86,	8.7700
309.51,	8.7700
310.15,	8.7700
310.80,	8.7600
311.45,	8.7400
312.10,	8.7300
312.75,	8.7300
313.39,	8.7200
314.04,	8.7100
314.69,	8.6800
315.34,	8.6500
315.98,	8.6200
316.63,	8.5900
317.28,	8.5700
317.93,	8.5600
318.57,	8.5600
319.22,	8.5600
319.87,	8.5600
320.52,	8.5400
321.16,	8.5200
321.81,	8.5100
322.46,	8.5000
323.10,	8.5100
323.75,	8.5100
324.40,	8.5000
325.04,	8.4800
325.69,	8.4600
326.34,	8.4300
326.99,	8.4100
327.63,	8.4000
328.28,	8.3800
328.93,	8.3400
329.57,	8.3200
330.22,	8.3000
330.86,	8.2800
331.51,	8.2700
332.16,	8.2700
332.80,	8.2900
333.45,	8.3000
334.10,	8.3100
334.74,	8.3100
335.39,	8.3100
336.03,	8.3000
336.68,	8.3000
337.33,	8.3300
337.97,	8.3500
338.62,	8.3500
339.26,	8.3500
339.91,	8.3500
340.56,	8.3500
341.20,	8.3500
341.85,	8.3500
342.49,	8.3500
343.14,	8.3500
343.78,	8.3700
344.43,	8.4100
345.08,	8.4300
345.72,	8.4500
346.37,	8.4600
347.01,	8.4500
347.66,	8.4500
348.30,	8.4400
348.95,	8.4200
349.59,	8.4100
350.24,	8.3800
350.88,	8.3600
351.53,	8.3200
352.17,	8.2800
352.82,	8.2500
353.46,	8.2400
354.11,	8.2400
354.75,	8.2500
355.40,	8.2600
356.04,	8.2600
356.69,	8.2500
357.33,	8.2500
357.98,	8.2400
358.62,	8.2500
359.27,	8.2500
359.91,	8.2500
360.55,	8.2500
361.20,	8.2500
361.84,	8.2400
362.49,	8.2500
363.13,	8.2400
363.78,	8.2400
364.42,	8.2400
365.06,	8.2400
365.71,	8.2300
366.35,	8.2300
367.00,	8.2200
367.64,	8.2100
368.28,	8.1900
368.93,	8.1900
369.57,	8.1900
370.22,	8.1700
370.86,	8.1400
371.50,	8.1100
372.15,	8.0800
372.79,	8.0300
373.43,	8.0000
374.08,	7.9900
374.72,	7.9900
375.36,	7.9700
376.01,	7.9500
376.65,	7.9300
377.29,	7.9100
377.94,	7.9100
378.58,	7.8900
379.22,	7.8500
379.87,	7.8400
380.51,	7.8500
381.15,	7.8700
381.79,	7.8800
382.44,	7.9000
383.08,	7.9400
383.72,	7.9600
384.37,	7.9700
385.01,	7.9700
385.65,	7.9700
386.29,	7.9500
386.94,	7.9300
387.58,	7.9100
388.22,	7.8900
388.86,	7.8600
389.51,	7.8200
390.15,	7.7700
390.79,	7.7400
391.43,	7.7400
392.08,	7.7500
392.72,	7.8000
393.36,	7.8700
394.00,	7.9000
394.64,	7.8900
395.29,	7.8900
395.93,	7.8600
396.57,	7.8400
397.21,	7.8300
397.85,	7.8200
398.50,	7.8100
399.14,	7.8200
399.78,	7.8100
400.42,	7.8000
401.06,	7.7900
401.70,	7.7900
402.34,	7.7800
402.99,	7.7600
403.63,	7.7500
404.27,	7.7400
404.91,	7.7200
405.55,	7.7100
406.19,	7.7000
406.83,	7.6900
407.48,	7.6800
408.12,	7.6800
408.76,	7.6700
409.40,	7.6600
410.04,	7.6500
410.68,	7.6500
411.32,	7.6400
411.96,	7.6200
412.60,	7.6100
413.24,	7.6100
413.88,	7.6100
414.52,	7.6000
415.17,	7.6000
415.81,	7.5900
416.45,	7.5900
417.09,	7.5800
417.73,	7.5700
418.37,	7.5600
419.01,	7.5500
419.65,	7.5300
420.29,	7.5100
420.93,	7.5000
421.57,	7.4900
422.21,	7.4900
422.85,	7.4700
423.49,	7.4400
424.13,	7.4300
424.77,	7.4300
425.41,	7.4000
426.05,	7.3800
426.69,	7.3700
427.33,	7.3600
427.97,	7.3500
428.61,	7.3300
429.25,	7.3200
429.89,	7.3000
430.53,	7.2800
431.17,	7.2600
431.80,	7.2400
432.44,	7.2200
433.08,	7.2100
433.72,	7.1900
434.36,	7.1700
435.00,	7.1500
435.64,	7.1200
436.28,	7.0700
436.92,	7.0000
437.56,	6.9600
438.20,	6.9600
438.84,	6.9700
439.47,	6.9800
440.11,	6.9800
440.75,	6.9700
441.39,	6.9700
442.03,	6.9600
442.67,	6.9500
443.31,	6.9500
443.95,	6.9400
444.58,	6.9200
445.22,	6.9000
445.86,	6.8900
446.50,	6.8700
447.14,	6.8400
447.78,	6.8200
448.41,	6.8100
449.05,	6.8000
449.69,	6.7800
450.33,	6.7700
450.97,	6.7600
451.60,	6.7500
452.24,	6.7400
452.88,	6.7300
453.52,	6.7200
454.16,	6.7100
454.79,	6.6900
455.43,	6.6800
456.07,	6.6700
456.71,	6.6600
457.35,	6.6600
457.98,	6.6500
458.62,	6.6500
459.26,	6.6500
459.90,	6.6500
460.53,	6.6400
461.17,	6.6400
461.81,	6.6200
462.44,	6.6000
463.08,	6.5800
463.72,	6.5600
464.36,	6.5300
464.99,	6.5200
465.63,	6.5200
466.27,	6.5100
466.90,	6.5100
467.54,	6.5000
468.18,	6.4900
468.81,	6.4900
469.45,	6.4800
470.09,	6.4800
470.72,	6.4800
471.36,	6.4700
472.00,	6.4700
472.63,	6.4600
473.27,	6.4500
473.91,	6.4500
474.54,	6.4500
475.18,	6.4400
475.82,	6.4300
476.45,	6.4200
477.09,	6.4100
477.73,	6.3900
478.36,	6.3800
479.00,	6.3700
479.63,	6.3700
480.27,	6.3700
480.91,	6.3600
481.54,	6.3400
482.18,	6.3300
482.81,	6.3300
483.45,	6.3200
484.08,	6.3100
484.72,	6.3100
485.36,	6.3000
485.99,	6.3000
486.63,	6.2800
487.26,	6.2600
487.90,	6.2500
488.53,	6.2400
489.17,	6.2400
489.80,	6.2400
490.44,	6.2500
491.07,	6.2400
491.71,	6.2300
492.34,	6.2300
492.98,	6.2100
493.62,	6.1900
494.25,	6.1700
494.89,	6.1600
495.52,	6.1500
496.15,	6.1300
496.79,	6.1200
497.42,	6.0900
498.06,	6.0500
498.69,	6.0300
499.33,	6.0200
499.96,	6.0200
500.60,	6.0100
501.23,	6.0100
501.87,	6.0000
502.50,	5.9900
503.14,	5.9900
503.77,	5.9900
504.40,	5.9800
505.04,	5.9700
505.67,	5.9500
506.31,	5.9400
506.94,	5.9300
507.57,	5.9300
508.21,	5.9200
508.84,	5.8900
509.48,	5.8800
510.11,	5.8600
510.74,	5.8500
511.38,	5.8400
512.01,	5.8200
512.65,	5.8100
513.28,	5.7800
513.91,	5.7500
514.55,	5.7100
515.18,	5.6900
515.81,	5.6600
516.45,	5.6500
517.08,	5.6400
517.71,	5.6400
518.35,	5.6400
518.98,	5.6300
519.61,	5.6200
520.25,	5.6100
520.88,	5.6000
521.51,	5.5900
522.15,	5.5900
522.78,	5.5800
523.41,	5.5600
524.04,	5.5500
524.68,	5.5500
525.31,	5.5500
525.94,	5.5500
526.58,	5.5500
527.21,	5.5600
527.84,	5.5500
528.47,	5.5500
529.11,	5.5400
529.74,	5.5300
530.37,	5.5300
531.00,	5.5200
531.64,	5.5200
532.27,	5.5000
532.90,	5.4900
533.53,	5.4800
534.17,	5.4700
534.80,	5.4600
535.43,	5.4500
536.06,	5.4400
536.69,	5.4300
537.33,	5.4400
537.96,	5.4400
538.59,	5.4400
539.22,	5.4300
539.85,	5.4200
540.48,	5.4100
541.12,	5.4000
541.75,	5.3900
542.38,	5.3900
543.01,	5.3900
543.64,	5.3900
544.27,	5.3900
544.91,	5.3900
545.54,	5.3900
546.17,	5.3900
546.80,	5.3900
547.43,	5.3900
548.06,	5.3900
548.69,	5.3900
549.32,	5.3900
549.95,	5.3800
550.59,	5.3700
551.22,	5.3700
551.85,	5.3600
552.48,	5.3600
553.11,	5.3600
553.74,	5.3500
554.37,	5.3500
555.00,	5.3500
555.63,	5.3400
556.26,	5.3400
556.89,	5.3300
557.52,	5.3100
558.15,	5.2900
558.78,	5.2700
559.42,	5.2400
560.05,	5.2000
560.68,	5.1800
561.31,	5.1800
561.94,	5.1700
562.57,	5.1500
563.20,	5.1400
563.83,	5.1300
564.46,	5.1200
565.09,	5.1000
565.72,	5.0800
566.35,	5.0600
566.98,	5.0500
567.61,	5.0400
568.24,	5.0400
568.87,	5.0500
569.50,	5.0500
570.12,	5.0600
570.75,	5.0600
571.38,	5.0600
572.01,	5.0600
572.64,	5.0700
573.27,	5.0700
573.90,	5.0800
574.53,	5.0800
575.16,	5.0900
575.79,	5.0900
576.42,	5.0800
577.05,	5.0700
577.68,	5.0500
578.31,	5.0200
578.93,	5.0000
579.56,	4.9900
580.19,	4.9900
580.82,	4.9800
581.45,	4.9800
582.08,	4.9800
582.71,	4.9700
583.34,	4.9700
583.97,	4.9700
584.59,	4.9600
585.22,	4.9600
585.85,	4.9600
586.48,	4.9500
587.11,	4.9300
587.74,	4.9300
588.36,	4.9300
588.99,	4.9300
589.62,	4.9200
590.25,	4.9000
590.88,	4.9000
591.50,	4.9000
592.13,	4.9200
592.76,	4.9300
593.39,	4.9400
594.02,	4.9600
594.64,	4.9700
595.27,	4.9800
595.90,	4.9900
596.53,	4.9900
597.16,	4.9800
597.78,	4.9800
598.41,	4.9900
599.04,	4.9900
599.67,	4.9700
600.29,	4.9600
600.92,	4.9400
601.55,	4.9200
602.18,	4.9000
602.80,	4.8900
603.43,	4.8600
604.06,	4.8300
604.68,	4.8000
605.31,	4.7700
605.94,	4.7600
606.57,	4.7500
607.19,	4.7400
607.82,	4.7400
608.45,	4.7500
609.07,	4.7700
609.70,	4.7800
610.33,	4.8000
610.95,	4.8000
611.58,	4.8100
612.21,	4.8400
612.83,	4.8600
613.46,	4.8700
614.09,	4.8900
614.71,	4.8900
615.34,	4.8900
615.97,	4.8900
616.59,	4.8800
617.22,	4.8800
617.84,	4.8700
618.47,	4.8600
619.10,	4.8500
619.72,	4.8400
620.35,	4.8300
620.97,	4.8100
621.60,	4.7900
622.23,	4.7800
622.85,	4.7700
623.48,	4.7600
624.10,	4.7600
624.73,	4.7500
625.35,	4.7400
625.98,	4.7000
626.61,	4.6600
627.23,	4.6500
627.86,	4.6500
628.48,	4.6400
629.11,	4.6400
629.73,	4.6500
630.36,	4.6500
630.98,	4.6500
631.61,	4.6400
632.23,	4.6400
632.86,	4.6400
633.48,	4.6400
634.11,	4.6500
634.73,	4.6600
635.36,	4.6600
635.98,	4.6500
636.61,	4.6300
637.23,	4.6200
637.86,	4.6200
638.48,	4.6200
639.11,	4.6200
639.73,	4.6300
640.36,	4.6300
640.98,	4.6300
641.61,	4.6100
642.23,	4.5400
642.85,	4.4800
643.48,	4.4600
644.10,	4.4400
644.73,	4.4200
645.35,	4.4300
645.98,	4.4400
646.60,	4.4500
647.22,	4.4500
647.85,	4.4500
648.47,	4.4300
649.10,	4.4100
649.72,	4.4000
650.34,	4.4000
650.97,	4.4100
651.59,	4.4200
652.22,	4.4100
652.84,	4.4100
653.46,	4.4000
654.09,	4.3800
654.71,	4.3800
655.33,	4.3700
655.96,	4.3600
656.58,	4.3500
657.20,	4.3500
657.83,	4.3400
658.45,	4.3500
659.07,	4.3500
659.70,	4.3500
660.32,	4.3400
660.94,	4.3400
661.57,	4.3400
662.19,	4.3400
662.81,	4.3400
663.43,	4.3400
664.06,	4.3400
664.68,	4.3400
665.30,	4.3300
665.93,	4.3300
666.55,	4.3300
667.17,	4.3300
667.79,	4.3000
668.42,	4.2800
669.04,	4.2600
669.66,	4.2400
670.28,	4.2300
670.91,	4.2500
671.53,	4.2700
672.15,	4.2800
672.77,	4.2800
673.39,	4.2700
674.02,	4.2700
674.64,	4.2700
675.26,	4.2700
675.88,	4.2700
676.50,	4.2700
677.13,	4.2700
677.75,	4.2700
678.37,	4.2700
678.99,	4.2700
679.61,	4.2800
680.24,	4.2800
680.86,	4.3000
681.48,	4.3100
682.10,	4.3200
682.72,	4.3300
683.34,	4.3300
683.96,	4.3200
684.59,	4.3300
685.21,	4.3200
685.83,	4.3200
686.45,	4.3200
687.07,	4.3100
687.69,	4.3100
688.31,	4.3100
688.93,	4.3100
689.56,	4.3100
690.18,	4.3100
690.80,	4.3100
691.42,	4.3100
692.04,	4.3100
692.66,	4.3000
693.28,	4.2900
693.90,	4.2800
694.52,	4.2700
695.14,	4.2700
695.76,	4.2800
696.38,	4.2800
697.00,	4.2900
697.62,	4.2900
698.25,	4.2900
698.87,	4.2800
699.49,	4.2700
700.11,	4.2600
700.73,	4.2400
701.35,	4.2200
701.97,	4.2000
702.59,	4.1900
703.21,	4.1700
703.83,	4.1400
704.45,	4.1100
705.07,	4.1000
705.69,	4.0900
706.31,	4.0900
706.93,	4.0800
707.55,	4.0700
708.17,	4.0700
708.79,	4.0600
709.40,	4.0600
710.02,	4.0600
710.64,	4.0500
711.26,	4.0500
711.88,	4.0400
712.50,	4.0500
713.12,	4.0500
713.74,	4.0600
714.36,	4.0600
714.98,	4.0500
715.60,	4.0500
716.22,	4.0400
716.84,	4.0300
717.45,	4.0200
718.07,	4.0200
718.69,	4.0100
719.31,	4.0100
719.93,	4.0100
720.55,	4.0100
721.17,	4.0100
721.79,	4.0100
722.41,	4.0000
723.02,	4.0000
723.64,	4.0000
724.26,	4.0100
724.88,	4.0100
725.50,	4.0000
726.12,	4.0000
726.73,	3.9900
727.35,	3.9900
727.97,	4.0100
728.59,	4.0200
729.21,	4.0300
729.83,	4.0500
730.44,	4.0800
731.06,	4.1000
731.68,	4.1100
732.30,	4.1100
732.92,	4.1200
733.53,	4.1200
734.15,	4.1200
734.77,	4.1200
735.39,	4.1200
736.00,	4.1200
736.62,	4.1200
737.24,	4.1200
737.86,	4.1400
738.47,	4.1600
739.09,	4.1700
739.71,	4.1700
740.33,	4.1700
740.94,	4.1600
741.56,	4.1400
742.18,	4.1300
742.79,	4.1200
743.41,	4.1200
744.03,	4.1100
744.65,	4.1100
745.26,	4.1100
745.88,	4.1100
746.50,	4.1000
747.11,	4.1000
747.73,	4.0900
748.35,	4.0900
748.96,	4.0900
749.58,	4.0900
750.20,	4.0800
750.81,	4.0700
751.43,	4.0500
752.05,	4.0400
752.66,	4.0300
753.28,	4.0100
753.90,	4.0100
754.51,	4.0300
755.13,	4.0400
755.74,	4.0500
756.36,	4.0500
756.98,	4.0600
757.59,	4.0600
758.21,	4.0600
758.82,	4.0500
759.44,	4.0400
760.06,	4.0200
760.67,	4.0100
761.29,	3.9900
761.90,	3.9600
762.52,	3.9300
763.14,	3.9000
763.75,	3.8900
764.37,	3.8900
764.98,	3.8900
765.60,	3.9000
766.21,	3.9000
766.83,	3.9100
767.44,	3.9100
768.06,	3.9100
768.67,	3.9200
769.29,	3.9200
769.90,	3.9200
770.52,	3.9100
771.14,	3.9100
771.75,	3.9200
772.37,	3.9200
772.98,	3.9200
773.59,	3.9100
774.21,	3.9100
774.82,	3.9000
775.44,	3.8900
776.05,	3.8800
776.67,	3.8800
777.28,	3.8800
777.90,	3.8800
778.51,	3.8800
779.13,	3.8800
779.74,	3.8800
780.36,	3.8800
780.97,	3.9000
781.58,	3.9100
782.20,	3.9200
782.81,	3.9300
783.43,	3.9400
784.04,	3.9500
784.66,	3.9600
785.27,	3.9700
785.88,	3.9800
786.50,	3.9800
787.11,	3.9800
787.73,	3.9700
788.34,	3.9600
788.95,	3.9500
789.57,	3.9400
790.18,	3.9400
790.79,	3.9300
791.41,	3.9300
792.02,	3.9300
792.63,	3.9300
793.25,	3.9300
793.86,	3.9400
794.47,	3.9400
795.09,	3.9500
795.70,	3.9700
796.31,	3.9800
796.93,	3.9900
797.54,	4.0000
798.15,	4.0100
798.77,	4.0200
799.38,	4.0300
799.99,	4.0300
800.61,	4.0400
801.22,	4.0400
801.83,	4.0400
802.44,	4.0400
803.06,	4.0400
803.67,	4.0400
804.28,	4.0400
804.90,	4.0300
805.51,	4.0200
806.12,	4.0200
806.73,	4.0200
807.34,	4.0100
807.96,	4.0000
808.57,	3.9800
809.18,	3.9700
809.79,	3.9500
810.41,	3.9400
811.02,	3.9300
811.63,	3.9300
812.24,	3.9200
812.85,	3.9200
813.47,	3.9200
814.08,	3.9200
814.69,	3.9100
815.30,	3.9200
815.91,	3.9200
816.53,	3.9200
817.14,	3.9200
817.75,	3.9200
818.36,	3.9200
818.97,	3.9100
819.58,	3.9100
820.20,	3.9100
820.81,	3.9100
821.42,	3.9100
822.03,	3.9100
822.64,	3.9100
823.25,	3.9100
823.86,	3.9200
824.47,	3.9300
825.09,	3.9400
825.70,	3.9500
826.31,	3.9600
826.92,	3.9600
827.53,	3.9600
828.14,	3.9600
828.75,	3.9600
829.36,	3.9700
829.97,	3.9700
830.58,	3.9700
831.19,	3.9600
831.80,	3.9400
832.42,	3.9100
833.03,	3.9000
833.64,	3.9000
834.25,	3.9000
834.86,	3.8800
835.47,	3.8400
836.08,	3.8200
836.69,	3.8000
837.30,	3.7700
837.91,	3.7500
838.52,	3.7000
839.13,	3.6600
839.74,	3.6500
840.35,	3.6400
840.96,	3.6200
841.57,	3.6000
842.18,	3.5900
842.79,	3.5800
843.40,	3.5700
844.01,	3.5600
844.62,	3.5500
845.23,	3.5500
845.84,	3.5400
846.45,	3.5400
847.06,	3.5400
847.67,	3.5400
848.27,	3.5400
848.88,	3.5400
849.49,	3.5400
850.10,	3.5400
850.71,	3.5400
851.32,	3.5400
851.93,	3.5400
852.54,	3.5400
853.15,	3.5400
853.76,	3.5400
854.37,	3.5400
854.98,	3.5400
855.58,	3.5400
856.19,	3.5500
856.80,	3.5500
857.41,	3.5500
858.02,	3.5500
858.63,	3.5500
859.24,	3.5500
859.85,	3.5500
860.45,	3.5500
861.06,	3.5500
861.67,	3.5500
862.28,	3.5400
862.89,	3.5400
863.50,	3.5400
864.10,	3.5300
864.71,	3.5200
865.32,	3.5200
865.93,	3.5200
866.54,	3.5100
867.14,	3.5100
867.75,	3.5100
868.36,	3.5100
868.97,	3.5100
869.58,	3.5100
870.18,	3.5100
870.79,	3.5100
871.40,	3.5100
872.01,	3.5100
872.61,	3.5100
873.22,	3.5000
873.83,	3.5000
874.44,	3.5000
875.04,	3.5000
875.65,	3.5000
876.26,	3.4900
876.87,	3.4900
877.47,	3.4900
878.08,	3.4800
878.69,	3.4700
879.29,	3.4700
879.90,	3.4700
880.51,	3.4600
881.12,	3.4600
881.72,	3.4600
882.33,	3.4600
882.94,	3.4500
883.54,	3.4500
884.15,	3.4500
884.76,	3.4500
885.36,	3.4500
885.97,	3.4500
886.58,	3.4500
887.18,	3.4500
887.79,	3.4500
888.40,	3.4500
889.00,	3.4500
889.61,	3.4500
890.22,	3.4500
890.82,	3.4400
891.43,	3.4400
892.03,	3.4400
892.64,	3.4400
893.25,	3.4400
893.85,	3.4400
894.46,	3.4400
895.06,	3.4300
895.67,	3.4300
896.28,	3.4300
896.88,	3.4300
897.49,	3.4300
898.09,	3.4300
898.70,	3.4300
899.30,	3.4200
899.91,	3.4200
900.52,	3.4200
901.12,	3.4200
901.73,	3.4200
902.33,	3.4200
902.94,	3.4200
903.54,	3.4200
904.15,	3.4200
904.75,	3.4200
905.36,	3.4200
905.96,	3.4200
906.57,	3.4200
907.17,	3.4200
907.78,	3.4300
908.38,	3.4300
908.99,	3.4300
909.59,	3.4300
910.20,	3.4300
910.80,	3.4300
911.41,	3.4300
912.01,	3.4300
912.62,	3.4300
913.22,	3.4300
913.83,	3.5000
914.43,	4.4400
915.03,	7.6300
915.64,	11.5800
916.24,	13.7400
916.85,	14.6900
917.45,	15.2900
918.06,	15.7400
918.66,	16.1400
919.26,	16.4800
919.87,	16.7700
920.47,	17.0500
921.08,	17.3200
921.68,	17.6500
922.28,	26.7900
922.89,	35.5000
923.49,	35.5000
924.10,	35.5000
924.70,	35.5000
925.30,	35.5000
925.91,	35.5000
926.51,	35.5000
927.11,	35.5000
927.72,	35.5000
928.32,	35.5000
928.92,	35.5000
929.53,	35.5000
930.13,	35.5000
930.74,	35.5000
931.34,	35.5000
931.94,	35.5000
932.54,	35.5000
933.15,	35.5000
933.75,	35.5000
934.35,	35.5000
934.96,	35.5000
935.56,	35.5000
936.16,	35.5000
936.77,	35.5000
937.37,	35.5000
937.97,	35.5000
938.57,	35.5000
939.18,	35.5000
939.78,	35.5000
940.38,	35.5000
940.98,	35.5000
941.59,	35.5000
942.19,	35.5000
942.79,	35.5000
943.39,	35.5000
944.00,	35.5000
944.60,	35.5000
945.20,	35.5000
945.80,	35.5000
946.40,	35.5000
947.01,	35.5000
947.61,	35.5000
948.21,	35.5000
948.81,	35.5000
949.41,	35.5000
950.02,	35.5000
950.62,	35.5000
951.22,	35.5000
951.82,	35.5000
952.42,	35.5000
953.02,	35.5000
953.63,	35.5000
954.23,	35.5000
954.83,	35.5000
955.43,	35.5000
956.03,	35.5000
956.63,	35.5000
957.24,	35.5000
957.84,	35.5000
958.44,	35.5000
959.04,	35.5000
959.64,	35.5000
960.24,	35.5000
960.84,	35.5000
961.44,	35.5000
962.04,	35.5000
962.64,	35.5000
963.25,	35.5000
963.85,	35.5000
964.45,	35.5000
965.05,	35.5000
965.65,	35.5000
966.25,	35.5000
966.85,	35.5000
967.45,	35.5000
968.05,	35.5000
968.65,	35.5000
969.25,	35.5000
969.85,	35.5000
970.45,	35.5000
971.05,	35.5000
971.65,	35.5000
972.25,	35.5000
972.85,	35.5000
973.45,	35.5000
974.05,	35.5000
974.65,	35.5000
975.25,	35.5000
975.85,	35.5000
976.45,	35.5000
977.05,	35.5000
977.65,	35.5000
978.25,	35.5000
978.85,	35.5000
979.45,	35.5000
980.05,	35.5000
980.65,	35.5000
981.25,	35.5000
981.85,	35.5000
982.45,	35.5000
983.05,	35.5000
983.65,	35.5000
984.25,	35.5000
984.85,	35.5000
985.45,	35.5000
986.04,	35.5000
986.64,	15.2500
987.24,	-2.5200
987.84,	-2.5200
988.44,	-2.5200
989.04,	-2.5200
989.64,	-2.5200
990.24,	-2.5200
990.84,	-2.5200
991.44,	-2.5200
992.03,	-2.5200
992.63,	-2.5200
993.23,	-2.5200
993.83,	-2.5200
994.43,	-2.5200
995.03,	-2.5200
995.63,	-2.5200
996.22,	-2.5200
996.82,	-2.5200
997.42,	-2.5200
998.02,	-2.5200
998.62,	-2.5200
999.21,	-2.5200
999.81,	-2.5200
1000.41,	-2.5200
