Call Sign = ZSDA,	Ship Name = SA Agulhas,	Lloyds Num = 0
Date = 12/06/2016,	Time = 10:01,	
Latitude = 53 39.65  S,	Longitude = 000 00.14  W
Instr = Sippican Deep Blue,	Card Type = Sippican MK-21,	
Wind Instr = ,	Measur Method = 
Probe Serial Num = -1,	Ship Dir = -1,	Ship Speed = -1.00
Wind Dir = 102,	Wind Speed = 7.80
Dry Bulb Temp = -0.50,	Total Water Depth = -1.00

Full Resolution Values
Depth,	 Temp
0.67,	0.1300
1.34,	-0.2800
2.01,	-0.3500
2.68,	-0.3600
3.34,	-0.3600
4.01,	-0.3600
4.68,	-0.3500
5.35,	-0.3400
6.02,	-0.3400
6.69,	-0.3400
7.36,	-0.3500
8.03,	-0.3500
8.69,	-0.3600
9.36,	-0.3800
10.03,	-0.4000
10.70,	-0.4400
11.37,	-0.4400
12.04,	-0.4200
12.70,	-0.4400
13.37,	-0.4300
14.04,	-0.4300
14.71,	-0.4300
15.38,	-0.4200
16.05,	-0.4100
16.71,	-0.4000
17.38,	-0.3900
18.05,	-0.3900
18.72,	-0.4000
19.38,	-0.4000
20.05,	-0.4000
20.72,	-0.4100
21.39,	-0.4000
22.06,	-0.3900
22.72,	-0.4000
23.39,	-0.4100
24.06,	-0.4000
24.73,	-0.4000
25.39,	-0.3900
26.06,	-0.3900
26.73,	-0.4000
27.40,	-0.4000
28.06,	-0.4000
28.73,	-0.4100
29.40,	-0.4100
30.06,	-0.4100
30.73,	-0.4100
31.40,	-0.4100
32.06,	-0.4100
32.73,	-0.4200
33.40,	-0.4200
34.07,	-0.4200
34.73,	-0.4200
35.40,	-0.4300
36.07,	-0.4400
36.73,	-0.4600
37.40,	-0.4800
38.07,	-0.4900
38.73,	-0.5100
39.40,	-0.5100
40.06,	-0.5200
40.73,	-0.5300
41.40,	-0.5300
42.06,	-0.5500
42.73,	-0.5500
43.40,	-0.5600
44.06,	-0.5600
44.73,	-0.5700
45.39,	-0.5800
46.06,	-0.5900
46.73,	-0.6000
47.39,	-0.6100
48.06,	-0.6100
48.72,	-0.6100
49.39,	-0.6300
50.06,	-0.6400
50.72,	-0.6400
51.39,	-0.6500
52.05,	-0.6500
52.72,	-0.6600
53.38,	-0.6600
54.05,	-0.6600
54.71,	-0.6600
55.38,	-0.6700
56.05,	-0.6700
56.71,	-0.6800
57.38,	-0.6800
58.04,	-0.6800
58.71,	-0.6800
59.37,	-0.6800
60.04,	-0.6900
60.70,	-0.6900
61.37,	-0.7000
62.03,	-0.7000
62.70,	-0.7100
63.36,	-0.7200
64.03,	-0.7200
64.69,	-0.7300
65.36,	-0.7300
66.02,	-0.7300
66.69,	-0.7400
67.35,	-0.7600
68.01,	-0.7700
68.68,	-0.7700
69.34,	-0.7800
70.01,	-0.7900
70.67,	-0.8000
71.34,	-0.8000
72.00,	-0.7900
72.66,	-0.8000
73.33,	-0.7900
73.99,	-0.8000
74.66,	-0.8100
75.32,	-0.8100
75.98,	-0.8000
76.65,	-0.8000
77.31,	-0.8000
77.98,	-0.8100
78.64,	-0.8200
79.30,	-0.8100
79.97,	-0.8100
80.63,	-0.8100
81.30,	-0.8100
81.96,	-0.8100
82.62,	-0.8200
83.29,	-0.8200
83.95,	-0.8200
84.61,	-0.8300
85.28,	-0.8500
85.94,	-0.8500
86.60,	-0.8500
87.27,	-0.8500
87.93,	-0.8400
88.59,	-0.8500
89.26,	-0.8400
89.92,	-0.8400
90.58,	-0.8400
91.24,	-0.8400
91.91,	-0.8400
92.57,	-0.8400
93.23,	-0.8400
93.90,	-0.8400
94.56,	-0.8400
95.22,	-0.8400
95.88,	-0.8400
96.55,	-0.8400
97.21,	-0.8400
97.87,	-0.8500
98.53,	-0.8500
99.20,	-0.8500
99.86,	-0.8500
100.52,	-0.8600
101.18,	-0.8600
101.85,	-0.8700
102.51,	-0.8700
103.17,	-0.8700
103.83,	-0.8700
104.49,	-0.8800
105.16,	-0.8800
105.82,	-0.8800
106.48,	-0.8800
107.14,	-0.8800
107.80,	-0.8800
108.47,	-0.8800
109.13,	-0.8900
109.79,	-0.9000
110.45,	-0.9000
111.11,	-0.9100
111.77,	-0.9100
112.44,	-0.9000
113.10,	-0.9100
113.76,	-0.9000
114.42,	-0.9000
115.08,	-0.9100
115.74,	-0.9000
116.40,	-0.9100
117.06,	-0.9100
117.73,	-0.9100
118.39,	-0.9200
119.05,	-0.9200
119.71,	-0.9200
120.37,	-0.9200
121.03,	-0.9200
121.69,	-0.9300
122.35,	-0.9300
123.01,	-0.9200
123.67,	-0.9300
124.33,	-0.9300
125.00,	-0.9300
125.66,	-0.9200
126.32,	-0.9300
126.98,	-0.9400
127.64,	-0.9400
128.30,	-0.9500
128.96,	-0.9500
129.62,	-0.9400
130.28,	-0.9500
130.94,	-0.9500
131.60,	-0.9500
132.26,	-0.9500
132.92,	-0.9600
133.58,	-0.9700
134.24,	-0.9900
134.90,	-1.0000
135.56,	-1.0100
136.22,	-1.0200
136.88,	-1.0300
137.54,	-1.0500
138.20,	-1.0500
138.86,	-1.0600
139.52,	-1.0600
140.18,	-1.0600
140.84,	-1.0700
141.50,	-1.0800
142.16,	-1.1000
142.82,	-1.1100
143.48,	-1.1300
144.14,	-1.1400
144.79,	-1.1600
145.45,	-1.1800
146.11,	-1.1900
146.77,	-1.1900
147.43,	-1.2000
148.09,	-1.2000
148.75,	-1.2000
149.41,	-1.2000
150.07,	-1.2000
150.73,	-1.2000
151.39,	-1.2000
152.04,	-1.2000
152.70,	-1.2000
153.36,	-1.2000
154.02,	-1.2000
154.68,	-1.2000
155.34,	-1.1900
156.00,	-1.1900
156.65,	-1.1900
157.31,	-1.1900
157.97,	-1.1800
158.63,	-1.1800
159.29,	-1.1800
159.95,	-1.1700
160.60,	-1.1700
161.26,	-1.1700
161.92,	-1.1600
162.58,	-1.1600
163.24,	-1.1600
163.90,	-1.1600
164.55,	-1.1600
165.21,	-1.1600
165.87,	-1.1600
166.53,	-1.1600
167.18,	-1.1600
167.84,	-1.1600
168.50,	-1.1600
169.16,	-1.1600
169.82,	-1.1500
170.47,	-1.1500
171.13,	-1.1500
171.79,	-1.1400
172.44,	-1.1400
173.10,	-1.1400
173.76,	-1.1300
174.42,	-1.1200
175.07,	-1.1200
175.73,	-1.1100
176.39,	-1.0900
177.05,	-1.0800
177.70,	-1.0700
178.36,	-1.0700
179.02,	-1.0700
179.67,	-1.0600
180.33,	-1.0300
180.99,	-1.0200
181.64,	-1.0000
182.30,	-0.9700
182.96,	-0.9500
183.61,	-0.9400
184.27,	-0.9300
184.93,	-0.9200
185.58,	-0.9000
186.24,	-0.8800
186.90,	-0.8700
187.55,	-0.8600
188.21,	-0.8300
188.87,	-0.8200
189.52,	-0.8200
190.18,	-0.8000
190.83,	-0.7300
191.49,	-0.6600
192.15,	-0.6200
192.80,	-0.5700
193.46,	-0.4700
194.11,	-0.4000
194.77,	-0.3800
195.43,	-0.3800
196.08,	-0.3700
196.74,	-0.3500
197.39,	-0.3400
198.05,	-0.3200
198.70,	-0.3100
199.36,	-0.2900
200.02,	-0.2800
200.67,	-0.2600
201.33,	-0.2100
201.98,	-0.1600
202.64,	-0.1000
203.29,	-0.0300
203.95,	0.0200
204.60,	0.0300
205.26,	0.0400
205.91,	0.0400
206.57,	0.0400
207.22,	0.0400
207.88,	0.0400
208.53,	0.0400
209.19,	0.0300
209.84,	0.0300
210.50,	0.0300
211.15,	0.0400
211.81,	0.0800
212.46,	0.1400
213.12,	0.1700
213.77,	0.1900
214.43,	0.2000
215.08,	0.2300
215.74,	0.2500
216.39,	0.2600
217.04,	0.2900
217.70,	0.3200
218.35,	0.3300
219.01,	0.3400
219.66,	0.3600
220.32,	0.3900
220.97,	0.4700
221.62,	0.5400
222.28,	0.5700
222.93,	0.5800
223.59,	0.5800
224.24,	0.6100
224.89,	0.6600
225.55,	0.7000
226.20,	0.7200
226.85,	0.7400
227.51,	0.7600
228.16,	0.7800
228.81,	0.8000
229.47,	0.8100
230.12,	0.8200
230.78,	0.8300
231.43,	0.8500
232.08,	0.8700
232.74,	0.8800
233.39,	0.9100
234.04,	0.9400
234.69,	0.9800
235.35,	1.0100
236.00,	1.0300
236.65,	1.0400
237.31,	1.0800
237.96,	1.1500
238.61,	1.2300
239.27,	1.2600
239.92,	1.2800
240.57,	1.2900
241.22,	1.2900
241.88,	1.2900
242.53,	1.3000
243.18,	1.3000
243.83,	1.2900
244.49,	1.3000
245.14,	1.3000
245.79,	1.3200
246.44,	1.3200
247.10,	1.3300
247.75,	1.3400
248.40,	1.3500
249.05,	1.3500
249.70,	1.3500
250.36,	1.3400
251.01,	1.3300
251.66,	1.3300
252.31,	1.3300
252.96,	1.3300
253.62,	1.3300
254.27,	1.3300
254.92,	1.3300
255.57,	1.3200
256.22,	1.3000
256.88,	1.2900
257.53,	1.2900
258.18,	1.2900
258.83,	1.2800
259.48,	1.2700
260.13,	1.2700
260.78,	1.2700
261.44,	1.2700
262.09,	1.2700
262.74,	1.2600
263.39,	1.2700
264.04,	1.2700
264.69,	1.2700
265.34,	1.2700
265.99,	1.2800
266.64,	1.3000
267.29,	1.3300
267.95,	1.3800
268.60,	1.4100
269.25,	1.4300
269.90,	1.4400
270.55,	1.4500
271.20,	1.4600
271.85,	1.4500
272.50,	1.4500
273.15,	1.4500
273.80,	1.4500
274.45,	1.4500
275.10,	1.4500
275.75,	1.4400
276.40,	1.4400
277.05,	1.4300
277.70,	1.4300
278.35,	1.4300
279.00,	1.4300
279.65,	1.4200
280.30,	1.4200
280.95,	1.4200
281.60,	1.4200
282.25,	1.4100
282.90,	1.4100
283.55,	1.4100
284.20,	1.4000
284.85,	1.4000
285.50,	1.4000
286.15,	1.4000
286.80,	1.3900
287.45,	1.3900
288.10,	1.3900
288.75,	1.4000
289.40,	1.4000
290.05,	1.4200
290.70,	1.4500
291.35,	1.4700
292.00,	1.4700
292.64,	1.4700
293.29,	1.4700
293.94,	1.4700
294.59,	1.4700
295.24,	1.4700
295.89,	1.4700
296.54,	1.4700
297.19,	1.4700
297.84,	1.4700
298.49,	1.4700
299.13,	1.4800
299.78,	1.4800
300.43,	1.4800
301.08,	1.4800
301.73,	1.4800
302.38,	1.4900
303.02,	1.4900
303.67,	1.4900
304.32,	1.4900
304.97,	1.4900
305.62,	1.4900
306.27,	1.5000
306.91,	1.5000
307.56,	1.5000
308.21,	1.5000
308.86,	1.5000
309.51,	1.5000
310.15,	1.5100
310.80,	1.5100
311.45,	1.5100
312.10,	1.5200
312.75,	1.5200
313.39,	1.5200
314.04,	1.5200
314.69,	1.5200
315.34,	1.5300
315.98,	1.5300
316.63,	1.5400
317.28,	1.5400
317.93,	1.5400
318.57,	1.5400
319.22,	1.5400
319.87,	1.5400
320.52,	1.5500
321.16,	1.5500
321.81,	1.5500
322.46,	1.5600
323.10,	1.5600
323.75,	1.5600
324.40,	1.5600
325.04,	1.5600
325.69,	1.5600
326.34,	1.5600
326.99,	1.5600
327.63,	1.5600
328.28,	1.5700
328.93,	1.5700
329.57,	1.5700
330.22,	1.5700
330.86,	1.5800
331.51,	1.5800
332.16,	1.5800
332.80,	1.5800
333.45,	1.5800
334.10,	1.5800
334.74,	1.5800
335.39,	1.5800
336.03,	1.5800
336.68,	1.5800
337.33,	1.5800
337.97,	1.5900
338.62,	1.5900
339.26,	1.5900
339.91,	1.5900
340.56,	1.5900
341.20,	1.6000
341.85,	1.6000
342.49,	1.6000
343.14,	1.6000
343.78,	1.6000
344.43,	1.6000
345.08,	1.6000
345.72,	1.6000
346.37,	1.6000
347.01,	1.6000
347.66,	1.6000
348.30,	1.6000
348.95,	1.6000
349.59,	1.6000
350.24,	1.6100
350.88,	1.6100
351.53,	1.6100
352.17,	1.6100
352.82,	1.6100
353.46,	1.6100
354.11,	1.6100
354.75,	1.6100
355.40,	1.6100
356.04,	1.6200
356.69,	1.6200
357.33,	1.6200
357.98,	1.6200
358.62,	1.6200
359.27,	1.6200
359.91,	1.6200
360.55,	1.6200
361.20,	1.6200
361.84,	1.6300
362.49,	1.6300
363.13,	1.6200
363.78,	1.6200
364.42,	1.6200
365.06,	1.6200
365.71,	1.6200
366.35,	1.6200
367.00,	1.6200
367.64,	1.6200
368.28,	1.6300
368.93,	1.6300
369.57,	1.6200
370.22,	1.6200
370.86,	1.6300
371.50,	1.6300
372.15,	1.6300
372.79,	1.6200
373.43,	1.6200
374.08,	1.6300
374.72,	1.6300
375.36,	1.6300
376.01,	1.6300
376.65,	1.6300
377.29,	1.6300
377.94,	1.6300
378.58,	1.6300
379.22,	1.6300
379.87,	1.6300
380.51,	1.6300
381.15,	1.6300
381.79,	1.6300
382.44,	1.6300
383.08,	1.6300
383.72,	1.6300
384.37,	1.6300
385.01,	1.6300
385.65,	1.6300
386.29,	1.6300
386.94,	1.6300
387.58,	1.6300
388.22,	1.6300
388.86,	1.6400
389.51,	1.6400
390.15,	1.6400
390.79,	1.6400
391.43,	1.6300
392.08,	1.6400
392.72,	1.6400
393.36,	1.6400
394.00,	1.6400
394.64,	1.6400
395.29,	1.6300
395.93,	1.6400
396.57,	1.6400
397.21,	1.6400
397.85,	1.6400
398.50,	1.6400
399.14,	1.6400
399.78,	1.6400
400.42,	1.6400
401.06,	1.6400
401.70,	1.6400
402.34,	1.6400
402.99,	1.6400
403.63,	1.6400
404.27,	1.6400
404.91,	1.6400
405.55,	1.6400
406.19,	1.6400
406.83,	1.6400
407.48,	1.6500
408.12,	1.6400
408.76,	1.6400
409.40,	1.6500
410.04,	1.6500
410.68,	1.6500
411.32,	1.6500
411.96,	1.6500
412.60,	1.6500
413.24,	1.6500
413.88,	1.6500
414.52,	1.6500
415.17,	1.6500
415.81,	1.6500
416.45,	1.6500
417.09,	1.6500
417.73,	1.6500
418.37,	1.6500
419.01,	1.6500
419.65,	1.6500
420.29,	1.6500
420.93,	1.6400
421.57,	1.6500
422.21,	1.6500
422.85,	1.6500
423.49,	1.6500
424.13,	1.6500
424.77,	1.6400
425.41,	1.6500
426.05,	1.6500
426.69,	1.6400
427.33,	1.6500
427.97,	1.6500
428.61,	1.6400
429.25,	1.6500
429.89,	1.6500
430.53,	1.6500
431.17,	1.6500
431.80,	1.6500
432.44,	1.6400
433.08,	1.6500
433.72,	1.6400
434.36,	1.6400
435.00,	1.6400
435.64,	1.6500
436.28,	1.6500
436.92,	1.6400
437.56,	1.6500
438.20,	1.6500
438.84,	1.6500
439.47,	1.6500
440.11,	1.6500
440.75,	1.6500
441.39,	1.6400
442.03,	1.6500
442.67,	1.6500
443.31,	1.6400
443.95,	1.6400
444.58,	1.6400
445.22,	1.6400
445.86,	1.6400
446.50,	1.6400
447.14,	1.6400
447.78,	1.6400
448.41,	1.6400
449.05,	1.6500
449.69,	1.6400
450.33,	1.6500
450.97,	1.6400
451.60,	1.6400
452.24,	1.6400
452.88,	1.6400
453.52,	1.6400
454.16,	1.6400
454.79,	1.6500
455.43,	1.6500
456.07,	1.6500
456.71,	1.6500
457.35,	1.6400
457.98,	1.6400
458.62,	1.6500
459.26,	1.6400
459.90,	1.6400
460.53,	1.6400
461.17,	1.6500
461.81,	1.6500
462.44,	1.6400
463.08,	1.6400
463.72,	1.6500
464.36,	1.6400
464.99,	1.6500
465.63,	1.6500
466.27,	1.6500
466.90,	1.6500
467.54,	1.6500
468.18,	1.6500
468.81,	1.6500
469.45,	1.6500
470.09,	1.6500
470.72,	1.6500
471.36,	1.6500
472.00,	1.6500
472.63,	1.6500
473.27,	1.6500
473.91,	1.6500
474.54,	1.6400
475.18,	1.6400
475.82,	1.6400
476.45,	1.6400
477.09,	1.6400
477.73,	1.6400
478.36,	1.6400
479.00,	1.6400
479.63,	1.6400
480.27,	1.6400
480.91,	1.6400
481.54,	1.6400
482.18,	1.6400
482.81,	1.6500
483.45,	1.6400
484.08,	1.6400
484.72,	1.6400
485.36,	1.6500
485.99,	1.6400
486.63,	1.6400
487.26,	1.6400
487.90,	1.6400
488.53,	1.6400
489.17,	1.6400
489.80,	1.6400
490.44,	1.6500
491.07,	1.6400
491.71,	1.6400
492.34,	1.6400
492.98,	1.6400
493.62,	1.6400
494.25,	1.6400
494.89,	1.6400
495.52,	1.6400
496.15,	1.6400
496.79,	1.6500
497.42,	1.6400
498.06,	1.6400
498.69,	1.6400
499.33,	1.6400
499.96,	1.6400
500.60,	1.6400
501.23,	1.6400
501.87,	1.6400
502.50,	1.6400
503.14,	1.6400
503.77,	1.6400
504.40,	1.6400
505.04,	1.6400
505.67,	1.6400
506.31,	1.6400
506.94,	1.6400
507.57,	1.6300
508.21,	1.6300
508.84,	1.6400
509.48,	1.6300
510.11,	1.6300
510.74,	1.6300
511.38,	1.6300
512.01,	1.6300
512.65,	1.6300
513.28,	1.6300
513.91,	1.6300
514.55,	1.6300
515.18,	1.6300
515.81,	1.6300
516.45,	1.6300
517.08,	1.6300
517.71,	1.6300
518.35,	1.6200
518.98,	1.6200
519.61,	1.6200
520.25,	1.6200
520.88,	1.6200
521.51,	1.6200
522.15,	1.6200
522.78,	1.6200
523.41,	1.6200
524.04,	1.6200
524.68,	1.6200
525.31,	1.6200
525.94,	1.6100
526.58,	1.6200
527.21,	1.6100
527.84,	1.6100
528.47,	1.6200
529.11,	1.6100
529.74,	1.6200
530.37,	1.6100
531.00,	1.6100
531.64,	1.6100
532.27,	1.6100
532.90,	1.6100
533.53,	1.6100
534.17,	1.6100
534.80,	1.6100
535.43,	1.6100
536.06,	1.6100
536.69,	1.6100
537.33,	1.6100
537.96,	1.6100
538.59,	1.6100
539.22,	1.6000
539.85,	1.6000
540.48,	1.6000
541.12,	1.6000
541.75,	1.6000
542.38,	1.6000
543.01,	1.6000
543.64,	1.6000
544.27,	1.6000
544.91,	1.6000
545.54,	1.6000
546.17,	1.6000
546.80,	1.6000
547.43,	1.6000
548.06,	1.6000
548.69,	1.6000
549.32,	1.5900
549.95,	1.5900
550.59,	1.5900
551.22,	1.5900
551.85,	1.5900
552.48,	1.5900
553.11,	1.5900
553.74,	1.5900
554.37,	1.5900
555.00,	1.5900
555.63,	1.5900
556.26,	1.5900
556.89,	1.5900
557.52,	1.5900
558.15,	1.5900
558.78,	1.5900
559.42,	1.5900
560.05,	1.5900
560.68,	1.5900
561.31,	1.5800
561.94,	1.5800
562.57,	1.5800
563.20,	1.5800
563.83,	1.5800
564.46,	1.5800
565.09,	1.5800
565.72,	1.5800
566.35,	1.5800
566.98,	1.5800
567.61,	1.5800
568.24,	1.5800
568.87,	1.5800
569.50,	1.5800
570.12,	1.5800
570.75,	1.5800
571.38,	1.5700
572.01,	1.5700
572.64,	1.5700
573.27,	1.5700
573.90,	1.5700
574.53,	1.5700
575.16,	1.5700
575.79,	1.5700
576.42,	1.5700
577.05,	1.5700
577.68,	1.5700
578.31,	1.5700
578.93,	1.5700
579.56,	1.5700
580.19,	1.5700
580.82,	1.5700
581.45,	1.5800
582.08,	1.5800
582.71,	1.5700
583.34,	1.5700
583.97,	1.5800
584.59,	1.5800
585.22,	1.5700
585.85,	1.5700
586.48,	1.5700
587.11,	1.5700
587.74,	1.5700
588.36,	1.5700
588.99,	1.5700
589.62,	1.5700
590.25,	1.5600
590.88,	1.5600
591.50,	1.5600
592.13,	1.5600
592.76,	1.5600
593.39,	1.5600
594.02,	1.5600
594.64,	1.5600
595.27,	1.5600
595.90,	1.5700
596.53,	1.5700
597.16,	1.5600
597.78,	1.5600
598.41,	1.5600
599.04,	1.5700
599.67,	1.5600
600.29,	1.5600
600.92,	1.5600
601.55,	1.5600
602.18,	1.5600
602.80,	1.5600
603.43,	1.5600
604.06,	1.5600
604.68,	1.5500
605.31,	1.5600
605.94,	1.5600
606.57,	1.5500
607.19,	1.5500
607.82,	1.5500
608.45,	1.5500
609.07,	1.5500
609.70,	1.5500
610.33,	1.5500
610.95,	1.5500
611.58,	1.5500
612.21,	1.5500
612.83,	1.5500
613.46,	1.5500
614.09,	1.5500
614.71,	1.5400
615.34,	1.5400
615.97,	1.5400
616.59,	1.5400
617.22,	1.5400
617.84,	1.5400
618.47,	1.5300
619.10,	1.5300
619.72,	1.5300
620.35,	1.5300
620.97,	1.5300
621.60,	1.5300
622.23,	1.5300
622.85,	1.5300
623.48,	1.5300
624.10,	1.5300
624.73,	1.5300
625.35,	1.5300
625.98,	1.5200
626.61,	1.5200
627.23,	1.5200
627.86,	1.5200
628.48,	1.5200
629.11,	1.5200
629.73,	1.5200
630.36,	1.5200
630.98,	1.5100
631.61,	1.5100
632.23,	1.5200
632.86,	1.5200
633.48,	1.5200
634.11,	1.5200
634.73,	1.5200
635.36,	1.5200
635.98,	1.5100
636.61,	1.5200
637.23,	1.5100
637.86,	1.5100
638.48,	1.5100
639.11,	1.5100
639.73,	1.5100
640.36,	1.5100
640.98,	1.5100
641.61,	1.5100
642.23,	1.5100
642.85,	1.5100
643.48,	1.5000
644.10,	1.5000
644.73,	1.5100
645.35,	1.5100
645.98,	1.5000
646.60,	1.5000
647.22,	1.5000
647.85,	1.5000
648.47,	1.5000
649.10,	1.5000
649.72,	1.5000
650.34,	1.5000
650.97,	1.5000
651.59,	1.5000
652.22,	1.5000
652.84,	1.5000
653.46,	1.5000
654.09,	1.5000
654.71,	1.5000
655.33,	1.5000
655.96,	1.5000
656.58,	1.5000
657.20,	1.4900
657.83,	1.4900
658.45,	1.4900
659.07,	1.4900
659.70,	1.4900
660.32,	1.4900
660.94,	1.4900
661.57,	1.4900
662.19,	1.4900
662.81,	1.4900
663.43,	1.4900
664.06,	1.4900
664.68,	1.4900
665.30,	1.4900
665.93,	1.4900
666.55,	1.4900
667.17,	1.4900
667.79,	1.4900
668.42,	1.4900
669.04,	1.4900
669.66,	1.4800
670.28,	1.4800
670.91,	1.4800
671.53,	1.4800
672.15,	1.4800
672.77,	1.4800
673.39,	1.4800
674.02,	1.4800
674.64,	1.4800
675.26,	1.4800
675.88,	1.4800
676.50,	1.4800
677.13,	1.4800
677.75,	1.4700
678.37,	1.4700
678.99,	1.4700
679.61,	1.4800
680.24,	1.4700
680.86,	1.4700
681.48,	1.4700
682.10,	1.4700
682.72,	1.4700
683.34,	1.4700
683.96,	1.4700
684.59,	1.4700
685.21,	1.4700
685.83,	1.4700
686.45,	1.4700
687.07,	1.4700
687.69,	1.4600
688.31,	1.4700
688.93,	1.4700
689.56,	1.4700
690.18,	1.4700
690.80,	1.4600
691.42,	1.4600
692.04,	1.4600
692.66,	1.4600
693.28,	1.4700
693.90,	1.4700
694.52,	1.4700
695.14,	1.4600
695.76,	1.4700
696.38,	1.4700
697.00,	1.4600
697.62,	1.4700
698.25,	1.4700
698.87,	1.4700
699.49,	1.4700
700.11,	1.4700
700.73,	1.4700
701.35,	1.4600
701.97,	1.4600
702.59,	1.4600
703.21,	1.4600
703.83,	1.4600
704.45,	1.4600
705.07,	1.4600
705.69,	1.4600
706.31,	1.4600
706.93,	1.4600
707.55,	1.4600
708.17,	1.4600
708.79,	1.4600
709.40,	1.4600
710.02,	1.4600
710.64,	1.4600
711.26,	1.4600
711.88,	1.4600
712.50,	1.4600
713.12,	1.4500
713.74,	1.4500
714.36,	1.4500
714.98,	1.4500
715.60,	1.4500
716.22,	1.4500
716.84,	1.4500
717.45,	1.4500
718.07,	1.4400
718.69,	1.4400
719.31,	1.4400
719.93,	1.4400
720.55,	1.4400
721.17,	1.4400
721.79,	1.4400
722.41,	1.4400
723.02,	1.4400
723.64,	1.4400
724.26,	1.4400
724.88,	1.4300
725.50,	1.4300
726.12,	1.4300
726.73,	1.4400
727.35,	1.4400
727.97,	1.4300
728.59,	1.4300
729.21,	1.4300
729.83,	1.4300
730.44,	1.4300
731.06,	1.4300
731.68,	1.4300
732.30,	1.4300
732.92,	1.4300
733.53,	1.4300
734.15,	1.4300
734.77,	1.4300
735.39,	1.4300
736.00,	1.4200
736.62,	1.4200
737.24,	1.4200
737.86,	1.4200
738.47,	1.4200
739.09,	1.4200
739.71,	1.4200
740.33,	1.4300
740.94,	1.4300
741.56,	1.4200
742.18,	1.4200
742.79,	1.4200
743.41,	1.4200
744.03,	1.4200
744.65,	1.4200
745.26,	1.4200
745.88,	1.4200
746.50,	1.4200
747.11,	1.4200
747.73,	1.4200
748.35,	1.4200
748.96,	1.4200
749.58,	1.4200
750.20,	1.4200
750.81,	1.4200
751.43,	1.4200
752.05,	1.4200
752.66,	1.4200
753.28,	1.4200
753.90,	1.4200
754.51,	1.4200
755.13,	1.4200
755.74,	1.4100
756.36,	1.4100
756.98,	1.4100
757.59,	1.4100
758.21,	1.4100
758.82,	1.4100
759.44,	1.4100
760.06,	1.4100
760.67,	1.4100
761.29,	1.4100
761.90,	1.4100
762.52,	1.4100
763.14,	1.4100
763.75,	1.4000
764.37,	1.4000
764.98,	1.4000
765.60,	1.4000
766.21,	1.4000
766.83,	1.4000
767.44,	1.4000
768.06,	1.4000
768.67,	1.4000
769.29,	1.4000
769.90,	1.4000
770.52,	1.4000
771.14,	1.4000
771.75,	1.4000
772.37,	1.4000
772.98,	1.3900
773.59,	1.3900
774.21,	1.3900
774.82,	1.3900
775.44,	1.3900
776.05,	1.3800
776.67,	1.3800
777.28,	1.3800
777.90,	1.3800
778.51,	1.3800
779.13,	1.3800
779.74,	1.3800
780.36,	1.3800
780.97,	1.3700
781.58,	1.3700
782.20,	1.3700
782.81,	1.3700
783.43,	1.3700
784.04,	1.3700
784.66,	1.3700
785.27,	1.3700
785.88,	1.3700
786.50,	1.3700
787.11,	1.3700
787.73,	1.3700
788.34,	1.3700
788.95,	1.3700
789.57,	1.3700
790.18,	1.3700
790.79,	1.3700
791.41,	1.3700
792.02,	1.3700
792.63,	1.3700
793.25,	1.3700
793.86,	1.3700
794.47,	1.3600
795.09,	1.3600
795.70,	1.3600
796.31,	1.3700
796.93,	1.3600
797.54,	1.3600
798.15,	1.3600
798.77,	1.3700
799.38,	1.3700
799.99,	1.3600
800.61,	1.3600
801.22,	1.3700
801.83,	1.3700
802.44,	1.3600
803.06,	1.3600
803.67,	1.3600
804.28,	1.3600
804.90,	1.3600
805.51,	1.3600
806.12,	1.3600
806.73,	1.3600
807.34,	1.3600
807.96,	1.3600
808.57,	1.3600
809.18,	1.3600
809.79,	1.3600
810.41,	1.3600
811.02,	1.3600
811.63,	1.3600
812.24,	1.3500
812.85,	1.3500
813.47,	1.3500
814.08,	1.3500
814.69,	1.3500
815.30,	1.3500
815.91,	1.3500
816.53,	1.3500
817.14,	1.3500
817.75,	1.3500
818.36,	1.3500
818.97,	1.3500
819.58,	1.3500
820.20,	1.3500
820.81,	1.3500
821.42,	1.3500
822.03,	1.3500
822.64,	1.3400
823.25,	1.3400
823.86,	1.3400
824.47,	1.3400
825.09,	1.3400
825.70,	1.3400
826.31,	1.3500
826.92,	1.3400
827.53,	1.3400
828.14,	1.3400
828.75,	1.3400
829.36,	1.3400
829.97,	1.3400
830.58,	1.3400
831.19,	1.3400
831.80,	1.3400
832.42,	1.3400
833.03,	1.3400
833.64,	1.3400
834.25,	1.3400
834.86,	1.3400
835.47,	1.3300
836.08,	1.3300
836.69,	1.3300
837.30,	1.3300
837.91,	1.3300
838.52,	1.3300
839.13,	1.3300
839.74,	1.3300
840.35,	1.3300
840.96,	1.3300
841.57,	1.3300
842.18,	1.3300
842.79,	1.3300
843.40,	1.3300
844.01,	1.3200
844.62,	1.3200
845.23,	1.3200
845.84,	1.3200
846.45,	1.3300
847.06,	1.3300
847.67,	1.3200
848.27,	1.3200
848.88,	1.3200
849.49,	1.3200
850.10,	1.3200
850.71,	1.3100
851.32,	1.3100
851.93,	1.3100
852.54,	1.3100
853.15,	1.3100
853.76,	1.3100
854.37,	1.3100
854.98,	1.3000
855.58,	1.3000
856.19,	1.3000
856.80,	1.3100
857.41,	1.3100
858.02,	1.3000
858.63,	1.3000
859.24,	1.3000
859.85,	1.3000
860.45,	1.3000
861.06,	1.3000
861.67,	1.3000
862.28,	1.3000
862.89,	1.3000
863.50,	1.3000
864.10,	1.3000
864.71,	1.3000
865.32,	1.3000
865.93,	1.3000
866.54,	1.3000
867.14,	1.3000
867.75,	1.3000
868.36,	1.3000
868.97,	1.3000
869.58,	1.3000
870.18,	1.3000
870.79,	1.2900
871.40,	1.3000
872.01,	1.3000
872.61,	1.3000
873.22,	1.3000
873.83,	1.2900
874.44,	1.3000
875.04,	1.3000
875.65,	1.2900
876.26,	1.2900
876.87,	1.2900
877.47,	1.2900
878.08,	1.2900
878.69,	1.2900
879.29,	1.2900
879.90,	1.2900
880.51,	1.2900
881.12,	1.2900
881.72,	1.2900
882.33,	1.2900
882.94,	1.2900
883.54,	1.2900
884.15,	1.2900
884.76,	1.2900
885.36,	1.2900
885.97,	1.2900
886.58,	1.2800
887.18,	1.2800
887.79,	1.2800
888.40,	1.2800
889.00,	1.2800
889.61,	1.2800
890.22,	1.2800
890.82,	1.2800
891.43,	1.2800
892.03,	1.2800
892.64,	1.2800
893.25,	1.2800
893.85,	1.2800
894.46,	1.2700
895.06,	1.2700
895.67,	1.2700
896.28,	1.2700
896.88,	1.2700
897.49,	1.2700
898.09,	1.2700
898.70,	1.2700
899.30,	1.2700
899.91,	1.2600
900.52,	1.2600
901.12,	1.2600
901.73,	1.2600
902.33,	1.2600
902.94,	1.2600
903.54,	1.2700
904.15,	1.2600
904.75,	1.2600
905.36,	1.2600
905.96,	1.2600
906.57,	1.2600
907.17,	1.2600
907.78,	1.2600
908.38,	1.2600
908.99,	1.2600
909.59,	1.2600
910.20,	1.2600
910.80,	1.2600
911.41,	1.2500
912.01,	1.2500
912.62,	1.2500
913.22,	1.2500
913.83,	1.2500
914.43,	1.2500
915.03,	1.2500
915.64,	1.2500
916.24,	1.2500
916.85,	1.2500
917.45,	1.2500
918.06,	1.2500
918.66,	1.2500
919.26,	1.2500
919.87,	1.2500
920.47,	1.2500
921.08,	1.2500
921.68,	1.2500
922.28,	1.2500
922.89,	1.2500
923.49,	1.2500
924.10,	1.2400
924.70,	1.2500
925.30,	1.8300
925.91,	7.2000
926.51,	14.7300
927.11,	17.5200
927.72,	19.2100
928.32,	20.5700
928.92,	21.6700
929.53,	22.6200
930.13,	23.4400
930.74,	24.1800
931.34,	24.8600
931.94,	25.4800
932.54,	26.0600
933.15,	26.6100
933.75,	27.1200
934.35,	27.6000
934.96,	28.0700
935.56,	28.5200
936.16,	28.9500
936.77,	29.3700
937.37,	35.1800
937.97,	35.5000
938.57,	35.5000
939.18,	35.5000
939.78,	35.5000
940.38,	35.5000
940.98,	35.5000
941.59,	35.5000
942.19,	35.5000
942.79,	35.5000
943.39,	35.5000
944.00,	35.5000
944.60,	35.5000
945.20,	35.5000
945.80,	35.5000
946.40,	35.5000
947.01,	35.5000
947.61,	35.5000
948.21,	35.5000
948.81,	35.5000
949.41,	35.5000
950.02,	35.5000
950.62,	35.5000
951.22,	35.5000
951.82,	35.5000
952.42,	35.5000
953.02,	35.5000
953.63,	35.5000
954.23,	35.5000
954.83,	35.5000
955.43,	35.5000
956.03,	35.5000
956.63,	35.5000
957.24,	35.5000
957.84,	35.5000
958.44,	35.5000
959.04,	35.5000
959.64,	35.5000
960.24,	35.5000
960.84,	35.5000
961.44,	35.5000
962.04,	-2.5200
962.64,	-2.5200
963.25,	-2.5200
963.85,	-2.5200
964.45,	-2.5200
965.05,	-2.5200
965.65,	-2.5200
966.25,	-2.5200
966.85,	-2.5200
967.45,	-2.5200
968.05,	-2.5200
968.65,	-2.5200
969.25,	-2.5200
969.85,	-2.5200
970.45,	-2.5200
971.05,	-2.5200
971.65,	-2.5200
972.25,	-2.5200
972.85,	-2.5200
973.45,	-2.5200
974.05,	-2.5200
974.65,	-2.5200
975.25,	-2.5200
975.85,	-2.5200
976.45,	-2.5200
977.05,	-2.5200
977.65,	-2.5200
978.25,	-2.5200
978.85,	-2.5200
979.45,	-2.5200
980.05,	-2.5200
980.65,	-2.5200
981.25,	-2.5200
981.85,	-2.5200
982.45,	-2.5200
983.05,	-2.5200
983.65,	-2.5200
984.25,	-2.5200
984.85,	-2.5200
985.45,	-2.5200
986.04,	-2.5200
986.64,	-2.5200
987.24,	-2.5200
987.84,	-2.5200
988.44,	-2.5200
989.04,	-2.5200
989.64,	-2.5200
990.24,	-2.5200
990.84,	-2.5200
991.44,	-2.5200
992.03,	-2.5200
992.63,	-2.5200
993.23,	-2.5200
993.83,	-2.5200
994.43,	-2.5200
995.03,	-2.5200
995.63,	-2.5200
996.22,	-2.5200
996.82,	-2.5200
997.42,	-2.5200
998.02,	-2.5200
998.62,	-2.5200
999.21,	-2.5200
999.81,	-2.5200
1000.41,	-2.5200
