Call Sign = ZSDA,	Ship Name = SA Agulhas,	Lloyds Num = 0
Date = 12/01/2016,	Time = 22:59,	
Latitude = 36 34.95  S,	Longitude = 018 03.81  E
Instr = Sippican Deep Blue,	Card Type = Sippican MK-21,	
Wind Instr = ,	Measur Method = 
Probe Serial Num = -1,	Ship Dir = -1,	Ship Speed = -1.00
Wind Dir = 340,	Wind Speed = 6.40
Dry Bulb Temp = 15.90,	Total Water Depth = -1.00

Full Resolution Values
Depth,	 Temp
0.67,	19.5900
1.34,	19.4300
2.01,	19.4000
2.68,	19.3800
3.34,	19.3500
4.01,	19.3300
4.68,	19.3100
5.35,	19.2900
6.02,	19.2800
6.69,	19.2600
7.36,	19.2400
8.03,	19.2000
8.69,	19.1300
9.36,	19.0600
10.03,	18.9600
10.70,	18.8200
11.37,	18.6200
12.04,	18.3900
12.70,	18.2200
13.37,	18.1500
14.04,	18.1200
14.71,	18.0900
15.38,	18.0700
16.05,	18.0600
16.71,	18.0300
17.38,	18.0100
18.05,	17.9800
18.72,	17.9600
19.38,	17.9400
20.05,	17.9100
20.72,	17.8800
21.39,	17.8500
22.06,	17.8200
22.72,	17.8100
23.39,	17.7900
24.06,	17.7800
24.73,	17.7800
25.39,	17.7600
26.06,	17.7400
26.73,	17.7200
27.40,	17.7100
28.06,	17.7000
28.73,	17.6900
29.40,	17.6800
30.06,	17.6600
30.73,	17.6500
31.40,	17.6300
32.06,	17.5600
32.73,	17.4300
33.40,	17.3200
34.07,	17.2400
34.73,	17.1600
35.40,	17.1100
36.07,	17.0700
36.73,	17.0500
37.40,	17.0400
38.07,	17.0100
38.73,	16.9900
39.40,	16.9800
40.06,	16.9300
40.73,	16.8500
41.40,	16.7600
42.06,	16.6600
42.73,	16.5900
43.40,	16.5300
44.06,	16.5100
44.73,	16.4900
45.39,	16.4600
46.06,	16.4300
46.73,	16.4000
47.39,	16.3700
48.06,	16.3400
48.72,	16.3100
49.39,	16.2600
50.06,	16.2400
50.72,	16.2200
51.39,	16.2200
52.05,	16.2100
52.72,	16.2000
53.38,	16.2100
54.05,	16.2000
54.71,	16.1900
55.38,	16.1800
56.05,	16.1800
56.71,	16.1600
57.38,	16.1400
58.04,	16.1200
58.71,	16.1100
59.37,	16.1000
60.04,	16.1000
60.70,	16.1100
61.37,	16.1200
62.03,	16.1200
62.70,	16.1100
63.36,	16.1200
64.03,	16.1200
64.69,	16.1100
65.36,	16.0800
66.02,	16.0500
66.69,	16.0100
67.35,	15.9900
68.01,	15.9800
68.68,	15.9700
69.34,	15.9700
70.01,	15.9600
70.67,	15.9500
71.34,	15.9400
72.00,	15.9300
72.66,	15.9100
73.33,	15.8900
73.99,	15.8800
74.66,	15.8800
75.32,	15.8600
75.98,	15.8400
76.65,	15.8300
77.31,	15.8200
77.98,	15.8100
78.64,	15.8000
79.30,	15.7900
79.97,	15.7800
80.63,	15.7700
81.30,	15.7500
81.96,	15.7400
82.62,	15.7400
83.29,	15.7300
83.95,	15.7200
84.61,	15.7100
85.28,	15.6800
85.94,	15.6400
86.60,	15.6100
87.27,	15.5700
87.93,	15.5300
88.59,	15.4900
89.26,	15.4800
89.92,	15.4600
90.58,	15.4400
91.24,	15.4200
91.91,	15.3900
92.57,	15.3800
93.23,	15.3600
93.90,	15.2900
94.56,	15.2100
95.22,	15.1200
95.88,	15.0300
96.55,	14.9700
97.21,	14.9400
97.87,	14.9000
98.53,	14.8100
99.20,	14.7000
99.86,	14.6300
100.52,	14.5800
101.18,	14.5400
101.85,	14.4800
102.51,	14.4400
103.17,	14.4000
103.83,	14.3600
104.49,	14.3300
105.16,	14.2900
105.82,	14.2400
106.48,	14.1600
107.14,	14.0700
107.80,	14.0400
108.47,	14.0200
109.13,	14.0100
109.79,	13.9900
110.45,	13.9500
111.11,	13.9200
111.77,	13.8900
112.44,	13.8600
113.10,	13.8500
113.76,	13.8400
114.42,	13.8300
115.08,	13.8200
115.74,	13.8200
116.40,	13.7900
117.06,	13.7500
117.73,	13.7200
118.39,	13.7000
119.05,	13.6900
119.71,	13.6700
120.37,	13.6500
121.03,	13.6200
121.69,	13.6000
122.35,	13.5600
123.01,	13.5300
123.67,	13.5100
124.33,	13.4800
125.00,	13.4700
125.66,	13.4600
126.32,	13.4500
126.98,	13.4300
127.64,	13.4100
128.30,	13.3800
128.96,	13.3700
129.62,	13.3700
130.28,	13.3600
130.94,	13.3700
131.60,	13.3700
132.26,	13.3800
132.92,	13.3800
133.58,	13.3900
134.24,	13.4000
134.90,	13.4200
135.56,	13.4300
136.22,	13.4300
136.88,	13.4400
137.54,	13.4500
138.20,	13.4500
138.86,	13.4600
139.52,	13.4600
140.18,	13.4600
140.84,	13.4600
141.50,	13.4500
142.16,	13.4500
142.82,	13.4400
143.48,	13.4300
144.14,	13.4200
144.79,	13.4000
145.45,	13.3800
146.11,	13.3700
146.77,	13.3700
147.43,	13.3500
148.09,	13.3400
148.75,	13.3400
149.41,	13.3300
150.07,	13.3200
150.73,	13.3000
151.39,	13.2800
152.04,	13.2700
152.70,	13.2500
153.36,	13.2300
154.02,	13.2200
154.68,	13.2200
155.34,	13.2200
156.00,	13.2100
156.65,	13.2100
157.31,	13.2200
157.97,	13.2200
158.63,	13.2300
159.29,	13.2500
159.95,	13.2800
160.60,	13.3200
161.26,	13.3500
161.92,	13.3600
162.58,	13.3600
163.24,	13.3500
163.90,	13.3500
164.55,	13.3500
165.21,	13.3500
165.87,	13.3600
166.53,	13.3700
167.18,	13.3800
167.84,	13.3900
168.50,	13.3900
169.16,	13.4000
169.82,	13.4100
170.47,	13.4300
171.13,	13.4300
171.79,	13.4300
172.44,	13.4300
173.10,	13.4300
173.76,	13.4300
174.42,	13.4400
175.07,	13.4500
175.73,	13.4500
176.39,	13.4400
177.05,	13.4300
177.70,	13.4300
178.36,	13.4300
179.02,	13.4400
179.67,	13.4400
180.33,	13.4400
180.99,	13.4300
181.64,	13.4200
182.30,	13.4100
182.96,	13.3800
183.61,	13.3600
184.27,	13.3400
184.93,	13.3100
185.58,	13.2700
186.24,	13.2600
186.90,	13.2700
187.55,	13.2900
188.21,	13.3100
188.87,	13.3100
189.52,	13.3000
190.18,	13.3000
190.83,	13.2700
191.49,	13.2500
192.15,	13.2300
192.80,	13.1900
193.46,	13.1500
194.11,	13.1100
194.77,	13.0900
195.43,	13.0700
196.08,	13.0600
196.74,	13.0600
197.39,	13.0500
198.05,	13.0400
198.70,	13.0300
199.36,	13.0200
200.02,	13.0200
200.67,	12.9900
201.33,	12.9600
201.98,	12.9500
202.64,	12.9400
203.29,	12.9400
203.95,	12.9700
204.60,	13.0300
205.26,	13.0700
205.91,	13.0600
206.57,	13.0600
207.22,	13.0300
207.88,	13.0100
208.53,	13.0000
209.19,	13.0000
209.84,	13.0000
210.50,	12.9900
211.15,	12.9300
211.81,	12.8500
212.46,	12.8100
213.12,	12.7900
213.77,	12.7700
214.43,	12.7500
215.08,	12.7400
215.74,	12.7300
216.39,	12.7300
217.04,	12.7500
217.70,	12.7800
218.35,	12.8400
219.01,	12.9000
219.66,	12.9500
220.32,	12.9700
220.97,	12.9800
221.62,	12.9800
222.28,	12.9600
222.93,	12.9600
223.59,	12.9400
224.24,	12.9300
224.89,	12.9200
225.55,	12.8900
226.20,	12.8400
226.85,	12.7700
227.51,	12.6800
228.16,	12.6200
228.81,	12.5900
229.47,	12.5900
230.12,	12.5900
230.78,	12.5700
231.43,	12.5600
232.08,	12.5400
232.74,	12.5300
233.39,	12.5100
234.04,	12.5000
234.69,	12.4900
235.35,	12.4800
236.00,	12.4500
236.65,	12.4100
237.31,	12.3500
237.96,	12.3000
238.61,	12.2900
239.27,	12.2800
239.92,	12.2800
240.57,	12.2800
241.22,	12.2800
241.88,	12.2900
242.53,	12.3000
243.18,	12.3100
243.83,	12.3000
244.49,	12.2800
245.14,	12.2700
245.79,	12.2600
246.44,	12.2600
247.10,	12.2600
247.75,	12.2600
248.40,	12.2600
249.05,	12.2600
249.70,	12.2600
250.36,	12.2700
251.01,	12.2600
251.66,	12.2300
252.31,	12.2100
252.96,	12.1800
253.62,	12.1600
254.27,	12.1500
254.92,	12.1300
255.57,	12.1100
256.22,	12.1000
256.88,	12.0900
257.53,	12.0900
258.18,	12.0900
258.83,	12.1300
259.48,	12.1600
260.13,	12.1900
260.78,	12.2000
261.44,	12.2000
262.09,	12.2000
262.74,	12.2000
263.39,	12.1600
264.04,	12.0800
264.69,	12.0400
265.34,	12.0200
265.99,	12.0200
266.64,	12.0200
267.29,	12.0200
267.95,	12.0200
268.60,	12.0200
269.25,	12.0000
269.90,	11.9700
270.55,	11.9600
271.20,	11.9500
271.85,	11.9400
272.50,	11.9200
273.15,	11.9000
273.80,	11.8800
274.45,	11.8800
275.10,	11.8800
275.75,	11.9100
276.40,	11.9600
277.05,	12.0000
277.70,	12.0400
278.35,	12.0700
279.00,	12.0800
279.65,	12.0700
280.30,	12.0500
280.95,	12.0400
281.60,	12.0300
282.25,	12.0100
282.90,	11.9900
283.55,	11.9900
284.20,	11.9900
284.85,	11.9800
285.50,	11.9700
286.15,	11.9700
286.80,	11.9500
287.45,	11.9300
288.10,	11.9100
288.75,	11.9000
289.40,	11.8900
290.05,	11.9000
290.70,	11.9200
291.35,	11.9200
292.00,	11.9100
292.64,	11.9000
293.29,	11.8900
293.94,	11.8700
294.59,	11.8500
295.24,	11.8300
295.89,	11.7900
296.54,	11.7700
297.19,	11.7700
297.84,	11.7600
298.49,	11.7600
299.13,	11.7600
299.78,	11.7600
300.43,	11.7600
301.08,	11.7600
301.73,	11.7400
302.38,	11.7000
303.02,	11.6500
303.67,	11.6200
304.32,	11.6100
304.97,	11.6000
305.62,	11.5900
306.27,	11.5800
306.91,	11.5600
307.56,	11.5400
308.21,	11.5100
308.86,	11.4900
309.51,	11.4900
310.15,	11.5100
310.80,	11.5300
311.45,	11.5400
312.10,	11.5400
312.75,	11.5400
313.39,	11.5300
314.04,	11.5200
314.69,	11.5000
315.34,	11.4700
315.98,	11.4500
316.63,	11.4400
317.28,	11.4400
317.93,	11.4400
318.57,	11.4400
319.22,	11.4500
319.87,	11.4600
320.52,	11.4700
321.16,	11.4800
321.81,	11.4900
322.46,	11.5000
323.10,	11.5200
323.75,	11.5300
324.40,	11.5500
325.04,	11.5500
325.69,	11.5400
326.34,	11.5400
326.99,	11.5500
327.63,	11.5500
328.28,	11.5600
328.93,	11.5600
329.57,	11.5600
330.22,	11.5500
330.86,	11.5400
331.51,	11.5400
332.16,	11.5300
332.80,	11.5200
333.45,	11.5200
334.10,	11.5200
334.74,	11.5200
335.39,	11.5300
336.03,	11.5300
336.68,	11.5300
337.33,	11.5300
337.97,	11.5300
338.62,	11.5200
339.26,	11.5200
339.91,	11.5200
340.56,	11.5200
341.20,	11.5200
341.85,	11.5100
342.49,	11.5000
343.14,	11.4800
343.78,	11.4500
344.43,	11.4200
345.08,	11.3800
345.72,	11.3600
346.37,	11.3400
347.01,	11.3300
347.66,	11.3000
348.30,	11.2800
348.95,	11.2500
349.59,	11.2300
350.24,	11.2100
350.88,	11.1900
351.53,	11.1800
352.17,	11.1700
352.82,	11.1600
353.46,	11.1500
354.11,	11.1500
354.75,	11.1400
355.40,	11.1400
356.04,	11.1300
356.69,	11.1200
357.33,	11.1100
357.98,	11.1000
358.62,	11.0900
359.27,	11.0800
359.91,	11.0600
360.55,	11.0200
361.20,	10.9800
361.84,	10.9400
362.49,	10.9100
363.13,	10.8700
363.78,	10.8400
364.42,	10.8300
365.06,	10.8300
365.71,	10.8200
366.35,	10.8200
367.00,	10.8200
367.64,	10.8200
368.28,	10.8200
368.93,	10.8000
369.57,	10.7800
370.22,	10.7800
370.86,	10.7800
371.50,	10.7700
372.15,	10.7700
372.79,	10.7600
373.43,	10.7600
374.08,	10.7500
374.72,	10.7400
375.36,	10.7200
376.01,	10.7100
376.65,	10.7000
377.29,	10.6900
377.94,	10.6800
378.58,	10.6800
379.22,	10.6600
379.87,	10.6300
380.51,	10.6300
381.15,	10.6200
381.79,	10.6100
382.44,	10.6100
383.08,	10.6000
383.72,	10.5900
384.37,	10.5700
385.01,	10.5500
385.65,	10.5500
386.29,	10.5500
386.94,	10.5400
387.58,	10.5400
388.22,	10.5400
388.86,	10.5400
389.51,	10.5300
390.15,	10.5300
390.79,	10.5300
391.43,	10.5300
392.08,	10.5300
392.72,	10.5200
393.36,	10.5200
394.00,	10.5100
394.64,	10.5000
395.29,	10.4700
395.93,	10.4600
396.57,	10.4500
397.21,	10.4400
397.85,	10.4300
398.50,	10.4100
399.14,	10.4000
399.78,	10.3900
400.42,	10.3900
401.06,	10.3800
401.70,	10.3800
402.34,	10.3700
402.99,	10.3700
403.63,	10.3600
404.27,	10.3600
404.91,	10.3600
405.55,	10.3600
406.19,	10.3600
406.83,	10.3600
407.48,	10.3600
408.12,	10.3600
408.76,	10.3500
409.40,	10.3500
410.04,	10.3500
410.68,	10.3400
411.32,	10.3300
411.96,	10.3300
412.60,	10.3400
413.24,	10.3300
413.88,	10.3300
414.52,	10.3300
415.17,	10.3200
415.81,	10.3200
416.45,	10.3200
417.09,	10.3200
417.73,	10.3100
418.37,	10.3100
419.01,	10.3100
419.65,	10.3200
420.29,	10.3200
420.93,	10.3200
421.57,	10.3200
422.21,	10.3300
422.85,	10.3200
423.49,	10.3200
424.13,	10.3100
424.77,	10.3100
425.41,	10.3000
426.05,	10.2800
426.69,	10.2700
427.33,	10.2400
427.97,	10.2200
428.61,	10.2000
429.25,	10.1900
429.89,	10.1900
430.53,	10.1800
431.17,	10.1700
431.80,	10.1500
432.44,	10.1300
433.08,	10.1100
433.72,	10.1000
434.36,	10.1000
435.00,	10.1000
435.64,	10.0800
436.28,	10.0700
436.92,	10.0500
437.56,	10.0400
438.20,	10.0300
438.84,	10.0300
439.47,	10.0300
440.11,	10.0200
440.75,	10.0200
441.39,	10.0100
442.03,	10.0000
442.67,	9.9900
443.31,	10.0000
443.95,	9.9900
444.58,	9.9800
445.22,	9.9700
445.86,	9.9600
446.50,	9.9500
447.14,	9.9300
447.78,	9.9200
448.41,	9.9200
449.05,	9.9200
449.69,	9.9300
450.33,	9.9200
450.97,	9.9200
451.60,	9.9200
452.24,	9.9100
452.88,	9.9100
453.52,	9.8900
454.16,	9.8700
454.79,	9.8600
455.43,	9.8500
456.07,	9.8400
456.71,	9.8400
457.35,	9.8300
457.98,	9.8200
458.62,	9.8200
459.26,	9.8100
459.90,	9.8000
460.53,	9.7900
461.17,	9.7800
461.81,	9.7700
462.44,	9.7500
463.08,	9.7200
463.72,	9.7000
464.36,	9.6900
464.99,	9.6800
465.63,	9.6700
466.27,	9.6600
466.90,	9.6500
467.54,	9.6300
468.18,	9.6300
468.81,	9.6200
469.45,	9.6100
470.09,	9.6000
470.72,	9.5800
471.36,	9.5600
472.00,	9.5400
472.63,	9.5200
473.27,	9.5100
473.91,	9.5100
474.54,	9.5000
475.18,	9.4700
475.82,	9.4600
476.45,	9.4500
477.09,	9.4600
477.73,	9.4500
478.36,	9.4500
479.00,	9.4400
479.63,	9.4300
480.27,	9.4100
480.91,	9.4000
481.54,	9.4000
482.18,	9.3900
482.81,	9.3900
483.45,	9.3800
484.08,	9.3800
484.72,	9.3800
485.36,	9.3800
485.99,	9.3800
486.63,	9.3800
487.26,	9.3800
487.90,	9.3800
488.53,	9.3800
489.17,	9.3800
489.80,	9.3700
490.44,	9.3800
491.07,	9.3700
491.71,	9.3800
492.34,	9.3800
492.98,	9.3700
493.62,	9.3500
494.25,	9.3400
494.89,	9.3400
495.52,	9.3400
496.15,	9.3300
496.79,	9.3100
497.42,	9.3100
498.06,	9.3100
498.69,	9.3000
499.33,	9.3000
499.96,	9.3000
500.60,	9.2900
501.23,	9.2900
501.87,	9.3000
502.50,	9.3000
503.14,	9.2900
503.77,	9.2700
504.40,	9.2400
505.04,	9.2200
505.67,	9.2100
506.31,	9.2100
506.94,	9.2100
507.57,	9.1900
508.21,	9.1800
508.84,	9.1700
509.48,	9.1500
510.11,	9.1400
510.74,	9.1100
511.38,	9.1100
512.01,	9.1000
512.65,	9.1100
513.28,	9.1000
513.91,	9.0900
514.55,	9.0700
515.18,	9.0600
515.81,	9.0400
516.45,	9.0400
517.08,	9.0400
517.71,	9.0400
518.35,	9.0400
518.98,	9.0300
519.61,	9.0200
520.25,	9.0200
520.88,	9.0100
521.51,	9.0000
522.15,	8.9700
522.78,	8.9500
523.41,	8.9200
524.04,	8.9100
524.68,	8.9100
525.31,	8.8800
525.94,	8.8600
526.58,	8.8500
527.21,	8.8300
527.84,	8.8300
528.47,	8.8300
529.11,	8.8000
529.74,	8.7800
530.37,	8.7600
531.00,	8.7400
531.64,	8.7200
532.27,	8.7200
532.90,	8.7100
533.53,	8.7000
534.17,	8.6900
534.80,	8.6800
535.43,	8.6700
536.06,	8.6400
536.69,	8.6200
537.33,	8.6300
537.96,	8.6200
538.59,	8.6100
539.22,	8.6100
539.85,	8.6100
540.48,	8.6000
541.12,	8.5900
541.75,	8.5900
542.38,	8.5800
543.01,	8.5700
543.64,	8.5800
544.27,	8.5900
544.91,	8.6200
545.54,	8.6400
546.17,	8.6400
546.80,	8.6400
547.43,	8.6600
548.06,	8.6700
548.69,	8.6600
549.32,	8.6600
549.95,	8.6600
550.59,	8.6600
551.22,	8.6500
551.85,	8.6300
552.48,	8.6100
553.11,	8.5900
553.74,	8.5600
554.37,	8.5400
555.00,	8.5300
555.63,	8.5200
556.26,	8.5100
556.89,	8.5100
557.52,	8.5100
558.15,	8.5100
558.78,	8.5000
559.42,	8.5100
560.05,	8.5200
560.68,	8.5300
561.31,	8.5000
561.94,	8.4600
562.57,	8.4100
563.20,	8.3700
563.83,	8.3400
564.46,	8.3200
565.09,	8.3000
565.72,	8.3000
566.35,	8.3000
566.98,	8.2900
567.61,	8.2900
568.24,	8.2800
568.87,	8.2800
569.50,	8.2700
570.12,	8.2600
570.75,	8.2500
571.38,	8.2600
572.01,	8.2600
572.64,	8.2700
573.27,	8.2700
573.90,	8.2800
574.53,	8.2800
575.16,	8.2800
575.79,	8.2600
576.42,	8.2200
577.05,	8.1900
577.68,	8.1800
578.31,	8.1700
578.93,	8.1800
579.56,	8.1800
580.19,	8.1700
580.82,	8.1700
581.45,	8.1600
582.08,	8.1600
582.71,	8.1600
583.34,	8.1600
583.97,	8.1600
584.59,	8.1600
585.22,	8.1400
585.85,	8.1300
586.48,	8.1300
587.11,	8.1100
587.74,	8.0900
588.36,	8.0700
588.99,	8.0600
589.62,	8.0400
590.25,	8.0200
590.88,	8.0000
591.50,	7.9900
592.13,	7.9800
592.76,	7.9800
593.39,	7.9600
594.02,	7.9200
594.64,	7.9000
595.27,	7.9000
595.90,	7.9000
596.53,	7.8800
597.16,	7.8600
597.78,	7.8600
598.41,	7.8500
599.04,	7.8400
599.67,	7.8200
600.29,	7.7900
600.92,	7.7600
601.55,	7.7400
602.18,	7.7200
602.80,	7.7100
603.43,	7.7100
604.06,	7.7200
604.68,	7.7200
605.31,	7.7100
605.94,	7.7000
606.57,	7.6800
607.19,	7.6800
607.82,	7.6900
608.45,	7.6900
609.07,	7.6700
609.70,	7.6500
610.33,	7.6200
610.95,	7.6100
611.58,	7.6100
612.21,	7.6100
612.83,	7.6000
613.46,	7.6100
614.09,	7.6000
614.71,	7.6100
615.34,	7.6100
615.97,	7.6000
616.59,	7.6000
617.22,	7.6000
617.84,	7.6200
618.47,	7.6100
619.10,	7.6100
619.72,	7.6000
620.35,	7.6000
620.97,	7.6000
621.60,	7.5900
622.23,	7.5800
622.85,	7.5700
623.48,	7.5700
624.10,	7.5700
624.73,	7.5600
625.35,	7.5500
625.98,	7.5500
626.61,	7.5500
627.23,	7.5400
627.86,	7.5300
628.48,	7.5300
629.11,	7.5200
629.73,	7.5200
630.36,	7.5100
630.98,	7.5100
631.61,	7.5200
632.23,	7.5200
632.86,	7.5200
633.48,	7.5200
634.11,	7.5200
634.73,	7.5200
635.36,	7.5000
635.98,	7.5000
636.61,	7.4900
637.23,	7.4900
637.86,	7.5000
638.48,	7.4900
639.11,	7.4700
639.73,	7.4600
640.36,	7.4500
640.98,	7.4200
641.61,	7.4200
642.23,	7.4100
642.85,	7.4100
643.48,	7.4100
644.10,	7.4300
644.73,	7.4900
645.35,	7.5400
645.98,	7.5500
646.60,	7.5600
647.22,	7.5900
647.85,	7.6100
648.47,	7.6100
649.10,	7.6200
649.72,	7.6200
650.34,	7.6200
650.97,	7.6200
651.59,	7.6100
652.22,	7.5900
652.84,	7.5800
653.46,	7.5800
654.09,	7.5600
654.71,	7.4900
655.33,	7.4100
655.96,	7.3600
656.58,	7.3400
657.20,	7.3400
657.83,	7.3400
658.45,	7.3200
659.07,	7.3200
659.70,	7.3400
660.32,	7.3400
660.94,	7.3300
661.57,	7.3200
662.19,	7.3200
662.81,	7.3200
663.43,	7.3300
664.06,	7.3400
664.68,	7.3500
665.30,	7.3400
665.93,	7.3100
666.55,	7.2800
667.17,	7.2600
667.79,	7.2500
668.42,	7.2400
669.04,	7.2400
669.66,	7.2300
670.28,	7.2200
670.91,	7.2500
671.53,	7.2500
672.15,	7.2500
672.77,	7.2600
673.39,	7.2700
674.02,	7.2500
674.64,	7.2300
675.26,	7.2200
675.88,	7.2200
676.50,	7.2200
677.13,	7.2100
677.75,	7.2100
678.37,	7.2100
678.99,	7.2000
679.61,	7.1900
680.24,	7.1900
680.86,	7.1800
681.48,	7.1700
682.10,	7.1800
682.72,	7.1800
683.34,	7.1900
683.96,	7.2100
684.59,	7.2400
685.21,	7.2500
685.83,	7.2500
686.45,	7.2600
687.07,	7.2800
687.69,	7.2800
688.31,	7.2700
688.93,	7.2700
689.56,	7.2700
690.18,	7.2700
690.80,	7.2800
691.42,	7.2800
692.04,	7.2800
692.66,	7.2700
693.28,	7.2800
693.90,	7.2800
694.52,	7.2700
695.14,	7.2700
695.76,	7.2700
696.38,	7.2700
697.00,	7.2700
697.62,	7.2700
698.25,	7.2700
698.87,	7.2600
699.49,	7.2600
700.11,	7.2500
700.73,	7.2400
701.35,	7.2300
701.97,	7.2200
702.59,	7.2200
703.21,	7.2100
703.83,	7.2100
704.45,	7.2200
705.07,	7.2200
705.69,	7.2200
706.31,	7.2200
706.93,	7.2200
707.55,	7.2200
708.17,	7.2100
708.79,	7.2100
709.40,	7.2100
710.02,	7.2100
710.64,	7.2000
711.26,	7.2000
711.88,	7.2000
712.50,	7.1900
713.12,	7.1900
713.74,	7.1900
714.36,	7.2000
714.98,	7.2000
715.60,	7.1900
716.22,	7.1700
716.84,	7.1500
717.45,	7.1400
718.07,	7.1200
718.69,	7.1100
719.31,	7.1000
719.93,	7.0900
720.55,	7.0800
721.17,	7.0900
721.79,	7.0800
722.41,	7.0800
723.02,	7.0800
723.64,	7.0700
724.26,	7.0600
724.88,	7.0600
725.50,	7.0500
726.12,	7.0600
726.73,	7.0600
727.35,	7.0600
727.97,	7.0700
728.59,	7.0700
729.21,	7.0700
729.83,	7.0700
730.44,	7.0700
731.06,	7.0600
731.68,	7.0400
732.30,	7.0300
732.92,	7.0100
733.53,	7.0100
734.15,	7.0100
734.77,	7.0100
735.39,	7.0100
736.00,	7.0000
736.62,	6.9900
737.24,	6.9800
737.86,	6.9700
738.47,	6.9700
739.09,	6.9600
739.71,	6.9500
740.33,	6.9500
740.94,	6.9400
741.56,	6.9400
742.18,	6.9300
742.79,	6.9100
743.41,	6.9000
744.03,	6.9000
744.65,	6.8900
745.26,	6.8800
745.88,	6.8700
746.50,	6.8700
747.11,	6.8700
747.73,	6.8700
748.35,	6.8700
748.96,	6.8600
749.58,	6.8600
750.20,	6.8500
750.81,	6.8400
751.43,	6.8300
752.05,	6.8300
752.66,	6.8400
753.28,	6.8400
753.90,	6.8400
754.51,	6.8300
755.13,	6.8300
755.74,	6.8300
756.36,	6.8300
756.98,	6.8200
757.59,	6.8200
758.21,	6.8300
758.82,	6.8300
759.44,	6.8300
760.06,	6.8100
760.67,	6.8000
761.29,	6.8000
761.90,	6.7900
762.52,	6.7700
763.14,	6.7600
763.75,	6.7500
764.37,	6.7500
764.98,	6.7500
765.60,	6.7500
766.21,	6.7400
766.83,	6.7200
767.44,	6.7100
768.06,	6.7000
768.67,	6.6900
769.29,	6.6800
769.90,	6.6800
770.52,	6.6800
771.14,	6.6800
771.75,	6.6900
772.37,	6.6800
772.98,	6.6800
773.59,	6.6800
774.21,	6.6800
774.82,	6.6700
775.44,	6.6700
776.05,	6.6700
776.67,	6.6700
777.28,	6.6500
777.90,	6.6400
778.51,	6.6400
779.13,	6.6400
779.74,	6.6500
780.36,	6.6400
780.97,	6.6400
781.58,	6.6300
782.20,	6.6300
782.81,	6.6200
783.43,	6.6000
784.04,	6.5800
784.66,	6.5800
785.27,	6.5800
785.88,	6.5900
786.50,	6.5900
787.11,	6.6000
787.73,	6.6100
788.34,	6.6100
788.95,	6.6200
789.57,	6.6200
790.18,	6.6100
790.79,	6.6100
791.41,	6.6100
792.02,	6.6100
792.63,	6.6000
793.25,	6.6000
793.86,	6.6100
794.47,	6.6100
795.09,	6.6100
795.70,	6.5900
796.31,	6.5900
796.93,	6.5900
797.54,	6.5900
798.15,	6.5900
798.77,	6.5800
799.38,	6.5900
799.99,	6.5800
800.61,	6.5800
801.22,	6.5900
801.83,	6.5900
802.44,	6.5800
803.06,	6.5800
803.67,	6.5800
804.28,	6.5700
804.90,	6.5800
805.51,	6.5900
806.12,	6.5900
806.73,	6.5800
807.34,	6.5800
807.96,	6.5700
808.57,	6.5600
809.18,	6.5400
809.79,	6.5100
810.41,	6.4800
811.02,	6.4500
811.63,	6.4300
812.24,	6.4100
812.85,	6.4000
813.47,	6.3900
814.08,	6.3900
814.69,	6.4000
815.30,	6.4200
815.91,	6.4300
816.53,	6.4100
817.14,	6.3700
817.75,	6.3300
818.36,	6.3200
818.97,	6.3200
819.58,	6.3300
820.20,	6.3400
820.81,	6.3300
821.42,	6.3300
822.03,	6.3300
822.64,	6.3300
823.25,	6.3200
823.86,	6.3200
824.47,	6.3100
825.09,	6.3000
825.70,	6.3000
826.31,	6.3100
826.92,	6.3000
827.53,	6.3000
828.14,	6.3000
828.75,	6.3000
829.36,	6.3000
829.97,	6.2900
830.58,	6.2800
831.19,	6.2700
831.80,	6.2600
832.42,	6.2500
833.03,	6.2500
833.64,	6.2500
834.25,	6.2500
834.86,	6.2600
835.47,	6.2600
836.08,	6.2600
836.69,	6.2600
837.30,	6.2600
837.91,	6.2500
838.52,	6.2400
839.13,	6.2400
839.74,	6.2500
840.35,	6.2600
840.96,	6.2600
841.57,	6.2700
842.18,	6.2700
842.79,	6.2600
843.40,	6.2600
844.01,	6.2500
844.62,	6.2400
845.23,	6.2300
845.84,	6.2300
846.45,	6.2200
847.06,	6.2200
847.67,	6.2200
848.27,	6.2200
848.88,	6.2300
849.49,	6.2300
850.10,	6.2100
850.71,	6.2000
851.32,	6.2000
851.93,	6.2000
852.54,	6.1900
853.15,	6.1900
853.76,	6.1800
854.37,	6.1700
854.98,	6.1700
855.58,	6.1600
856.19,	6.1500
856.80,	6.1600
857.41,	6.1600
858.02,	6.1600
858.63,	6.1500
859.24,	6.1400
859.85,	6.1400
860.45,	6.1600
861.06,	6.1700
861.67,	6.1600
862.28,	6.1600
862.89,	6.1500
863.50,	6.1400
864.10,	6.1400
864.71,	6.1300
865.32,	6.1100
865.93,	6.1100
866.54,	6.1000
867.14,	6.0900
867.75,	6.1000
868.36,	6.1100
868.97,	6.1200
869.58,	6.1200
870.18,	6.1200
870.79,	6.1200
871.40,	6.1200
872.01,	6.1200
872.61,	6.1100
873.22,	6.0900
873.83,	6.1000
874.44,	6.0900
875.04,	6.0900
875.65,	6.0900
876.26,	6.1000
876.87,	6.1000
877.47,	6.1000
878.08,	6.1000
878.69,	6.1100
879.29,	6.1000
879.90,	6.0800
880.51,	6.0800
881.12,	6.0800
881.72,	6.0700
882.33,	6.0700
882.94,	6.0700
883.54,	6.0600
884.15,	6.0600
884.76,	6.0600
885.36,	6.0500
885.97,	6.0500
886.58,	6.0600
887.18,	6.0600
887.79,	6.0500
888.40,	6.0600
889.00,	6.0500
889.61,	6.0500
890.22,	6.0600
890.82,	6.0600
891.43,	6.0800
892.03,	6.0700
892.64,	6.0700
893.25,	6.0600
893.85,	6.0600
894.46,	6.0600
895.06,	6.0600
895.67,	6.0600
896.28,	6.0700
896.88,	6.0600
897.49,	6.0600
898.09,	6.0600
898.70,	6.0600
899.30,	6.0500
899.91,	6.0400
900.52,	6.0300
901.12,	6.0300
901.73,	6.0200
902.33,	6.0200
902.94,	6.0100
903.54,	6.0100
904.15,	6.0100
904.75,	6.0100
905.36,	6.0100
905.96,	6.0100
906.57,	6.0000
907.17,	5.9900
907.78,	5.9900
908.38,	6.0000
908.99,	6.0000
909.59,	6.0000
910.20,	6.0000
910.80,	6.0100
911.41,	6.0200
912.01,	6.0200
912.62,	6.2300
913.22,	7.7900
913.83,	11.2100
914.43,	14.0400
915.03,	15.3700
915.64,	16.1400
916.24,	21.3400
916.85,	35.5000
917.45,	35.5000
918.06,	35.5000
918.66,	35.5000
919.26,	35.5000
919.87,	35.5000
920.47,	35.5000
921.08,	35.5000
921.68,	35.5000
922.28,	35.5000
922.89,	35.5000
923.49,	35.5000
924.10,	35.5000
924.70,	35.5000
925.30,	35.5000
925.91,	35.5000
926.51,	35.5000
927.11,	35.5000
927.72,	35.5000
928.32,	35.5000
928.92,	35.5000
929.53,	35.5000
930.13,	35.5000
930.74,	35.5000
931.34,	35.5000
931.94,	35.5000
932.54,	35.5000
933.15,	35.5000
933.75,	35.5000
934.35,	35.5000
934.96,	35.5000
935.56,	35.5000
936.16,	35.5000
936.77,	35.5000
937.37,	35.5000
937.97,	35.5000
938.57,	3.1500
939.18,	-2.5200
939.78,	-2.5200
940.38,	-2.5200
940.98,	-2.5200
941.59,	-2.5200
942.19,	-2.5200
942.79,	-2.5200
943.39,	-2.5200
944.00,	-2.5200
944.60,	-2.5200
945.20,	-2.5200
945.80,	-2.5200
946.40,	-2.5200
947.01,	-2.5200
947.61,	-2.5200
948.21,	-2.5200
948.81,	-2.5200
949.41,	-2.5200
950.02,	-2.5200
950.62,	-2.5200
951.22,	-2.5200
951.82,	-2.5200
952.42,	-2.5200
953.02,	-2.5200
953.63,	-2.5200
954.23,	-2.5200
954.83,	-2.5200
955.43,	-2.5200
956.03,	-2.5200
956.63,	-2.5200
957.24,	-2.5200
957.84,	-2.5200
958.44,	-2.5200
959.04,	-2.5200
959.64,	-2.5200
960.24,	-2.5200
960.84,	-2.5200
961.44,	-2.5200
962.04,	-2.5200
962.64,	-2.5200
963.25,	-2.5200
963.85,	-2.5200
964.45,	-2.5200
965.05,	-2.5200
965.65,	-2.5200
966.25,	-2.5200
966.85,	-2.5200
967.45,	-2.5200
968.05,	-2.5200
968.65,	-2.5200
969.25,	-2.5200
969.85,	-2.5200
970.45,	-2.5200
971.05,	-2.5200
971.65,	-2.5200
972.25,	-2.5200
972.85,	-2.5200
973.45,	-2.5200
974.05,	-2.5200
974.65,	-2.5200
975.25,	-2.5200
975.85,	-2.5200
976.45,	-2.5200
977.05,	-2.5200
977.65,	-2.5200
978.25,	-2.5200
978.85,	-2.5200
979.45,	-2.5200
980.05,	-2.5200
980.65,	-2.5200
981.25,	-2.5200
981.85,	-2.5200
982.45,	-2.5200
983.05,	-2.5200
983.65,	-2.5200
984.25,	-2.5200
984.85,	-2.5200
985.45,	-2.5200
986.04,	-2.5200
986.64,	-2.5200
987.24,	-2.5200
987.84,	-2.5200
988.44,	-2.5200
989.04,	-2.5200
989.64,	-2.5200
990.24,	-2.5200
990.84,	-2.5200
991.44,	-2.5200
992.03,	-2.5200
992.63,	-2.5200
993.23,	-2.5200
993.83,	-2.5200
994.43,	-2.5200
995.03,	-2.5200
995.63,	-2.5200
996.22,	-2.5200
996.82,	-2.5200
997.42,	-2.5200
998.02,	-2.5200
998.62,	-2.5200
999.21,	-2.5200
999.81,	-2.5200
1000.41,	-2.5200
