Call Sign = ZSDA,	Ship Name = SA Agulhas,	Lloyds Num = 0
Date = 12/02/2016,	Time = 13:59,	
Latitude = 39 32.15  S,	Longitude = 011 06.08  E
Instr = Sippican Deep Blue,	Card Type = Sippican MK-21,	
Wind Instr = ,	Measur Method = 
Probe Serial Num = -1,	Ship Dir = -1,	Ship Speed = -1.00
Wind Dir = 349,	Wind Speed = 22.20
Dry Bulb Temp = 15.90,	Total Water Depth = -1.00

Full Resolution Values
Depth,	 Temp
0.67,	17.2400
1.34,	17.1800
2.01,	17.1600
2.68,	17.1500
3.34,	17.1500
4.01,	17.1500
4.68,	17.1400
5.35,	17.1400
6.02,	17.1400
6.69,	17.1500
7.36,	17.1500
8.03,	17.1500
8.69,	17.1400
9.36,	17.1400
10.03,	17.1400
10.70,	17.1400
11.37,	17.1400
12.04,	17.1400
12.70,	17.1400
13.37,	17.1500
14.04,	17.1600
14.71,	17.1500
15.38,	17.1500
16.05,	17.1500
16.71,	17.1500
17.38,	17.1500
18.05,	17.1400
18.72,	17.1500
19.38,	17.1400
20.05,	17.1400
20.72,	17.1400
21.39,	17.1500
22.06,	17.1300
22.72,	17.1400
23.39,	17.1400
24.06,	17.1500
24.73,	17.1400
25.39,	17.1500
26.06,	17.1600
26.73,	17.1500
27.40,	17.1500
28.06,	17.1400
28.73,	17.1400
29.40,	17.1400
30.06,	17.1400
30.73,	17.1500
31.40,	17.1400
32.06,	17.1500
32.73,	17.1600
33.40,	17.1500
34.07,	17.1400
34.73,	17.1500
35.40,	17.1500
36.07,	17.1500
36.73,	17.1400
37.40,	17.1300
38.07,	17.1300
38.73,	17.1300
39.40,	17.1300
40.06,	17.1300
40.73,	17.1200
41.40,	17.1300
42.06,	17.1300
42.73,	17.1400
43.40,	17.1300
44.06,	17.1300
44.73,	17.1300
45.39,	17.1200
46.06,	17.1200
46.73,	17.1100
47.39,	17.1000
48.06,	17.1000
48.72,	17.1000
49.39,	17.1000
50.06,	17.1000
50.72,	17.1000
51.39,	17.0800
52.05,	17.0700
52.72,	17.0700
53.38,	17.0600
54.05,	17.0300
54.71,	17.0200
55.38,	17.0100
56.05,	17.0000
56.71,	17.0100
57.38,	17.0100
58.04,	17.0000
58.71,	16.9900
59.37,	16.9800
60.04,	16.9900
60.70,	16.9800
61.37,	16.9800
62.03,	16.9800
62.70,	16.9700
63.36,	16.9800
64.03,	16.9800
64.69,	16.9700
65.36,	16.9700
66.02,	16.9800
66.69,	16.9700
67.35,	16.9700
68.01,	16.9700
68.68,	16.9600
69.34,	16.9700
70.01,	16.9700
70.67,	16.9700
71.34,	16.9800
72.00,	16.9700
72.66,	16.9700
73.33,	16.9700
73.99,	16.9700
74.66,	16.9700
75.32,	16.9700
75.98,	16.9700
76.65,	16.9600
77.31,	16.9600
77.98,	16.9600
78.64,	16.9700
79.30,	16.9700
79.97,	16.9600
80.63,	16.9500
81.30,	16.9600
81.96,	16.9600
82.62,	16.9500
83.29,	16.9600
83.95,	16.9600
84.61,	16.9500
85.28,	16.9500
85.94,	16.9500
86.60,	16.9500
87.27,	16.9500
87.93,	16.9400
88.59,	16.9300
89.26,	16.9300
89.92,	16.9200
90.58,	16.9000
91.24,	16.8300
91.91,	16.7700
92.57,	16.7300
93.23,	16.7000
93.90,	16.6900
94.56,	16.6800
95.22,	16.6700
95.88,	16.6600
96.55,	16.6400
97.21,	16.6300
97.87,	16.6300
98.53,	16.6100
99.20,	16.6100
99.86,	16.5800
100.52,	16.5800
101.18,	16.5700
101.85,	16.5600
102.51,	16.5600
103.17,	16.5500
103.83,	16.5300
104.49,	16.5300
105.16,	16.5300
105.82,	16.5100
106.48,	16.5000
107.14,	16.4700
107.80,	16.4500
108.47,	16.4300
109.13,	16.4200
109.79,	16.3900
110.45,	16.3800
111.11,	16.3500
111.77,	16.3400
112.44,	16.3200
113.10,	16.3000
113.76,	16.2600
114.42,	16.2400
115.08,	16.2200
115.74,	16.2200
116.40,	16.2100
117.06,	16.2200
117.73,	16.2100
118.39,	16.2000
119.05,	16.2000
119.71,	16.2000
120.37,	16.1700
121.03,	16.1200
121.69,	16.1000
122.35,	16.0800
123.01,	16.0700
123.67,	16.0600
124.33,	16.0500
125.00,	16.0300
125.66,	16.0300
126.32,	16.0000
126.98,	16.0000
127.64,	15.9900
128.30,	15.9900
128.96,	15.9800
129.62,	15.9700
130.28,	15.9400
130.94,	15.9200
131.60,	15.9000
132.26,	15.8900
132.92,	15.8800
133.58,	15.8600
134.24,	15.8400
134.90,	15.8300
135.56,	15.8000
136.22,	15.7700
136.88,	15.7400
137.54,	15.7200
138.20,	15.6900
138.86,	15.6900
139.52,	15.6800
140.18,	15.6800
140.84,	15.6800
141.50,	15.6700
142.16,	15.6600
142.82,	15.6500
143.48,	15.6400
144.14,	15.6300
144.79,	15.6200
145.45,	15.6100
146.11,	15.6000
146.77,	15.6000
147.43,	15.6000
148.09,	15.5900
148.75,	15.5800
149.41,	15.5700
150.07,	15.5600
150.73,	15.5400
151.39,	15.5200
152.04,	15.5100
152.70,	15.4900
153.36,	15.4400
154.02,	15.4000
154.68,	15.3800
155.34,	15.3700
156.00,	15.3500
156.65,	15.2900
157.31,	15.2100
157.97,	15.1800
158.63,	15.1800
159.29,	15.1900
159.95,	15.2000
160.60,	15.2000
161.26,	15.2100
161.92,	15.2300
162.58,	15.2200
163.24,	15.2200
163.90,	15.2300
164.55,	15.2500
165.21,	15.2700
165.87,	15.2800
166.53,	15.3000
167.18,	15.3100
167.84,	15.3000
168.50,	15.3100
169.16,	15.3200
169.82,	15.3200
170.47,	15.3200
171.13,	15.3300
171.79,	15.3400
172.44,	15.3400
173.10,	15.3500
173.76,	15.3800
174.42,	15.4000
175.07,	15.4100
175.73,	15.4200
176.39,	15.4300
177.05,	15.4300
177.70,	15.4400
178.36,	15.4500
179.02,	15.4500
179.67,	15.4400
180.33,	15.4500
180.99,	15.4500
181.64,	15.4500
182.30,	15.4500
182.96,	15.4400
183.61,	15.4400
184.27,	15.4400
184.93,	15.4400
185.58,	15.4400
186.24,	15.4300
186.90,	15.4200
187.55,	15.4100
188.21,	15.3900
188.87,	15.3400
189.52,	15.2900
190.18,	15.2600
190.83,	15.2300
191.49,	15.2100
192.15,	15.2100
192.80,	15.1800
193.46,	15.1300
194.11,	15.0700
194.77,	15.0000
195.43,	14.9600
196.08,	14.9600
196.74,	14.9500
197.39,	14.9500
198.05,	14.9500
198.70,	14.9500
199.36,	14.9600
200.02,	14.9500
200.67,	14.9600
201.33,	14.9400
201.98,	14.9200
202.64,	14.9000
203.29,	14.8800
203.95,	14.8700
204.60,	14.8400
205.26,	14.8200
205.91,	14.8000
206.57,	14.7900
207.22,	14.7700
207.88,	14.7600
208.53,	14.7500
209.19,	14.7400
209.84,	14.7200
210.50,	14.7100
211.15,	14.6900
211.81,	14.6500
212.46,	14.6100
213.12,	14.5800
213.77,	14.5600
214.43,	14.5500
215.08,	14.5400
215.74,	14.5400
216.39,	14.5200
217.04,	14.4800
217.70,	14.4600
218.35,	14.4600
219.01,	14.4600
219.66,	14.4700
220.32,	14.4600
220.97,	14.4600
221.62,	14.4700
222.28,	14.4800
222.93,	14.4700
223.59,	14.4500
224.24,	14.4100
224.89,	14.3900
225.55,	14.3800
226.20,	14.3600
226.85,	14.3400
227.51,	14.3400
228.16,	14.3300
228.81,	14.3300
229.47,	14.3100
230.12,	14.2700
230.78,	14.2400
231.43,	14.2200
232.08,	14.2000
232.74,	14.2000
233.39,	14.1900
234.04,	14.1700
234.69,	14.1500
235.35,	14.1200
236.00,	14.1100
236.65,	14.1100
237.31,	14.1000
237.96,	14.0900
238.61,	14.0800
239.27,	14.0600
239.92,	14.0400
240.57,	14.0300
241.22,	14.0200
241.88,	14.0300
242.53,	14.0500
243.18,	14.0600
243.83,	14.0700
244.49,	14.0800
245.14,	14.1000
245.79,	14.1200
246.44,	14.1100
247.10,	14.1200
247.75,	14.1100
248.40,	14.1000
249.05,	14.0900
249.70,	14.0800
250.36,	14.0700
251.01,	14.0500
251.66,	14.0200
252.31,	13.9900
252.96,	13.9700
253.62,	13.9500
254.27,	13.9400
254.92,	13.9300
255.57,	13.9100
256.22,	13.9000
256.88,	13.9000
257.53,	13.8900
258.18,	13.8700
258.83,	13.8700
259.48,	13.8500
260.13,	13.8400
260.78,	13.8300
261.44,	13.8000
262.09,	13.7900
262.74,	13.7700
263.39,	13.7400
264.04,	13.7100
264.69,	13.7000
265.34,	13.7000
265.99,	13.7000
266.64,	13.7000
267.29,	13.7100
267.95,	13.7000
268.60,	13.6800
269.25,	13.6600
269.90,	13.6400
270.55,	13.6200
271.20,	13.6100
271.85,	13.6000
272.50,	13.6000
273.15,	13.5900
273.80,	13.6000
274.45,	13.5900
275.10,	13.5800
275.75,	13.5800
276.40,	13.5700
277.05,	13.5600
277.70,	13.5600
278.35,	13.5500
279.00,	13.5400
279.65,	13.5400
280.30,	13.5100
280.95,	13.4900
281.60,	13.4600
282.25,	13.4400
282.90,	13.4400
283.55,	13.4100
284.20,	13.4000
284.85,	13.4000
285.50,	13.4000
286.15,	13.3800
286.80,	13.3600
287.45,	13.3400
288.10,	13.3300
288.75,	13.3000
289.40,	13.2500
290.05,	13.2200
290.70,	13.2100
291.35,	13.1900
292.00,	13.1800
292.64,	13.1700
293.29,	13.1500
293.94,	13.1300
294.59,	13.1100
295.24,	13.0800
295.89,	13.0500
296.54,	13.0300
297.19,	13.0200
297.84,	13.0100
298.49,	12.9800
299.13,	12.9600
299.78,	12.9400
300.43,	12.9100
301.08,	12.8900
301.73,	12.8800
302.38,	12.8900
303.02,	12.8700
303.67,	12.8700
304.32,	12.8600
304.97,	12.8600
305.62,	12.8400
306.27,	12.8400
306.91,	12.8400
307.56,	12.8500
308.21,	12.8600
308.86,	12.8800
309.51,	12.8900
310.15,	12.9000
310.80,	12.9200
311.45,	12.9300
312.10,	12.9600
312.75,	13.0000
313.39,	13.0300
314.04,	13.0400
314.69,	13.0400
315.34,	13.0500
315.98,	13.0400
316.63,	13.0300
317.28,	13.0100
317.93,	12.9800
318.57,	12.9600
319.22,	12.9600
319.87,	12.9500
320.52,	12.9300
321.16,	12.8800
321.81,	12.8200
322.46,	12.7700
323.10,	12.7600
323.75,	12.7500
324.40,	12.7500
325.04,	12.7600
325.69,	12.7800
326.34,	12.7900
326.99,	12.8000
327.63,	12.8100
328.28,	12.8200
328.93,	12.8300
329.57,	12.8200
330.22,	12.8100
330.86,	12.7900
331.51,	12.7700
332.16,	12.7500
332.80,	12.7300
333.45,	12.7200
334.10,	12.7100
334.74,	12.7000
335.39,	12.7000
336.03,	12.6900
336.68,	12.6800
337.33,	12.6700
337.97,	12.6700
338.62,	12.6600
339.26,	12.6500
339.91,	12.6200
340.56,	12.6000
341.20,	12.5700
341.85,	12.5600
342.49,	12.5400
343.14,	12.5300
343.78,	12.5000
344.43,	12.4600
345.08,	12.4300
345.72,	12.4200
346.37,	12.4200
347.01,	12.4000
347.66,	12.3900
348.30,	12.4000
348.95,	12.3900
349.59,	12.3800
350.24,	12.3700
350.88,	12.3700
351.53,	12.3700
352.17,	12.3600
352.82,	12.3600
353.46,	12.3500
354.11,	12.3300
354.75,	12.3200
355.40,	12.2900
356.04,	12.2700
356.69,	12.2400
357.33,	12.2200
357.98,	12.2000
358.62,	12.1900
359.27,	12.1800
359.91,	12.1600
360.55,	12.1500
361.20,	12.1400
361.84,	12.1100
362.49,	12.0900
363.13,	12.0700
363.78,	12.0600
364.42,	12.0500
365.06,	12.0400
365.71,	12.0400
366.35,	12.0300
367.00,	12.0300
367.64,	12.0100
368.28,	12.0000
368.93,	12.0000
369.57,	12.0000
370.22,	12.0000
370.86,	11.9800
371.50,	11.9600
372.15,	11.9600
372.79,	11.9500
373.43,	11.9400
374.08,	11.9200
374.72,	11.9100
375.36,	11.9000
376.01,	11.8700
376.65,	11.8400
377.29,	11.8100
377.94,	11.8100
378.58,	11.8000
379.22,	11.7900
379.87,	11.7900
380.51,	11.7700
381.15,	11.7100
381.79,	11.6600
382.44,	11.6400
383.08,	11.6300
383.72,	11.6100
384.37,	11.5900
385.01,	11.5600
385.65,	11.5400
386.29,	11.5000
386.94,	11.4800
387.58,	11.4500
388.22,	11.4200
388.86,	11.4000
389.51,	11.3700
390.15,	11.3500
390.79,	11.3400
391.43,	11.3400
392.08,	11.3400
392.72,	11.3400
393.36,	11.3200
394.00,	11.3200
394.64,	11.3200
395.29,	11.3200
395.93,	11.3200
396.57,	11.3000
397.21,	11.2800
397.85,	11.2700
398.50,	11.2600
399.14,	11.2500
399.78,	11.2400
400.42,	11.2300
401.06,	11.2300
401.70,	11.2300
402.34,	11.2400
402.99,	11.2400
403.63,	11.2000
404.27,	11.1200
404.91,	11.1000
405.55,	11.0900
406.19,	11.0900
406.83,	11.0900
407.48,	11.1000
408.12,	11.1100
408.76,	11.1400
409.40,	11.1600
410.04,	11.1800
410.68,	11.1900
411.32,	11.2000
411.96,	11.2000
412.60,	11.2000
413.24,	11.2000
413.88,	11.2000
414.52,	11.2000
415.17,	11.2100
415.81,	11.2000
416.45,	11.1900
417.09,	11.1900
417.73,	11.1900
418.37,	11.1900
419.01,	11.1800
419.65,	11.1500
420.29,	11.1300
420.93,	11.1300
421.57,	11.1500
422.21,	11.1600
422.85,	11.1700
423.49,	11.1700
424.13,	11.1900
424.77,	11.2000
425.41,	11.2200
426.05,	11.2200
426.69,	11.2100
427.33,	11.1900
427.97,	11.1800
428.61,	11.1800
429.25,	11.1800
429.89,	11.1800
430.53,	11.1800
431.17,	11.1800
431.80,	11.1700
432.44,	11.1400
433.08,	11.1200
433.72,	11.1100
434.36,	11.1000
435.00,	11.0800
435.64,	11.0800
436.28,	11.0700
436.92,	11.0700
437.56,	11.0500
438.20,	11.0300
438.84,	11.0100
439.47,	11.0000
440.11,	10.9900
440.75,	10.9800
441.39,	10.9800
442.03,	10.9500
442.67,	10.9300
443.31,	10.9200
443.95,	10.9000
444.58,	10.8900
445.22,	10.8900
445.86,	10.8800
446.50,	10.8700
447.14,	10.8800
447.78,	10.8700
448.41,	10.8600
449.05,	10.8600
449.69,	10.8600
450.33,	10.8600
450.97,	10.8400
451.60,	10.8400
452.24,	10.8400
452.88,	10.8400
453.52,	10.8400
454.16,	10.8300
454.79,	10.8300
455.43,	10.8300
456.07,	10.8200
456.71,	10.8100
457.35,	10.8100
457.98,	10.8000
458.62,	10.7900
459.26,	10.7800
459.90,	10.7700
460.53,	10.7600
461.17,	10.7500
461.81,	10.7400
462.44,	10.7300
463.08,	10.7200
463.72,	10.7000
464.36,	10.6800
464.99,	10.6600
465.63,	10.6300
466.27,	10.6100
466.90,	10.6000
467.54,	10.5900
468.18,	10.5700
468.81,	10.5500
469.45,	10.5400
470.09,	10.5200
470.72,	10.5100
471.36,	10.5000
472.00,	10.4900
472.63,	10.4900
473.27,	10.4800
473.91,	10.4600
474.54,	10.4500
475.18,	10.4500
475.82,	10.4400
476.45,	10.4300
477.09,	10.4100
477.73,	10.3900
478.36,	10.3900
479.00,	10.3700
479.63,	10.3500
480.27,	10.3400
480.91,	10.3300
481.54,	10.3100
482.18,	10.3000
482.81,	10.3100
483.45,	10.3100
484.08,	10.3100
484.72,	10.3100
485.36,	10.3100
485.99,	10.3000
486.63,	10.3000
487.26,	10.3100
487.90,	10.3000
488.53,	10.3000
489.17,	10.3000
489.80,	10.2900
490.44,	10.2800
491.07,	10.2700
491.71,	10.2600
492.34,	10.2500
492.98,	10.2500
493.62,	10.2400
494.25,	10.2200
494.89,	10.2100
495.52,	10.2000
496.15,	10.1700
496.79,	10.1500
497.42,	10.1400
498.06,	10.1100
498.69,	10.0700
499.33,	10.0600
499.96,	10.0600
500.60,	10.0500
501.23,	10.0500
501.87,	10.0500
502.50,	10.0600
503.14,	10.0400
503.77,	10.0400
504.40,	10.0400
505.04,	10.0300
505.67,	10.0000
506.31,	9.9800
506.94,	9.9500
507.57,	9.9300
508.21,	9.9100
508.84,	9.8800
509.48,	9.8600
510.11,	9.8400
510.74,	9.8200
511.38,	9.8100
512.01,	9.8000
512.65,	9.7900
513.28,	9.7800
513.91,	9.7800
514.55,	9.7700
515.18,	9.7500
515.81,	9.7500
516.45,	9.7500
517.08,	9.7400
517.71,	9.7400
518.35,	9.7200
518.98,	9.7100
519.61,	9.7000
520.25,	9.6800
520.88,	9.6700
521.51,	9.6600
522.15,	9.6600
522.78,	9.6400
523.41,	9.6100
524.04,	9.6000
524.68,	9.5900
525.31,	9.5700
525.94,	9.5600
526.58,	9.5400
527.21,	9.5300
527.84,	9.5200
528.47,	9.5200
529.11,	9.5200
529.74,	9.5200
530.37,	9.5200
531.00,	9.5100
531.64,	9.5100
532.27,	9.4900
532.90,	9.4700
533.53,	9.4500
534.17,	9.4400
534.80,	9.4100
535.43,	9.3800
536.06,	9.3500
536.69,	9.3100
537.33,	9.2800
537.96,	9.2600
538.59,	9.2500
539.22,	9.2600
539.85,	9.2600
540.48,	9.2500
541.12,	9.2500
541.75,	9.2400
542.38,	9.2300
543.01,	9.2100
543.64,	9.2000
544.27,	9.2000
544.91,	9.1900
545.54,	9.1800
546.17,	9.1600
546.80,	9.1500
547.43,	9.1300
548.06,	9.1200
548.69,	9.1000
549.32,	9.0800
549.95,	9.0300
550.59,	9.0000
551.22,	8.9700
551.85,	8.9400
552.48,	8.9200
553.11,	8.8900
553.74,	8.8700
554.37,	8.8700
555.00,	8.8700
555.63,	8.8600
556.26,	8.8400
556.89,	8.8300
557.52,	8.8200
558.15,	8.8200
558.78,	8.8300
559.42,	8.8500
560.05,	8.8700
560.68,	8.8700
561.31,	8.8700
561.94,	8.8800
562.57,	8.8700
563.20,	8.8700
563.83,	8.8700
564.46,	8.8600
565.09,	8.8500
565.72,	8.8400
566.35,	8.8300
566.98,	8.8200
567.61,	8.8100
568.24,	8.8100
568.87,	8.8000
569.50,	8.8000
570.12,	8.7900
570.75,	8.7800
571.38,	8.7700
572.01,	8.7700
572.64,	8.7500
573.27,	8.7400
573.90,	8.7400
574.53,	8.7300
575.16,	8.7200
575.79,	8.7200
576.42,	8.7200
577.05,	8.7100
577.68,	8.7100
578.31,	8.7000
578.93,	8.7000
579.56,	8.6900
580.19,	8.6900
580.82,	8.6900
581.45,	8.6800
582.08,	8.6800
582.71,	8.6700
583.34,	8.6600
583.97,	8.6500
584.59,	8.6500
585.22,	8.6400
585.85,	8.6400
586.48,	8.6300
587.11,	8.6200
587.74,	8.5900
588.36,	8.5600
588.99,	8.5400
589.62,	8.5300
590.25,	8.5200
590.88,	8.5200
591.50,	8.5100
592.13,	8.5000
592.76,	8.4900
593.39,	8.4700
594.02,	8.4400
594.64,	8.4200
595.27,	8.4100
595.90,	8.4000
596.53,	8.3800
597.16,	8.3800
597.78,	8.3700
598.41,	8.3700
599.04,	8.3600
599.67,	8.3600
600.29,	8.3500
600.92,	8.3500
601.55,	8.3400
602.18,	8.3400
602.80,	8.3500
603.43,	8.3400
604.06,	8.3300
604.68,	8.3200
605.31,	8.3100
605.94,	8.2700
606.57,	8.2300
607.19,	8.1900
607.82,	8.1600
608.45,	8.1400
609.07,	8.1200
609.70,	8.1200
610.33,	8.1000
610.95,	8.0900
611.58,	8.0600
612.21,	8.0300
612.83,	8.0000
613.46,	7.9600
614.09,	7.9300
614.71,	7.9100
615.34,	7.8900
615.97,	7.8900
616.59,	7.8800
617.22,	7.8700
617.84,	7.8500
618.47,	7.8400
619.10,	7.8400
619.72,	7.8400
620.35,	7.8300
620.97,	7.8300
621.60,	7.8300
622.23,	7.8200
622.85,	7.8200
623.48,	7.8200
624.10,	7.8100
624.73,	7.8000
625.35,	7.7900
625.98,	7.7900
626.61,	7.7800
627.23,	7.7700
627.86,	7.7500
628.48,	7.7100
629.11,	7.6800
629.73,	7.6500
630.36,	7.6200
630.98,	7.6000
631.61,	7.5800
632.23,	7.5600
632.86,	7.5400
633.48,	7.5300
634.11,	7.5100
634.73,	7.5100
635.36,	7.5000
635.98,	7.5000
636.61,	7.5000
637.23,	7.5000
637.86,	7.5000
638.48,	7.4900
639.11,	7.4900
639.73,	7.4700
640.36,	7.4400
640.98,	7.4200
641.61,	7.4000
642.23,	7.3900
642.85,	7.3600
643.48,	7.3400
644.10,	7.3300
644.73,	7.3100
645.35,	7.2900
645.98,	7.2800
646.60,	7.2800
647.22,	7.2900
647.85,	7.2800
648.47,	7.2600
649.10,	7.2200
649.72,	7.1900
650.34,	7.1600
650.97,	7.1300
651.59,	7.1000
652.22,	7.0700
652.84,	7.0500
653.46,	7.0300
654.09,	7.0100
654.71,	7.0000
655.33,	6.9800
655.96,	6.9600
656.58,	6.9600
657.20,	6.9500
657.83,	6.9500
658.45,	6.9600
659.07,	6.9500
659.70,	6.9500
660.32,	6.9500
660.94,	6.9500
661.57,	6.9600
662.19,	6.9500
662.81,	6.9500
663.43,	6.9500
664.06,	6.9600
664.68,	6.9700
665.30,	6.9800
665.93,	6.9800
666.55,	6.9800
667.17,	6.9700
667.79,	6.9400
668.42,	6.9100
669.04,	6.9100
669.66,	6.9100
670.28,	6.9100
670.91,	6.9000
671.53,	6.9000
672.15,	6.8900
672.77,	6.8600
673.39,	6.8500
674.02,	6.8500
674.64,	6.8500
675.26,	6.8500
675.88,	6.8400
676.50,	6.8400
677.13,	6.8400
677.75,	6.8500
678.37,	6.8700
678.99,	6.8600
679.61,	6.8300
680.24,	6.8200
680.86,	6.8100
681.48,	6.8200
682.10,	6.8100
682.72,	6.8100
683.34,	6.8200
683.96,	6.8100
684.59,	6.8000
685.21,	6.7700
685.83,	6.7100
686.45,	6.6500
687.07,	6.6300
687.69,	6.6100
688.31,	6.6000
688.93,	6.5800
689.56,	6.5600
690.18,	6.5400
690.80,	6.5200
691.42,	6.5100
692.04,	6.4900
692.66,	6.4800
693.28,	6.4800
693.90,	6.4800
694.52,	6.4900
695.14,	6.5100
695.76,	6.5700
696.38,	6.6000
697.00,	6.6100
697.62,	6.6100
698.25,	6.6100
698.87,	6.6100
699.49,	6.6100
700.11,	6.6100
700.73,	6.5900
701.35,	6.5800
701.97,	6.5600
702.59,	6.5400
703.21,	6.5400
703.83,	6.5200
704.45,	6.5000
705.07,	6.4900
705.69,	6.4700
706.31,	6.4600
706.93,	6.4600
707.55,	6.4500
708.17,	6.4400
708.79,	6.4300
709.40,	6.4300
710.02,	6.4300
710.64,	6.4200
711.26,	6.4200
711.88,	6.4400
712.50,	6.4300
713.12,	6.4300
713.74,	6.4300
714.36,	6.4200
714.98,	6.4100
715.60,	6.4000
716.22,	6.4000
716.84,	6.3900
717.45,	6.3700
718.07,	6.3700
718.69,	6.3600
719.31,	6.3400
719.93,	6.3300
720.55,	6.3200
721.17,	6.3100
721.79,	6.2900
722.41,	6.2700
723.02,	6.2400
723.64,	6.2200
724.26,	6.2100
724.88,	6.1900
725.50,	6.1800
726.12,	6.1600
726.73,	6.1500
727.35,	6.1500
727.97,	6.1500
728.59,	6.1400
729.21,	6.1300
729.83,	6.1100
730.44,	6.0800
731.06,	6.0500
731.68,	6.0300
732.30,	6.0100
732.92,	6.0000
733.53,	5.9900
734.15,	5.9900
734.77,	5.9800
735.39,	5.9700
736.00,	5.9600
736.62,	5.9500
737.24,	5.9300
737.86,	5.9000
738.47,	5.8500
739.09,	5.8300
739.71,	5.8200
740.33,	5.8200
740.94,	5.8200
741.56,	5.8100
742.18,	5.7900
742.79,	5.7600
743.41,	5.7400
744.03,	5.7300
744.65,	5.7200
745.26,	5.7200
745.88,	5.7200
746.50,	5.7200
747.11,	5.7200
747.73,	5.7200
748.35,	5.7300
748.96,	5.7300
749.58,	5.7300
750.20,	5.7400
750.81,	5.7400
751.43,	5.7300
752.05,	5.6900
752.66,	5.6100
753.28,	5.5500
753.90,	5.5000
754.51,	5.4700
755.13,	5.4500
755.74,	5.4500
756.36,	5.4400
756.98,	5.4400
757.59,	5.4300
758.21,	5.4300
758.82,	5.4300
759.44,	5.4300
760.06,	5.4300
760.67,	5.4200
761.29,	5.4300
761.90,	5.4300
762.52,	5.4300
763.14,	5.4200
763.75,	5.4100
764.37,	5.4100
764.98,	5.4000
765.60,	5.3900
766.21,	5.4000
766.83,	5.4200
767.44,	5.4600
768.06,	5.5000
768.67,	5.5100
769.29,	5.5100
769.90,	5.5100
770.52,	5.5100
771.14,	5.5100
771.75,	5.4900
772.37,	5.4700
772.98,	5.4300
773.59,	5.3500
774.21,	5.2800
774.82,	5.2300
775.44,	5.2300
776.05,	5.2300
776.67,	5.2200
777.28,	5.2100
777.90,	5.2000
778.51,	5.1800
779.13,	5.1500
779.74,	5.1500
780.36,	5.1400
780.97,	5.1500
781.58,	5.1500
782.20,	5.1600
782.81,	5.1600
783.43,	5.1700
784.04,	5.1600
784.66,	5.1600
785.27,	5.1700
785.88,	5.1800
786.50,	5.2000
787.11,	5.2200
787.73,	5.2500
788.34,	5.2900
788.95,	5.3100
789.57,	5.3400
790.18,	5.3700
790.79,	5.3800
791.41,	5.3900
792.02,	5.3900
792.63,	5.3900
793.25,	5.3800
793.86,	5.3700
794.47,	5.3900
795.09,	5.4100
795.70,	5.4300
796.31,	5.4400
796.93,	5.4600
797.54,	5.4700
798.15,	5.4700
798.77,	5.4800
799.38,	5.4700
799.99,	5.4700
800.61,	5.4600
801.22,	5.4700
801.83,	5.4600
802.44,	5.4500
803.06,	5.4500
803.67,	5.4400
804.28,	5.4300
804.90,	5.4300
805.51,	5.4300
806.12,	5.4300
806.73,	5.4300
807.34,	5.4300
807.96,	5.4200
808.57,	5.4300
809.18,	5.4300
809.79,	5.4200
810.41,	5.4200
811.02,	5.4100
811.63,	5.4000
812.24,	5.3900
812.85,	5.3900
813.47,	5.3900
814.08,	5.3900
814.69,	5.3800
815.30,	5.3800
815.91,	5.3800
816.53,	5.3800
817.14,	5.3800
817.75,	5.3800
818.36,	5.3800
818.97,	5.3700
819.58,	5.3600
820.20,	5.3600
820.81,	5.3500
821.42,	5.3500
822.03,	5.3400
822.64,	5.3200
823.25,	5.3000
823.86,	5.2800
824.47,	5.2800
825.09,	5.2900
825.70,	5.2800
826.31,	5.2800
826.92,	5.2900
827.53,	5.2800
828.14,	5.2700
828.75,	5.2600
829.36,	5.2600
829.97,	5.2500
830.58,	5.2400
831.19,	5.2500
831.80,	5.2500
832.42,	5.2600
833.03,	5.2500
833.64,	5.2400
834.25,	5.2100
834.86,	5.1800
835.47,	5.1600
836.08,	5.1700
836.69,	5.1800
837.30,	5.1900
837.91,	5.1800
838.52,	5.1800
839.13,	5.1800
839.74,	5.1800
840.35,	5.1800
840.96,	5.1700
841.57,	5.1600
842.18,	5.1500
842.79,	5.1500
843.40,	5.1500
844.01,	5.1500
844.62,	5.1400
845.23,	5.1400
845.84,	5.1400
846.45,	5.1400
847.06,	5.1400
847.67,	5.1400
848.27,	5.1400
848.88,	5.1300
849.49,	5.1100
850.10,	5.0700
850.71,	5.0500
851.32,	5.0200
851.93,	5.0100
852.54,	5.0000
853.15,	4.9900
853.76,	4.9800
854.37,	4.9700
854.98,	4.9700
855.58,	4.9600
856.19,	4.9600
856.80,	4.9600
857.41,	4.9500
858.02,	4.9500
858.63,	4.9600
859.24,	4.9800
859.85,	4.9900
860.45,	4.9900
861.06,	4.9900
861.67,	4.9800
862.28,	4.9800
862.89,	4.9700
863.50,	4.9500
864.10,	4.9300
864.71,	4.9100
865.32,	4.9100
865.93,	4.9000
866.54,	4.8900
867.14,	4.8900
867.75,	4.8800
868.36,	4.8700
868.97,	4.8600
869.58,	4.8600
870.18,	4.8500
870.79,	4.8400
871.40,	4.8400
872.01,	4.8400
872.61,	4.8400
873.22,	4.8400
873.83,	4.8300
874.44,	4.8300
875.04,	4.8200
875.65,	4.7900
876.26,	4.7600
876.87,	4.7400
877.47,	4.7300
878.08,	4.7100
878.69,	4.7200
879.29,	4.7100
879.90,	4.7000
880.51,	4.6900
881.12,	4.6900
881.72,	4.6900
882.33,	4.6800
882.94,	4.6800
883.54,	4.6700
884.15,	4.6600
884.76,	4.6600
885.36,	4.6600
885.97,	4.6600
886.58,	4.6600
887.18,	4.6600
887.79,	4.6600
888.40,	4.6600
889.00,	4.6700
889.61,	4.6700
890.22,	4.6800
890.82,	4.6900
891.43,	4.7100
892.03,	4.7200
892.64,	4.7500
893.25,	4.8000
893.85,	4.8200
894.46,	4.8500
895.06,	4.8700
895.67,	4.8800
896.28,	4.8900
896.88,	4.8900
897.49,	4.8800
898.09,	4.8700
898.70,	4.8600
899.30,	4.8600
899.91,	4.8600
900.52,	4.8600
901.12,	4.8800
901.73,	4.9000
902.33,	4.9000
902.94,	4.8900
903.54,	4.8800
904.15,	4.8700
904.75,	4.8700
905.36,	4.8600
905.96,	4.8600
906.57,	4.8600
907.17,	4.8500
907.78,	4.8400
908.38,	4.8400
908.99,	4.8300
909.59,	4.8300
910.20,	4.8300
910.80,	4.8200
911.41,	4.8100
912.01,	4.8000
912.62,	4.7900
913.22,	4.7900
913.83,	4.7800
914.43,	4.7700
915.03,	4.7700
915.64,	4.7600
916.24,	4.7500
916.85,	4.7500
917.45,	4.7500
918.06,	4.7500
918.66,	4.7400
919.26,	4.7300
919.87,	4.7200
920.47,	4.7200
921.08,	4.7100
921.68,	4.7000
922.28,	4.7000
922.89,	4.7000
923.49,	4.7300
924.10,	5.5200
924.70,	9.1200
925.30,	13.3300
925.91,	15.1100
926.51,	15.8800
927.11,	16.4100
927.72,	16.8200
928.32,	17.1900
928.92,	17.5200
929.53,	17.8200
930.13,	18.1000
930.74,	18.3600
931.34,	18.5800
931.94,	18.7700
932.54,	18.9700
933.15,	20.8000
933.75,	35.5000
934.35,	35.5000
934.96,	35.5000
935.56,	35.5000
936.16,	35.5000
936.77,	35.5000
937.37,	35.5000
937.97,	35.5000
938.57,	35.5000
939.18,	35.5000
939.78,	35.5000
940.38,	35.5000
940.98,	35.5000
941.59,	35.5000
942.19,	35.5000
942.79,	35.5000
943.39,	35.5000
944.00,	35.5000
944.60,	35.5000
945.20,	35.5000
945.80,	35.5000
946.40,	35.5000
947.01,	35.5000
947.61,	35.5000
948.21,	35.5000
948.81,	35.5000
949.41,	35.5000
950.02,	35.5000
950.62,	35.5000
951.22,	35.5000
951.82,	35.5000
952.42,	35.5000
953.02,	35.5000
953.63,	35.5000
954.23,	35.5000
954.83,	35.5000
955.43,	35.5000
956.03,	35.5000
956.63,	35.5000
957.24,	35.5000
957.84,	35.5000
958.44,	35.5000
959.04,	35.5000
959.64,	35.5000
960.24,	35.5000
960.84,	35.5000
961.44,	35.5000
962.04,	35.5000
962.64,	35.5000
963.25,	35.5000
963.85,	35.5000
964.45,	35.5000
965.05,	35.5000
965.65,	35.5000
966.25,	35.5000
966.85,	35.5000
967.45,	35.5000
968.05,	35.5000
968.65,	35.5000
969.25,	35.5000
969.85,	35.5000
970.45,	35.5000
971.05,	35.5000
971.65,	35.5000
972.25,	35.5000
972.85,	35.5000
973.45,	35.5000
974.05,	35.5000
974.65,	35.5000
975.25,	35.5000
975.85,	35.5000
976.45,	35.5000
977.05,	35.5000
977.65,	35.5000
978.25,	35.5000
978.85,	35.5000
979.45,	35.5000
980.05,	35.5000
980.65,	35.5000
981.25,	35.5000
981.85,	35.5000
982.45,	35.5000
983.05,	35.5000
983.65,	35.5000
984.25,	35.5000
984.85,	35.5000
985.45,	35.5000
986.04,	35.5000
986.64,	35.5000
987.24,	35.5000
987.84,	35.5000
988.44,	35.5000
989.04,	35.5000
989.64,	35.5000
990.24,	35.5000
990.84,	35.5000
991.44,	35.5000
992.03,	35.5000
992.63,	35.5000
993.23,	35.5000
993.83,	35.5000
994.43,	35.5000
995.03,	35.5000
995.63,	35.5000
996.22,	35.5000
996.82,	35.5000
997.42,	12.3100
998.02,	35.5000
998.62,	35.5000
999.21,	35.5000
999.81,	35.5000
1000.41,	35.5000
