Call Sign = ZSDA,	Ship Name = SA Agulhas,	Lloyds Num = 0
Date = 12/03/2016,	Time = 14:09,	
Latitude = 43 01.70  S,	Longitude = 008 46.71  E
Instr = Sippican Deep Blue,	Card Type = Sippican MK-21,	
Wind Instr = ,	Measur Method = 
Probe Serial Num = -1,	Ship Dir = -1,	Ship Speed = -1.00
Wind Dir = 250,	Wind Speed = 37.90
Dry Bulb Temp = 8.20,	Total Water Depth = -1.00

Full Resolution Values
Depth,	 Temp
0.67,	10.4100
1.34,	10.2900
2.01,	10.2700
2.68,	10.2700
3.34,	10.2700
4.01,	10.2700
4.68,	10.2700
5.35,	10.2700
6.02,	10.2700
6.69,	10.2700
7.36,	10.2700
8.03,	10.2700
8.69,	10.2700
9.36,	10.2600
10.03,	10.2500
10.70,	10.2500
11.37,	10.2500
12.04,	10.2500
12.70,	10.2500
13.37,	10.2500
14.04,	10.2500
14.71,	10.2500
15.38,	10.2400
16.05,	10.2400
16.71,	10.2400
17.38,	10.2400
18.05,	10.2400
18.72,	10.2400
19.38,	10.2400
20.05,	10.2500
20.72,	10.2500
21.39,	10.2500
22.06,	10.2500
22.72,	10.2300
23.39,	10.2200
24.06,	10.2100
24.73,	10.2100
25.39,	10.2200
26.06,	10.2200
26.73,	10.2100
27.40,	10.2000
28.06,	10.1900
28.73,	10.1700
29.40,	10.1600
30.06,	10.1600
30.73,	10.1500
31.40,	10.1300
32.06,	10.1000
32.73,	10.0800
33.40,	10.0400
34.07,	10.0200
34.73,	9.9900
35.40,	9.9300
36.07,	9.8800
36.73,	9.8300
37.40,	9.8000
38.07,	9.7800
38.73,	9.7700
39.40,	9.7500
40.06,	9.7300
40.73,	9.7300
41.40,	9.7100
42.06,	9.6900
42.73,	9.6600
43.40,	9.6500
44.06,	9.6500
44.73,	9.6400
45.39,	9.6200
46.06,	9.6000
46.73,	9.5900
47.39,	9.5900
48.06,	9.5900
48.72,	9.5800
49.39,	9.5800
50.06,	9.5800
50.72,	9.5800
51.39,	9.5800
52.05,	9.5800
52.72,	9.5800
53.38,	9.5800
54.05,	9.5700
54.71,	9.5700
55.38,	9.5800
56.05,	9.5700
56.71,	9.5500
57.38,	9.5300
58.04,	9.5100
58.71,	9.4900
59.37,	9.5000
60.04,	9.4900
60.70,	9.4600
61.37,	9.4400
62.03,	9.4100
62.70,	9.3900
63.36,	9.3800
64.03,	9.3600
64.69,	9.3400
65.36,	9.3300
66.02,	9.3300
66.69,	9.3100
67.35,	9.3100
68.01,	9.3000
68.68,	9.2900
69.34,	9.2800
70.01,	9.2700
70.67,	9.2500
71.34,	9.2500
72.00,	9.2300
72.66,	9.2300
73.33,	9.2300
73.99,	9.2300
74.66,	9.2300
75.32,	9.2300
75.98,	9.2200
76.65,	9.2100
77.31,	9.2100
77.98,	9.2100
78.64,	9.2100
79.30,	9.2100
79.97,	9.2000
80.63,	9.2000
81.30,	9.1900
81.96,	9.1900
82.62,	9.1800
83.29,	9.1800
83.95,	9.1800
84.61,	9.1800
85.28,	9.1800
85.94,	9.1800
86.60,	9.1800
87.27,	9.1800
87.93,	9.1800
88.59,	9.1700
89.26,	9.1600
89.92,	9.1600
90.58,	9.1600
91.24,	9.1600
91.91,	9.1600
92.57,	9.1500
93.23,	9.1400
93.90,	9.1200
94.56,	9.1200
95.22,	9.1100
95.88,	9.0900
96.55,	9.0700
97.21,	9.0500
97.87,	9.0500
98.53,	9.0500
99.20,	9.0400
99.86,	9.0300
100.52,	9.0200
101.18,	9.0100
101.85,	9.0000
102.51,	9.0100
103.17,	9.0200
103.83,	9.0300
104.49,	9.0400
105.16,	9.0400
105.82,	9.0300
106.48,	9.0200
107.14,	9.0200
107.80,	9.0100
108.47,	9.0100
109.13,	9.0100
109.79,	9.0100
110.45,	9.0100
111.11,	9.0200
111.77,	9.0200
112.44,	9.0300
113.10,	9.0200
113.76,	9.0200
114.42,	9.0200
115.08,	9.0200
115.74,	9.0100
116.40,	9.0000
117.06,	9.0000
117.73,	9.0000
118.39,	8.9900
119.05,	8.9900
119.71,	8.9900
120.37,	9.0000
121.03,	9.0000
121.69,	9.0000
122.35,	8.9900
123.01,	8.9800
123.67,	8.9700
124.33,	8.9600
125.00,	8.9500
125.66,	8.9300
126.32,	8.9000
126.98,	8.8800
127.64,	8.8700
128.30,	8.8600
128.96,	8.8400
129.62,	8.7900
130.28,	8.7300
130.94,	8.7100
131.60,	8.6900
132.26,	8.6600
132.92,	8.6500
133.58,	8.6400
134.24,	8.6300
134.90,	8.6200
135.56,	8.6000
136.22,	8.5900
136.88,	8.5900
137.54,	8.5900
138.20,	8.5900
138.86,	8.6000
139.52,	8.6300
140.18,	8.6400
140.84,	8.6100
141.50,	8.5900
142.16,	8.5900
142.82,	8.5800
143.48,	8.5800
144.14,	8.5900
144.79,	8.5900
145.45,	8.6000
146.11,	8.6100
146.77,	8.6200
147.43,	8.6200
148.09,	8.6000
148.75,	8.5900
149.41,	8.5900
150.07,	8.5800
150.73,	8.5900
151.39,	8.5900
152.04,	8.5900
152.70,	8.5900
153.36,	8.5900
154.02,	8.5900
154.68,	8.5900
155.34,	8.5900
156.00,	8.5900
156.65,	8.6000
157.31,	8.6300
157.97,	8.6400
158.63,	8.6400
159.29,	8.5900
159.95,	8.5500
160.60,	8.5300
161.26,	8.5200
161.92,	8.5400
162.58,	8.5900
163.24,	8.5900
163.90,	8.5900
164.55,	8.5800
165.21,	8.5700
165.87,	8.5700
166.53,	8.5600
167.18,	8.5600
167.84,	8.5400
168.50,	8.5200
169.16,	8.5100
169.82,	8.5100
170.47,	8.5000
171.13,	8.4700
171.79,	8.4200
172.44,	8.3800
173.10,	8.3600
173.76,	8.3400
174.42,	8.3200
175.07,	8.3100
175.73,	8.3100
176.39,	8.3100
177.05,	8.3100
177.70,	8.3100
178.36,	8.3100
179.02,	8.3000
179.67,	8.2800
180.33,	8.2600
180.99,	8.2400
181.64,	8.2100
182.30,	8.1400
182.96,	8.0600
183.61,	7.9900
184.27,	7.9300
184.93,	7.9000
185.58,	7.9000
186.24,	7.9000
186.90,	7.9000
187.55,	7.8900
188.21,	7.8700
188.87,	7.8300
189.52,	7.8000
190.18,	7.7900
190.83,	7.7900
191.49,	7.7900
192.15,	7.7800
192.80,	7.7800
193.46,	7.7700
194.11,	7.7500
194.77,	7.7200
195.43,	7.7000
196.08,	7.6900
196.74,	7.6900
197.39,	7.6800
198.05,	7.6700
198.70,	7.6600
199.36,	7.6600
200.02,	7.6500
200.67,	7.6500
201.33,	7.6500
201.98,	7.6500
202.64,	7.6600
203.29,	7.6600
203.95,	7.6500
204.60,	7.6500
205.26,	7.6500
205.91,	7.6500
206.57,	7.6400
207.22,	7.6400
207.88,	7.6200
208.53,	7.6200
209.19,	7.6100
209.84,	7.6000
210.50,	7.6000
211.15,	7.6100
211.81,	7.6100
212.46,	7.6000
213.12,	7.6100
213.77,	7.6100
214.43,	7.6100
215.08,	7.6000
215.74,	7.6000
216.39,	7.5900
217.04,	7.5900
217.70,	7.5800
218.35,	7.5600
219.01,	7.5500
219.66,	7.5500
220.32,	7.5400
220.97,	7.5300
221.62,	7.5300
222.28,	7.5300
222.93,	7.5300
223.59,	7.5300
224.24,	7.5400
224.89,	7.5700
225.55,	7.6100
226.20,	7.6200
226.85,	7.6200
227.51,	7.6200
228.16,	7.6300
228.81,	7.6500
229.47,	7.6700
230.12,	7.6700
230.78,	7.6600
231.43,	7.6500
232.08,	7.6400
232.74,	7.6100
233.39,	7.6100
234.04,	7.6400
234.69,	7.6500
235.35,	7.6500
236.00,	7.6300
236.65,	7.6300
237.31,	7.6200
237.96,	7.6200
238.61,	7.6300
239.27,	7.6200
239.92,	7.6200
240.57,	7.6200
241.22,	7.6000
241.88,	7.5800
242.53,	7.5600
243.18,	7.5600
243.83,	7.5600
244.49,	7.5500
245.14,	7.5600
245.79,	7.5800
246.44,	7.5900
247.10,	7.6000
247.75,	7.6000
248.40,	7.5900
249.05,	7.5900
249.70,	7.5800
250.36,	7.5800
251.01,	7.5800
251.66,	7.5600
252.31,	7.5300
252.96,	7.4900
253.62,	7.4700
254.27,	7.4700
254.92,	7.4700
255.57,	7.4500
256.22,	7.4600
256.88,	7.4500
257.53,	7.4600
258.18,	7.4800
258.83,	7.4900
259.48,	7.4700
260.13,	7.4200
260.78,	7.3900
261.44,	7.3900
262.09,	7.3800
262.74,	7.3800
263.39,	7.3800
264.04,	7.3700
264.69,	7.3600
265.34,	7.3600
265.99,	7.3600
266.64,	7.3500
267.29,	7.3400
267.95,	7.3400
268.60,	7.3400
269.25,	7.3700
269.90,	7.3800
270.55,	7.4000
271.20,	7.4100
271.85,	7.4100
272.50,	7.4000
273.15,	7.3900
273.80,	7.3800
274.45,	7.3700
275.10,	7.3600
275.75,	7.3400
276.40,	7.3100
277.05,	7.2700
277.70,	7.2500
278.35,	7.2500
279.00,	7.2400
279.65,	7.2400
280.30,	7.2400
280.95,	7.2400
281.60,	7.2300
282.25,	7.2400
282.90,	7.2300
283.55,	7.2200
284.20,	7.2200
284.85,	7.2200
285.50,	7.2100
286.15,	7.2100
286.80,	7.2000
287.45,	7.1900
288.10,	7.1700
288.75,	7.1700
289.40,	7.1700
290.05,	7.1700
290.70,	7.1700
291.35,	7.1700
292.00,	7.1700
292.64,	7.1600
293.29,	7.1600
293.94,	7.1600
294.59,	7.1600
295.24,	7.1500
295.89,	7.1500
296.54,	7.1500
297.19,	7.1400
297.84,	7.1300
298.49,	7.1300
299.13,	7.1200
299.78,	7.1100
300.43,	7.1100
301.08,	7.1100
301.73,	7.1000
302.38,	7.1000
303.02,	7.1000
303.67,	7.0900
304.32,	7.0900
304.97,	7.0900
305.62,	7.0900
306.27,	7.0800
306.91,	7.0800
307.56,	7.0800
308.21,	7.0600
308.86,	7.0300
309.51,	7.0200
310.15,	7.0200
310.80,	7.0200
311.45,	7.0200
312.10,	7.0100
312.75,	7.0100
313.39,	7.0000
314.04,	6.9900
314.69,	6.9800
315.34,	6.9800
315.98,	6.9700
316.63,	6.9600
317.28,	6.9600
317.93,	6.9500
318.57,	6.9500
319.22,	6.9400
319.87,	6.9300
320.52,	6.9100
321.16,	6.9000
321.81,	6.8900
322.46,	6.8700
323.10,	6.8600
323.75,	6.8500
324.40,	6.8300
325.04,	6.8000
325.69,	6.7800
326.34,	6.7600
326.99,	6.7400
327.63,	6.7200
328.28,	6.7000
328.93,	6.6800
329.57,	6.6700
330.22,	6.6700
330.86,	6.6700
331.51,	6.6700
332.16,	6.6700
332.80,	6.6700
333.45,	6.6700
334.10,	6.6700
334.74,	6.6600
335.39,	6.6600
336.03,	6.6500
336.68,	6.6500
337.33,	6.6400
337.97,	6.6300
338.62,	6.6300
339.26,	6.6200
339.91,	6.6100
340.56,	6.5900
341.20,	6.5800
341.85,	6.5700
342.49,	6.5700
343.14,	6.5600
343.78,	6.5600
344.43,	6.5500
345.08,	6.5500
345.72,	6.5400
346.37,	6.5300
347.01,	6.5100
347.66,	6.5000
348.30,	6.4900
348.95,	6.4800
349.59,	6.4600
350.24,	6.4300
350.88,	6.4000
351.53,	6.3900
352.17,	6.3800
352.82,	6.3700
353.46,	6.3600
354.11,	6.3500
354.75,	6.3300
355.40,	6.3200
356.04,	6.3100
356.69,	6.3100
357.33,	6.3100
357.98,	6.3100
358.62,	6.3100
359.27,	6.3100
359.91,	6.3100
360.55,	6.3100
361.20,	6.3000
361.84,	6.3100
362.49,	6.3100
363.13,	6.3200
363.78,	6.3400
364.42,	6.3500
365.06,	6.3500
365.71,	6.3500
366.35,	6.3600
367.00,	6.3600
367.64,	6.3600
368.28,	6.3500
368.93,	6.3500
369.57,	6.3400
370.22,	6.3500
370.86,	6.3500
371.50,	6.3500
372.15,	6.3400
372.79,	6.3400
373.43,	6.3400
374.08,	6.3400
374.72,	6.3400
375.36,	6.3400
376.01,	6.3400
376.65,	6.3400
377.29,	6.3400
377.94,	6.3400
378.58,	6.3400
379.22,	6.3400
379.87,	6.3400
380.51,	6.3500
381.15,	6.3400
381.79,	6.3300
382.44,	6.3200
383.08,	6.3100
383.72,	6.3000
384.37,	6.2900
385.01,	6.2900
385.65,	6.2800
386.29,	6.2800
386.94,	6.2700
387.58,	6.2700
388.22,	6.2700
388.86,	6.2700
389.51,	6.2600
390.15,	6.2600
390.79,	6.2500
391.43,	6.2500
392.08,	6.2400
392.72,	6.2400
393.36,	6.2300
394.00,	6.2300
394.64,	6.2200
395.29,	6.2100
395.93,	6.2100
396.57,	6.2100
397.21,	6.2100
397.85,	6.2100
398.50,	6.2000
399.14,	6.2100
399.78,	6.2100
400.42,	6.2100
401.06,	6.2000
401.70,	6.2000
402.34,	6.2000
402.99,	6.1900
403.63,	6.1900
404.27,	6.1900
404.91,	6.1900
405.55,	6.1900
406.19,	6.1900
406.83,	6.1900
407.48,	6.1800
408.12,	6.1800
408.76,	6.1700
409.40,	6.1700
410.04,	6.1700
410.68,	6.1600
411.32,	6.1500
411.96,	6.1300
412.60,	6.1100
413.24,	6.1000
413.88,	6.0900
414.52,	6.0800
415.17,	6.0800
415.81,	6.0800
416.45,	6.0800
417.09,	6.0700
417.73,	6.0600
418.37,	6.0500
419.01,	6.0400
419.65,	6.0300
420.29,	6.0300
420.93,	6.0300
421.57,	6.0300
422.21,	6.0200
422.85,	6.0100
423.49,	6.0100
424.13,	6.0000
424.77,	5.9900
425.41,	5.9700
426.05,	5.9600
426.69,	5.9600
427.33,	5.9500
427.97,	5.9500
428.61,	5.9400
429.25,	5.9400
429.89,	5.9400
430.53,	5.9400
431.17,	5.9400
431.80,	5.9300
432.44,	5.9300
433.08,	5.9300
433.72,	5.9200
434.36,	5.9200
435.00,	5.9200
435.64,	5.9200
436.28,	5.9100
436.92,	5.9100
437.56,	5.9000
438.20,	5.8900
438.84,	5.8800
439.47,	5.8700
440.11,	5.8600
440.75,	5.8500
441.39,	5.8400
442.03,	5.8400
442.67,	5.8300
443.31,	5.8200
443.95,	5.8200
444.58,	5.8100
445.22,	5.8100
445.86,	5.8000
446.50,	5.8100
447.14,	5.8000
447.78,	5.8100
448.41,	5.7900
449.05,	5.7700
449.69,	5.7600
450.33,	5.7500
450.97,	5.7400
451.60,	5.7400
452.24,	5.7400
452.88,	5.7300
453.52,	5.7200
454.16,	5.7100
454.79,	5.7100
455.43,	5.7100
456.07,	5.7100
456.71,	5.7000
457.35,	5.6900
457.98,	5.6800
458.62,	5.6700
459.26,	5.6600
459.90,	5.6500
460.53,	5.6400
461.17,	5.6300
461.81,	5.6300
462.44,	5.6100
463.08,	5.5900
463.72,	5.5800
464.36,	5.5800
464.99,	5.5800
465.63,	5.5700
466.27,	5.5700
466.90,	5.5700
467.54,	5.5700
468.18,	5.5700
468.81,	5.5700
469.45,	5.5700
470.09,	5.5700
470.72,	5.5600
471.36,	5.5600
472.00,	5.5500
472.63,	5.5500
473.27,	5.5400
473.91,	5.5400
474.54,	5.5300
475.18,	5.5200
475.82,	5.5200
476.45,	5.5100
477.09,	5.5000
477.73,	5.4900
478.36,	5.4800
479.00,	5.4700
479.63,	5.4700
480.27,	5.4600
480.91,	5.4500
481.54,	5.4500
482.18,	5.4500
482.81,	5.4400
483.45,	5.4300
484.08,	5.4200
484.72,	5.4100
485.36,	5.4000
485.99,	5.3800
486.63,	5.3600
487.26,	5.3600
487.90,	5.3500
488.53,	5.3300
489.17,	5.3000
489.80,	5.2800
490.44,	5.2700
491.07,	5.2500
491.71,	5.2400
492.34,	5.2300
492.98,	5.2100
493.62,	5.2000
494.25,	5.1900
494.89,	5.1900
495.52,	5.1800
496.15,	5.1700
496.79,	5.1700
497.42,	5.1600
498.06,	5.1600
498.69,	5.1500
499.33,	5.1400
499.96,	5.1400
500.60,	5.1300
501.23,	5.1300
501.87,	5.1300
502.50,	5.1200
503.14,	5.1200
503.77,	5.1200
504.40,	5.1100
505.04,	5.1100
505.67,	5.1000
506.31,	5.0900
506.94,	5.0900
507.57,	5.0700
508.21,	5.0700
508.84,	5.0700
509.48,	5.0600
510.11,	5.0400
510.74,	5.0200
511.38,	5.0000
512.01,	4.9800
512.65,	4.9800
513.28,	4.9800
513.91,	4.9700
514.55,	4.9700
515.18,	4.9700
515.81,	4.9700
516.45,	4.9700
517.08,	4.9700
517.71,	4.9700
518.35,	4.9600
518.98,	4.9600
519.61,	4.9500
520.25,	4.9400
520.88,	4.9400
521.51,	4.9400
522.15,	4.9400
522.78,	4.9400
523.41,	4.9400
524.04,	4.9300
524.68,	4.9300
525.31,	4.9300
525.94,	4.9300
526.58,	4.9300
527.21,	4.9200
527.84,	4.9200
528.47,	4.9200
529.11,	4.9200
529.74,	4.9200
530.37,	4.9100
531.00,	4.8900
531.64,	4.8800
532.27,	4.8700
532.90,	4.8500
533.53,	4.8400
534.17,	4.8400
534.80,	4.8300
535.43,	4.8200
536.06,	4.8200
536.69,	4.8100
537.33,	4.8100
537.96,	4.8000
538.59,	4.7900
539.22,	4.7700
539.85,	4.7700
540.48,	4.7600
541.12,	4.7600
541.75,	4.7500
542.38,	4.7400
543.01,	4.7400
543.64,	4.7400
544.27,	4.7400
544.91,	4.7400
545.54,	4.7400
546.17,	4.7400
546.80,	4.7400
547.43,	4.7400
548.06,	4.7400
548.69,	4.7400
549.32,	4.7400
549.95,	4.7400
550.59,	4.7400
551.22,	4.7300
551.85,	4.7200
552.48,	4.7200
553.11,	4.7100
553.74,	4.7000
554.37,	4.6900
555.00,	4.6900
555.63,	4.6900
556.26,	4.6800
556.89,	4.6800
557.52,	4.6800
558.15,	4.6800
558.78,	4.6800
559.42,	4.6800
560.05,	4.6800
560.68,	4.6800
561.31,	4.6800
561.94,	4.6900
562.57,	4.6900
563.20,	4.6900
563.83,	4.6900
564.46,	4.6900
565.09,	4.6800
565.72,	4.6800
566.35,	4.6800
566.98,	4.6600
567.61,	4.6500
568.24,	4.6400
568.87,	4.6400
569.50,	4.6400
570.12,	4.6400
570.75,	4.6300
571.38,	4.6200
572.01,	4.6100
572.64,	4.6000
573.27,	4.5900
573.90,	4.5900
574.53,	4.5800
575.16,	4.5600
575.79,	4.5600
576.42,	4.5600
577.05,	4.5600
577.68,	4.5500
578.31,	4.5500
578.93,	4.5400
579.56,	4.5400
580.19,	4.5300
580.82,	4.5300
581.45,	4.5300
582.08,	4.5300
582.71,	4.5300
583.34,	4.5200
583.97,	4.5200
584.59,	4.5300
585.22,	4.5200
585.85,	4.5200
586.48,	4.5200
587.11,	4.5200
587.74,	4.5200
588.36,	4.5200
588.99,	4.5100
589.62,	4.5100
590.25,	4.5100
590.88,	4.5100
591.50,	4.5100
592.13,	4.5100
592.76,	4.5100
593.39,	4.5100
594.02,	4.5100
594.64,	4.5100
595.27,	4.5000
595.90,	4.4900
596.53,	4.4800
597.16,	4.4800
597.78,	4.4800
598.41,	4.4700
599.04,	4.4700
599.67,	4.4600
600.29,	4.4600
600.92,	4.4500
601.55,	4.4400
602.18,	4.4400
602.80,	4.4300
603.43,	4.4300
604.06,	4.4200
604.68,	4.4200
605.31,	4.4200
605.94,	4.4200
606.57,	4.4200
607.19,	4.4100
607.82,	4.4100
608.45,	4.4100
609.07,	4.4100
609.70,	4.4000
610.33,	4.3900
610.95,	4.4000
611.58,	4.3900
612.21,	4.3800
612.83,	4.3800
613.46,	4.3900
614.09,	4.3800
614.71,	4.3800
615.34,	4.3800
615.97,	4.3800
616.59,	4.3800
617.22,	4.3700
617.84,	4.3700
618.47,	4.3700
619.10,	4.3600
619.72,	4.3600
620.35,	4.3500
620.97,	4.3500
621.60,	4.3500
622.23,	4.3500
622.85,	4.3500
623.48,	4.3500
624.10,	4.3600
624.73,	4.3500
625.35,	4.3500
625.98,	4.3400
626.61,	4.3400
627.23,	4.3300
627.86,	4.3300
628.48,	4.3200
629.11,	4.3200
629.73,	4.3200
630.36,	4.3200
630.98,	4.3200
631.61,	4.3200
632.23,	4.3200
632.86,	4.3100
633.48,	4.3100
634.11,	4.3100
634.73,	4.3100
635.36,	4.3100
635.98,	4.3100
636.61,	4.3000
637.23,	4.3000
637.86,	4.3000
638.48,	4.3000
639.11,	4.3100
639.73,	4.3100
640.36,	4.3100
640.98,	4.3100
641.61,	4.3100
642.23,	4.3200
642.85,	4.3200
643.48,	4.3200
644.10,	4.3200
644.73,	4.3200
645.35,	4.3100
645.98,	4.3100
646.60,	4.3100
647.22,	4.3000
647.85,	4.2800
648.47,	4.2700
649.10,	4.2600
649.72,	4.2600
650.34,	4.2600
650.97,	4.2500
651.59,	4.2400
652.22,	4.2300
652.84,	4.2100
653.46,	4.1800
654.09,	4.1700
654.71,	4.1700
655.33,	4.1600
655.96,	4.1600
656.58,	4.1500
657.20,	4.1500
657.83,	4.1500
658.45,	4.1400
659.07,	4.1400
659.70,	4.1400
660.32,	4.1400
660.94,	4.1300
661.57,	4.1300
662.19,	4.1300
662.81,	4.1200
663.43,	4.1200
664.06,	4.1200
664.68,	4.1200
665.30,	4.1200
665.93,	4.1200
666.55,	4.1200
667.17,	4.1200
667.79,	4.1200
668.42,	4.1100
669.04,	4.1100
669.66,	4.1000
670.28,	4.0900
670.91,	4.0900
671.53,	4.1000
672.15,	4.0900
672.77,	4.0900
673.39,	4.0800
674.02,	4.0700
674.64,	4.0700
675.26,	4.0700
675.88,	4.0700
676.50,	4.0700
677.13,	4.0700
677.75,	4.0700
678.37,	4.0800
678.99,	4.0700
679.61,	4.0700
680.24,	4.0700
680.86,	4.0700
681.48,	4.0700
682.10,	4.0700
682.72,	4.0600
683.34,	4.0700
683.96,	4.0600
684.59,	4.0600
685.21,	4.0500
685.83,	4.0500
686.45,	4.0400
687.07,	4.0400
687.69,	4.0400
688.31,	4.0400
688.93,	4.0400
689.56,	4.0400
690.18,	4.0400
690.80,	4.0500
691.42,	4.0600
692.04,	4.0600
692.66,	4.0500
693.28,	4.0400
693.90,	4.0400
694.52,	4.0400
695.14,	4.0500
695.76,	4.0500
696.38,	4.0500
697.00,	4.0500
697.62,	4.0400
698.25,	4.0400
698.87,	4.0400
699.49,	4.0400
700.11,	4.0400
700.73,	4.0300
701.35,	4.0300
701.97,	4.0300
702.59,	4.0200
703.21,	4.0200
703.83,	4.0200
704.45,	4.0200
705.07,	4.0200
705.69,	4.0100
706.31,	4.0100
706.93,	4.0000
707.55,	4.0000
708.17,	4.0000
708.79,	4.0000
709.40,	3.9900
710.02,	3.9800
710.64,	3.9800
711.26,	3.9700
711.88,	3.9700
712.50,	3.9700
713.12,	3.9700
713.74,	3.9600
714.36,	3.9600
714.98,	3.9600
715.60,	3.9600
716.22,	3.9500
716.84,	3.9500
717.45,	3.9500
718.07,	3.9400
718.69,	3.9400
719.31,	3.9400
719.93,	3.9400
720.55,	3.9400
721.17,	3.9400
721.79,	3.9400
722.41,	3.9400
723.02,	3.9400
723.64,	3.9300
724.26,	3.9300
724.88,	3.9400
725.50,	3.9300
726.12,	3.9300
726.73,	3.9300
727.35,	3.9300
727.97,	3.9300
728.59,	3.9300
729.21,	3.9300
729.83,	3.9300
730.44,	3.9200
731.06,	3.9200
731.68,	3.9100
732.30,	3.9100
732.92,	3.9100
733.53,	3.9100
734.15,	3.9000
734.77,	3.9100
735.39,	3.9300
736.00,	3.9300
736.62,	3.9300
737.24,	3.9200
737.86,	3.9200
738.47,	3.9100
739.09,	3.9100
739.71,	3.9100
740.33,	3.9100
740.94,	3.9100
741.56,	3.9400
742.18,	3.9300
742.79,	3.9400
743.41,	3.9400
744.03,	3.9100
744.65,	3.8900
745.26,	3.8800
745.88,	3.8700
746.50,	3.8700
747.11,	3.8600
747.73,	3.8600
748.35,	3.8500
748.96,	3.8500
749.58,	3.8400
750.20,	3.8400
750.81,	3.8400
751.43,	3.8300
752.05,	3.8200
752.66,	3.8200
753.28,	3.8200
753.90,	3.8100
754.51,	3.8200
755.13,	3.8100
755.74,	3.8100
756.36,	3.8000
756.98,	3.7800
757.59,	3.7700
758.21,	3.7700
758.82,	3.7600
759.44,	3.7500
760.06,	3.7500
760.67,	3.7400
761.29,	3.7400
761.90,	3.7500
762.52,	3.7500
763.14,	3.7400
763.75,	3.7400
764.37,	3.7400
764.98,	3.7400
765.60,	3.7400
766.21,	3.7200
766.83,	3.7200
767.44,	3.7200
768.06,	3.7400
768.67,	3.7300
769.29,	3.7200
769.90,	3.7200
770.52,	3.7200
771.14,	3.7200
771.75,	3.7200
772.37,	3.7200
772.98,	3.7200
773.59,	3.7200
774.21,	3.7200
774.82,	3.7200
775.44,	3.7400
776.05,	3.7700
776.67,	3.7700
777.28,	3.7700
777.90,	3.7600
778.51,	3.7700
779.13,	3.7900
779.74,	3.8000
780.36,	3.9500
780.97,	3.9300
781.58,	3.8800
782.20,	3.8600
782.81,	3.8200
783.43,	3.7900
784.04,	3.7900
784.66,	3.7800
785.27,	3.7700
785.88,	3.7700
786.50,	3.7800
787.11,	3.7800
787.73,	3.7800
788.34,	3.7800
788.95,	3.7800
789.57,	3.7800
790.18,	3.7800
790.79,	3.7800
791.41,	3.7900
792.02,	3.8000
792.63,	3.8000
793.25,	3.8000
793.86,	3.8000
794.47,	3.8100
795.09,	3.8100
795.70,	3.8200
796.31,	3.8200
796.93,	3.8300
797.54,	3.8300
798.15,	3.8400
798.77,	3.8400
799.38,	3.8300
799.99,	3.8300
800.61,	3.8400
801.22,	3.8400
801.83,	3.8400
802.44,	3.8400
803.06,	3.8300
803.67,	3.8300
804.28,	3.8300
804.90,	3.8400
805.51,	3.8400
806.12,	3.8400
806.73,	3.8400
807.34,	3.8500
807.96,	3.8500
808.57,	3.8500
809.18,	3.8600
809.79,	3.8700
810.41,	3.8700
811.02,	3.8700
811.63,	3.8800
812.24,	3.9400
812.85,	3.9700
813.47,	3.9600
814.08,	3.9500
814.69,	3.9500
815.30,	3.9800
815.91,	3.9800
816.53,	4.0000
817.14,	3.9800
817.75,	3.9700
818.36,	3.9800
818.97,	4.0500
819.58,	4.2900
820.20,	4.1800
820.81,	4.1600
821.42,	4.1500
822.03,	4.1100
822.64,	4.0500
823.25,	3.9700
823.86,	3.9400
824.47,	3.9200
825.09,	3.9100
825.70,	3.9000
826.31,	3.8900
826.92,	3.8900
827.53,	3.8800
828.14,	3.8800
828.75,	3.8700
829.36,	3.8600
829.97,	3.8600
830.58,	3.8500
831.19,	3.8500
831.80,	3.8400
832.42,	3.8400
833.03,	3.8400
833.64,	3.8400
834.25,	3.8400
834.86,	3.8300
835.47,	3.8200
836.08,	3.8300
836.69,	3.8300
837.30,	3.8200
837.91,	3.8300
838.52,	3.8300
839.13,	3.8300
839.74,	3.8200
840.35,	3.8200
840.96,	3.8200
841.57,	3.8200
842.18,	3.8200
842.79,	3.8300
843.40,	3.8300
844.01,	3.8300
844.62,	3.8300
845.23,	3.8300
845.84,	3.8300
846.45,	3.8300
847.06,	3.8300
847.67,	3.8400
848.27,	3.8300
848.88,	3.8300
849.49,	3.8300
850.10,	3.8300
850.71,	3.8400
851.32,	3.8400
851.93,	3.8400
852.54,	3.8400
853.15,	3.8500
853.76,	3.8500
854.37,	3.8500
854.98,	3.8600
855.58,	3.8600
856.19,	3.8600
856.80,	3.8600
857.41,	3.8600
858.02,	3.8900
858.63,	3.9200
859.24,	3.9300
859.85,	3.9400
860.45,	3.9500
861.06,	3.9500
861.67,	3.9600
862.28,	3.9600
862.89,	3.9600
863.50,	3.9700
864.10,	3.9700
864.71,	3.9600
865.32,	3.9500
865.93,	3.9400
866.54,	3.9300
867.14,	3.9200
867.75,	3.9100
868.36,	3.9000
868.97,	3.9000
869.58,	3.8900
870.18,	3.8800
870.79,	3.8800
871.40,	3.8700
872.01,	3.8700
872.61,	3.8700
873.22,	3.8700
873.83,	3.8700
874.44,	3.8700
875.04,	3.8700
875.65,	3.8700
876.26,	3.8800
876.87,	3.9000
877.47,	3.9000
878.08,	3.9100
878.69,	3.9100
879.29,	3.9100
879.90,	3.9100
880.51,	3.9200
881.12,	3.9300
881.72,	3.9400
882.33,	3.9600
882.94,	3.9800
883.54,	3.9800
884.15,	3.9900
884.76,	4.0100
885.36,	4.0200
885.97,	4.0300
886.58,	4.0500
887.18,	4.0600
887.79,	4.0700
888.40,	4.0800
889.00,	4.0900
889.61,	4.1000
890.22,	4.1000
890.82,	4.0900
891.43,	4.0900
892.03,	4.0900
892.64,	4.1200
893.25,	4.6500
893.85,	7.4100
894.46,	12.1100
895.06,	15.5200
895.67,	17.3100
896.28,	18.5200
896.88,	19.5100
897.49,	20.3800
898.09,	21.1400
898.70,	21.8200
899.30,	22.4400
899.91,	23.0200
900.52,	23.8700
901.12,	30.9600
901.73,	35.5000
902.33,	35.5000
902.94,	35.5000
903.54,	35.5000
904.15,	35.5000
904.75,	35.5000
905.36,	35.5000
905.96,	35.5000
906.57,	35.5000
907.17,	35.5000
907.78,	35.5000
908.38,	35.5000
908.99,	35.5000
909.59,	35.5000
910.20,	35.5000
910.80,	35.5000
911.41,	35.5000
912.01,	35.5000
912.62,	35.5000
913.22,	35.5000
913.83,	35.5000
914.43,	35.5000
915.03,	35.5000
915.64,	35.5000
916.24,	35.5000
916.85,	35.5000
917.45,	35.5000
918.06,	35.5000
918.66,	35.5000
919.26,	35.5000
919.87,	35.5000
920.47,	35.5000
921.08,	35.5000
921.68,	35.5000
922.28,	35.5000
922.89,	35.5000
923.49,	35.5000
924.10,	35.5000
924.70,	35.5000
925.30,	35.5000
925.91,	35.5000
926.51,	35.5000
927.11,	35.5000
927.72,	35.5000
928.32,	35.5000
928.92,	35.5000
929.53,	35.5000
930.13,	35.5000
930.74,	35.5000
931.34,	35.5000
931.94,	35.5000
932.54,	35.5000
933.15,	35.5000
933.75,	35.5000
934.35,	35.5000
934.96,	35.5000
935.56,	35.5000
936.16,	35.5000
936.77,	35.5000
937.37,	35.5000
937.97,	35.5000
938.57,	35.5000
939.18,	35.5000
939.78,	35.5000
940.38,	35.5000
940.98,	35.5000
941.59,	35.5000
942.19,	35.5000
942.79,	35.5000
943.39,	35.5000
944.00,	35.5000
944.60,	35.5000
945.20,	35.5000
945.80,	35.5000
946.40,	35.5000
947.01,	35.5000
947.61,	35.5000
948.21,	35.5000
948.81,	35.5000
949.41,	35.5000
950.02,	35.5000
950.62,	35.5000
951.22,	35.5000
951.82,	35.5000
952.42,	35.5000
953.02,	35.5000
953.63,	35.5000
954.23,	35.5000
954.83,	35.5000
955.43,	35.5000
956.03,	35.5000
956.63,	35.5000
957.24,	35.5000
957.84,	35.5000
958.44,	35.5000
959.04,	35.5000
959.64,	35.5000
960.24,	35.5000
960.84,	35.5000
961.44,	35.5000
962.04,	35.5000
962.64,	35.5000
963.25,	35.5000
963.85,	35.5000
964.45,	35.5000
965.05,	35.5000
965.65,	35.5000
966.25,	35.5000
966.85,	35.5000
967.45,	35.5000
968.05,	35.5000
968.65,	35.5000
969.25,	35.5000
969.85,	35.5000
970.45,	35.5000
971.05,	35.5000
971.65,	35.5000
972.25,	35.5000
972.85,	35.5000
973.45,	35.5000
974.05,	35.5000
974.65,	35.5000
975.25,	35.5000
975.85,	35.5000
976.45,	35.5000
977.05,	35.5000
977.65,	35.5000
978.25,	35.5000
978.85,	35.5000
979.45,	35.5000
980.05,	35.5000
980.65,	35.5000
981.25,	35.5000
981.85,	35.5000
982.45,	35.5000
983.05,	35.5000
983.65,	35.5000
984.25,	35.5000
984.85,	35.5000
985.45,	35.5000
986.04,	35.5000
986.64,	35.5000
987.24,	35.5000
987.84,	35.5000
988.44,	35.5000
989.04,	35.5000
989.64,	35.5000
990.24,	35.5000
990.84,	35.5000
991.44,	35.5000
992.03,	35.5000
992.63,	35.5000
993.23,	35.5000
993.83,	35.5000
994.43,	35.5000
995.03,	35.5000
995.63,	35.5000
996.22,	35.5000
996.82,	35.5000
997.42,	35.5000
998.02,	35.5000
998.62,	35.5000
999.21,	35.5000
999.81,	35.5000
1000.41,	35.5000
