Call Sign = ZSDA,	Ship Name = SA Agulhas,	Lloyds Num = 0
Date = 12/05/2016,	Time = 23:00,	
Latitude = 51 11.18  S,	Longitude = 000 16.42  E
Instr = Sippican Deep Blue,	Card Type = Sippican MK-21,	
Wind Instr = ,	Measur Method = 
Probe Serial Num = -1,	Ship Dir = -1,	Ship Speed = -1.00
Wind Dir = 350,	Wind Speed = 29.70
Dry Bulb Temp = 1.40,	Total Water Depth = -1.00

Full Resolution Values
Depth,	 Temp
0.67,	2.7900
1.34,	2.4600
2.01,	2.3300
2.68,	2.2900
3.34,	2.2800
4.01,	2.2600
4.68,	2.2300
5.35,	2.2100
6.02,	2.2500
6.69,	2.2600
7.36,	2.2700
8.03,	2.2700
8.69,	2.2700
9.36,	2.2600
10.03,	2.2600
10.70,	2.2700
11.37,	2.2600
12.04,	2.2600
12.70,	2.2700
13.37,	2.2600
14.04,	2.2500
14.71,	2.2500
15.38,	2.2600
16.05,	2.2500
16.71,	2.2600
17.38,	2.2600
18.05,	2.2600
18.72,	2.2600
19.38,	2.2600
20.05,	2.2500
20.72,	2.2500
21.39,	2.2600
22.06,	2.2600
22.72,	2.2500
23.39,	2.2500
24.06,	2.2400
24.73,	2.2400
25.39,	2.2300
26.06,	2.2100
26.73,	2.2100
27.40,	2.1900
28.06,	2.1700
28.73,	2.1600
29.40,	2.1600
30.06,	2.1500
30.73,	2.1500
31.40,	2.1400
32.06,	2.1400
32.73,	2.1400
33.40,	2.1400
34.07,	2.1500
34.73,	2.1400
35.40,	2.1300
36.07,	2.1400
36.73,	2.1400
37.40,	2.1400
38.07,	2.1400
38.73,	2.1400
39.40,	2.1400
40.06,	2.1500
40.73,	2.1500
41.40,	2.1600
42.06,	2.1600
42.73,	2.1600
43.40,	2.1800
44.06,	2.1800
44.73,	2.1800
45.39,	2.1900
46.06,	2.1900
46.73,	2.1900
47.39,	2.1900
48.06,	2.2000
48.72,	2.2000
49.39,	2.2000
50.06,	2.1900
50.72,	2.1900
51.39,	2.1800
52.05,	2.2000
52.72,	2.2000
53.38,	2.1900
54.05,	2.1900
54.71,	2.1900
55.38,	2.1900
56.05,	2.1900
56.71,	2.1900
57.38,	2.1900
58.04,	2.2000
58.71,	2.2000
59.37,	2.2100
60.04,	2.2100
60.70,	2.2000
61.37,	2.2000
62.03,	2.2100
62.70,	2.2000
63.36,	2.2000
64.03,	2.2000
64.69,	2.1900
65.36,	2.2000
66.02,	2.2000
66.69,	2.1900
67.35,	2.1800
68.01,	2.1800
68.68,	2.1500
69.34,	2.1500
70.01,	2.1600
70.67,	2.1500
71.34,	2.1400
72.00,	2.1400
72.66,	2.1400
73.33,	2.1300
73.99,	2.1300
74.66,	2.1200
75.32,	2.1100
75.98,	2.1100
76.65,	2.1100
77.31,	2.1100
77.98,	2.1100
78.64,	2.1000
79.30,	2.1100
79.97,	2.1000
80.63,	2.0900
81.30,	2.1000
81.96,	2.0900
82.62,	2.1000
83.29,	2.1100
83.95,	2.1100
84.61,	2.1000
85.28,	2.1100
85.94,	2.1000
86.60,	2.1000
87.27,	2.1000
87.93,	2.0900
88.59,	2.0900
89.26,	2.0900
89.92,	2.0900
90.58,	2.0800
91.24,	2.0800
91.91,	2.0800
92.57,	2.0700
93.23,	2.0600
93.90,	2.0600
94.56,	2.0400
95.22,	2.0400
95.88,	2.0400
96.55,	2.0500
97.21,	2.2300
97.87,	2.4900
98.53,	2.6100
99.20,	2.6500
99.86,	2.6700
100.52,	2.6600
101.18,	2.6400
101.85,	2.6300
102.51,	2.6300
103.17,	2.6000
103.83,	2.5600
104.49,	2.5100
105.16,	2.4600
105.82,	2.4100
106.48,	2.3600
107.14,	2.3000
107.80,	2.2600
108.47,	2.2200
109.13,	2.1500
109.79,	2.0800
110.45,	2.0500
111.11,	2.0300
111.77,	2.0100
112.44,	1.9700
113.10,	1.9400
113.76,	1.9200
114.42,	1.9000
115.08,	1.8800
115.74,	1.8600
116.40,	1.8400
117.06,	1.8200
117.73,	1.8100
118.39,	1.7900
119.05,	1.7800
119.71,	1.7500
120.37,	1.7200
121.03,	1.7000
121.69,	1.6800
122.35,	1.6600
123.01,	1.6500
123.67,	1.6400
124.33,	1.6300
125.00,	1.6100
125.66,	1.6000
126.32,	1.5800
126.98,	1.5600
127.64,	1.5500
128.30,	1.5500
128.96,	1.5500
129.62,	1.5200
130.28,	1.4700
130.94,	1.4400
131.60,	1.4300
132.26,	1.3900
132.92,	1.3600
133.58,	1.3400
134.24,	1.3100
134.90,	1.3000
135.56,	1.2900
136.22,	1.2900
136.88,	1.2800
137.54,	1.2700
138.20,	1.2600
138.86,	1.2500
139.52,	1.2500
140.18,	1.2500
140.84,	1.2400
141.50,	1.2200
142.16,	1.2000
142.82,	1.1800
143.48,	1.1700
144.14,	1.1700
144.79,	1.1700
145.45,	1.1600
146.11,	1.1600
146.77,	1.1600
147.43,	1.1500
148.09,	1.1400
148.75,	1.1100
149.41,	1.0900
150.07,	1.0800
150.73,	1.0900
151.39,	1.0900
152.04,	1.0900
152.70,	1.0900
153.36,	1.1000
154.02,	1.1100
154.68,	1.1100
155.34,	1.1100
156.00,	1.1100
156.65,	1.1100
157.31,	1.1100
157.97,	1.1100
158.63,	1.1200
159.29,	1.1200
159.95,	1.1200
160.60,	1.1100
161.26,	1.1200
161.92,	1.1200
162.58,	1.1200
163.24,	1.1200
163.90,	1.1200
164.55,	1.1200
165.21,	1.1100
165.87,	1.1100
166.53,	1.1100
167.18,	1.1100
167.84,	1.1100
168.50,	1.1100
169.16,	1.1100
169.82,	1.1100
170.47,	1.1100
171.13,	1.1000
171.79,	1.0900
172.44,	1.0900
173.10,	1.0800
173.76,	1.0800
174.42,	1.0700
175.07,	1.0800
175.73,	1.0700
176.39,	1.0600
177.05,	1.0600
177.70,	1.0600
178.36,	1.0700
179.02,	1.0700
179.67,	1.0800
180.33,	1.0900
180.99,	1.1000
181.64,	1.1100
182.30,	1.1000
182.96,	1.1000
183.61,	1.1100
184.27,	1.1100
184.93,	1.1100
185.58,	1.1200
186.24,	1.1200
186.90,	1.1200
187.55,	1.1200
188.21,	1.1300
188.87,	1.1300
189.52,	1.1400
190.18,	1.1400
190.83,	1.1600
191.49,	1.1700
192.15,	1.1900
192.80,	1.2400
193.46,	1.2900
194.11,	1.3100
194.77,	1.3200
195.43,	1.3300
196.08,	1.3300
196.74,	1.3300
197.39,	1.3300
198.05,	1.3300
198.70,	1.3300
199.36,	1.3400
200.02,	1.3500
200.67,	1.3600
201.33,	1.3700
201.98,	1.3800
202.64,	1.3800
203.29,	1.3800
203.95,	1.3800
204.60,	1.3900
205.26,	1.4200
205.91,	1.4500
206.57,	1.4700
207.22,	1.4700
207.88,	1.4800
208.53,	1.5100
209.19,	1.5200
209.84,	1.5300
210.50,	1.5500
211.15,	1.5700
211.81,	1.5800
212.46,	1.5900
213.12,	1.5900
213.77,	1.5900
214.43,	1.5900
215.08,	1.6100
215.74,	1.6400
216.39,	1.6800
217.04,	1.7100
217.70,	1.7200
218.35,	1.7400
219.01,	1.7400
219.66,	1.7500
220.32,	1.7700
220.97,	1.7700
221.62,	1.7700
222.28,	1.7700
222.93,	1.7800
223.59,	1.7800
224.24,	1.7800
224.89,	1.7900
225.55,	1.7900
226.20,	1.7900
226.85,	1.8000
227.51,	1.8000
228.16,	1.8000
228.81,	1.8100
229.47,	1.8100
230.12,	1.8100
230.78,	1.8200
231.43,	1.8300
232.08,	1.8400
232.74,	1.8500
233.39,	1.8400
234.04,	1.8500
234.69,	1.8500
235.35,	1.8500
236.00,	1.8500
236.65,	1.8600
237.31,	1.8600
237.96,	1.8600
238.61,	1.8700
239.27,	1.8800
239.92,	1.8700
240.57,	1.8700
241.22,	1.8700
241.88,	1.8700
242.53,	1.9000
243.18,	1.9200
243.83,	1.9300
244.49,	1.9300
245.14,	1.9400
245.79,	1.9500
246.44,	1.9500
247.10,	1.9600
247.75,	1.9600
248.40,	1.9700
249.05,	1.9600
249.70,	1.9700
250.36,	1.9800
251.01,	1.9800
251.66,	1.9800
252.31,	1.9900
252.96,	2.0000
253.62,	1.9900
254.27,	2.0000
254.92,	2.0000
255.57,	2.0000
256.22,	2.0200
256.88,	2.0200
257.53,	2.0300
258.18,	2.0500
258.83,	2.0600
259.48,	2.0500
260.13,	2.0500
260.78,	2.0500
261.44,	2.0400
262.09,	2.0300
262.74,	2.0400
263.39,	2.0400
264.04,	2.0400
264.69,	2.0300
265.34,	2.0400
265.99,	2.0400
266.64,	2.0400
267.29,	2.0400
267.95,	2.0500
268.60,	2.0500
269.25,	2.0500
269.90,	2.0500
270.55,	2.0600
271.20,	2.0600
271.85,	2.0600
272.50,	2.0700
273.15,	2.0800
273.80,	2.0800
274.45,	2.0700
275.10,	2.0800
275.75,	2.0800
276.40,	2.0900
277.05,	2.1000
277.70,	2.1000
278.35,	2.1100
279.00,	2.1200
279.65,	2.1200
280.30,	2.1300
280.95,	2.1400
281.60,	2.1500
282.25,	2.1600
282.90,	2.1700
283.55,	2.1800
284.20,	2.1700
284.85,	2.1700
285.50,	2.1800
286.15,	2.1800
286.80,	2.1800
287.45,	2.1800
288.10,	2.1800
288.75,	2.1900
289.40,	2.2000
290.05,	2.1900
290.70,	2.1900
291.35,	2.1900
292.00,	2.1900
292.64,	2.2000
293.29,	2.2000
293.94,	2.2000
294.59,	2.1900
295.24,	2.2000
295.89,	2.2000
296.54,	2.2100
297.19,	2.2100
297.84,	2.2000
298.49,	2.2000
299.13,	2.2000
299.78,	2.2000
300.43,	2.2000
301.08,	2.2000
301.73,	2.1900
302.38,	2.1900
303.02,	2.1900
303.67,	2.1900
304.32,	2.2000
304.97,	2.2000
305.62,	2.2000
306.27,	2.2000
306.91,	2.2200
307.56,	2.2100
308.21,	2.2100
308.86,	2.2000
309.51,	2.2000
310.15,	2.2000
310.80,	2.2000
311.45,	2.2100
312.10,	2.2100
312.75,	2.2200
313.39,	2.2200
314.04,	2.2200
314.69,	2.2300
315.34,	2.2300
315.98,	2.2300
316.63,	2.2200
317.28,	2.2200
317.93,	2.2400
318.57,	2.2400
319.22,	2.2300
319.87,	2.2300
320.52,	2.2300
321.16,	2.2300
321.81,	2.2300
322.46,	2.2300
323.10,	2.2300
323.75,	2.2300
324.40,	2.2300
325.04,	2.2300
325.69,	2.2400
326.34,	2.2400
326.99,	2.2500
327.63,	2.2500
328.28,	2.2600
328.93,	2.2700
329.57,	2.2700
330.22,	2.2700
330.86,	2.2700
331.51,	2.2800
332.16,	2.2700
332.80,	2.2700
333.45,	2.2700
334.10,	2.2700
334.74,	2.2700
335.39,	2.2700
336.03,	2.2700
336.68,	2.2700
337.33,	2.2700
337.97,	2.2800
338.62,	2.2800
339.26,	2.2700
339.91,	2.2700
340.56,	2.2800
341.20,	2.2700
341.85,	2.2800
342.49,	2.2800
343.14,	2.2900
343.78,	2.2900
344.43,	2.2800
345.08,	2.2800
345.72,	2.2800
346.37,	2.2800
347.01,	2.2800
347.66,	2.2800
348.30,	2.2800
348.95,	2.2900
349.59,	2.2900
350.24,	2.3000
350.88,	2.2900
351.53,	2.2800
352.17,	2.3000
352.82,	2.3000
353.46,	2.2900
354.11,	2.2800
354.75,	2.2800
355.40,	2.2900
356.04,	2.2900
356.69,	2.2900
357.33,	2.2800
357.98,	2.2800
358.62,	2.2800
359.27,	2.2900
359.91,	2.2900
360.55,	2.2900
361.20,	2.2900
361.84,	2.2900
362.49,	2.3000
363.13,	2.2900
363.78,	2.2900
364.42,	2.2900
365.06,	2.2900
365.71,	2.2900
366.35,	2.2900
367.00,	2.2800
367.64,	2.2900
368.28,	2.2900
368.93,	2.2900
369.57,	2.3000
370.22,	2.3000
370.86,	2.3200
371.50,	2.3300
372.15,	2.3300
372.79,	2.3300
373.43,	2.3300
374.08,	2.3300
374.72,	2.3400
375.36,	2.3400
376.01,	2.3400
376.65,	2.3400
377.29,	2.3400
377.94,	2.3500
378.58,	2.3600
379.22,	2.3500
379.87,	2.3500
380.51,	2.3500
381.15,	2.3600
381.79,	2.3700
382.44,	2.3600
383.08,	2.3600
383.72,	2.3600
384.37,	2.3800
385.01,	2.3900
385.65,	2.3800
386.29,	2.3900
386.94,	2.3900
387.58,	2.3800
388.22,	2.3800
388.86,	2.3800
389.51,	2.3700
390.15,	2.3700
390.79,	2.3700
391.43,	2.3700
392.08,	2.3700
392.72,	2.3600
393.36,	2.3700
394.00,	2.3700
394.64,	2.3800
395.29,	2.3800
395.93,	2.3700
396.57,	2.3700
397.21,	2.3700
397.85,	2.3700
398.50,	2.3700
399.14,	2.3700
399.78,	2.3700
400.42,	2.3700
401.06,	2.3700
401.70,	2.3700
402.34,	2.3800
402.99,	2.3800
403.63,	2.3700
404.27,	2.3800
404.91,	2.3700
405.55,	2.3800
406.19,	2.3700
406.83,	2.3700
407.48,	2.3800
408.12,	2.3800
408.76,	2.3800
409.40,	2.3800
410.04,	2.3800
410.68,	2.3800
411.32,	2.3800
411.96,	2.3800
412.60,	2.3900
413.24,	2.3800
413.88,	2.3800
414.52,	2.3900
415.17,	2.3900
415.81,	2.3900
416.45,	2.3800
417.09,	2.3800
417.73,	2.3800
418.37,	2.3900
419.01,	2.3900
419.65,	2.4000
420.29,	2.3900
420.93,	2.4000
421.57,	2.4100
422.21,	2.4000
422.85,	2.4000
423.49,	2.4000
424.13,	2.4000
424.77,	2.4000
425.41,	2.4000
426.05,	2.4000
426.69,	2.4000
427.33,	2.4100
427.97,	2.4200
428.61,	2.4200
429.25,	2.4100
429.89,	2.4100
430.53,	2.4100
431.17,	2.4100
431.80,	2.4100
432.44,	2.4200
433.08,	2.4100
433.72,	2.4200
434.36,	2.4200
435.00,	2.4200
435.64,	2.4200
436.28,	2.4200
436.92,	2.4200
437.56,	2.4200
438.20,	2.4300
438.84,	2.4100
439.47,	2.4200
440.11,	2.4200
440.75,	2.4200
441.39,	2.4200
442.03,	2.4300
442.67,	2.4300
443.31,	2.4300
443.95,	2.4400
444.58,	2.4400
445.22,	2.4400
445.86,	2.4500
446.50,	2.4400
447.14,	2.4500
447.78,	2.4500
448.41,	2.4600
449.05,	2.4600
449.69,	2.4700
450.33,	2.4700
450.97,	2.4700
451.60,	2.4600
452.24,	2.4600
452.88,	2.4700
453.52,	2.4700
454.16,	2.4700
454.79,	2.4600
455.43,	2.4600
456.07,	2.4600
456.71,	2.4600
457.35,	2.4700
457.98,	2.4600
458.62,	2.4600
459.26,	2.4600
459.90,	2.4600
460.53,	2.4500
461.17,	2.4600
461.81,	2.4600
462.44,	2.4600
463.08,	2.4500
463.72,	2.4500
464.36,	2.4600
464.99,	2.4700
465.63,	2.4700
466.27,	2.4700
466.90,	2.4700
467.54,	2.4700
468.18,	2.4800
468.81,	2.4700
469.45,	2.4700
470.09,	2.4800
470.72,	2.4800
471.36,	2.4800
472.00,	2.4700
472.63,	2.4800
473.27,	2.4800
473.91,	2.4800
474.54,	2.4800
475.18,	2.4800
475.82,	2.4900
476.45,	2.4700
477.09,	2.4800
477.73,	2.4800
478.36,	2.4800
479.00,	2.4900
479.63,	2.4800
480.27,	2.4800
480.91,	2.4800
481.54,	2.4800
482.18,	2.4800
482.81,	2.4800
483.45,	2.4800
484.08,	2.4900
484.72,	2.4800
485.36,	2.4800
485.99,	2.4800
486.63,	2.4800
487.26,	2.4800
487.90,	2.4800
488.53,	2.4800
489.17,	2.4900
489.80,	2.4900
490.44,	2.4800
491.07,	2.4800
491.71,	2.4800
492.34,	2.4800
492.98,	2.4800
493.62,	2.4800
494.25,	2.4900
494.89,	2.4900
495.52,	2.4900
496.15,	2.4900
496.79,	2.4800
497.42,	2.4900
498.06,	2.4900
498.69,	2.4800
499.33,	2.4800
499.96,	2.4800
500.60,	2.4700
501.23,	2.4800
501.87,	2.4700
502.50,	2.4700
503.14,	2.4800
503.77,	2.4800
504.40,	2.4900
505.04,	2.4900
505.67,	2.4800
506.31,	2.4800
506.94,	2.4800
507.57,	2.4900
508.21,	2.4800
508.84,	2.4700
509.48,	2.4800
510.11,	2.4800
510.74,	2.4800
511.38,	2.4700
512.01,	2.4800
512.65,	2.4800
513.28,	2.4800
513.91,	2.4800
514.55,	2.4800
515.18,	2.4800
515.81,	2.4800
516.45,	2.4700
517.08,	2.4800
517.71,	2.4800
518.35,	2.4800
518.98,	2.4800
519.61,	2.4800
520.25,	2.4900
520.88,	2.4800
521.51,	2.4800
522.15,	2.4900
522.78,	2.4800
523.41,	2.4800
524.04,	2.4800
524.68,	2.4800
525.31,	2.4800
525.94,	2.4800
526.58,	2.4800
527.21,	2.4800
527.84,	2.4700
528.47,	2.4800
529.11,	2.4800
529.74,	2.4800
530.37,	2.4700
531.00,	2.4700
531.64,	2.4700
532.27,	2.4700
532.90,	2.4700
533.53,	2.4700
534.17,	2.4700
534.80,	2.4800
535.43,	2.4800
536.06,	2.4700
536.69,	2.4700
537.33,	2.4700
537.96,	2.4700
538.59,	2.4800
539.22,	2.4700
539.85,	2.4600
540.48,	2.4700
541.12,	2.4700
541.75,	2.4700
542.38,	2.4700
543.01,	2.4700
543.64,	2.4600
544.27,	2.4700
544.91,	2.4700
545.54,	2.4700
546.17,	2.4700
546.80,	2.4700
547.43,	2.4600
548.06,	2.4700
548.69,	2.4800
549.32,	2.4800
549.95,	2.4800
550.59,	2.4800
551.22,	2.4700
551.85,	2.4600
552.48,	2.4600
553.11,	2.4500
553.74,	2.4600
554.37,	2.4600
555.00,	2.4600
555.63,	2.4600
556.26,	2.4600
556.89,	2.4600
557.52,	2.4500
558.15,	2.4400
558.78,	2.4400
559.42,	2.4500
560.05,	2.4500
560.68,	2.4500
561.31,	2.4500
561.94,	2.4400
562.57,	2.4500
563.20,	2.4500
563.83,	2.4500
564.46,	2.4500
565.09,	2.4500
565.72,	2.4500
566.35,	2.4500
566.98,	2.4500
567.61,	2.4500
568.24,	2.4500
568.87,	2.4500
569.50,	2.4500
570.12,	2.4500
570.75,	2.4500
571.38,	2.4500
572.01,	2.4500
572.64,	2.4500
573.27,	2.4500
573.90,	2.4500
574.53,	2.4400
575.16,	2.4500
575.79,	2.4500
576.42,	2.4500
577.05,	2.4500
577.68,	2.4500
578.31,	2.4500
578.93,	2.4400
579.56,	2.4300
580.19,	2.4400
580.82,	2.4400
581.45,	2.4400
582.08,	2.4500
582.71,	2.4500
583.34,	2.4400
583.97,	2.4400
584.59,	2.4500
585.22,	2.4500
585.85,	2.4500
586.48,	2.4500
587.11,	2.4500
587.74,	2.4500
588.36,	2.4500
588.99,	2.4500
589.62,	2.4500
590.25,	2.4400
590.88,	2.4400
591.50,	2.4400
592.13,	2.4500
592.76,	2.4500
593.39,	2.4500
594.02,	2.4400
594.64,	2.4400
595.27,	2.4400
595.90,	2.4400
596.53,	2.4400
597.16,	2.4400
597.78,	2.4400
598.41,	2.4500
599.04,	2.4500
599.67,	2.4400
600.29,	2.4400
600.92,	2.4400
601.55,	2.4400
602.18,	2.4400
602.80,	2.4400
603.43,	2.4400
604.06,	2.4400
604.68,	2.4400
605.31,	2.4400
605.94,	2.4400
606.57,	2.4400
607.19,	2.4400
607.82,	2.4400
608.45,	2.4400
609.07,	2.4500
609.70,	2.4400
610.33,	2.4400
610.95,	2.4400
611.58,	2.4500
612.21,	2.4400
612.83,	2.4400
613.46,	2.4500
614.09,	2.4400
614.71,	2.4400
615.34,	2.4400
615.97,	2.4400
616.59,	2.4400
617.22,	2.4400
617.84,	2.4400
618.47,	2.4400
619.10,	2.4400
619.72,	2.4400
620.35,	2.4500
620.97,	2.4500
621.60,	2.4500
622.23,	2.4500
622.85,	2.4500
623.48,	2.4500
624.10,	2.4500
624.73,	2.4500
625.35,	2.4500
625.98,	2.4500
626.61,	2.4500
627.23,	2.4500
627.86,	2.4400
628.48,	2.4500
629.11,	2.4400
629.73,	2.4500
630.36,	2.4500
630.98,	2.4500
631.61,	2.4500
632.23,	2.4500
632.86,	2.4500
633.48,	2.4500
634.11,	2.4500
634.73,	2.4500
635.36,	2.4400
635.98,	2.4400
636.61,	2.4500
637.23,	2.4400
637.86,	2.4400
638.48,	2.4500
639.11,	2.4500
639.73,	2.4500
640.36,	2.4400
640.98,	2.4300
641.61,	2.4400
642.23,	2.4500
642.85,	2.4400
643.48,	2.4400
644.10,	2.4400
644.73,	2.4400
645.35,	2.4400
645.98,	2.4500
646.60,	2.4500
647.22,	2.4500
647.85,	2.4500
648.47,	2.4500
649.10,	2.4500
649.72,	2.4600
650.34,	2.4600
650.97,	2.4600
651.59,	2.4500
652.22,	2.4600
652.84,	2.4600
653.46,	2.4500
654.09,	2.4500
654.71,	2.4500
655.33,	2.4500
655.96,	2.4500
656.58,	2.4500
657.20,	2.4500
657.83,	2.4500
658.45,	2.4500
659.07,	2.4500
659.70,	2.4500
660.32,	2.4500
660.94,	2.4500
661.57,	2.4400
662.19,	2.4400
662.81,	2.4500
663.43,	2.4400
664.06,	2.4400
664.68,	2.4400
665.30,	2.4300
665.93,	2.4400
666.55,	2.4500
667.17,	2.4500
667.79,	2.4400
668.42,	2.4400
669.04,	2.4400
669.66,	2.4400
670.28,	2.4500
670.91,	2.4500
671.53,	2.4500
672.15,	2.4500
672.77,	2.4500
673.39,	2.4500
674.02,	2.4500
674.64,	2.4500
675.26,	2.4500
675.88,	2.4500
676.50,	2.4500
677.13,	2.4400
677.75,	2.4500
678.37,	2.4500
678.99,	2.4500
679.61,	2.4400
680.24,	2.4400
680.86,	2.4400
681.48,	2.4400
682.10,	2.4400
682.72,	2.4400
683.34,	2.4400
683.96,	2.4400
684.59,	2.4400
685.21,	2.4400
685.83,	2.4400
686.45,	2.4400
687.07,	2.4400
687.69,	2.4400
688.31,	2.4400
688.93,	2.4400
689.56,	2.4400
690.18,	2.4400
690.80,	2.4400
691.42,	2.4400
692.04,	2.4400
692.66,	2.4400
693.28,	2.4400
693.90,	2.4300
694.52,	2.4300
695.14,	2.4400
695.76,	2.4400
696.38,	2.4300
697.00,	2.4400
697.62,	2.4300
698.25,	2.4300
698.87,	2.4300
699.49,	2.4400
700.11,	2.4400
700.73,	2.4400
701.35,	2.4400
701.97,	2.4400
702.59,	2.4400
703.21,	2.4400
703.83,	2.4500
704.45,	2.4500
705.07,	2.4400
705.69,	2.4400
706.31,	2.4400
706.93,	2.4500
707.55,	2.4500
708.17,	2.4500
708.79,	2.4300
709.40,	2.4300
710.02,	2.4300
710.64,	2.4300
711.26,	2.4300
711.88,	2.4300
712.50,	2.4300
713.12,	2.4200
713.74,	2.4200
714.36,	2.4300
714.98,	2.4300
715.60,	2.4300
716.22,	2.4300
716.84,	2.4300
717.45,	2.4300
718.07,	2.4300
718.69,	2.4300
719.31,	2.4300
719.93,	2.4300
720.55,	2.4300
721.17,	2.4300
721.79,	2.4200
722.41,	2.4200
723.02,	2.4200
723.64,	2.4200
724.26,	2.4200
724.88,	2.4300
725.50,	2.4300
726.12,	2.4300
726.73,	2.4200
727.35,	2.4300
727.97,	2.4300
728.59,	2.4300
729.21,	2.4300
729.83,	2.4300
730.44,	2.4300
731.06,	2.4300
731.68,	2.4400
732.30,	2.4400
732.92,	2.4400
733.53,	2.4400
734.15,	2.4300
734.77,	2.4300
735.39,	2.4300
736.00,	2.4400
736.62,	2.4400
737.24,	2.4300
737.86,	2.4300
738.47,	2.4300
739.09,	2.4300
739.71,	2.4400
740.33,	2.4300
740.94,	2.4400
741.56,	2.4400
742.18,	2.4400
742.79,	2.4400
743.41,	2.4400
744.03,	2.4400
744.65,	2.4400
745.26,	2.4400
745.88,	2.4400
746.50,	2.4400
747.11,	2.4400
747.73,	2.4500
748.35,	2.4400
748.96,	2.4400
749.58,	2.4500
750.20,	2.4500
750.81,	2.4400
751.43,	2.4400
752.05,	2.4400
752.66,	2.4400
753.28,	2.4400
753.90,	2.4400
754.51,	2.4500
755.13,	2.4500
755.74,	2.4400
756.36,	2.4500
756.98,	2.4400
757.59,	2.4400
758.21,	2.4500
758.82,	2.4500
759.44,	2.4400
760.06,	2.4500
760.67,	2.4400
761.29,	2.4400
761.90,	2.4500
762.52,	2.4400
763.14,	2.4500
763.75,	2.4400
764.37,	2.4500
764.98,	2.4500
765.60,	2.4500
766.21,	2.4600
766.83,	2.4500
767.44,	2.4500
768.06,	2.4500
768.67,	2.4500
769.29,	2.4500
769.90,	2.4400
770.52,	2.4400
771.14,	2.4400
771.75,	2.4500
772.37,	2.4500
772.98,	2.4500
773.59,	2.4500
774.21,	2.4500
774.82,	2.4400
775.44,	2.4400
776.05,	2.4400
776.67,	2.4500
777.28,	2.4500
777.90,	2.4400
778.51,	2.4400
779.13,	2.4400
779.74,	2.4500
780.36,	2.4500
780.97,	2.4400
781.58,	2.4400
782.20,	2.4400
782.81,	2.4500
783.43,	2.4500
784.04,	2.4400
784.66,	2.4500
785.27,	2.4500
785.88,	2.4500
786.50,	2.4500
787.11,	2.4500
787.73,	2.4500
788.34,	2.4500
788.95,	2.4500
789.57,	2.4400
790.18,	2.4500
790.79,	2.4500
791.41,	2.4500
792.02,	2.4500
792.63,	2.4500
793.25,	2.4500
793.86,	2.4500
794.47,	2.4500
795.09,	2.4400
795.70,	2.4500
796.31,	2.4500
796.93,	2.4500
797.54,	2.4500
798.15,	2.4500
798.77,	2.4500
799.38,	2.4500
799.99,	2.4500
800.61,	2.4500
801.22,	2.4500
801.83,	2.4500
802.44,	2.4600
803.06,	2.4500
803.67,	2.4400
804.28,	2.4500
804.90,	2.4500
805.51,	2.4500
806.12,	2.4400
806.73,	2.4400
807.34,	2.4500
807.96,	2.4400
808.57,	2.4500
809.18,	2.4400
809.79,	2.4400
810.41,	2.4400
811.02,	2.4400
811.63,	2.4400
812.24,	2.4400
812.85,	2.4400
813.47,	2.4400
814.08,	2.4400
814.69,	2.4400
815.30,	2.4400
815.91,	2.4400
816.53,	2.4400
817.14,	2.4400
817.75,	2.4300
818.36,	2.4300
818.97,	2.4300
819.58,	2.4400
820.20,	2.4400
820.81,	2.4400
821.42,	2.4400
822.03,	2.4400
822.64,	2.4500
823.25,	2.4500
823.86,	2.4500
824.47,	2.4400
825.09,	2.4400
825.70,	2.4400
826.31,	2.4400
826.92,	2.4400
827.53,	2.4400
828.14,	2.4300
828.75,	2.4400
829.36,	2.4400
829.97,	2.4300
830.58,	2.4300
831.19,	2.4300
831.80,	2.4300
832.42,	2.4300
833.03,	2.4300
833.64,	2.4300
834.25,	2.4300
834.86,	2.4300
835.47,	2.4300
836.08,	2.4300
836.69,	2.4300
837.30,	2.4300
837.91,	2.4300
838.52,	2.4300
839.13,	2.4300
839.74,	2.4300
840.35,	2.4300
840.96,	2.4200
841.57,	2.4300
842.18,	2.4400
842.79,	2.4400
843.40,	2.4400
844.01,	2.4400
844.62,	2.4400
845.23,	2.4400
845.84,	2.4400
846.45,	2.4400
847.06,	2.4400
847.67,	2.4300
848.27,	2.4300
848.88,	2.4400
849.49,	2.4300
850.10,	2.4300
850.71,	2.4200
851.32,	2.4200
851.93,	2.4300
852.54,	2.4300
853.15,	2.4300
853.76,	2.4200
854.37,	2.4100
854.98,	2.4200
855.58,	2.4200
856.19,	2.4200
856.80,	2.4200
857.41,	2.4200
858.02,	2.4200
858.63,	2.4200
859.24,	2.4200
859.85,	2.4100
860.45,	2.4100
861.06,	2.4100
861.67,	2.4200
862.28,	2.4200
862.89,	2.4100
863.50,	2.4100
864.10,	2.4100
864.71,	2.4100
865.32,	2.4100
865.93,	2.4100
866.54,	2.4100
867.14,	2.4100
867.75,	2.4100
868.36,	2.4100
868.97,	2.4100
869.58,	2.4100
870.18,	2.4200
870.79,	2.4100
871.40,	2.4100
872.01,	2.4100
872.61,	2.4100
873.22,	2.4100
873.83,	2.4100
874.44,	2.4100
875.04,	2.4100
875.65,	2.4100
876.26,	2.4100
876.87,	2.4100
877.47,	2.4100
878.08,	2.4100
878.69,	2.4000
879.29,	2.4100
879.90,	2.4100
880.51,	2.4100
881.12,	2.4100
881.72,	2.4100
882.33,	2.4100
882.94,	2.4100
883.54,	2.4100
884.15,	2.4100
884.76,	2.4100
885.36,	2.4100
885.97,	2.4100
886.58,	2.4200
887.18,	2.4200
887.79,	2.4100
888.40,	2.4100
889.00,	2.4100
889.61,	2.4200
890.22,	2.4200
890.82,	2.4100
891.43,	2.4100
892.03,	2.4100
892.64,	2.4100
893.25,	2.4100
893.85,	2.4000
894.46,	2.4000
895.06,	2.4000
895.67,	2.4000
896.28,	2.3900
896.88,	2.4000
897.49,	2.4000
898.09,	2.4000
898.70,	2.3900
899.30,	2.4000
899.91,	2.4000
900.52,	2.4000
901.12,	2.4000
901.73,	2.4000
902.33,	2.4000
902.94,	2.4000
903.54,	2.3900
904.15,	2.4000
904.75,	2.4000
905.36,	2.3900
905.96,	2.4000
906.57,	2.4000
907.17,	2.4000
907.78,	2.4000
908.38,	2.4000
908.99,	2.4000
909.59,	2.4000
910.20,	2.3900
910.80,	2.3900
911.41,	2.3900
912.01,	2.3900
912.62,	2.3900
913.22,	2.3800
913.83,	2.3900
914.43,	2.3900
915.03,	2.3900
915.64,	2.3900
916.24,	2.3700
916.85,	2.3700
917.45,	2.3800
918.06,	2.3900
918.66,	2.3900
919.26,	2.3800
919.87,	2.3700
920.47,	2.3800
921.08,	2.3800
921.68,	2.3800
922.28,	2.3900
922.89,	2.3900
923.49,	2.3800
924.10,	2.3800
924.70,	2.3900
925.30,	2.3900
925.91,	2.3900
926.51,	2.3900
927.11,	2.3800
927.72,	2.3900
928.32,	2.3900
928.92,	2.3900
929.53,	2.3900
930.13,	2.3800
930.74,	2.3800
931.34,	2.3800
931.94,	2.3900
932.54,	2.3800
933.15,	2.3700
933.75,	2.3700
934.35,	2.3700
934.96,	2.3800
935.56,	2.3900
936.16,	2.3800
936.77,	2.3700
937.37,	2.3600
937.97,	2.3600
938.57,	2.3600
939.18,	2.3700
939.78,	2.3600
940.38,	2.3600
940.98,	2.3600
941.59,	2.3600
942.19,	2.3500
942.79,	2.3600
943.39,	2.3600
944.00,	2.3500
944.60,	2.3500
945.20,	2.3500
945.80,	2.3600
946.40,	2.3600
947.01,	2.3600
947.61,	2.3600
948.21,	2.3600
948.81,	2.3500
949.41,	2.3500
950.02,	2.3900
950.62,	4.4200
951.22,	13.6200
951.82,	20.9600
952.42,	24.6500
953.02,	27.2200
953.63,	29.2800
954.23,	31.0000
954.83,	32.4900
955.43,	33.7800
956.03,	34.9000
956.63,	35.5000
957.24,	35.5000
957.84,	35.5000
958.44,	35.5000
959.04,	35.5000
959.64,	35.5000
960.24,	35.5000
960.84,	35.5000
961.44,	35.5000
962.04,	35.5000
962.64,	35.5000
963.25,	35.5000
963.85,	35.5000
964.45,	35.5000
965.05,	35.5000
965.65,	35.5000
966.25,	35.5000
966.85,	35.5000
967.45,	35.5000
968.05,	35.5000
968.65,	35.5000
969.25,	35.5000
969.85,	35.5000
970.45,	35.5000
971.05,	35.5000
971.65,	35.5000
972.25,	35.5000
972.85,	35.5000
973.45,	35.5000
974.05,	35.5000
974.65,	35.5000
975.25,	35.5000
975.85,	35.5000
976.45,	35.5000
977.05,	35.5000
977.65,	35.5000
978.25,	35.5000
978.85,	35.5000
979.45,	35.5000
980.05,	35.5000
980.65,	35.5000
981.25,	35.5000
981.85,	35.5000
982.45,	35.5000
983.05,	35.5000
983.65,	35.5000
984.25,	35.5000
984.85,	35.5000
985.45,	35.5000
986.04,	35.5000
986.64,	35.5000
987.24,	35.5000
987.84,	35.5000
988.44,	35.5000
989.04,	35.5000
989.64,	35.5000
990.24,	35.5000
990.84,	24.2600
991.44,	-2.5200
992.03,	-2.5200
992.63,	-2.5200
993.23,	-2.5200
993.83,	-2.5200
994.43,	-2.5200
995.03,	-2.5200
995.63,	-2.5200
996.22,	-2.5200
996.82,	-2.5200
997.42,	-2.5200
998.02,	-2.5200
998.62,	-2.5200
999.21,	-2.5200
999.81,	-2.5200
1000.41,	-2.5200
