Call Sign = ZSDA,	Ship Name = SA Agulhas,	Lloyds Num = 0
Date = 12/01/2016,	Time = 20:02,	
Latitude = 35 59.02  S,	Longitude = 013 29.42  E
Instr = Sippican Deep Blue,	Card Type = Sippican MK-21,	
Wind Instr = ,	Measur Method = 
Probe Serial Num = -1,	Ship Dir = -1,	Ship Speed = -1.00
Wind Dir = 324,	Wind Speed = 2.30
Dry Bulb Temp = 16.10,	Total Water Depth = -1.00

Full Resolution Values
Depth,	 Temp
0.67,	17.9600
1.34,	17.6900
2.01,	17.6400
2.68,	17.6300
3.34,	17.6200
4.01,	17.6100
4.68,	17.6200
5.35,	17.6300
6.02,	17.6200
6.69,	17.6300
7.36,	17.6200
8.03,	17.6200
8.69,	17.6200
9.36,	17.6100
10.03,	17.5900
10.70,	17.5800
11.37,	17.5600
12.04,	17.5300
12.70,	17.5000
13.37,	17.4600
14.04,	17.4100
14.71,	17.3500
15.38,	17.2900
16.05,	17.2500
16.71,	17.2200
17.38,	17.2100
18.05,	17.2000
18.72,	17.2000
19.38,	17.1900
20.05,	17.2000
20.72,	17.1900
21.39,	17.1900
22.06,	17.1900
22.72,	17.1900
23.39,	17.1900
24.06,	17.1800
24.73,	17.1800
25.39,	17.1800
26.06,	17.1900
26.73,	17.1900
27.40,	17.1900
28.06,	17.1900
28.73,	17.1800
29.40,	17.1600
30.06,	17.1100
30.73,	17.0000
31.40,	16.8700
32.06,	16.7600
32.73,	16.6500
33.40,	16.5300
34.07,	16.4300
34.73,	16.3400
35.40,	16.2700
36.07,	16.2100
36.73,	16.1400
37.40,	16.0600
38.07,	16.0400
38.73,	16.0400
39.40,	16.0400
40.06,	16.0400
40.73,	16.0600
41.40,	16.0700
42.06,	16.0800
42.73,	16.0700
43.40,	16.0600
44.06,	16.0400
44.73,	15.9900
45.39,	15.9400
46.06,	15.9200
46.73,	15.9700
47.39,	16.0300
48.06,	16.0700
48.72,	16.0700
49.39,	16.0400
50.06,	16.0000
50.72,	15.9700
51.39,	15.9500
52.05,	15.9600
52.72,	15.9500
53.38,	15.9100
54.05,	15.8900
54.71,	15.9000
55.38,	15.9400
56.05,	16.0000
56.71,	16.0600
57.38,	16.1000
58.04,	16.1300
58.71,	16.1600
59.37,	16.1900
60.04,	16.2100
60.70,	16.2300
61.37,	16.2300
62.03,	16.2400
62.70,	16.2400
63.36,	16.2300
64.03,	16.2300
64.69,	16.2200
65.36,	16.2000
66.02,	16.1700
66.69,	16.1400
67.35,	16.0900
68.01,	15.9900
68.68,	15.8500
69.34,	15.7200
70.01,	15.6700
70.67,	15.6500
71.34,	15.6500
72.00,	15.6000
72.66,	15.4700
73.33,	15.3800
73.99,	15.3600
74.66,	15.3600
75.32,	15.3500
75.98,	15.3300
76.65,	15.3100
77.31,	15.2900
77.98,	15.2700
78.64,	15.2300
79.30,	15.1800
79.97,	15.1500
80.63,	15.1300
81.30,	15.1100
81.96,	15.0900
82.62,	15.0600
83.29,	15.0200
83.95,	14.9700
84.61,	14.9500
85.28,	14.9500
85.94,	14.9600
86.60,	14.9700
87.27,	14.9800
87.93,	15.0000
88.59,	15.0200
89.26,	15.0000
89.92,	14.9800
90.58,	14.9600
91.24,	14.9200
91.91,	14.8700
92.57,	14.8400
93.23,	14.8300
93.90,	14.8400
94.56,	14.8800
95.22,	14.9200
95.88,	14.9500
96.55,	14.9800
97.21,	14.9900
97.87,	14.9900
98.53,	15.0000
99.20,	15.0000
99.86,	15.0000
100.52,	15.0000
101.18,	15.0000
101.85,	15.0000
102.51,	15.0000
103.17,	14.9900
103.83,	15.0000
104.49,	15.0000
105.16,	15.0000
105.82,	14.9900
106.48,	14.9400
107.14,	14.8800
107.80,	14.8600
108.47,	14.8500
109.13,	14.8100
109.79,	14.7900
110.45,	14.7800
111.11,	14.7400
111.77,	14.6700
112.44,	14.6100
113.10,	14.5900
113.76,	14.5800
114.42,	14.5600
115.08,	14.5500
115.74,	14.4900
116.40,	14.4300
117.06,	14.3900
117.73,	14.3600
118.39,	14.3300
119.05,	14.3200
119.71,	14.3100
120.37,	14.2900
121.03,	14.2800
121.69,	14.2600
122.35,	14.2400
123.01,	14.2200
123.67,	14.2200
124.33,	14.2300
125.00,	14.2400
125.66,	14.2400
126.32,	14.2400
126.98,	14.2300
127.64,	14.2300
128.30,	14.2300
128.96,	14.2300
129.62,	14.2300
130.28,	14.1800
130.94,	14.0800
131.60,	14.0100
132.26,	13.9900
132.92,	13.9800
133.58,	13.9800
134.24,	13.9700
134.90,	13.9600
135.56,	13.9300
136.22,	13.9200
136.88,	13.9100
137.54,	13.9100
138.20,	13.9100
138.86,	13.9100
139.52,	13.9100
140.18,	13.8900
140.84,	13.8800
141.50,	13.8700
142.16,	13.8700
142.82,	13.8700
143.48,	13.8700
144.14,	13.8900
144.79,	13.9100
145.45,	13.9100
146.11,	13.9000
146.77,	13.9000
147.43,	13.9000
148.09,	13.8900
148.75,	13.8800
149.41,	13.8600
150.07,	13.8500
150.73,	13.8400
151.39,	13.8200
152.04,	13.8100
152.70,	13.7900
153.36,	13.7600
154.02,	13.7400
154.68,	13.7100
155.34,	13.7000
156.00,	13.6800
156.65,	13.6700
157.31,	13.6600
157.97,	13.6400
158.63,	13.6100
159.29,	13.5900
159.95,	13.5700
160.60,	13.5600
161.26,	13.5400
161.92,	13.5300
162.58,	13.5100
163.24,	13.4900
163.90,	13.4700
164.55,	13.4500
165.21,	13.4300
165.87,	13.4200
166.53,	13.4200
167.18,	13.4200
167.84,	13.4300
168.50,	13.4300
169.16,	13.4400
169.82,	13.4400
170.47,	13.4400
171.13,	13.4400
171.79,	13.4400
172.44,	13.4400
173.10,	13.4400
173.76,	13.4300
174.42,	13.4400
175.07,	13.4500
175.73,	13.4500
176.39,	13.4500
177.05,	13.4300
177.70,	13.4200
178.36,	13.3900
179.02,	13.3700
179.67,	13.3700
180.33,	13.3600
180.99,	13.3500
181.64,	13.3400
182.30,	13.3300
182.96,	13.3100
183.61,	13.2900
184.27,	13.2900
184.93,	13.2900
185.58,	13.2900
186.24,	13.3000
186.90,	13.3000
187.55,	13.3100
188.21,	13.3200
188.87,	13.3400
189.52,	13.3400
190.18,	13.3400
190.83,	13.3200
191.49,	13.3100
192.15,	13.3100
192.80,	13.3000
193.46,	13.3000
194.11,	13.3000
194.77,	13.2900
195.43,	13.2600
196.08,	13.2500
196.74,	13.2400
197.39,	13.2300
198.05,	13.2300
198.70,	13.2300
199.36,	13.2200
200.02,	13.2000
200.67,	13.1900
201.33,	13.1600
201.98,	13.1500
202.64,	13.1400
203.29,	13.1700
203.95,	13.1800
204.60,	13.1700
205.26,	13.1600
205.91,	13.1800
206.57,	13.1900
207.22,	13.1900
207.88,	13.2000
208.53,	13.2100
209.19,	13.2000
209.84,	13.1900
210.50,	13.1800
211.15,	13.1600
211.81,	13.1500
212.46,	13.1500
213.12,	13.1400
213.77,	13.1300
214.43,	13.1200
215.08,	13.1100
215.74,	13.1100
216.39,	13.1200
217.04,	13.1300
217.70,	13.1200
218.35,	13.1400
219.01,	13.1600
219.66,	13.1700
220.32,	13.1700
220.97,	13.1700
221.62,	13.1700
222.28,	13.1600
222.93,	13.1600
223.59,	13.1500
224.24,	13.1400
224.89,	13.1500
225.55,	13.1500
226.20,	13.1500
226.85,	13.1600
227.51,	13.1800
228.16,	13.2000
228.81,	13.2100
229.47,	13.2100
230.12,	13.2100
230.78,	13.2100
231.43,	13.2100
232.08,	13.2100
232.74,	13.2200
233.39,	13.2200
234.04,	13.2300
234.69,	13.2400
235.35,	13.2300
236.00,	13.2100
236.65,	13.2000
237.31,	13.2000
237.96,	13.1900
238.61,	13.1700
239.27,	13.1600
239.92,	13.1500
240.57,	13.1000
241.22,	12.9900
241.88,	12.9300
242.53,	12.9100
243.18,	12.9000
243.83,	12.9000
244.49,	12.9000
245.14,	12.8900
245.79,	12.9000
246.44,	12.9000
247.10,	12.9100
247.75,	12.9000
248.40,	12.8900
249.05,	12.9000
249.70,	12.9000
250.36,	12.9000
251.01,	12.8800
251.66,	12.8600
252.31,	12.8400
252.96,	12.8200
253.62,	12.8200
254.27,	12.8200
254.92,	12.8200
255.57,	12.8100
256.22,	12.8100
256.88,	12.7900
257.53,	12.7700
258.18,	12.7400
258.83,	12.7000
259.48,	12.6600
260.13,	12.6400
260.78,	12.6300
261.44,	12.6100
262.09,	12.5700
262.74,	12.4900
263.39,	12.4500
264.04,	12.4300
264.69,	12.3900
265.34,	12.3500
265.99,	12.3200
266.64,	12.3100
267.29,	12.3000
267.95,	12.2900
268.60,	12.2800
269.25,	12.2500
269.90,	12.2300
270.55,	12.2200
271.20,	12.2200
271.85,	12.2200
272.50,	12.2300
273.15,	12.2400
273.80,	12.2400
274.45,	12.2400
275.10,	12.2400
275.75,	12.2400
276.40,	12.2400
277.05,	12.2400
277.70,	12.2500
278.35,	12.2500
279.00,	12.2500
279.65,	12.2500
280.30,	12.2500
280.95,	12.2600
281.60,	12.2700
282.25,	12.2800
282.90,	12.2600
283.55,	12.2500
284.20,	12.2300
284.85,	12.2200
285.50,	12.2000
286.15,	12.1900
286.80,	12.1900
287.45,	12.1800
288.10,	12.1800
288.75,	12.1700
289.40,	12.1600
290.05,	12.1600
290.70,	12.1500
291.35,	12.1500
292.00,	12.1500
292.64,	12.1500
293.29,	12.1400
293.94,	12.1300
294.59,	12.1200
295.24,	12.1100
295.89,	12.0900
296.54,	12.0700
297.19,	12.0400
297.84,	12.0200
298.49,	12.0000
299.13,	12.0000
299.78,	11.9900
300.43,	11.9900
301.08,	11.9700
301.73,	11.9600
302.38,	11.9300
303.02,	11.9100
303.67,	11.9000
304.32,	11.9000
304.97,	11.8900
305.62,	11.8900
306.27,	11.8900
306.91,	11.8900
307.56,	11.8800
308.21,	11.8700
308.86,	11.8600
309.51,	11.8600
310.15,	11.8500
310.80,	11.8400
311.45,	11.8300
312.10,	11.8400
312.75,	11.8400
313.39,	11.8400
314.04,	11.8600
314.69,	11.8600
315.34,	11.8600
315.98,	11.8600
316.63,	11.8500
317.28,	11.8500
317.93,	11.8400
318.57,	11.8300
319.22,	11.8200
319.87,	11.8000
320.52,	11.7900
321.16,	11.7800
321.81,	11.7800
322.46,	11.7800
323.10,	11.7800
323.75,	11.7800
324.40,	11.7800
325.04,	11.7800
325.69,	11.7700
326.34,	11.7600
326.99,	11.7600
327.63,	11.7500
328.28,	11.7400
328.93,	11.7200
329.57,	11.7100
330.22,	11.7100
330.86,	11.7000
331.51,	11.6900
332.16,	11.6700
332.80,	11.6500
333.45,	11.6400
334.10,	11.6400
334.74,	11.6300
335.39,	11.6100
336.03,	11.6000
336.68,	11.6000
337.33,	11.5900
337.97,	11.5700
338.62,	11.5600
339.26,	11.5400
339.91,	11.5300
340.56,	11.5300
341.20,	11.5200
341.85,	11.5100
342.49,	11.5000
343.14,	11.5000
343.78,	11.4800
344.43,	11.4700
345.08,	11.4400
345.72,	11.4200
346.37,	11.4000
347.01,	11.3900
347.66,	11.3700
348.30,	11.3500
348.95,	11.3000
349.59,	11.1700
350.24,	11.1000
350.88,	11.0800
351.53,	11.0900
352.17,	11.1000
352.82,	11.1000
353.46,	11.1100
354.11,	11.1300
354.75,	11.1200
355.40,	11.1100
356.04,	11.0900
356.69,	11.0900
357.33,	11.1000
357.98,	11.1000
358.62,	11.1000
359.27,	11.1000
359.91,	11.1000
360.55,	11.0900
361.20,	11.0700
361.84,	11.0400
362.49,	10.9900
363.13,	10.9600
363.78,	10.9400
364.42,	10.9400
365.06,	10.9500
365.71,	10.9500
366.35,	10.9400
367.00,	10.9100
367.64,	10.9100
368.28,	10.9300
368.93,	10.9900
369.57,	11.0700
370.22,	11.1000
370.86,	11.1100
371.50,	11.1100
372.15,	11.1100
372.79,	11.1200
373.43,	11.1300
374.08,	11.1400
374.72,	11.1400
375.36,	11.1400
376.01,	11.1400
376.65,	11.1500
377.29,	11.1600
377.94,	11.1700
378.58,	11.1800
379.22,	11.1700
379.87,	11.1000
380.51,	10.9600
381.15,	10.8700
381.79,	10.8300
382.44,	10.8200
383.08,	10.8100
383.72,	10.8100
384.37,	10.8100
385.01,	10.8100
385.65,	10.8000
386.29,	10.7700
386.94,	10.7300
387.58,	10.7100
388.22,	10.7000
388.86,	10.7000
389.51,	10.7500
390.15,	10.7900
390.79,	10.8000
391.43,	10.8100
392.08,	10.8000
392.72,	10.8000
393.36,	10.7800
394.00,	10.7400
394.64,	10.7100
395.29,	10.6700
395.93,	10.6300
396.57,	10.6100
397.21,	10.6000
397.85,	10.5900
398.50,	10.5800
399.14,	10.5800
399.78,	10.5800
400.42,	10.5700
401.06,	10.5500
401.70,	10.5200
402.34,	10.4700
402.99,	10.4600
403.63,	10.4900
404.27,	10.5400
404.91,	10.5500
405.55,	10.5300
406.19,	10.5200
406.83,	10.5200
407.48,	10.5000
408.12,	10.4800
408.76,	10.4700
409.40,	10.4700
410.04,	10.4600
410.68,	10.4600
411.32,	10.4600
411.96,	10.4500
412.60,	10.4500
413.24,	10.4500
413.88,	10.4600
414.52,	10.4700
415.17,	10.4800
415.81,	10.4800
416.45,	10.4800
417.09,	10.4800
417.73,	10.4900
418.37,	10.4800
419.01,	10.4700
419.65,	10.4600
420.29,	10.4500
420.93,	10.4600
421.57,	10.4500
422.21,	10.4400
422.85,	10.4200
423.49,	10.4000
424.13,	10.3700
424.77,	10.3600
425.41,	10.3400
426.05,	10.3100
426.69,	10.2600
427.33,	10.2200
427.97,	10.1800
428.61,	10.1500
429.25,	10.1200
429.89,	10.1100
430.53,	10.1000
431.17,	10.0900
431.80,	10.0800
432.44,	10.0800
433.08,	10.0900
433.72,	10.1100
434.36,	10.1100
435.00,	10.0800
435.64,	10.0600
436.28,	10.0400
436.92,	9.9900
437.56,	9.9500
438.20,	9.9200
438.84,	9.9200
439.47,	9.9300
440.11,	9.9400
440.75,	9.9600
441.39,	9.9700
442.03,	9.9700
442.67,	9.9600
443.31,	9.9500
443.95,	9.9400
444.58,	9.9200
445.22,	9.9100
445.86,	9.9100
446.50,	9.9000
447.14,	9.8700
447.78,	9.8400
448.41,	9.8300
449.05,	9.8200
449.69,	9.8100
450.33,	9.7900
450.97,	9.7800
451.60,	9.7700
452.24,	9.7500
452.88,	9.7300
453.52,	9.7200
454.16,	9.7200
454.79,	9.7100
455.43,	9.7100
456.07,	9.7200
456.71,	9.7100
457.35,	9.7100
457.98,	9.7000
458.62,	9.6900
459.26,	9.6800
459.90,	9.6700
460.53,	9.6700
461.17,	9.6600
461.81,	9.6600
462.44,	9.6500
463.08,	9.6400
463.72,	9.6300
464.36,	9.6200
464.99,	9.6100
465.63,	9.5900
466.27,	9.5700
466.90,	9.5500
467.54,	9.5400
468.18,	9.5300
468.81,	9.5300
469.45,	9.5100
470.09,	9.5000
470.72,	9.4900
471.36,	9.4800
472.00,	9.4800
472.63,	9.4800
473.27,	9.4700
473.91,	9.4600
474.54,	9.4600
475.18,	9.4600
475.82,	9.4600
476.45,	9.4500
477.09,	9.4500
477.73,	9.4400
478.36,	9.4300
479.00,	9.4300
479.63,	9.4200
480.27,	9.4200
480.91,	9.4200
481.54,	9.4200
482.18,	9.4200
482.81,	9.4100
483.45,	9.4000
484.08,	9.3800
484.72,	9.3800
485.36,	9.3600
485.99,	9.3400
486.63,	9.3200
487.26,	9.3000
487.90,	9.2900
488.53,	9.2800
489.17,	9.2700
489.80,	9.2600
490.44,	9.2500
491.07,	9.2400
491.71,	9.2200
492.34,	9.2000
492.98,	9.1900
493.62,	9.1900
494.25,	9.1800
494.89,	9.1700
495.52,	9.1700
496.15,	9.1600
496.79,	9.1400
497.42,	9.1300
498.06,	9.1200
498.69,	9.1200
499.33,	9.1100
499.96,	9.1000
500.60,	9.0800
501.23,	9.0600
501.87,	9.0400
502.50,	9.0400
503.14,	9.0300
503.77,	9.0200
504.40,	9.0100
505.04,	9.0100
505.67,	9.0100
506.31,	9.0000
506.94,	8.9900
507.57,	8.9800
508.21,	8.9700
508.84,	8.9700
509.48,	8.9700
510.11,	8.9700
510.74,	8.9600
511.38,	8.9700
512.01,	8.9700
512.65,	8.9700
513.28,	8.9600
513.91,	8.9600
514.55,	8.9600
515.18,	8.9500
515.81,	8.9300
516.45,	8.9200
517.08,	8.9100
517.71,	8.9000
518.35,	8.8900
518.98,	8.8700
519.61,	8.8600
520.25,	8.8400
520.88,	8.8100
521.51,	8.8100
522.15,	8.8100
522.78,	8.8200
523.41,	8.8200
524.04,	8.8200
524.68,	8.8300
525.31,	8.8300
525.94,	8.8400
526.58,	8.8300
527.21,	8.8200
527.84,	8.8300
528.47,	8.8300
529.11,	8.8200
529.74,	8.8200
530.37,	8.8100
531.00,	8.8100
531.64,	8.7900
532.27,	8.7900
532.90,	8.7800
533.53,	8.7800
534.17,	8.7700
534.80,	8.7500
535.43,	8.7400
536.06,	8.7200
536.69,	8.7000
537.33,	8.6900
537.96,	8.6800
538.59,	8.6700
539.22,	8.6700
539.85,	8.6700
540.48,	8.6700
541.12,	8.6700
541.75,	8.6600
542.38,	8.6600
543.01,	8.6600
543.64,	8.6600
544.27,	8.6500
544.91,	8.6500
545.54,	8.6500
546.17,	8.6400
546.80,	8.6300
547.43,	8.6300
548.06,	8.6100
548.69,	8.5900
549.32,	8.5600
549.95,	8.5300
550.59,	8.5100
551.22,	8.5000
551.85,	8.5000
552.48,	8.4900
553.11,	8.4900
553.74,	8.4800
554.37,	8.4800
555.00,	8.4800
555.63,	8.4700
556.26,	8.4700
556.89,	8.4500
557.52,	8.4100
558.15,	8.3600
558.78,	8.3300
559.42,	8.3100
560.05,	8.2900
560.68,	8.2800
561.31,	8.2500
561.94,	8.2300
562.57,	8.2200
563.20,	8.2100
563.83,	8.2100
564.46,	8.2100
565.09,	8.2000
565.72,	8.1800
566.35,	8.1500
566.98,	8.1100
567.61,	8.0800
568.24,	8.0500
568.87,	8.0400
569.50,	8.0100
570.12,	7.9900
570.75,	7.9700
571.38,	7.9600
572.01,	7.9400
572.64,	7.9400
573.27,	7.9200
573.90,	7.9100
574.53,	7.9100
575.16,	7.9100
575.79,	7.9200
576.42,	7.9200
577.05,	7.9200
577.68,	7.9200
578.31,	7.9200
578.93,	7.9200
579.56,	7.9200
580.19,	7.9200
580.82,	7.9100
581.45,	7.9000
582.08,	7.9000
582.71,	7.8900
583.34,	7.8800
583.97,	7.8700
584.59,	7.8700
585.22,	7.8700
585.85,	7.8900
586.48,	7.9000
587.11,	7.8900
587.74,	7.8700
588.36,	7.8700
588.99,	7.8700
589.62,	7.8600
590.25,	7.8600
590.88,	7.8700
591.50,	7.8800
592.13,	7.8800
592.76,	7.8900
593.39,	7.8900
594.02,	7.9000
594.64,	7.9300
595.27,	7.9400
595.90,	7.9400
596.53,	7.9400
597.16,	7.9300
597.78,	7.9200
598.41,	7.9100
599.04,	7.9000
599.67,	7.8800
600.29,	7.8600
600.92,	7.8500
601.55,	7.8300
602.18,	7.8200
602.80,	7.8100
603.43,	7.7900
604.06,	7.7800
604.68,	7.7700
605.31,	7.7700
605.94,	7.7600
606.57,	7.7600
607.19,	7.7500
607.82,	7.7400
608.45,	7.7300
609.07,	7.7000
609.70,	7.6800
610.33,	7.6600
610.95,	7.6500
611.58,	7.6400
612.21,	7.6300
612.83,	7.6200
613.46,	7.6000
614.09,	7.5900
614.71,	7.5700
615.34,	7.5500
615.97,	7.5400
616.59,	7.5200
617.22,	7.5000
617.84,	7.4800
618.47,	7.4600
619.10,	7.4300
619.72,	7.4100
620.35,	7.3900
620.97,	7.3700
621.60,	7.3600
622.23,	7.3500
622.85,	7.3400
623.48,	7.3300
624.10,	7.3100
624.73,	7.2900
625.35,	7.2700
625.98,	7.2600
626.61,	7.2500
627.23,	7.2400
627.86,	7.2500
628.48,	7.2400
629.11,	7.2400
629.73,	7.2400
630.36,	7.2400
630.98,	7.2400
631.61,	7.2400
632.23,	7.2300
632.86,	7.2200
633.48,	7.1800
634.11,	7.1500
634.73,	7.1200
635.36,	7.1100
635.98,	7.1000
636.61,	7.1000
637.23,	7.1000
637.86,	7.0900
638.48,	7.0800
639.11,	7.0800
639.73,	7.0700
640.36,	7.0500
640.98,	7.0300
641.61,	7.0200
642.23,	7.0100
642.85,	7.0000
643.48,	6.9900
644.10,	6.9900
644.73,	6.9700
645.35,	6.9700
645.98,	6.9600
646.60,	6.9400
647.22,	6.9300
647.85,	6.9200
648.47,	6.9100
649.10,	6.8900
649.72,	6.8600
650.34,	6.8400
650.97,	6.8200
651.59,	6.8100
652.22,	6.8000
652.84,	6.7800
653.46,	6.7600
654.09,	6.7600
654.71,	6.7500
655.33,	6.7400
655.96,	6.7200
656.58,	6.7000
657.20,	6.6900
657.83,	6.6700
658.45,	6.6500
659.07,	6.6300
659.70,	6.6300
660.32,	6.6300
660.94,	6.6200
661.57,	6.6000
662.19,	6.5800
662.81,	6.5800
663.43,	6.5700
664.06,	6.5600
664.68,	6.5600
665.30,	6.5500
665.93,	6.5500
666.55,	6.5300
667.17,	6.5100
667.79,	6.5000
668.42,	6.4900
669.04,	6.4800
669.66,	6.4700
670.28,	6.4700
670.91,	6.4600
671.53,	6.4500
672.15,	6.4300
672.77,	6.4200
673.39,	6.4100
674.02,	6.4000
674.64,	6.3900
675.26,	6.3800
675.88,	6.3700
676.50,	6.3600
677.13,	6.3400
677.75,	6.3300
678.37,	6.3100
678.99,	6.3100
679.61,	6.3000
680.24,	6.3000
680.86,	6.2900
681.48,	6.2900
682.10,	6.2900
682.72,	6.2800
683.34,	6.2800
683.96,	6.2700
684.59,	6.2700
685.21,	6.2500
685.83,	6.2300
686.45,	6.2200
687.07,	6.2100
687.69,	6.2000
688.31,	6.1800
688.93,	6.1800
689.56,	6.1500
690.18,	6.1200
690.80,	6.0900
691.42,	6.0600
692.04,	6.0300
692.66,	6.0200
693.28,	5.9900
693.90,	5.9600
694.52,	5.9600
695.14,	5.9600
695.76,	5.9300
696.38,	5.9000
697.00,	5.8600
697.62,	5.8100
698.25,	5.7900
698.87,	5.7800
699.49,	5.7600
700.11,	5.7500
700.73,	5.7500
701.35,	5.7600
701.97,	5.7700
702.59,	5.7800
703.21,	5.7700
703.83,	5.7600
704.45,	5.7300
705.07,	5.7000
705.69,	5.6800
706.31,	5.6600
706.93,	5.6500
707.55,	5.6200
708.17,	5.6000
708.79,	5.5900
709.40,	5.5800
710.02,	5.5800
710.64,	5.5700
711.26,	5.5700
711.88,	5.5700
712.50,	5.5700
713.12,	5.5700
713.74,	5.5600
714.36,	5.5600
714.98,	5.5600
715.60,	5.5600
716.22,	5.5600
716.84,	5.5600
717.45,	5.5500
718.07,	5.5500
718.69,	5.5500
719.31,	5.5500
719.93,	5.5500
720.55,	5.5400
721.17,	5.5400
721.79,	5.5400
722.41,	5.5200
723.02,	5.5100
723.64,	5.5100
724.26,	5.5000
724.88,	5.5000
725.50,	5.5000
726.12,	5.4900
726.73,	5.4800
727.35,	5.4900
727.97,	5.4800
728.59,	5.4700
729.21,	5.4600
729.83,	5.4400
730.44,	5.4200
731.06,	5.4000
731.68,	5.3900
732.30,	5.3900
732.92,	5.3900
733.53,	5.3900
734.15,	5.3800
734.77,	5.3600
735.39,	5.3400
736.00,	5.3300
736.62,	5.3200
737.24,	5.3100
737.86,	5.3100
738.47,	5.3200
739.09,	5.3200
739.71,	5.3200
740.33,	5.3100
740.94,	5.3100
741.56,	5.3100
742.18,	5.3000
742.79,	5.3000
743.41,	5.2900
744.03,	5.2900
744.65,	5.2800
745.26,	5.2800
745.88,	5.2700
746.50,	5.2700
747.11,	5.2600
747.73,	5.2400
748.35,	5.2400
748.96,	5.2300
749.58,	5.2200
750.20,	5.2100
750.81,	5.2000
751.43,	5.1900
752.05,	5.1800
752.66,	5.1700
753.28,	5.1600
753.90,	5.1600
754.51,	5.1500
755.13,	5.1400
755.74,	5.1300
756.36,	5.1300
756.98,	5.1200
757.59,	5.1200
758.21,	5.1100
758.82,	5.1100
759.44,	5.1100
760.06,	5.1100
760.67,	5.1100
761.29,	5.1100
761.90,	5.1000
762.52,	5.1000
763.14,	5.0900
763.75,	5.0900
764.37,	5.0800
764.98,	5.0700
765.60,	5.0700
766.21,	5.0700
766.83,	5.0700
767.44,	5.0700
768.06,	5.0600
768.67,	5.0600
769.29,	5.0600
769.90,	5.0600
770.52,	5.0600
771.14,	5.0500
771.75,	5.0500
772.37,	5.0400
772.98,	5.0300
773.59,	5.0300
774.21,	5.0100
774.82,	5.0000
775.44,	4.9900
776.05,	4.9800
776.67,	4.9800
777.28,	4.9700
777.90,	4.9500
778.51,	4.9400
779.13,	4.9400
779.74,	4.9400
780.36,	4.9300
780.97,	4.9100
781.58,	4.9100
782.20,	4.9000
782.81,	4.8900
783.43,	4.8900
784.04,	4.9000
784.66,	4.9000
785.27,	4.8900
785.88,	4.8900
786.50,	4.8900
787.11,	4.8800
787.73,	4.8800
788.34,	4.8800
788.95,	4.8800
789.57,	4.8700
790.18,	4.8600
790.79,	4.8600
791.41,	4.8500
792.02,	4.8400
792.63,	4.8300
793.25,	4.8300
793.86,	4.8200
794.47,	4.8200
795.09,	4.8300
795.70,	4.8300
796.31,	4.8200
796.93,	4.8100
797.54,	4.8000
798.15,	4.7900
798.77,	4.7800
799.38,	4.7800
799.99,	4.7800
800.61,	4.7800
801.22,	4.7700
801.83,	4.7700
802.44,	4.7700
803.06,	4.7700
803.67,	4.7700
804.28,	4.7800
804.90,	4.7800
805.51,	4.7800
806.12,	4.7800
806.73,	4.7900
807.34,	4.7800
807.96,	4.7700
808.57,	4.7500
809.18,	4.7500
809.79,	4.7500
810.41,	4.7400
811.02,	4.7400
811.63,	4.7400
812.24,	4.7500
812.85,	4.7500
813.47,	4.7500
814.08,	4.7500
814.69,	4.7500
815.30,	4.7500
815.91,	4.7400
816.53,	4.7400
817.14,	4.7300
817.75,	4.7200
818.36,	4.7200
818.97,	4.7100
819.58,	4.7100
820.20,	4.7100
820.81,	4.7100
821.42,	4.7000
822.03,	4.7000
822.64,	4.6900
823.25,	4.6900
823.86,	4.6800
824.47,	4.6800
825.09,	4.6700
825.70,	4.6600
826.31,	4.6500
826.92,	4.6500
827.53,	4.6500
828.14,	4.6500
828.75,	4.6400
829.36,	4.6400
829.97,	4.6300
830.58,	4.6300
831.19,	4.6300
831.80,	4.6300
832.42,	4.6300
833.03,	4.6300
833.64,	4.6300
834.25,	4.6300
834.86,	4.6300
835.47,	4.6300
836.08,	4.6300
836.69,	4.6200
837.30,	4.6300
837.91,	4.6200
838.52,	4.6200
839.13,	4.6200
839.74,	4.6200
840.35,	4.6200
840.96,	4.6200
841.57,	4.6200
842.18,	4.6200
842.79,	4.6200
843.40,	4.6200
844.01,	4.6200
844.62,	4.6200
845.23,	4.6200
845.84,	4.6200
846.45,	4.6200
847.06,	4.6200
847.67,	4.6200
848.27,	4.6200
848.88,	4.6200
849.49,	4.6100
850.10,	4.6100
850.71,	4.6100
851.32,	4.6100
851.93,	4.6100
852.54,	4.6100
853.15,	4.6000
853.76,	4.5900
854.37,	4.5800
854.98,	4.5800
855.58,	4.5700
856.19,	4.5700
856.80,	4.5700
857.41,	4.5700
858.02,	4.5700
858.63,	4.5600
859.24,	4.5600
859.85,	4.5600
860.45,	4.5600
861.06,	4.5500
861.67,	4.5500
862.28,	4.5400
862.89,	4.5400
863.50,	4.5400
864.10,	4.5300
864.71,	4.5300
865.32,	4.5300
865.93,	4.5300
866.54,	4.5300
867.14,	4.5300
867.75,	4.5200
868.36,	4.5100
868.97,	4.5000
869.58,	4.4800
870.18,	4.4600
870.79,	4.4500
871.40,	4.4400
872.01,	4.4400
872.61,	4.4300
873.22,	4.4200
873.83,	4.4200
874.44,	4.4100
875.04,	4.4100
875.65,	4.4000
876.26,	4.4000
876.87,	4.4000
877.47,	4.3800
878.08,	4.3700
878.69,	4.3700
879.29,	4.3700
879.90,	4.3700
880.51,	4.3600
881.12,	4.3600
881.72,	4.3500
882.33,	4.3400
882.94,	4.3500
883.54,	4.3600
884.15,	4.3700
884.76,	4.3800
885.36,	4.3800
885.97,	4.3800
886.58,	4.3700
887.18,	4.3600
887.79,	4.3500
888.40,	4.3400
889.00,	4.3400
889.61,	4.3300
890.22,	4.3300
890.82,	4.3200
891.43,	4.3100
892.03,	4.3100
892.64,	4.3000
893.25,	4.2800
893.85,	4.2500
894.46,	4.2200
895.06,	4.2000
895.67,	4.1900
896.28,	4.1900
896.88,	4.1800
897.49,	4.1600
898.09,	4.1600
898.70,	4.1600
899.30,	4.1600
899.91,	4.1500
900.52,	4.1400
901.12,	4.1400
901.73,	4.1400
902.33,	4.1300
902.94,	4.1200
903.54,	4.1200
904.15,	4.1100
904.75,	4.1200
905.36,	4.1100
905.96,	4.1100
906.57,	4.1200
907.17,	4.1400
907.78,	4.1400
908.38,	4.1400
908.99,	4.1400
909.59,	4.1500
910.20,	4.1600
910.80,	4.1700
911.41,	4.1700
912.01,	4.1700
912.62,	4.1700
913.22,	4.1800
913.83,	4.1900
914.43,	4.1900
915.03,	4.2000
915.64,	4.2100
916.24,	4.2100
916.85,	4.2100
917.45,	4.2100
918.06,	4.2100
918.66,	4.2100
919.26,	4.2100
919.87,	4.2500
920.47,	4.6100
921.08,	5.7900
921.68,	7.8900
922.28,	10.6200
922.89,	13.0700
923.49,	14.5000
924.10,	15.3200
924.70,	15.8800
925.30,	16.3100
925.91,	16.6500
926.51,	17.2300
927.11,	30.4500
927.72,	35.5000
928.32,	35.5000
928.92,	35.5000
929.53,	35.5000
930.13,	35.5000
930.74,	35.5000
931.34,	35.5000
931.94,	35.5000
932.54,	35.5000
933.15,	35.5000
933.75,	35.5000
934.35,	35.5000
934.96,	35.5000
935.56,	35.5000
936.16,	35.5000
936.77,	35.5000
937.37,	35.5000
937.97,	35.5000
938.57,	35.5000
939.18,	35.5000
939.78,	35.5000
940.38,	35.5000
940.98,	35.5000
941.59,	35.5000
942.19,	35.5000
942.79,	35.5000
943.39,	35.5000
944.00,	35.5000
944.60,	35.5000
945.20,	35.5000
945.80,	35.5000
946.40,	35.5000
947.01,	35.5000
947.61,	35.5000
948.21,	35.5000
948.81,	35.5000
949.41,	35.5000
950.02,	35.5000
950.62,	35.5000
951.22,	35.5000
951.82,	35.5000
952.42,	35.5000
953.02,	35.5000
953.63,	35.5000
954.23,	35.5000
954.83,	35.5000
955.43,	35.5000
956.03,	35.5000
956.63,	35.5000
957.24,	35.5000
957.84,	35.5000
958.44,	35.5000
959.04,	35.5000
959.64,	35.5000
960.24,	35.5000
960.84,	35.5000
961.44,	35.5000
962.04,	35.5000
962.64,	35.5000
963.25,	35.5000
963.85,	35.5000
964.45,	35.5000
965.05,	35.5000
965.65,	35.5000
966.25,	35.5000
966.85,	35.5000
967.45,	35.5000
968.05,	35.5000
968.65,	35.5000
969.25,	35.5000
969.85,	35.5000
970.45,	35.5000
971.05,	35.5000
971.65,	35.5000
972.25,	35.5000
972.85,	35.5000
973.45,	35.5000
974.05,	35.5000
974.65,	35.5000
975.25,	35.5000
975.85,	35.5000
976.45,	35.5000
977.05,	35.5000
977.65,	35.5000
978.25,	35.5000
978.85,	35.5000
979.45,	35.5000
980.05,	35.5000
980.65,	35.5000
981.25,	35.5000
981.85,	35.5000
982.45,	35.5000
983.05,	35.5000
983.65,	35.5000
984.25,	35.5000
984.85,	35.5000
985.45,	35.5000
986.04,	35.5000
986.64,	35.5000
987.24,	35.5000
987.84,	35.5000
988.44,	35.5000
989.04,	35.5000
989.64,	35.5000
990.24,	35.5000
990.84,	35.5000
991.44,	35.5000
992.03,	35.5000
992.63,	35.5000
993.23,	35.5000
993.83,	35.5000
994.43,	35.5000
995.03,	35.5000
995.63,	35.5000
996.22,	35.5000
996.82,	35.5000
997.42,	35.5000
998.02,	35.5000
998.62,	35.5000
999.21,	35.5000
999.81,	35.5000
1000.41,	35.5000
