Call Sign = ZSDA,	Ship Name = SA Agulhas,	Lloyds Num = 0
Date = 12/05/2016,	Time = 11:02,	
Latitude = 49 09.15  S,	Longitude = 002 41.44  E
Instr = Sippican Deep Blue,	Card Type = Sippican MK-21,	
Wind Instr = ,	Measur Method = 
Probe Serial Num = -1,	Ship Dir = -1,	Ship Speed = -1.00
Wind Dir = 304,	Wind Speed = 22.20
Dry Bulb Temp = 3.60,	Total Water Depth = -1.00

Full Resolution Values
Depth,	 Temp
0.67,	3.8900
1.34,	3.0900
2.01,	2.9000
2.68,	2.8400
3.34,	2.8400
4.01,	2.8300
4.68,	2.8100
5.35,	2.8100
6.02,	2.8100
6.69,	2.8100
7.36,	2.8300
8.03,	2.8200
8.69,	2.8100
9.36,	2.8100
10.03,	2.8200
10.70,	2.8000
11.37,	2.8000
12.04,	2.8000
12.70,	2.7800
13.37,	2.7800
14.04,	2.7800
14.71,	2.7600
15.38,	2.7600
16.05,	2.7600
16.71,	2.7500
17.38,	2.7500
18.05,	2.7300
18.72,	2.7200
19.38,	2.7300
20.05,	2.7500
20.72,	2.7200
21.39,	2.7300
22.06,	2.7600
22.72,	2.7900
23.39,	2.8000
24.06,	2.8100
24.73,	2.8200
25.39,	2.8200
26.06,	2.8300
26.73,	2.8300
27.40,	2.8200
28.06,	2.8300
28.73,	2.8400
29.40,	2.8300
30.06,	2.8200
30.73,	2.8300
31.40,	2.8500
32.06,	2.8500
32.73,	2.8500
33.40,	2.8600
34.07,	2.8600
34.73,	2.8700
35.40,	2.8800
36.07,	2.8800
36.73,	2.8800
37.40,	2.8800
38.07,	2.8700
38.73,	2.8600
39.40,	2.8600
40.06,	2.8500
40.73,	2.8400
41.40,	2.8300
42.06,	2.8400
42.73,	2.8400
43.40,	2.8300
44.06,	2.8300
44.73,	2.8300
45.39,	2.8300
46.06,	2.8400
46.73,	2.8300
47.39,	2.8200
48.06,	2.8200
48.72,	2.8200
49.39,	2.8200
50.06,	2.8200
50.72,	2.8100
51.39,	2.8100
52.05,	2.8100
52.72,	2.8100
53.38,	2.8100
54.05,	2.8100
54.71,	2.8100
55.38,	2.8000
56.05,	2.8000
56.71,	2.8000
57.38,	2.8000
58.04,	2.7900
58.71,	2.7900
59.37,	2.7800
60.04,	2.7800
60.70,	2.7800
61.37,	2.7800
62.03,	2.7700
62.70,	2.7700
63.36,	2.7700
64.03,	2.7700
64.69,	2.7700
65.36,	2.7700
66.02,	2.7700
66.69,	2.7700
67.35,	2.7700
68.01,	2.7700
68.68,	2.7700
69.34,	2.7700
70.01,	2.7700
70.67,	2.7700
71.34,	2.7800
72.00,	2.7700
72.66,	2.7700
73.33,	2.7700
73.99,	2.7700
74.66,	2.7700
75.32,	2.7700
75.98,	2.7700
76.65,	2.7700
77.31,	2.7700
77.98,	2.7700
78.64,	2.7700
79.30,	2.7700
79.97,	2.7700
80.63,	2.7700
81.30,	2.7700
81.96,	2.7700
82.62,	2.7700
83.29,	2.7700
83.95,	2.7700
84.61,	2.7700
85.28,	2.7700
85.94,	2.7700
86.60,	2.7700
87.27,	2.7700
87.93,	2.7700
88.59,	2.7700
89.26,	2.7700
89.92,	2.7700
90.58,	2.7700
91.24,	2.7700
91.91,	2.7700
92.57,	2.7700
93.23,	2.7800
93.90,	2.7700
94.56,	2.7700
95.22,	2.7700
95.88,	2.7700
96.55,	2.7700
97.21,	2.7700
97.87,	2.7700
98.53,	2.7700
99.20,	2.7600
99.86,	2.7600
100.52,	2.7600
101.18,	2.7600
101.85,	2.7600
102.51,	2.7600
103.17,	2.7600
103.83,	2.7500
104.49,	2.7500
105.16,	2.7500
105.82,	2.7500
106.48,	2.7500
107.14,	2.7500
107.80,	2.7500
108.47,	2.7500
109.13,	2.7500
109.79,	2.7400
110.45,	2.7400
111.11,	2.7200
111.77,	2.7000
112.44,	2.6800
113.10,	2.6600
113.76,	2.6400
114.42,	2.6300
115.08,	2.6300
115.74,	2.6300
116.40,	2.6300
117.06,	2.6400
117.73,	2.6400
118.39,	2.6300
119.05,	2.6300
119.71,	2.6300
120.37,	2.6400
121.03,	2.6300
121.69,	2.6300
122.35,	2.6300
123.01,	2.6300
123.67,	2.6200
124.33,	2.6200
125.00,	2.6100
125.66,	2.6100
126.32,	2.6000
126.98,	2.5900
127.64,	2.5600
128.30,	2.5000
128.96,	2.4300
129.62,	2.4000
130.28,	2.3800
130.94,	2.3700
131.60,	2.3700
132.26,	2.3600
132.92,	2.3600
133.58,	2.3600
134.24,	2.3500
134.90,	2.3500
135.56,	2.3400
136.22,	2.3300
136.88,	2.3200
137.54,	2.3000
138.20,	2.2600
138.86,	2.2300
139.52,	2.2000
140.18,	2.1900
140.84,	2.1800
141.50,	2.1600
142.16,	2.1400
142.82,	2.1200
143.48,	2.0900
144.14,	2.0500
144.79,	2.0200
145.45,	1.9900
146.11,	1.9700
146.77,	1.9500
147.43,	1.9300
148.09,	1.9300
148.75,	1.9200
149.41,	1.9200
150.07,	1.9200
150.73,	1.9100
151.39,	1.9100
152.04,	1.9100
152.70,	1.9100
153.36,	1.9100
154.02,	1.9100
154.68,	1.9100
155.34,	1.9100
156.00,	1.9100
156.65,	1.9100
157.31,	1.9200
157.97,	1.9200
158.63,	1.9200
159.29,	1.9200
159.95,	1.9200
160.60,	1.9300
161.26,	1.9200
161.92,	1.9200
162.58,	1.9200
163.24,	1.9200
163.90,	1.9300
164.55,	1.9300
165.21,	1.9300
165.87,	1.9300
166.53,	1.9300
167.18,	1.9200
167.84,	1.9100
168.50,	1.9100
169.16,	1.9100
169.82,	1.9200
170.47,	1.9200
171.13,	1.9100
171.79,	1.9200
172.44,	1.9200
173.10,	1.9200
173.76,	1.9300
174.42,	1.9200
175.07,	1.9200
175.73,	1.9200
176.39,	1.9200
177.05,	1.9100
177.70,	1.9200
178.36,	1.9200
179.02,	1.9300
179.67,	1.9500
180.33,	1.9600
180.99,	1.9700
181.64,	1.9800
182.30,	1.9800
182.96,	1.9800
183.61,	1.9800
184.27,	2.0000
184.93,	2.0000
185.58,	2.0100
186.24,	2.0100
186.90,	2.0000
187.55,	1.9900
188.21,	1.9700
188.87,	1.9600
189.52,	1.9400
190.18,	1.8600
190.83,	1.7500
191.49,	1.7000
192.15,	1.6700
192.80,	1.6600
193.46,	1.6400
194.11,	1.6200
194.77,	1.6000
195.43,	1.5600
196.08,	1.5100
196.74,	1.4400
197.39,	1.3600
198.05,	1.3100
198.70,	1.2800
199.36,	1.2500
200.02,	1.2400
200.67,	1.2300
201.33,	1.2300
201.98,	1.2200
202.64,	1.2000
203.29,	1.1900
203.95,	1.1800
204.60,	1.1800
205.26,	1.1700
205.91,	1.1700
206.57,	1.1600
207.22,	1.1500
207.88,	1.1400
208.53,	1.1300
209.19,	1.1200
209.84,	1.1200
210.50,	1.1200
211.15,	1.1100
211.81,	1.1100
212.46,	1.1000
213.12,	1.1000
213.77,	1.1000
214.43,	1.0900
215.08,	1.0900
215.74,	1.0900
216.39,	1.0900
217.04,	1.0900
217.70,	1.0900
218.35,	1.0900
219.01,	1.0900
219.66,	1.0800
220.32,	1.0900
220.97,	1.0900
221.62,	1.0900
222.28,	1.0900
222.93,	1.0800
223.59,	1.0800
224.24,	1.0800
224.89,	1.0700
225.55,	1.0700
226.20,	1.0700
226.85,	1.0700
227.51,	1.0700
228.16,	1.0600
228.81,	1.0500
229.47,	1.0400
230.12,	1.0400
230.78,	1.0400
231.43,	1.0400
232.08,	1.0400
232.74,	1.0400
233.39,	1.0400
234.04,	1.0400
234.69,	1.0400
235.35,	1.0400
236.00,	1.0400
236.65,	1.0400
237.31,	1.0300
237.96,	1.0300
238.61,	1.0300
239.27,	1.0300
239.92,	1.0300
240.57,	1.0300
241.22,	1.0400
241.88,	1.0400
242.53,	1.0300
243.18,	1.0300
243.83,	1.0400
244.49,	1.0400
245.14,	1.0400
245.79,	1.0400
246.44,	1.0400
247.10,	1.0400
247.75,	1.0400
248.40,	1.0400
249.05,	1.0400
249.70,	1.0500
250.36,	1.0500
251.01,	1.0600
251.66,	1.0600
252.31,	1.0600
252.96,	1.0600
253.62,	1.0600
254.27,	1.0600
254.92,	1.0600
255.57,	1.0700
256.22,	1.0800
256.88,	1.0900
257.53,	1.1100
258.18,	1.1200
258.83,	1.1300
259.48,	1.1400
260.13,	1.1500
260.78,	1.1600
261.44,	1.1600
262.09,	1.1700
262.74,	1.2000
263.39,	1.2000
264.04,	1.2100
264.69,	1.2200
265.34,	1.2300
265.99,	1.2300
266.64,	1.2300
267.29,	1.2300
267.95,	1.2300
268.60,	1.2300
269.25,	1.2300
269.90,	1.2300
270.55,	1.2400
271.20,	1.2300
271.85,	1.2300
272.50,	1.2300
273.15,	1.2300
273.80,	1.2400
274.45,	1.2400
275.10,	1.2400
275.75,	1.2400
276.40,	1.2500
277.05,	1.2500
277.70,	1.2500
278.35,	1.2500
279.00,	1.2600
279.65,	1.2600
280.30,	1.2600
280.95,	1.2700
281.60,	1.2800
282.25,	1.2800
282.90,	1.2800
283.55,	1.2900
284.20,	1.2800
284.85,	1.2800
285.50,	1.2900
286.15,	1.2900
286.80,	1.2900
287.45,	1.2900
288.10,	1.3000
288.75,	1.3000
289.40,	1.3000
290.05,	1.3000
290.70,	1.3100
291.35,	1.3100
292.00,	1.3200
292.64,	1.3300
293.29,	1.3400
293.94,	1.3500
294.59,	1.3500
295.24,	1.3500
295.89,	1.3500
296.54,	1.3500
297.19,	1.3500
297.84,	1.3500
298.49,	1.3500
299.13,	1.3600
299.78,	1.3600
300.43,	1.3600
301.08,	1.3600
301.73,	1.3600
302.38,	1.3700
303.02,	1.3600
303.67,	1.3600
304.32,	1.3600
304.97,	1.3600
305.62,	1.3600
306.27,	1.3600
306.91,	1.3600
307.56,	1.3600
308.21,	1.3600
308.86,	1.3600
309.51,	1.3600
310.15,	1.3600
310.80,	1.3700
311.45,	1.3700
312.10,	1.3700
312.75,	1.3700
313.39,	1.3700
314.04,	1.3700
314.69,	1.3700
315.34,	1.3800
315.98,	1.4000
316.63,	1.4200
317.28,	1.4300
317.93,	1.4400
318.57,	1.4400
319.22,	1.4400
319.87,	1.4400
320.52,	1.4500
321.16,	1.4600
321.81,	1.4700
322.46,	1.4800
323.10,	1.4800
323.75,	1.4900
324.40,	1.4900
325.04,	1.4900
325.69,	1.5000
326.34,	1.5100
326.99,	1.5200
327.63,	1.5400
328.28,	1.5500
328.93,	1.5500
329.57,	1.5500
330.22,	1.5600
330.86,	1.5800
331.51,	1.5800
332.16,	1.5900
332.80,	1.6000
333.45,	1.6000
334.10,	1.6100
334.74,	1.6100
335.39,	1.6200
336.03,	1.6300
336.68,	1.6300
337.33,	1.6400
337.97,	1.6500
338.62,	1.6500
339.26,	1.6500
339.91,	1.6500
340.56,	1.6600
341.20,	1.6600
341.85,	1.6600
342.49,	1.6600
343.14,	1.6600
343.78,	1.6700
344.43,	1.6600
345.08,	1.6600
345.72,	1.6700
346.37,	1.6700
347.01,	1.6700
347.66,	1.6700
348.30,	1.6600
348.95,	1.6700
349.59,	1.6700
350.24,	1.6800
350.88,	1.6800
351.53,	1.7000
352.17,	1.7200
352.82,	1.7300
353.46,	1.7300
354.11,	1.7200
354.75,	1.7200
355.40,	1.7200
356.04,	1.7200
356.69,	1.7300
357.33,	1.7300
357.98,	1.7500
358.62,	1.7500
359.27,	1.7500
359.91,	1.7600
360.55,	1.7600
361.20,	1.7600
361.84,	1.7700
362.49,	1.7700
363.13,	1.7700
363.78,	1.7700
364.42,	1.7700
365.06,	1.7700
365.71,	1.7700
366.35,	1.7700
367.00,	1.7700
367.64,	1.7700
368.28,	1.7700
368.93,	1.7700
369.57,	1.7700
370.22,	1.7700
370.86,	1.7800
371.50,	1.7700
372.15,	1.7700
372.79,	1.7800
373.43,	1.7800
374.08,	1.7900
374.72,	1.7900
375.36,	1.8000
376.01,	1.8000
376.65,	1.8000
377.29,	1.8100
377.94,	1.8100
378.58,	1.8100
379.22,	1.8100
379.87,	1.8200
380.51,	1.8300
381.15,	1.8300
381.79,	1.8400
382.44,	1.8400
383.08,	1.8400
383.72,	1.8500
384.37,	1.8500
385.01,	1.8600
385.65,	1.8600
386.29,	1.8600
386.94,	1.8600
387.58,	1.8700
388.22,	1.8800
388.86,	1.8900
389.51,	1.9000
390.15,	1.9000
390.79,	1.9000
391.43,	1.9100
392.08,	1.9100
392.72,	1.9200
393.36,	1.9200
394.00,	1.9300
394.64,	1.9300
395.29,	1.9400
395.93,	1.9300
396.57,	1.9400
397.21,	1.9400
397.85,	1.9400
398.50,	1.9400
399.14,	1.9500
399.78,	1.9600
400.42,	1.9700
401.06,	1.9800
401.70,	1.9900
402.34,	1.9900
402.99,	1.9900
403.63,	2.0000
404.27,	2.0000
404.91,	2.0100
405.55,	2.0100
406.19,	2.0100
406.83,	2.0200
407.48,	2.0200
408.12,	2.0200
408.76,	2.0300
409.40,	2.0300
410.04,	2.0300
410.68,	2.0300
411.32,	2.0400
411.96,	2.0400
412.60,	2.0500
413.24,	2.0500
413.88,	2.0500
414.52,	2.0500
415.17,	2.0500
415.81,	2.0600
416.45,	2.0600
417.09,	2.0600
417.73,	2.0600
418.37,	2.0600
419.01,	2.0600
419.65,	2.0600
420.29,	2.0600
420.93,	2.0600
421.57,	2.0700
422.21,	2.0700
422.85,	2.0700
423.49,	2.0700
424.13,	2.0800
424.77,	2.0800
425.41,	2.0700
426.05,	2.0800
426.69,	2.0800
427.33,	2.0800
427.97,	2.0800
428.61,	2.0800
429.25,	2.0900
429.89,	2.0900
430.53,	2.0900
431.17,	2.0900
431.80,	2.1000
432.44,	2.1000
433.08,	2.0900
433.72,	2.1000
434.36,	2.1000
435.00,	2.1000
435.64,	2.1000
436.28,	2.1000
436.92,	2.1100
437.56,	2.1100
438.20,	2.1100
438.84,	2.1200
439.47,	2.1200
440.11,	2.1200
440.75,	2.1200
441.39,	2.1200
442.03,	2.1300
442.67,	2.1300
443.31,	2.1300
443.95,	2.1300
444.58,	2.1300
445.22,	2.1400
445.86,	2.1400
446.50,	2.1300
447.14,	2.1400
447.78,	2.1400
448.41,	2.1400
449.05,	2.1400
449.69,	2.1400
450.33,	2.1400
450.97,	2.1400
451.60,	2.1400
452.24,	2.1400
452.88,	2.1400
453.52,	2.1400
454.16,	2.1400
454.79,	2.1400
455.43,	2.1400
456.07,	2.1500
456.71,	2.1400
457.35,	2.1500
457.98,	2.1500
458.62,	2.1500
459.26,	2.1400
459.90,	2.1500
460.53,	2.1500
461.17,	2.1400
461.81,	2.1500
462.44,	2.1600
463.08,	2.1600
463.72,	2.1700
464.36,	2.1700
464.99,	2.1700
465.63,	2.1700
466.27,	2.1700
466.90,	2.1700
467.54,	2.1700
468.18,	2.1700
468.81,	2.1700
469.45,	2.1700
470.09,	2.1700
470.72,	2.1700
471.36,	2.1700
472.00,	2.1700
472.63,	2.1700
473.27,	2.1700
473.91,	2.1800
474.54,	2.1800
475.18,	2.1800
475.82,	2.1700
476.45,	2.1700
477.09,	2.1800
477.73,	2.1800
478.36,	2.1800
479.00,	2.1700
479.63,	2.1800
480.27,	2.1800
480.91,	2.1800
481.54,	2.1800
482.18,	2.1800
482.81,	2.1800
483.45,	2.1700
484.08,	2.1800
484.72,	2.1800
485.36,	2.1800
485.99,	2.1800
486.63,	2.1700
487.26,	2.1700
487.90,	2.1800
488.53,	2.1800
489.17,	2.1800
489.80,	2.1700
490.44,	2.1700
491.07,	2.1800
491.71,	2.1800
492.34,	2.1800
492.98,	2.1800
493.62,	2.1900
494.25,	2.1800
494.89,	2.1800
495.52,	2.1800
496.15,	2.1800
496.79,	2.1800
497.42,	2.1800
498.06,	2.1800
498.69,	2.1700
499.33,	2.1800
499.96,	2.1800
500.60,	2.1800
501.23,	2.1800
501.87,	2.1800
502.50,	2.1800
503.14,	2.1800
503.77,	2.1800
504.40,	2.1800
505.04,	2.1800
505.67,	2.1800
506.31,	2.1800
506.94,	2.1800
507.57,	2.1800
508.21,	2.1900
508.84,	2.1900
509.48,	2.1900
510.11,	2.1900
510.74,	2.1900
511.38,	2.1900
512.01,	2.1900
512.65,	2.2000
513.28,	2.2000
513.91,	2.2000
514.55,	2.1900
515.18,	2.1900
515.81,	2.2000
516.45,	2.2000
517.08,	2.2000
517.71,	2.1900
518.35,	2.2000
518.98,	2.2000
519.61,	2.2000
520.25,	2.2000
520.88,	2.2000
521.51,	2.2000
522.15,	2.2000
522.78,	2.2000
523.41,	2.2000
524.04,	2.2000
524.68,	2.2000
525.31,	2.2000
525.94,	2.2000
526.58,	2.2000
527.21,	2.2000
527.84,	2.2000
528.47,	2.2100
529.11,	2.2000
529.74,	2.2100
530.37,	2.2100
531.00,	2.2100
531.64,	2.2100
532.27,	2.2100
532.90,	2.2100
533.53,	2.2100
534.17,	2.2000
534.80,	2.2100
535.43,	2.2000
536.06,	2.2000
536.69,	2.2100
537.33,	2.2100
537.96,	2.2100
538.59,	2.2000
539.22,	2.2000
539.85,	2.2000
540.48,	2.2000
541.12,	2.2100
541.75,	2.2100
542.38,	2.2100
543.01,	2.2100
543.64,	2.2100
544.27,	2.2100
544.91,	2.2200
545.54,	2.2100
546.17,	2.2100
546.80,	2.2200
547.43,	2.2200
548.06,	2.2200
548.69,	2.2200
549.32,	2.2200
549.95,	2.2200
550.59,	2.2200
551.22,	2.2200
551.85,	2.2300
552.48,	2.2200
553.11,	2.2200
553.74,	2.2200
554.37,	2.2200
555.00,	2.2200
555.63,	2.2200
556.26,	2.2200
556.89,	2.2200
557.52,	2.2200
558.15,	2.2200
558.78,	2.2200
559.42,	2.2200
560.05,	2.2200
560.68,	2.2200
561.31,	2.2200
561.94,	2.2200
562.57,	2.2200
563.20,	2.2300
563.83,	2.2200
564.46,	2.2200
565.09,	2.2200
565.72,	2.2300
566.35,	2.2200
566.98,	2.2200
567.61,	2.2300
568.24,	2.2300
568.87,	2.2300
569.50,	2.2200
570.12,	2.2300
570.75,	2.2300
571.38,	2.2300
572.01,	2.2300
572.64,	2.2400
573.27,	2.2300
573.90,	2.2400
574.53,	2.2400
575.16,	2.2400
575.79,	2.2400
576.42,	2.2400
577.05,	2.2400
577.68,	2.2400
578.31,	2.2400
578.93,	2.2400
579.56,	2.2400
580.19,	2.2400
580.82,	2.2400
581.45,	2.2400
582.08,	2.2400
582.71,	2.2400
583.34,	2.2400
583.97,	2.2400
584.59,	2.2400
585.22,	2.2400
585.85,	2.2400
586.48,	2.2400
587.11,	2.2400
587.74,	2.2400
588.36,	2.2400
588.99,	2.2400
589.62,	2.2400
590.25,	2.2400
590.88,	2.2400
591.50,	2.2400
592.13,	2.2400
592.76,	2.2400
593.39,	2.2400
594.02,	2.2400
594.64,	2.2400
595.27,	2.2500
595.90,	2.2500
596.53,	2.2500
597.16,	2.2500
597.78,	2.2500
598.41,	2.2500
599.04,	2.2400
599.67,	2.2500
600.29,	2.2500
600.92,	2.2400
601.55,	2.2500
602.18,	2.2500
602.80,	2.2400
603.43,	2.2500
604.06,	2.2500
604.68,	2.2500
605.31,	2.2500
605.94,	2.2500
606.57,	2.2500
607.19,	2.2500
607.82,	2.2500
608.45,	2.2500
609.07,	2.2500
609.70,	2.2500
610.33,	2.2500
610.95,	2.2500
611.58,	2.2500
612.21,	2.2500
612.83,	2.2500
613.46,	2.2500
614.09,	2.2600
614.71,	2.2500
615.34,	2.2500
615.97,	2.2500
616.59,	2.2500
617.22,	2.2500
617.84,	2.2500
618.47,	2.2500
619.10,	2.2500
619.72,	2.2500
620.35,	2.2600
620.97,	2.2600
621.60,	2.2600
622.23,	2.2600
622.85,	2.2600
623.48,	2.2600
624.10,	2.2600
624.73,	2.2600
625.35,	2.2600
625.98,	2.2600
626.61,	2.2700
627.23,	2.2700
627.86,	2.2700
628.48,	2.2700
629.11,	2.2600
629.73,	2.2700
630.36,	2.2700
630.98,	2.2700
631.61,	2.2700
632.23,	2.2700
632.86,	2.2700
633.48,	2.2700
634.11,	2.2700
634.73,	2.2700
635.36,	2.2700
635.98,	2.2700
636.61,	2.2700
637.23,	2.2700
637.86,	2.2700
638.48,	2.2800
639.11,	2.2800
639.73,	2.2700
640.36,	2.2700
640.98,	2.2700
641.61,	2.2700
642.23,	2.2700
642.85,	2.2700
643.48,	2.2800
644.10,	2.2800
644.73,	2.2800
645.35,	2.2700
645.98,	2.2800
646.60,	2.2700
647.22,	2.2800
647.85,	2.2700
648.47,	2.2700
649.10,	2.2700
649.72,	2.2700
650.34,	2.2700
650.97,	2.2700
651.59,	2.2700
652.22,	2.2700
652.84,	2.2700
653.46,	2.2800
654.09,	2.2700
654.71,	2.2700
655.33,	2.2700
655.96,	2.2700
656.58,	2.2700
657.20,	2.2700
657.83,	2.2700
658.45,	2.2700
659.07,	2.2700
659.70,	2.2700
660.32,	2.2700
660.94,	2.2700
661.57,	2.2700
662.19,	2.2700
662.81,	2.2700
663.43,	2.2700
664.06,	2.2700
664.68,	2.2700
665.30,	2.2700
665.93,	2.2800
666.55,	2.2800
667.17,	2.2800
667.79,	2.2700
668.42,	2.2700
669.04,	2.2700
669.66,	2.2700
670.28,	2.2700
670.91,	2.2700
671.53,	2.2700
672.15,	2.2700
672.77,	2.2800
673.39,	2.2700
674.02,	2.2700
674.64,	2.2700
675.26,	2.2800
675.88,	2.2700
676.50,	2.2700
677.13,	2.2700
677.75,	2.2700
678.37,	2.2700
678.99,	2.2700
679.61,	2.2700
680.24,	2.2800
680.86,	2.2800
681.48,	2.2800
682.10,	2.2800
682.72,	2.2700
683.34,	2.2700
683.96,	2.2700
684.59,	2.2700
685.21,	2.2700
685.83,	2.2700
686.45,	2.2700
687.07,	2.2700
687.69,	2.2700
688.31,	2.2700
688.93,	2.2700
689.56,	2.2700
690.18,	2.2700
690.80,	2.2700
691.42,	2.2700
692.04,	2.2700
692.66,	2.2700
693.28,	2.2700
693.90,	2.2700
694.52,	2.2600
695.14,	2.2700
695.76,	2.2700
696.38,	2.2700
697.00,	2.2700
697.62,	2.2700
698.25,	2.2700
698.87,	2.2600
699.49,	2.2600
700.11,	2.2700
700.73,	2.2600
701.35,	2.2600
701.97,	2.2600
702.59,	2.2600
703.21,	2.2600
703.83,	2.2600
704.45,	2.2700
705.07,	2.2700
705.69,	2.2700
706.31,	2.2700
706.93,	2.2700
707.55,	2.2700
708.17,	2.2700
708.79,	2.2700
709.40,	2.2700
710.02,	2.2700
710.64,	2.2700
711.26,	2.2700
711.88,	2.2700
712.50,	2.2700
713.12,	2.2700
713.74,	2.2700
714.36,	2.2600
714.98,	2.2700
715.60,	2.2600
716.22,	2.2600
716.84,	2.2700
717.45,	2.2600
718.07,	2.2600
718.69,	2.2600
719.31,	2.2600
719.93,	2.2600
720.55,	2.2600
721.17,	2.2600
721.79,	2.2600
722.41,	2.2600
723.02,	2.2700
723.64,	2.2600
724.26,	2.2600
724.88,	2.2600
725.50,	2.2600
726.12,	2.2600
726.73,	2.2700
727.35,	2.2700
727.97,	2.2700
728.59,	2.2700
729.21,	2.2700
729.83,	2.2800
730.44,	2.2700
731.06,	2.2700
731.68,	2.2700
732.30,	2.2700
732.92,	2.2800
733.53,	2.2800
734.15,	2.2800
734.77,	2.2800
735.39,	2.2800
736.00,	2.2900
736.62,	2.2900
737.24,	2.2800
737.86,	2.2800
738.47,	2.2800
739.09,	2.2800
739.71,	2.2700
740.33,	2.2600
740.94,	2.2600
741.56,	2.2600
742.18,	2.2600
742.79,	2.2600
743.41,	2.2600
744.03,	2.2600
744.65,	2.2600
745.26,	2.2600
745.88,	2.2600
746.50,	2.2600
747.11,	2.2600
747.73,	2.2600
748.35,	2.2600
748.96,	2.2600
749.58,	2.2600
750.20,	2.2600
750.81,	2.2700
751.43,	2.2600
752.05,	2.2600
752.66,	2.2600
753.28,	2.2700
753.90,	2.2700
754.51,	2.2600
755.13,	2.2600
755.74,	2.2600
756.36,	2.2600
756.98,	2.2600
757.59,	2.2700
758.21,	2.2700
758.82,	2.2700
759.44,	2.2700
760.06,	2.2600
760.67,	2.2600
761.29,	2.2700
761.90,	2.2600
762.52,	2.2600
763.14,	2.2600
763.75,	2.2700
764.37,	2.2600
764.98,	2.2600
765.60,	2.2600
766.21,	2.2600
766.83,	2.2600
767.44,	2.2600
768.06,	2.2600
768.67,	2.2600
769.29,	2.2600
769.90,	2.2600
770.52,	2.2600
771.14,	2.2600
771.75,	2.2600
772.37,	2.2600
772.98,	2.2600
773.59,	2.2600
774.21,	2.2600
774.82,	2.2600
775.44,	2.2600
776.05,	2.2600
776.67,	2.2600
777.28,	2.2500
777.90,	2.2600
778.51,	2.2600
779.13,	2.2600
779.74,	2.2600
780.36,	2.2600
780.97,	2.2500
781.58,	2.2500
782.20,	2.2500
782.81,	2.2500
783.43,	2.2500
784.04,	2.2500
784.66,	2.2500
785.27,	2.2500
785.88,	2.2500
786.50,	2.2500
787.11,	2.2500
787.73,	2.2500
788.34,	2.2500
788.95,	2.2500
789.57,	2.2500
790.18,	2.2500
790.79,	2.2500
791.41,	2.2500
792.02,	2.2600
792.63,	2.2500
793.25,	2.2500
793.86,	2.2500
794.47,	2.2600
795.09,	2.2500
795.70,	2.2500
796.31,	2.2600
796.93,	2.2600
797.54,	2.2600
798.15,	2.2600
798.77,	2.2600
799.38,	2.2600
799.99,	2.2600
800.61,	2.2600
801.22,	2.2600
801.83,	2.2600
802.44,	2.2600
803.06,	2.2600
803.67,	2.2600
804.28,	2.2600
804.90,	2.2600
805.51,	2.2600
806.12,	2.2600
806.73,	2.2600
807.34,	2.2600
807.96,	2.2500
808.57,	2.2600
809.18,	2.2600
809.79,	2.2600
810.41,	2.2600
811.02,	2.2600
811.63,	2.2600
812.24,	2.2600
812.85,	2.2600
813.47,	2.2600
814.08,	2.2600
814.69,	2.2500
815.30,	2.2600
815.91,	2.2600
816.53,	2.2500
817.14,	2.2600
817.75,	2.2600
818.36,	2.2600
818.97,	2.2600
819.58,	2.2600
820.20,	2.2500
820.81,	2.2500
821.42,	2.2500
822.03,	2.2500
822.64,	2.2600
823.25,	2.2600
823.86,	2.2600
824.47,	2.2600
825.09,	2.2600
825.70,	2.2600
826.31,	2.2600
826.92,	2.2600
827.53,	2.2600
828.14,	2.2600
828.75,	2.2600
829.36,	2.2600
829.97,	2.2600
830.58,	2.2600
831.19,	2.2600
831.80,	2.2600
832.42,	2.2600
833.03,	2.2600
833.64,	2.2500
834.25,	2.2600
834.86,	2.2600
835.47,	2.2600
836.08,	2.2500
836.69,	2.2500
837.30,	2.2500
837.91,	2.2600
838.52,	2.2600
839.13,	2.2600
839.74,	2.2500
840.35,	2.2500
840.96,	2.2500
841.57,	2.2600
842.18,	2.2600
842.79,	2.2500
843.40,	2.2600
844.01,	2.2600
844.62,	2.2500
845.23,	2.2600
845.84,	2.2600
846.45,	2.2600
847.06,	2.2600
847.67,	2.2600
848.27,	2.2600
848.88,	2.2600
849.49,	2.2600
850.10,	2.2600
850.71,	2.2600
851.32,	2.2500
851.93,	2.2500
852.54,	2.2600
853.15,	2.2500
853.76,	2.2500
854.37,	2.2600
854.98,	2.2500
855.58,	2.2500
856.19,	2.2500
856.80,	2.2500
857.41,	2.2500
858.02,	2.2500
858.63,	2.2600
859.24,	2.2600
859.85,	2.2500
860.45,	2.2600
861.06,	2.2600
861.67,	2.2600
862.28,	2.2600
862.89,	2.2600
863.50,	2.2500
864.10,	2.2500
864.71,	2.2600
865.32,	2.2600
865.93,	2.2500
866.54,	2.2500
867.14,	2.2500
867.75,	2.2500
868.36,	2.2500
868.97,	2.2500
869.58,	2.2400
870.18,	2.2400
870.79,	2.2400
871.40,	2.2400
872.01,	2.2500
872.61,	2.2500
873.22,	2.2400
873.83,	2.2500
874.44,	2.2400
875.04,	2.2400
875.65,	2.2400
876.26,	2.2400
876.87,	2.2400
877.47,	2.2400
878.08,	2.2400
878.69,	2.2400
879.29,	2.2400
879.90,	2.2400
880.51,	2.2400
881.12,	2.2400
881.72,	2.2400
882.33,	2.2400
882.94,	2.2400
883.54,	2.2400
884.15,	2.2400
884.76,	2.2400
885.36,	2.2400
885.97,	2.2300
886.58,	2.2400
887.18,	2.2300
887.79,	2.2300
888.40,	2.2400
889.00,	2.2300
889.61,	2.2300
890.22,	2.2300
890.82,	2.2300
891.43,	2.2300
892.03,	2.2300
892.64,	2.2300
893.25,	2.2300
893.85,	2.2300
894.46,	2.2300
895.06,	2.2300
895.67,	2.2300
896.28,	2.2300
896.88,	2.2300
897.49,	2.2300
898.09,	2.2300
898.70,	2.2300
899.30,	2.2300
899.91,	2.2300
900.52,	2.2300
901.12,	2.2300
901.73,	2.2200
902.33,	2.2300
902.94,	2.2300
903.54,	2.2300
904.15,	2.2300
904.75,	2.2300
905.36,	2.2200
905.96,	2.2300
906.57,	2.2300
907.17,	2.2200
907.78,	2.2200
908.38,	2.2200
908.99,	2.2200
909.59,	2.2200
910.20,	2.2200
910.80,	2.2200
911.41,	2.2200
912.01,	2.2300
912.62,	2.2300
913.22,	2.2200
913.83,	2.2200
914.43,	2.2300
915.03,	2.2300
915.64,	2.2300
916.24,	2.2300
916.85,	2.2300
917.45,	2.2300
918.06,	2.2300
918.66,	2.2300
919.26,	2.2300
919.87,	3.5800
920.47,	12.4300
921.08,	21.6500
921.68,	27.1500
922.28,	31.3800
922.89,	34.5200
923.49,	35.5000
924.10,	35.5000
924.70,	35.5000
925.30,	35.5000
925.91,	35.5000
926.51,	35.5000
927.11,	35.5000
927.72,	35.5000
928.32,	35.5000
928.92,	35.5000
929.53,	35.5000
930.13,	35.5000
930.74,	35.5000
931.34,	35.5000
931.94,	35.5000
932.54,	35.5000
933.15,	35.5000
933.75,	35.5000
934.35,	35.5000
934.96,	35.5000
935.56,	35.5000
936.16,	35.5000
936.77,	35.5000
937.37,	35.5000
937.97,	35.5000
938.57,	35.5000
939.18,	35.5000
939.78,	35.5000
940.38,	35.5000
940.98,	35.5000
941.59,	35.5000
942.19,	35.5000
942.79,	35.5000
943.39,	35.5000
944.00,	35.5000
944.60,	35.5000
945.20,	35.5000
945.80,	35.5000
946.40,	35.5000
947.01,	35.5000
947.61,	35.5000
948.21,	-2.5200
948.81,	-2.5200
949.41,	-2.5200
950.02,	-2.5200
950.62,	-2.5200
951.22,	-2.5200
951.82,	-2.5200
952.42,	-2.5200
953.02,	-2.5200
953.63,	-2.5200
954.23,	-2.5200
954.83,	-2.5200
955.43,	-2.5200
956.03,	-2.5200
956.63,	-2.5200
957.24,	-2.5200
957.84,	-2.5200
958.44,	-2.5200
959.04,	-2.5200
959.64,	-2.5200
960.24,	-2.5200
960.84,	-2.5200
961.44,	-2.5200
962.04,	-2.5200
962.64,	-2.5200
963.25,	-2.5200
963.85,	-2.5200
964.45,	-2.5200
965.05,	-2.5200
965.65,	-2.5200
966.25,	-2.5200
966.85,	-2.5200
967.45,	-2.5200
968.05,	-2.5200
968.65,	-2.5200
969.25,	-2.5200
969.85,	-2.5200
970.45,	-2.5200
971.05,	-2.5200
971.65,	-2.5200
972.25,	-2.5200
972.85,	-2.5200
973.45,	-2.5200
974.05,	-2.5200
974.65,	-2.5200
975.25,	-2.5200
975.85,	-2.5200
976.45,	-2.5200
977.05,	-2.5200
977.65,	-2.5200
978.25,	-2.5200
978.85,	-2.5200
979.45,	-2.5200
980.05,	-2.5200
980.65,	-2.5200
981.25,	-2.5200
981.85,	-2.5200
982.45,	-2.5200
983.05,	-2.5200
983.65,	-2.5200
984.25,	-2.5200
984.85,	-2.5200
985.45,	-2.5200
986.04,	-2.5200
986.64,	-2.5200
987.24,	-2.5200
987.84,	-2.5200
988.44,	-2.5200
989.04,	-2.5200
989.64,	-2.5200
990.24,	-2.5200
990.84,	-2.5200
991.44,	-2.5200
992.03,	-2.5200
992.63,	-2.5200
993.23,	-2.5200
993.83,	-2.5200
994.43,	-2.5200
995.03,	-2.5200
995.63,	-2.5200
996.22,	-2.5200
996.82,	-2.5200
997.42,	-2.5200
998.02,	-2.5200
998.62,	-2.5200
999.21,	-2.5200
999.81,	-2.5200
1000.41,	-2.5200
