Call Sign = ZSDA,	Ship Name = SA Agulhas,	Lloyds Num = 0
Date = 12/02/2016,	Time = 10:00,	
Latitude = 38 48.09  S,	Longitude = 011 38.06  E
Instr = Sippican Deep Blue,	Card Type = Sippican MK-21,	
Wind Instr = ,	Measur Method = 
Probe Serial Num = -1,	Ship Dir = -1,	Ship Speed = -1.00
Wind Dir = 7,	Wind Speed = 25.10
Dry Bulb Temp = 16.10,	Total Water Depth = -1.00

Full Resolution Values
Depth,	 Temp
0.67,	15.5100
1.34,	14.9400
2.01,	14.8000
2.68,	14.7600
3.34,	14.7500
4.01,	14.7400
4.68,	14.7400
5.35,	14.7400
6.02,	14.7500
6.69,	14.7500
7.36,	14.7600
8.03,	14.7600
8.69,	14.7500
9.36,	14.7400
10.03,	14.7400
10.70,	14.7500
11.37,	14.7500
12.04,	14.7400
12.70,	14.7400
13.37,	14.7300
14.04,	14.7200
14.71,	14.7300
15.38,	14.7300
16.05,	14.7200
16.71,	14.7300
17.38,	14.7200
18.05,	14.7200
18.72,	14.7300
19.38,	14.7200
20.05,	14.7100
20.72,	14.7100
21.39,	14.7100
22.06,	14.7100
22.72,	14.7000
23.39,	14.6900
24.06,	14.6900
24.73,	14.6900
25.39,	14.6800
26.06,	14.6800
26.73,	14.6500
27.40,	14.6100
28.06,	14.5500
28.73,	14.4800
29.40,	14.4100
30.06,	14.2700
30.73,	14.1200
31.40,	13.8900
32.06,	13.6100
32.73,	13.4500
33.40,	13.3700
34.07,	13.2900
34.73,	13.1900
35.40,	13.1000
36.07,	13.0400
36.73,	13.0000
37.40,	12.9600
38.07,	12.9300
38.73,	12.9100
39.40,	12.8700
40.06,	12.8100
40.73,	12.7100
41.40,	12.5900
42.06,	12.5100
42.73,	12.4600
43.40,	12.4300
44.06,	12.4100
44.73,	12.3900
45.39,	12.3700
46.06,	12.3600
46.73,	12.3400
47.39,	12.3200
48.06,	12.2900
48.72,	12.2600
49.39,	12.2400
50.06,	12.2200
50.72,	12.2300
51.39,	12.2500
52.05,	12.2700
52.72,	12.2800
53.38,	12.3000
54.05,	12.3300
54.71,	12.3500
55.38,	12.3900
56.05,	12.4300
56.71,	12.4700
57.38,	12.5000
58.04,	12.5100
58.71,	12.5100
59.37,	12.5100
60.04,	12.5000
60.70,	12.4800
61.37,	12.4300
62.03,	12.3400
62.70,	12.2300
63.36,	12.1600
64.03,	12.1300
64.69,	12.1200
65.36,	12.1300
66.02,	12.1200
66.69,	12.1200
67.35,	12.1100
68.01,	12.1200
68.68,	12.1100
69.34,	12.1100
70.01,	12.1100
70.67,	12.1100
71.34,	12.1100
72.00,	12.1100
72.66,	12.1300
73.33,	12.1500
73.99,	12.1500
74.66,	12.1500
75.32,	12.1600
75.98,	12.1700
76.65,	12.1700
77.31,	12.1800
77.98,	12.1900
78.64,	12.2100
79.30,	12.2300
79.97,	12.2400
80.63,	12.2500
81.30,	12.2500
81.96,	12.2200
82.62,	12.1800
83.29,	12.1300
83.95,	12.1100
84.61,	12.1000
85.28,	12.1000
85.94,	12.1000
86.60,	12.1000
87.27,	12.0900
87.93,	12.0900
88.59,	12.0900
89.26,	12.0800
89.92,	12.0600
90.58,	12.0600
91.24,	12.0500
91.91,	12.0400
92.57,	12.0200
93.23,	12.0100
93.90,	12.0100
94.56,	12.0100
95.22,	12.0100
95.88,	11.9900
96.55,	11.9800
97.21,	11.9700
97.87,	11.9700
98.53,	11.9600
99.20,	11.9400
99.86,	11.9300
100.52,	11.9200
101.18,	11.9100
101.85,	11.8900
102.51,	11.8500
103.17,	11.8300
103.83,	11.8100
104.49,	11.8100
105.16,	11.8100
105.82,	11.8200
106.48,	11.8300
107.14,	11.8300
107.80,	11.8400
108.47,	11.8500
109.13,	11.8600
109.79,	11.8500
110.45,	11.8600
111.11,	11.8600
111.77,	11.8600
112.44,	11.8600
113.10,	11.8700
113.76,	11.8700
114.42,	11.8700
115.08,	11.8800
115.74,	11.8700
116.40,	11.8600
117.06,	11.8600
117.73,	11.8600
118.39,	11.8600
119.05,	11.8700
119.71,	11.8700
120.37,	11.8700
121.03,	11.8800
121.69,	11.8900
122.35,	11.9000
123.01,	11.9000
123.67,	11.8900
124.33,	11.8800
125.00,	11.8600
125.66,	11.8500
126.32,	11.8600
126.98,	11.8600
127.64,	11.8800
128.30,	11.8900
128.96,	11.9000
129.62,	11.8900
130.28,	11.8700
130.94,	11.8200
131.60,	11.7900
132.26,	11.7600
132.92,	11.7300
133.58,	11.6900
134.24,	11.6500
134.90,	11.6200
135.56,	11.6000
136.22,	11.5900
136.88,	11.5800
137.54,	11.5700
138.20,	11.5500
138.86,	11.5300
139.52,	11.4900
140.18,	11.4700
140.84,	11.4600
141.50,	11.4400
142.16,	11.4200
142.82,	11.4000
143.48,	11.4000
144.14,	11.3800
144.79,	11.3500
145.45,	11.3300
146.11,	11.3000
146.77,	11.2800
147.43,	11.2600
148.09,	11.2500
148.75,	11.2400
149.41,	11.2300
150.07,	11.2100
150.73,	11.2000
151.39,	11.1900
152.04,	11.1700
152.70,	11.1400
153.36,	11.1100
154.02,	11.0900
154.68,	11.0800
155.34,	11.0700
156.00,	11.0600
156.65,	11.0500
157.31,	11.0600
157.97,	11.0900
158.63,	11.1900
159.29,	11.2800
159.95,	11.3100
160.60,	11.3100
161.26,	11.3100
161.92,	11.3000
162.58,	11.2900
163.24,	11.2600
163.90,	11.2300
164.55,	11.2100
165.21,	11.1800
165.87,	11.1400
166.53,	11.0900
167.18,	11.0500
167.84,	11.0300
168.50,	11.0100
169.16,	10.9900
169.82,	10.9600
170.47,	10.9300
171.13,	10.9200
171.79,	10.9200
172.44,	10.9000
173.10,	10.8900
173.76,	10.8700
174.42,	10.8700
175.07,	10.8700
175.73,	10.8700
176.39,	10.8700
177.05,	10.8600
177.70,	10.8500
178.36,	10.8300
179.02,	10.8200
179.67,	10.8100
180.33,	10.8000
180.99,	10.8000
181.64,	10.8000
182.30,	10.7900
182.96,	10.7900
183.61,	10.7900
184.27,	10.8100
184.93,	10.8400
185.58,	10.8600
186.24,	10.8700
186.90,	10.8700
187.55,	10.8700
188.21,	10.8700
188.87,	10.8700
189.52,	10.8600
190.18,	10.8600
190.83,	10.8500
191.49,	10.8400
192.15,	10.8200
192.80,	10.8200
193.46,	10.8100
194.11,	10.7400
194.77,	10.6500
195.43,	10.6200
196.08,	10.6200
196.74,	10.6300
197.39,	10.6200
198.05,	10.6000
198.70,	10.5900
199.36,	10.5900
200.02,	10.6200
200.67,	10.6800
201.33,	10.7100
201.98,	10.7200
202.64,	10.7100
203.29,	10.6900
203.95,	10.6200
204.60,	10.5600
205.26,	10.4700
205.91,	10.4000
206.57,	10.3600
207.22,	10.3100
207.88,	10.2600
208.53,	10.2300
209.19,	10.2100
209.84,	10.1800
210.50,	10.1800
211.15,	10.1700
211.81,	10.1400
212.46,	10.1100
213.12,	10.0800
213.77,	10.0700
214.43,	10.0600
215.08,	10.0500
215.74,	10.0500
216.39,	10.0500
217.04,	10.0500
217.70,	10.0600
218.35,	10.0700
219.01,	10.0900
219.66,	10.1100
220.32,	10.1100
220.97,	10.1200
221.62,	10.1400
222.28,	10.1800
222.93,	10.2000
223.59,	10.2200
224.24,	10.2300
224.89,	10.2300
225.55,	10.2200
226.20,	10.2200
226.85,	10.2100
227.51,	10.2000
228.16,	10.1900
228.81,	10.1900
229.47,	10.1900
230.12,	10.1800
230.78,	10.1900
231.43,	10.1800
232.08,	10.1800
232.74,	10.1800
233.39,	10.1600
234.04,	10.1500
234.69,	10.1400
235.35,	10.1300
236.00,	10.1100
236.65,	10.1000
237.31,	10.1000
237.96,	10.0900
238.61,	10.0900
239.27,	10.0800
239.92,	10.0700
240.57,	10.0600
241.22,	10.0600
241.88,	10.0600
242.53,	10.0500
243.18,	10.0500
243.83,	10.0500
244.49,	10.0500
245.14,	10.0400
245.79,	10.0400
246.44,	10.0400
247.10,	10.0300
247.75,	10.0300
248.40,	10.0200
249.05,	10.0200
249.70,	10.0200
250.36,	10.0100
251.01,	10.0000
251.66,	9.9800
252.31,	9.9800
252.96,	9.9700
253.62,	9.9500
254.27,	9.9500
254.92,	9.9400
255.57,	9.9300
256.22,	9.9000
256.88,	9.8600
257.53,	9.8400
258.18,	9.8300
258.83,	9.8100
259.48,	9.8000
260.13,	9.7900
260.78,	9.7700
261.44,	9.7600
262.09,	9.7500
262.74,	9.7400
263.39,	9.7400
264.04,	9.7300
264.69,	9.7100
265.34,	9.6800
265.99,	9.6700
266.64,	9.6700
267.29,	9.6600
267.95,	9.6400
268.60,	9.6300
269.25,	9.6200
269.90,	9.6000
270.55,	9.5900
271.20,	9.5800
271.85,	9.5800
272.50,	9.5700
273.15,	9.5600
273.80,	9.5500
274.45,	9.5400
275.10,	9.5400
275.75,	9.5300
276.40,	9.5100
277.05,	9.5000
277.70,	9.4800
278.35,	9.4700
279.00,	9.4600
279.65,	9.4600
280.30,	9.4500
280.95,	9.4600
281.60,	9.4700
282.25,	9.4800
282.90,	9.4800
283.55,	9.4800
284.20,	9.4700
284.85,	9.4400
285.50,	9.4200
286.15,	9.4000
286.80,	9.3900
287.45,	9.3900
288.10,	9.4000
288.75,	9.4000
289.40,	9.4000
290.05,	9.3900
290.70,	9.3800
291.35,	9.3700
292.00,	9.3700
292.64,	9.3700
293.29,	9.3600
293.94,	9.3600
294.59,	9.3500
295.24,	9.3500
295.89,	9.3400
296.54,	9.3400
297.19,	9.3400
297.84,	9.3300
298.49,	9.3300
299.13,	9.3300
299.78,	9.3200
300.43,	9.3200
301.08,	9.3200
301.73,	9.3200
302.38,	9.3100
303.02,	9.3200
303.67,	9.3200
304.32,	9.3300
304.97,	9.3400
305.62,	9.3400
306.27,	9.3500
306.91,	9.3500
307.56,	9.3400
308.21,	9.3500
308.86,	9.3400
309.51,	9.3500
310.15,	9.3500
310.80,	9.3500
311.45,	9.3600
312.10,	9.3800
312.75,	9.4000
313.39,	9.4100
314.04,	9.3900
314.69,	9.3800
315.34,	9.3900
315.98,	9.4100
316.63,	9.4200
317.28,	9.4300
317.93,	9.4300
318.57,	9.4400
319.22,	9.4400
319.87,	9.4500
320.52,	9.4400
321.16,	9.4200
321.81,	9.3900
322.46,	9.3900
323.10,	9.4000
323.75,	9.4100
324.40,	9.4100
325.04,	9.4100
325.69,	9.4000
326.34,	9.3900
326.99,	9.3800
327.63,	9.3800
328.28,	9.3800
328.93,	9.3800
329.57,	9.3800
330.22,	9.3700
330.86,	9.3600
331.51,	9.3500
332.16,	9.3500
332.80,	9.3500
333.45,	9.3500
334.10,	9.3500
334.74,	9.3500
335.39,	9.3600
336.03,	9.3500
336.68,	9.3400
337.33,	9.3300
337.97,	9.3300
338.62,	9.3300
339.26,	9.3200
339.91,	9.3200
340.56,	9.3100
341.20,	9.2900
341.85,	9.2700
342.49,	9.2500
343.14,	9.2400
343.78,	9.2300
344.43,	9.2100
345.08,	9.1900
345.72,	9.1800
346.37,	9.1800
347.01,	9.1800
347.66,	9.1800
348.30,	9.1800
348.95,	9.1800
349.59,	9.1700
350.24,	9.1700
350.88,	9.1600
351.53,	9.1400
352.17,	9.1300
352.82,	9.1100
353.46,	9.1000
354.11,	9.0900
354.75,	9.0800
355.40,	9.0700
356.04,	9.0700
356.69,	9.0500
357.33,	9.0100
357.98,	8.9900
358.62,	8.9800
359.27,	8.9700
359.91,	8.9600
360.55,	8.9600
361.20,	8.9500
361.84,	8.9400
362.49,	8.9300
363.13,	8.9300
363.78,	8.9200
364.42,	8.9300
365.06,	8.9300
365.71,	8.9300
366.35,	8.9300
367.00,	8.9100
367.64,	8.8900
368.28,	8.8800
368.93,	8.8700
369.57,	8.8700
370.22,	8.8600
370.86,	8.8600
371.50,	8.8600
372.15,	8.8600
372.79,	8.8600
373.43,	8.8500
374.08,	8.8500
374.72,	8.8500
375.36,	8.8500
376.01,	8.8400
376.65,	8.8300
377.29,	8.8300
377.94,	8.8300
378.58,	8.8300
379.22,	8.8200
379.87,	8.8200
380.51,	8.8000
381.15,	8.7900
381.79,	8.7700
382.44,	8.7600
383.08,	8.7600
383.72,	8.7500
384.37,	8.7500
385.01,	8.7400
385.65,	8.7400
386.29,	8.7300
386.94,	8.7300
387.58,	8.7300
388.22,	8.7200
388.86,	8.7200
389.51,	8.7000
390.15,	8.7000
390.79,	8.6900
391.43,	8.6700
392.08,	8.6700
392.72,	8.6800
393.36,	8.6800
394.00,	8.6700
394.64,	8.6700
395.29,	8.6700
395.93,	8.6600
396.57,	8.6500
397.21,	8.6400
397.85,	8.6300
398.50,	8.6300
399.14,	8.6300
399.78,	8.6200
400.42,	8.6200
401.06,	8.6200
401.70,	8.6100
402.34,	8.6000
402.99,	8.5900
403.63,	8.5900
404.27,	8.5900
404.91,	8.5900
405.55,	8.5900
406.19,	8.5900
406.83,	8.5800
407.48,	8.5600
408.12,	8.5400
408.76,	8.5200
409.40,	8.5100
410.04,	8.5100
410.68,	8.4900
411.32,	8.4800
411.96,	8.4700
412.60,	8.4500
413.24,	8.4400
413.88,	8.4300
414.52,	8.4300
415.17,	8.4300
415.81,	8.4300
416.45,	8.4300
417.09,	8.4200
417.73,	8.4200
418.37,	8.4200
419.01,	8.4200
419.65,	8.4300
420.29,	8.4300
420.93,	8.4300
421.57,	8.4300
422.21,	8.4300
422.85,	8.4300
423.49,	8.4200
424.13,	8.4300
424.77,	8.4200
425.41,	8.4000
426.05,	8.3700
426.69,	8.3400
427.33,	8.3300
427.97,	8.3200
428.61,	8.3100
429.25,	8.3100
429.89,	8.3100
430.53,	8.3100
431.17,	8.2900
431.80,	8.2600
432.44,	8.2400
433.08,	8.2200
433.72,	8.2000
434.36,	8.1900
435.00,	8.1900
435.64,	8.1800
436.28,	8.1700
436.92,	8.1600
437.56,	8.1500
438.20,	8.1400
438.84,	8.1300
439.47,	8.1200
440.11,	8.1000
440.75,	8.0600
441.39,	8.0300
442.03,	8.0000
442.67,	7.9700
443.31,	7.9500
443.95,	7.9400
444.58,	7.9400
445.22,	7.9500
445.86,	7.9500
446.50,	7.9300
447.14,	7.9100
447.78,	7.8700
448.41,	7.8400
449.05,	7.8300
449.69,	7.8400
450.33,	7.8500
450.97,	7.8500
451.60,	7.8500
452.24,	7.8500
452.88,	7.8500
453.52,	7.8400
454.16,	7.8400
454.79,	7.8300
455.43,	7.8200
456.07,	7.8100
456.71,	7.8100
457.35,	7.8000
457.98,	7.8000
458.62,	7.7900
459.26,	7.7800
459.90,	7.7700
460.53,	7.7600
461.17,	7.7500
461.81,	7.7500
462.44,	7.7400
463.08,	7.7300
463.72,	7.6900
464.36,	7.6700
464.99,	7.6400
465.63,	7.6300
466.27,	7.6300
466.90,	7.6300
467.54,	7.6300
468.18,	7.6200
468.81,	7.6100
469.45,	7.5900
470.09,	7.5400
470.72,	7.4900
471.36,	7.4500
472.00,	7.4200
472.63,	7.4100
473.27,	7.3900
473.91,	7.3800
474.54,	7.3700
475.18,	7.3700
475.82,	7.3600
476.45,	7.3600
477.09,	7.3500
477.73,	7.3400
478.36,	7.3300
479.00,	7.3100
479.63,	7.3000
480.27,	7.3000
480.91,	7.3000
481.54,	7.2900
482.18,	7.2800
482.81,	7.2800
483.45,	7.2800
484.08,	7.2800
484.72,	7.2800
485.36,	7.2700
485.99,	7.2700
486.63,	7.2600
487.26,	7.2600
487.90,	7.2600
488.53,	7.2500
489.17,	7.2300
489.80,	7.2200
490.44,	7.2100
491.07,	7.2100
491.71,	7.2000
492.34,	7.2000
492.98,	7.1900
493.62,	7.1800
494.25,	7.1700
494.89,	7.1600
495.52,	7.1500
496.15,	7.1500
496.79,	7.1400
497.42,	7.1200
498.06,	7.1200
498.69,	7.1100
499.33,	7.1000
499.96,	7.0800
500.60,	7.0700
501.23,	7.0600
501.87,	7.0500
502.50,	7.0300
503.14,	7.0200
503.77,	7.0000
504.40,	6.9800
505.04,	6.9600
505.67,	6.9400
506.31,	6.9200
506.94,	6.9100
507.57,	6.9000
508.21,	6.9000
508.84,	6.8900
509.48,	6.8800
510.11,	6.8700
510.74,	6.8400
511.38,	6.7600
512.01,	6.6900
512.65,	6.6600
513.28,	6.6400
513.91,	6.6300
514.55,	6.6200
515.18,	6.6200
515.81,	6.6000
516.45,	6.5400
517.08,	6.4900
517.71,	6.4400
518.35,	6.3800
518.98,	6.3200
519.61,	6.2700
520.25,	6.2400
520.88,	6.2200
521.51,	6.1900
522.15,	6.1800
522.78,	6.1600
523.41,	6.1400
524.04,	6.1300
524.68,	6.1300
525.31,	6.1300
525.94,	6.1300
526.58,	6.1300
527.21,	6.1300
527.84,	6.1200
528.47,	6.1100
529.11,	6.0800
529.74,	6.0600
530.37,	6.0500
531.00,	6.0400
531.64,	6.0300
532.27,	6.0300
532.90,	6.0200
533.53,	6.0100
534.17,	6.0000
534.80,	5.9800
535.43,	5.9700
536.06,	5.9700
536.69,	5.9800
537.33,	5.9800
537.96,	5.9700
538.59,	5.9400
539.22,	5.9000
539.85,	5.8800
540.48,	5.8700
541.12,	5.8600
541.75,	5.8400
542.38,	5.8300
543.01,	5.8300
543.64,	5.8200
544.27,	5.8200
544.91,	5.8200
545.54,	5.8200
546.17,	5.8100
546.80,	5.8000
547.43,	5.7900
548.06,	5.7800
548.69,	5.7700
549.32,	5.7700
549.95,	5.7600
550.59,	5.7600
551.22,	5.7500
551.85,	5.7500
552.48,	5.7400
553.11,	5.7300
553.74,	5.7200
554.37,	5.7100
555.00,	5.6900
555.63,	5.6700
556.26,	5.6600
556.89,	5.6600
557.52,	5.6500
558.15,	5.6500
558.78,	5.6500
559.42,	5.6400
560.05,	5.6500
560.68,	5.6400
561.31,	5.6400
561.94,	5.6400
562.57,	5.6300
563.20,	5.6200
563.83,	5.6000
564.46,	5.5900
565.09,	5.5900
565.72,	5.5900
566.35,	5.5800
566.98,	5.5800
567.61,	5.5800
568.24,	5.5800
568.87,	5.5700
569.50,	5.5700
570.12,	5.5700
570.75,	5.5700
571.38,	5.5600
572.01,	5.5600
572.64,	5.5300
573.27,	5.5100
573.90,	5.5000
574.53,	5.4900
575.16,	5.4800
575.79,	5.4800
576.42,	5.4700
577.05,	5.4600
577.68,	5.4500
578.31,	5.4400
578.93,	5.4300
579.56,	5.4200
580.19,	5.4100
580.82,	5.4100
581.45,	5.4000
582.08,	5.4000
582.71,	5.3900
583.34,	5.3800
583.97,	5.3800
584.59,	5.3700
585.22,	5.3600
585.85,	5.3600
586.48,	5.3500
587.11,	5.3500
587.74,	5.3500
588.36,	5.3500
588.99,	5.3500
589.62,	5.3500
590.25,	5.3500
590.88,	5.3400
591.50,	5.3300
592.13,	5.3200
592.76,	5.3100
593.39,	5.3100
594.02,	5.3000
594.64,	5.3000
595.27,	5.2900
595.90,	5.2800
596.53,	5.2700
597.16,	5.2700
597.78,	5.2700
598.41,	5.2800
599.04,	5.2900
599.67,	5.3100
600.29,	5.3100
600.92,	5.3100
601.55,	5.2900
602.18,	5.2800
602.80,	5.2700
603.43,	5.2600
604.06,	5.2600
604.68,	5.2500
605.31,	5.2500
605.94,	5.2500
606.57,	5.2300
607.19,	5.2000
607.82,	5.1700
608.45,	5.1600
609.07,	5.1500
609.70,	5.1500
610.33,	5.1500
610.95,	5.1500
611.58,	5.1500
612.21,	5.1400
612.83,	5.1300
613.46,	5.1300
614.09,	5.1200
614.71,	5.1200
615.34,	5.1200
615.97,	5.1100
616.59,	5.1100
617.22,	5.1000
617.84,	5.1000
618.47,	5.0900
619.10,	5.0800
619.72,	5.0800
620.35,	5.0700
620.97,	5.0600
621.60,	5.0500
622.23,	5.0500
622.85,	5.0500
623.48,	5.0500
624.10,	5.0500
624.73,	5.0600
625.35,	5.0600
625.98,	5.0500
626.61,	5.0500
627.23,	5.0600
627.86,	5.0700
628.48,	5.0700
629.11,	5.0700
629.73,	5.0800
630.36,	5.0800
630.98,	5.0900
631.61,	5.0900
632.23,	5.0900
632.86,	5.0900
633.48,	5.0900
634.11,	5.0900
634.73,	5.0900
635.36,	5.0900
635.98,	5.1000
636.61,	5.1000
637.23,	5.0900
637.86,	5.0900
638.48,	5.0900
639.11,	5.0900
639.73,	5.0900
640.36,	5.0900
640.98,	5.0900
641.61,	5.0900
642.23,	5.0900
642.85,	5.0800
643.48,	5.0700
644.10,	5.0700
644.73,	5.0700
645.35,	5.0600
645.98,	5.0600
646.60,	5.0500
647.22,	5.0300
647.85,	5.0200
648.47,	5.0000
649.10,	4.9700
649.72,	4.9500
650.34,	4.9200
650.97,	4.8800
651.59,	4.8600
652.22,	4.8400
652.84,	4.8300
653.46,	4.8100
654.09,	4.8100
654.71,	4.8400
655.33,	4.8800
655.96,	4.9000
656.58,	4.9100
657.20,	4.9100
657.83,	4.9100
658.45,	4.9100
659.07,	4.9100
659.70,	4.9100
660.32,	4.9000
660.94,	4.8800
661.57,	4.8700
662.19,	4.8600
662.81,	4.8500
663.43,	4.8400
664.06,	4.8300
664.68,	4.8200
665.30,	4.8100
665.93,	4.8100
666.55,	4.8000
667.17,	4.7900
667.79,	4.7800
668.42,	4.7500
669.04,	4.7400
669.66,	4.7300
670.28,	4.7200
670.91,	4.7100
671.53,	4.7000
672.15,	4.6900
672.77,	4.6800
673.39,	4.6800
674.02,	4.6700
674.64,	4.6700
675.26,	4.6600
675.88,	4.6500
676.50,	4.6400
677.13,	4.6300
677.75,	4.6200
678.37,	4.6000
678.99,	4.6000
679.61,	4.6000
680.24,	4.6000
680.86,	4.6000
681.48,	4.5900
682.10,	4.5900
682.72,	4.6000
683.34,	4.6000
683.96,	4.5900
684.59,	4.6000
685.21,	4.5900
685.83,	4.5900
686.45,	4.6000
687.07,	4.6100
687.69,	4.6200
688.31,	4.6200
688.93,	4.6300
689.56,	4.6400
690.18,	4.6400
690.80,	4.6400
691.42,	4.6400
692.04,	4.6400
692.66,	4.6400
693.28,	4.6400
693.90,	4.6400
694.52,	4.6400
695.14,	4.6400
695.76,	4.6500
696.38,	4.6700
697.00,	4.6800
697.62,	4.6800
698.25,	4.6800
698.87,	4.6700
699.49,	4.6600
700.11,	4.6500
700.73,	4.6300
701.35,	4.6200
701.97,	4.6300
702.59,	4.6400
703.21,	4.6500
703.83,	4.6400
704.45,	4.6400
705.07,	4.6400
705.69,	4.6400
706.31,	4.6300
706.93,	4.6200
707.55,	4.6300
708.17,	4.6200
708.79,	4.6200
709.40,	4.6200
710.02,	4.6200
710.64,	4.6200
711.26,	4.6200
711.88,	4.6100
712.50,	4.6100
713.12,	4.6100
713.74,	4.6100
714.36,	4.6100
714.98,	4.6100
715.60,	4.6100
716.22,	4.6100
716.84,	4.6100
717.45,	4.6000
718.07,	4.6100
718.69,	4.6100
719.31,	4.6100
719.93,	4.6200
720.55,	4.6200
721.17,	4.6300
721.79,	4.6400
722.41,	4.6400
723.02,	4.6400
723.64,	4.6400
724.26,	4.6400
724.88,	4.6400
725.50,	4.6400
726.12,	4.6300
726.73,	4.6100
727.35,	4.6100
727.97,	4.6100
728.59,	4.6200
729.21,	4.6300
729.83,	4.6400
730.44,	4.6400
731.06,	4.6400
731.68,	4.6400
732.30,	4.6300
732.92,	4.6400
733.53,	4.6500
734.15,	4.6700
734.77,	4.6900
735.39,	4.6900
736.00,	4.7000
736.62,	4.7100
737.24,	4.7200
737.86,	4.7200
738.47,	4.7300
739.09,	4.7300
739.71,	4.7300
740.33,	4.7200
740.94,	4.7200
741.56,	4.7100
742.18,	4.7100
742.79,	4.7100
743.41,	4.7100
744.03,	4.7100
744.65,	4.7100
745.26,	4.7100
745.88,	4.7100
746.50,	4.7100
747.11,	4.7000
747.73,	4.7000
748.35,	4.7000
748.96,	4.7000
749.58,	4.7000
750.20,	4.7000
750.81,	4.7000
751.43,	4.7000
752.05,	4.7000
752.66,	4.7000
753.28,	4.7000
753.90,	4.6900
754.51,	4.6900
755.13,	4.6800
755.74,	4.6800
756.36,	4.6900
756.98,	4.6800
757.59,	4.6800
758.21,	4.6800
758.82,	4.6700
759.44,	4.6600
760.06,	4.6600
760.67,	4.6600
761.29,	4.6600
761.90,	4.6500
762.52,	4.6400
763.14,	4.6400
763.75,	4.6300
764.37,	4.6100
764.98,	4.5900
765.60,	4.6000
766.21,	4.6200
766.83,	4.6200
767.44,	4.6100
768.06,	4.6000
768.67,	4.6100
769.29,	4.6200
769.90,	4.6300
770.52,	4.6300
771.14,	4.6200
771.75,	4.6200
772.37,	4.6200
772.98,	4.6200
773.59,	4.6200
774.21,	4.6300
774.82,	4.6400
775.44,	4.6400
776.05,	4.6400
776.67,	4.6400
777.28,	4.6400
777.90,	4.6400
778.51,	4.6400
779.13,	4.6300
779.74,	4.6300
780.36,	4.6300
780.97,	4.6400
781.58,	4.6400
782.20,	4.6300
782.81,	4.6300
783.43,	4.6300
784.04,	4.6300
784.66,	4.6300
785.27,	4.6300
785.88,	4.6300
786.50,	4.6200
787.11,	4.6100
787.73,	4.6100
788.34,	4.6000
788.95,	4.6000
789.57,	4.6000
790.18,	4.6000
790.79,	4.6000
791.41,	4.5900
792.02,	4.5800
792.63,	4.5700
793.25,	4.5600
793.86,	4.5600
794.47,	4.5600
795.09,	4.5600
795.70,	4.5500
796.31,	4.5400
796.93,	4.5400
797.54,	4.5400
798.15,	4.5300
798.77,	4.5300
799.38,	4.5100
799.99,	4.4800
800.61,	4.4700
801.22,	4.4600
801.83,	4.4600
802.44,	4.4600
803.06,	4.4400
803.67,	4.4200
804.28,	4.3900
804.90,	4.3800
805.51,	4.3800
806.12,	4.4000
806.73,	4.4100
807.34,	4.4100
807.96,	4.4000
808.57,	4.4000
809.18,	4.3900
809.79,	4.3700
810.41,	4.3500
811.02,	4.3300
811.63,	4.3000
812.24,	4.2800
812.85,	4.2700
813.47,	4.2500
814.08,	4.2500
814.69,	4.2400
815.30,	4.2300
815.91,	4.2300
816.53,	4.2200
817.14,	4.2200
817.75,	4.2100
818.36,	4.2100
818.97,	4.2100
819.58,	4.2100
820.20,	4.2100
820.81,	4.2100
821.42,	4.2100
822.03,	4.2000
822.64,	4.2000
823.25,	4.1900
823.86,	4.1900
824.47,	4.1800
825.09,	4.1800
825.70,	4.1800
826.31,	4.1800
826.92,	4.1800
827.53,	4.1800
828.14,	4.1700
828.75,	4.1600
829.36,	4.1500
829.97,	4.1400
830.58,	4.1400
831.19,	4.1300
831.80,	4.1200
832.42,	4.1200
833.03,	4.1100
833.64,	4.1100
834.25,	4.1100
834.86,	4.1000
835.47,	4.1000
836.08,	4.0900
836.69,	4.0900
837.30,	4.0900
837.91,	4.1000
838.52,	4.1000
839.13,	4.1100
839.74,	4.1200
840.35,	4.1200
840.96,	4.1200
841.57,	4.1200
842.18,	4.1200
842.79,	4.1200
843.40,	4.1200
844.01,	4.1300
844.62,	4.1300
845.23,	4.1300
845.84,	4.1300
846.45,	4.1400
847.06,	4.1400
847.67,	4.1500
848.27,	4.1500
848.88,	4.1400
849.49,	4.1300
850.10,	4.1100
850.71,	4.1000
851.32,	4.0800
851.93,	4.0600
852.54,	4.0500
853.15,	4.0500
853.76,	4.0400
854.37,	4.0400
854.98,	4.0300
855.58,	4.0300
856.19,	4.0300
856.80,	4.0300
857.41,	4.0200
858.02,	4.0300
858.63,	4.0300
859.24,	4.0300
859.85,	4.0300
860.45,	4.0200
861.06,	4.0200
861.67,	4.0200
862.28,	4.0100
862.89,	4.0100
863.50,	4.0100
864.10,	4.0000
864.71,	4.0000
865.32,	4.0000
865.93,	4.0000
866.54,	4.0000
867.14,	4.0000
867.75,	4.0000
868.36,	4.0000
868.97,	4.0000
869.58,	4.0000
870.18,	4.0000
870.79,	3.9900
871.40,	4.0000
872.01,	3.9900
872.61,	3.9800
873.22,	3.9800
873.83,	3.9800
874.44,	3.9700
875.04,	3.9700
875.65,	3.9600
876.26,	3.9500
876.87,	3.9400
877.47,	3.9300
878.08,	3.9200
878.69,	3.9100
879.29,	3.9000
879.90,	3.8900
880.51,	3.8900
881.12,	3.8900
881.72,	3.8900
882.33,	3.8900
882.94,	3.8900
883.54,	3.8900
884.15,	3.8800
884.76,	3.8800
885.36,	3.8700
885.97,	3.8700
886.58,	3.8700
887.18,	3.8700
887.79,	3.8700
888.40,	3.8700
889.00,	3.8700
889.61,	3.8700
890.22,	3.8700
890.82,	3.8600
891.43,	3.8600
892.03,	3.8600
892.64,	3.8600
893.25,	3.8600
893.85,	3.8600
894.46,	3.8600
895.06,	3.8600
895.67,	3.8500
896.28,	3.8500
896.88,	3.8500
897.49,	3.8600
898.09,	3.8600
898.70,	3.8600
899.30,	3.8600
899.91,	3.8500
900.52,	3.8500
901.12,	3.8500
901.73,	3.8500
902.33,	3.8500
902.94,	3.8500
903.54,	3.8500
904.15,	3.8500
904.75,	3.8400
905.36,	3.8400
905.96,	3.8400
906.57,	3.8300
907.17,	3.8300
907.78,	3.8300
908.38,	3.8200
908.99,	3.8200
909.59,	3.8200
910.20,	3.8100
910.80,	3.8100
911.41,	3.8000
912.01,	3.8000
912.62,	3.7900
913.22,	3.7900
913.83,	4.0400
914.43,	7.1800
915.03,	13.2900
915.64,	16.1300
916.24,	17.3500
916.85,	18.2500
917.45,	19.0000
918.06,	19.6400
918.66,	20.1900
919.26,	20.6500
919.87,	21.0700
920.47,	21.4500
921.08,	25.2600
921.68,	35.5000
922.28,	35.5000
922.89,	35.5000
923.49,	35.5000
924.10,	35.5000
924.70,	35.5000
925.30,	35.5000
925.91,	35.5000
926.51,	35.5000
927.11,	35.5000
927.72,	35.5000
928.32,	35.5000
928.92,	35.5000
929.53,	35.5000
930.13,	35.5000
930.74,	35.5000
931.34,	35.5000
931.94,	35.5000
932.54,	35.5000
933.15,	35.5000
933.75,	35.5000
934.35,	35.5000
934.96,	35.5000
935.56,	35.5000
936.16,	35.5000
936.77,	35.5000
937.37,	35.5000
937.97,	35.5000
938.57,	35.5000
939.18,	35.5000
939.78,	35.5000
940.38,	35.5000
940.98,	35.5000
941.59,	35.5000
942.19,	35.5000
942.79,	35.5000
943.39,	35.5000
944.00,	35.5000
944.60,	35.5000
945.20,	35.5000
945.80,	35.5000
946.40,	35.5000
947.01,	35.5000
947.61,	35.5000
948.21,	35.5000
948.81,	35.5000
949.41,	35.5000
950.02,	35.5000
950.62,	35.5000
951.22,	35.5000
951.82,	-2.5200
952.42,	-2.5200
953.02,	-2.5200
953.63,	-2.5200
954.23,	-2.5200
954.83,	-2.5200
955.43,	-2.5200
956.03,	-2.5200
956.63,	-2.5200
957.24,	-2.5200
957.84,	-2.5200
958.44,	-2.5200
959.04,	-2.5200
959.64,	-2.5200
960.24,	-2.5200
960.84,	-2.5200
961.44,	-2.5200
962.04,	-2.5200
962.64,	-2.5200
963.25,	-2.5200
963.85,	-2.5200
964.45,	-2.5200
965.05,	-2.5200
965.65,	-2.5200
966.25,	-2.5200
966.85,	-2.5200
967.45,	-2.5200
968.05,	-2.5200
968.65,	-2.5200
969.25,	-2.5200
969.85,	-2.5200
970.45,	-2.5200
971.05,	-2.5200
971.65,	-2.5200
972.25,	-2.5200
972.85,	-2.5200
973.45,	-2.5200
974.05,	-2.5200
974.65,	-2.5200
975.25,	-2.5200
975.85,	-2.5200
976.45,	-2.5200
977.05,	-2.5200
977.65,	-2.5200
978.25,	-2.5200
978.85,	-2.5200
979.45,	-2.5200
980.05,	-2.5200
980.65,	-2.5200
981.25,	-2.5200
981.85,	-2.5200
982.45,	-2.5200
983.05,	-2.5200
983.65,	-2.5200
984.25,	-2.5200
984.85,	-2.5200
985.45,	-2.5200
986.04,	-2.5200
986.64,	-2.5200
987.24,	-2.5200
987.84,	-2.5200
988.44,	-2.5200
989.04,	-2.5200
989.64,	-2.5200
990.24,	-2.5200
990.84,	-2.5200
991.44,	-2.5200
992.03,	-2.5200
992.63,	-2.5200
993.23,	-2.5200
993.83,	-2.5200
994.43,	-2.5200
995.03,	-2.5200
995.63,	-2.5200
996.22,	-2.5200
996.82,	-2.5200
997.42,	-2.5200
998.02,	-2.5200
998.62,	-2.5200
999.21,	-2.5200
999.81,	-2.5200
1000.41,	-2.5200
