Call Sign = ZSDA,	Ship Name = SA Agulhas,	Lloyds Num = 0
Date = 12/02/2016,	Time = 07:01,	
Latitude = 38 12.63  S,	Longitude = 012 00.89  E
Instr = Sippican Deep Blue,	Card Type = Sippican MK-21,	
Wind Instr = ,	Measur Method = 
Probe Serial Num = -1,	Ship Dir = -1,	Ship Speed = -1.00
Wind Dir = 356,	Wind Speed = 27.00
Dry Bulb Temp = 16.60,	Total Water Depth = -1.00

Full Resolution Values
Depth,	 Temp
0.67,	17.0600
1.34,	16.9500
2.01,	16.9300
2.68,	16.9300
3.34,	16.9300
4.01,	16.9300
4.68,	16.9300
5.35,	16.9300
6.02,	16.9300
6.69,	16.9300
7.36,	16.9400
8.03,	16.9200
8.69,	16.9200
9.36,	16.9200
10.03,	16.9300
10.70,	16.9300
11.37,	16.9200
12.04,	16.9200
12.70,	16.9200
13.37,	16.9200
14.04,	16.9200
14.71,	16.9200
15.38,	16.9200
16.05,	16.9300
16.71,	16.9300
17.38,	16.9300
18.05,	16.9300
18.72,	16.9300
19.38,	16.9300
20.05,	16.9300
20.72,	16.9200
21.39,	16.9300
22.06,	16.9200
22.72,	16.9300
23.39,	16.9300
24.06,	16.9300
24.73,	16.9300
25.39,	16.9200
26.06,	16.9200
26.73,	16.9100
27.40,	16.9100
28.06,	16.9100
28.73,	16.9100
29.40,	16.9000
30.06,	16.8900
30.73,	16.8700
31.40,	16.8400
32.06,	16.8200
32.73,	16.8200
33.40,	16.8200
34.07,	16.8100
34.73,	16.8100
35.40,	16.8100
36.07,	16.8000
36.73,	16.8000
37.40,	16.8000
38.07,	16.8000
38.73,	16.8000
39.40,	16.7900
40.06,	16.7800
40.73,	16.7800
41.40,	16.7800
42.06,	16.7800
42.73,	16.7700
43.40,	16.7600
44.06,	16.7500
44.73,	16.7400
45.39,	16.7200
46.06,	16.7200
46.73,	16.7000
47.39,	16.6800
48.06,	16.6700
48.72,	16.6600
49.39,	16.6400
50.06,	16.6300
50.72,	16.6300
51.39,	16.6000
52.05,	16.5800
52.72,	16.5500
53.38,	16.5200
54.05,	16.4800
54.71,	16.4500
55.38,	16.4100
56.05,	16.3800
56.71,	16.3600
57.38,	16.3300
58.04,	16.3000
58.71,	16.2600
59.37,	16.2500
60.04,	16.2300
60.70,	16.2200
61.37,	16.2100
62.03,	16.2000
62.70,	16.2000
63.36,	16.1900
64.03,	16.1800
64.69,	16.1800
65.36,	16.1900
66.02,	16.1900
66.69,	16.1900
67.35,	16.1900
68.01,	16.1900
68.68,	16.1900
69.34,	16.1800
70.01,	16.1800
70.67,	16.1800
71.34,	16.1800
72.00,	16.1800
72.66,	16.1800
73.33,	16.1900
73.99,	16.1900
74.66,	16.1800
75.32,	16.1800
75.98,	16.1900
76.65,	16.1900
77.31,	16.1900
77.98,	16.1900
78.64,	16.1900
79.30,	16.1900
79.97,	16.1900
80.63,	16.1900
81.30,	16.1900
81.96,	16.1900
82.62,	16.1800
83.29,	16.1800
83.95,	16.1900
84.61,	16.1900
85.28,	16.1900
85.94,	16.1900
86.60,	16.1900
87.27,	16.1900
87.93,	16.1900
88.59,	16.1900
89.26,	16.1800
89.92,	16.1800
90.58,	16.1800
91.24,	16.1800
91.91,	16.1700
92.57,	16.1600
93.23,	16.1700
93.90,	16.1700
94.56,	16.1700
95.22,	16.1700
95.88,	16.1700
96.55,	16.1700
97.21,	16.1700
97.87,	16.1700
98.53,	16.1700
99.20,	16.1700
99.86,	16.1700
100.52,	16.1700
101.18,	16.1800
101.85,	16.1800
102.51,	16.1800
103.17,	16.1800
103.83,	16.1800
104.49,	16.1700
105.16,	16.1600
105.82,	16.1700
106.48,	16.1600
107.14,	16.1600
107.80,	16.1600
108.47,	16.1600
109.13,	16.1700
109.79,	16.1600
110.45,	16.1600
111.11,	16.1700
111.77,	16.1700
112.44,	16.1500
113.10,	16.1200
113.76,	16.0700
114.42,	16.0000
115.08,	15.9700
115.74,	15.9500
116.40,	15.9200
117.06,	15.8700
117.73,	15.8000
118.39,	15.7600
119.05,	15.7400
119.71,	15.6900
120.37,	15.6400
121.03,	15.6100
121.69,	15.5900
122.35,	15.5800
123.01,	15.5700
123.67,	15.5500
124.33,	15.5400
125.00,	15.5200
125.66,	15.5100
126.32,	15.5000
126.98,	15.4900
127.64,	15.4700
128.30,	15.4400
128.96,	15.4200
129.62,	15.4000
130.28,	15.3900
130.94,	15.3800
131.60,	15.3500
132.26,	15.3400
132.92,	15.3300
133.58,	15.3200
134.24,	15.2800
134.90,	15.2400
135.56,	15.2000
136.22,	15.1700
136.88,	15.1600
137.54,	15.1200
138.20,	15.0900
138.86,	15.0900
139.52,	15.0800
140.18,	15.0600
140.84,	15.0300
141.50,	15.0100
142.16,	15.0100
142.82,	14.9600
143.48,	14.9000
144.14,	14.8600
144.79,	14.8300
145.45,	14.8100
146.11,	14.7800
146.77,	14.7500
147.43,	14.7300
148.09,	14.7200
148.75,	14.7100
149.41,	14.7000
150.07,	14.7000
150.73,	14.7000
151.39,	14.6800
152.04,	14.6400
152.70,	14.6100
153.36,	14.5800
154.02,	14.5600
154.68,	14.5500
155.34,	14.5500
156.00,	14.5500
156.65,	14.5400
157.31,	14.5300
157.97,	14.5300
158.63,	14.5200
159.29,	14.5100
159.95,	14.5000
160.60,	14.4900
161.26,	14.4900
161.92,	14.4700
162.58,	14.4400
163.24,	14.4100
163.90,	14.4100
164.55,	14.4000
165.21,	14.4000
165.87,	14.4000
166.53,	14.4000
167.18,	14.3900
167.84,	14.3900
168.50,	14.3800
169.16,	14.3500
169.82,	14.3200
170.47,	14.3100
171.13,	14.2900
171.79,	14.2600
172.44,	14.2400
173.10,	14.2200
173.76,	14.2100
174.42,	14.2000
175.07,	14.1800
175.73,	14.1600
176.39,	14.1500
177.05,	14.1500
177.70,	14.1600
178.36,	14.1600
179.02,	14.1700
179.67,	14.1700
180.33,	14.1600
180.99,	14.1600
181.64,	14.1500
182.30,	14.1200
182.96,	14.1100
183.61,	14.1000
184.27,	14.1000
184.93,	14.0900
185.58,	14.0800
186.24,	14.0700
186.90,	14.0700
187.55,	14.0700
188.21,	14.0700
188.87,	14.0500
189.52,	14.0500
190.18,	14.0400
190.83,	14.0300
191.49,	14.0200
192.15,	13.9900
192.80,	13.9700
193.46,	13.9700
194.11,	13.9700
194.77,	13.9600
195.43,	13.9600
196.08,	13.9600
196.74,	13.9600
197.39,	13.9500
198.05,	13.9200
198.70,	13.9000
199.36,	13.8900
200.02,	13.8800
200.67,	13.8600
201.33,	13.8500
201.98,	13.8400
202.64,	13.8400
203.29,	13.8300
203.95,	13.8300
204.60,	13.8200
205.26,	13.8100
205.91,	13.8100
206.57,	13.8000
207.22,	13.7900
207.88,	13.8000
208.53,	13.8000
209.19,	13.7900
209.84,	13.7700
210.50,	13.7600
211.15,	13.7500
211.81,	13.7400
212.46,	13.7300
213.12,	13.7100
213.77,	13.7000
214.43,	13.6800
215.08,	13.6600
215.74,	13.6500
216.39,	13.6200
217.04,	13.6000
217.70,	13.5800
218.35,	13.5700
219.01,	13.5500
219.66,	13.5400
220.32,	13.5400
220.97,	13.5300
221.62,	13.5300
222.28,	13.5300
222.93,	13.5300
223.59,	13.5200
224.24,	13.5200
224.89,	13.5200
225.55,	13.5100
226.20,	13.4900
226.85,	13.4800
227.51,	13.4500
228.16,	13.4400
228.81,	13.4300
229.47,	13.4300
230.12,	13.4200
230.78,	13.4100
231.43,	13.4000
232.08,	13.3800
232.74,	13.3700
233.39,	13.3700
234.04,	13.3700
234.69,	13.3700
235.35,	13.4000
236.00,	13.4400
236.65,	13.4600
237.31,	13.4400
237.96,	13.4200
238.61,	13.4100
239.27,	13.4100
239.92,	13.4000
240.57,	13.4000
241.22,	13.3900
241.88,	13.3900
242.53,	13.3900
243.18,	13.3800
243.83,	13.3600
244.49,	13.3500
245.14,	13.3600
245.79,	13.3600
246.44,	13.3800
247.10,	13.3800
247.75,	13.3900
248.40,	13.3900
249.05,	13.3900
249.70,	13.3900
250.36,	13.4100
251.01,	13.4600
251.66,	13.5100
252.31,	13.5400
252.96,	13.5600
253.62,	13.5800
254.27,	13.5800
254.92,	13.5700
255.57,	13.5500
256.22,	13.5300
256.88,	13.5300
257.53,	13.5200
258.18,	13.5200
258.83,	13.5200
259.48,	13.5200
260.13,	13.5200
260.78,	13.5200
261.44,	13.5200
262.09,	13.5300
262.74,	13.5300
263.39,	13.5400
264.04,	13.5500
264.69,	13.5500
265.34,	13.5600
265.99,	13.5600
266.64,	13.5600
267.29,	13.5500
267.95,	13.5400
268.60,	13.5400
269.25,	13.5300
269.90,	13.5300
270.55,	13.5200
271.20,	13.5100
271.85,	13.5200
272.50,	13.5300
273.15,	13.5400
273.80,	13.5400
274.45,	13.5500
275.10,	13.5500
275.75,	13.5600
276.40,	13.5600
277.05,	13.5600
277.70,	13.5600
278.35,	13.5500
279.00,	13.5500
279.65,	13.5500
280.30,	13.5500
280.95,	13.5500
281.60,	13.5500
282.25,	13.5500
282.90,	13.5500
283.55,	13.5400
284.20,	13.5400
284.85,	13.5100
285.50,	13.5000
286.15,	13.4900
286.80,	13.4900
287.45,	13.4900
288.10,	13.5000
288.75,	13.5000
289.40,	13.4900
290.05,	13.4900
290.70,	13.4900
291.35,	13.4700
292.00,	13.4500
292.64,	13.4200
293.29,	13.3900
293.94,	13.3700
294.59,	13.3300
295.24,	13.2900
295.89,	13.2600
296.54,	13.2100
297.19,	13.1400
297.84,	13.1000
298.49,	13.0600
299.13,	13.0400
299.78,	13.0200
300.43,	13.0100
301.08,	12.9900
301.73,	12.9800
302.38,	12.9700
303.02,	12.9600
303.67,	12.9600
304.32,	12.9400
304.97,	12.9300
305.62,	12.9100
306.27,	12.8900
306.91,	12.8800
307.56,	12.8600
308.21,	12.8500
308.86,	12.8400
309.51,	12.8400
310.15,	12.8400
310.80,	12.8500
311.45,	12.8600
312.10,	12.8700
312.75,	12.8800
313.39,	12.8800
314.04,	12.8900
314.69,	12.8800
315.34,	12.8800
315.98,	12.8900
316.63,	12.8900
317.28,	12.8900
317.93,	12.8900
318.57,	12.8900
319.22,	12.8800
319.87,	12.8500
320.52,	12.8000
321.16,	12.7300
321.81,	12.6500
322.46,	12.6100
323.10,	12.5900
323.75,	12.5700
324.40,	12.5600
325.04,	12.5300
325.69,	12.4800
326.34,	12.4700
326.99,	12.4600
327.63,	12.4400
328.28,	12.4200
328.93,	12.4100
329.57,	12.4100
330.22,	12.4100
330.86,	12.4000
331.51,	12.4000
332.16,	12.4000
332.80,	12.4000
333.45,	12.4000
334.10,	12.4000
334.74,	12.4000
335.39,	12.4000
336.03,	12.4000
336.68,	12.3900
337.33,	12.3800
337.97,	12.3600
338.62,	12.3200
339.26,	12.2900
339.91,	12.2700
340.56,	12.2600
341.20,	12.2400
341.85,	12.2300
342.49,	12.2300
343.14,	12.2200
343.78,	12.2200
344.43,	12.2100
345.08,	12.2100
345.72,	12.2200
346.37,	12.2200
347.01,	12.2200
347.66,	12.2200
348.30,	12.2300
348.95,	12.2300
349.59,	12.2300
350.24,	12.2300
350.88,	12.2200
351.53,	12.2200
352.17,	12.2100
352.82,	12.1800
353.46,	12.1400
354.11,	12.0600
354.75,	11.9700
355.40,	11.9100
356.04,	11.8900
356.69,	11.8700
357.33,	11.8600
357.98,	11.8400
358.62,	11.8200
359.27,	11.7900
359.91,	11.7500
360.55,	11.7200
361.20,	11.7000
361.84,	11.6800
362.49,	11.6600
363.13,	11.6500
363.78,	11.6300
364.42,	11.6100
365.06,	11.5900
365.71,	11.5800
366.35,	11.5700
367.00,	11.5500
367.64,	11.5500
368.28,	11.5500
368.93,	11.5400
369.57,	11.5300
370.22,	11.5200
370.86,	11.5100
371.50,	11.5000
372.15,	11.4800
372.79,	11.4700
373.43,	11.4600
374.08,	11.4500
374.72,	11.4400
375.36,	11.4200
376.01,	11.4100
376.65,	11.3900
377.29,	11.3700
377.94,	11.3600
378.58,	11.3500
379.22,	11.3300
379.87,	11.3200
380.51,	11.3100
381.15,	11.3000
381.79,	11.2900
382.44,	11.2800
383.08,	11.2800
383.72,	11.2700
384.37,	11.2800
385.01,	11.2700
385.65,	11.2700
386.29,	11.2700
386.94,	11.2700
387.58,	11.2700
388.22,	11.2600
388.86,	11.2600
389.51,	11.2400
390.15,	11.2200
390.79,	11.2000
391.43,	11.1900
392.08,	11.1900
392.72,	11.1800
393.36,	11.1800
394.00,	11.1700
394.64,	11.1600
395.29,	11.1400
395.93,	11.1100
396.57,	11.0900
397.21,	11.0800
397.85,	11.0600
398.50,	11.0400
399.14,	11.0400
399.78,	11.0200
400.42,	10.9800
401.06,	10.9400
401.70,	10.9200
402.34,	10.9000
402.99,	10.9000
403.63,	10.8900
404.27,	10.8800
404.91,	10.8800
405.55,	10.8700
406.19,	10.8600
406.83,	10.8600
407.48,	10.8600
408.12,	10.8600
408.76,	10.8500
409.40,	10.8400
410.04,	10.8400
410.68,	10.8400
411.32,	10.8300
411.96,	10.8300
412.60,	10.8300
413.24,	10.8200
413.88,	10.8100
414.52,	10.8000
415.17,	10.7900
415.81,	10.7900
416.45,	10.8000
417.09,	10.7900
417.73,	10.8000
418.37,	10.8200
419.01,	10.8300
419.65,	10.8300
420.29,	10.8200
420.93,	10.8000
421.57,	10.7700
422.21,	10.7500
422.85,	10.7300
423.49,	10.6900
424.13,	10.6600
424.77,	10.6600
425.41,	10.6600
426.05,	10.6500
426.69,	10.6400
427.33,	10.6300
427.97,	10.6200
428.61,	10.6100
429.25,	10.6100
429.89,	10.5900
430.53,	10.5800
431.17,	10.5600
431.80,	10.5500
432.44,	10.5400
433.08,	10.5400
433.72,	10.5300
434.36,	10.5100
435.00,	10.4900
435.64,	10.4700
436.28,	10.4600
436.92,	10.4400
437.56,	10.4300
438.20,	10.4200
438.84,	10.4200
439.47,	10.4100
440.11,	10.4100
440.75,	10.4100
441.39,	10.4100
442.03,	10.4000
442.67,	10.4000
443.31,	10.3900
443.95,	10.3900
444.58,	10.3900
445.22,	10.3700
445.86,	10.3600
446.50,	10.3500
447.14,	10.3500
447.78,	10.3500
448.41,	10.3500
449.05,	10.3400
449.69,	10.3400
450.33,	10.3300
450.97,	10.3200
451.60,	10.3200
452.24,	10.3200
452.88,	10.3100
453.52,	10.2900
454.16,	10.2800
454.79,	10.2800
455.43,	10.2700
456.07,	10.2800
456.71,	10.3000
457.35,	10.3100
457.98,	10.2900
458.62,	10.2800
459.26,	10.2800
459.90,	10.2600
460.53,	10.2500
461.17,	10.2300
461.81,	10.2300
462.44,	10.2200
463.08,	10.2200
463.72,	10.2200
464.36,	10.2200
464.99,	10.2400
465.63,	10.2400
466.27,	10.2300
466.90,	10.2200
467.54,	10.2100
468.18,	10.1900
468.81,	10.1600
469.45,	10.1100
470.09,	10.0800
470.72,	10.0500
471.36,	10.0400
472.00,	10.0200
472.63,	10.0100
473.27,	10.0000
473.91,	10.0000
474.54,	10.0000
475.18,	9.9800
475.82,	9.9600
476.45,	9.9400
477.09,	9.9200
477.73,	9.8900
478.36,	9.8700
479.00,	9.8600
479.63,	9.8600
480.27,	9.8500
480.91,	9.8500
481.54,	9.8400
482.18,	9.8300
482.81,	9.8200
483.45,	9.8200
484.08,	9.8100
484.72,	9.8000
485.36,	9.8000
485.99,	9.7900
486.63,	9.7800
487.26,	9.7800
487.90,	9.7700
488.53,	9.7600
489.17,	9.7600
489.80,	9.7500
490.44,	9.7500
491.07,	9.7500
491.71,	9.7400
492.34,	9.7400
492.98,	9.7100
493.62,	9.6600
494.25,	9.6500
494.89,	9.6400
495.52,	9.6300
496.15,	9.6300
496.79,	9.6000
497.42,	9.5900
498.06,	9.5800
498.69,	9.5800
499.33,	9.5800
499.96,	9.5800
500.60,	9.5700
501.23,	9.5700
501.87,	9.5600
502.50,	9.5500
503.14,	9.5400
503.77,	9.5400
504.40,	9.5400
505.04,	9.5400
505.67,	9.5400
506.31,	9.5300
506.94,	9.5400
507.57,	9.5400
508.21,	9.5300
508.84,	9.5000
509.48,	9.4600
510.11,	9.4300
510.74,	9.4000
511.38,	9.3700
512.01,	9.3500
512.65,	9.3200
513.28,	9.3000
513.91,	9.2900
514.55,	9.2700
515.18,	9.2500
515.81,	9.2400
516.45,	9.2300
517.08,	9.2200
517.71,	9.2000
518.35,	9.1900
518.98,	9.1700
519.61,	9.1500
520.25,	9.1400
520.88,	9.1400
521.51,	9.1400
522.15,	9.1300
522.78,	9.1200
523.41,	9.1000
524.04,	9.0900
524.68,	9.0800
525.31,	9.0700
525.94,	9.0500
526.58,	9.0500
527.21,	9.0400
527.84,	9.0400
528.47,	9.0300
529.11,	9.0200
529.74,	9.0000
530.37,	9.0000
531.00,	8.9900
531.64,	8.9800
532.27,	8.9700
532.90,	8.9600
533.53,	8.9400
534.17,	8.9200
534.80,	8.9100
535.43,	8.9000
536.06,	8.8900
536.69,	8.8700
537.33,	8.8500
537.96,	8.8500
538.59,	8.8400
539.22,	8.8300
539.85,	8.8200
540.48,	8.8200
541.12,	8.8100
541.75,	8.8000
542.38,	8.7900
543.01,	8.7900
543.64,	8.8000
544.27,	8.8000
544.91,	8.7900
545.54,	8.7900
546.17,	8.7900
546.80,	8.8000
547.43,	8.7900
548.06,	8.7900
548.69,	8.7700
549.32,	8.7400
549.95,	8.7200
550.59,	8.6900
551.22,	8.6500
551.85,	8.6200
552.48,	8.5900
553.11,	8.5800
553.74,	8.5800
554.37,	8.5700
555.00,	8.5700
555.63,	8.5700
556.26,	8.5700
556.89,	8.5600
557.52,	8.5600
558.15,	8.5600
558.78,	8.5600
559.42,	8.5600
560.05,	8.5600
560.68,	8.5500
561.31,	8.5400
561.94,	8.5400
562.57,	8.5300
563.20,	8.5200
563.83,	8.5200
564.46,	8.5100
565.09,	8.4800
565.72,	8.4500
566.35,	8.4200
566.98,	8.4000
567.61,	8.3800
568.24,	8.3700
568.87,	8.3600
569.50,	8.3600
570.12,	8.3500
570.75,	8.3400
571.38,	8.3300
572.01,	8.3100
572.64,	8.2900
573.27,	8.2700
573.90,	8.2700
574.53,	8.2600
575.16,	8.2600
575.79,	8.2500
576.42,	8.2400
577.05,	8.2200
577.68,	8.2100
578.31,	8.1900
578.93,	8.1500
579.56,	8.1200
580.19,	8.0900
580.82,	8.0600
581.45,	8.0400
582.08,	8.0300
582.71,	8.0300
583.34,	8.0200
583.97,	8.0000
584.59,	7.9900
585.22,	7.9900
585.85,	7.9900
586.48,	7.9800
587.11,	7.9800
587.74,	7.9800
588.36,	7.9800
588.99,	7.9800
589.62,	7.9800
590.25,	7.9800
590.88,	7.9700
591.50,	7.9700
592.13,	7.9700
592.76,	7.9600
593.39,	7.9500
594.02,	7.9300
594.64,	7.9100
595.27,	7.8900
595.90,	7.8700
596.53,	7.8600
597.16,	7.8500
597.78,	7.8200
598.41,	7.7800
599.04,	7.7400
599.67,	7.7200
600.29,	7.7000
600.92,	7.6900
601.55,	7.6800
602.18,	7.6800
602.80,	7.6800
603.43,	7.6800
604.06,	7.6800
604.68,	7.6800
605.31,	7.6800
605.94,	7.6700
606.57,	7.6500
607.19,	7.6400
607.82,	7.6300
608.45,	7.6300
609.07,	7.6200
609.70,	7.6100
610.33,	7.6100
610.95,	7.6100
611.58,	7.6100
612.21,	7.6000
612.83,	7.5800
613.46,	7.5600
614.09,	7.5500
614.71,	7.5200
615.34,	7.5100
615.97,	7.5100
616.59,	7.5000
617.22,	7.5000
617.84,	7.5000
618.47,	7.5000
619.10,	7.5000
619.72,	7.5000
620.35,	7.4800
620.97,	7.4700
621.60,	7.4700
622.23,	7.4600
622.85,	7.4500
623.48,	7.4500
624.10,	7.4400
624.73,	7.4100
625.35,	7.3900
625.98,	7.3600
626.61,	7.3400
627.23,	7.3300
627.86,	7.3200
628.48,	7.2800
629.11,	7.2400
629.73,	7.2000
630.36,	7.1800
630.98,	7.1700
631.61,	7.1700
632.23,	7.1600
632.86,	7.1600
633.48,	7.1600
634.11,	7.1600
634.73,	7.1500
635.36,	7.1400
635.98,	7.1300
636.61,	7.1100
637.23,	7.1000
637.86,	7.0900
638.48,	7.0900
639.11,	7.0700
639.73,	7.0500
640.36,	7.0400
640.98,	7.0300
641.61,	7.0200
642.23,	7.0000
642.85,	6.9800
643.48,	6.9800
644.10,	6.9800
644.73,	6.9700
645.35,	6.9700
645.98,	6.9700
646.60,	6.9500
647.22,	6.9200
647.85,	6.8800
648.47,	6.8500
649.10,	6.8400
649.72,	6.8300
650.34,	6.8300
650.97,	6.8200
651.59,	6.8100
652.22,	6.8000
652.84,	6.8000
653.46,	6.7900
654.09,	6.7800
654.71,	6.7700
655.33,	6.7500
655.96,	6.7300
656.58,	6.7200
657.20,	6.7100
657.83,	6.7000
658.45,	6.6800
659.07,	6.6600
659.70,	6.6400
660.32,	6.6200
660.94,	6.6100
661.57,	6.6000
662.19,	6.5900
662.81,	6.5600
663.43,	6.5500
664.06,	6.5300
664.68,	6.5200
665.30,	6.5100
665.93,	6.5100
666.55,	6.5100
667.17,	6.4900
667.79,	6.4800
668.42,	6.4700
669.04,	6.4600
669.66,	6.4600
670.28,	6.4600
670.91,	6.4300
671.53,	6.4100
672.15,	6.3900
672.77,	6.3800
673.39,	6.3700
674.02,	6.3600
674.64,	6.3400
675.26,	6.3200
675.88,	6.3100
676.50,	6.3000
677.13,	6.2900
677.75,	6.2700
678.37,	6.2500
678.99,	6.2400
679.61,	6.2300
680.24,	6.1900
680.86,	6.1500
681.48,	6.1200
682.10,	6.1000
682.72,	6.0800
683.34,	6.0600
683.96,	6.0500
684.59,	6.0500
685.21,	6.0400
685.83,	6.0400
686.45,	6.0400
687.07,	6.0400
687.69,	6.0400
688.31,	6.0200
688.93,	6.0100
689.56,	6.0000
690.18,	5.9800
690.80,	5.9600
691.42,	5.9300
692.04,	5.9000
692.66,	5.8900
693.28,	5.8900
693.90,	5.8800
694.52,	5.8700
695.14,	5.8600
695.76,	5.8400
696.38,	5.8300
697.00,	5.8100
697.62,	5.8100
698.25,	5.8000
698.87,	5.8000
699.49,	5.7900
700.11,	5.7700
700.73,	5.7500
701.35,	5.7400
701.97,	5.7200
702.59,	5.7200
703.21,	5.7200
703.83,	5.7100
704.45,	5.7100
705.07,	5.7000
705.69,	5.6900
706.31,	5.6800
706.93,	5.6700
707.55,	5.6600
708.17,	5.6600
708.79,	5.6600
709.40,	5.6600
710.02,	5.6600
710.64,	5.6500
711.26,	5.6300
711.88,	5.6200
712.50,	5.6100
713.12,	5.6100
713.74,	5.6000
714.36,	5.5900
714.98,	5.5900
715.60,	5.5800
716.22,	5.5700
716.84,	5.5600
717.45,	5.5400
718.07,	5.5200
718.69,	5.5100
719.31,	5.5000
719.93,	5.4900
720.55,	5.4900
721.17,	5.4900
721.79,	5.4900
722.41,	5.4900
723.02,	5.4800
723.64,	5.4600
724.26,	5.4400
724.88,	5.4300
725.50,	5.4300
726.12,	5.4300
726.73,	5.4300
727.35,	5.4200
727.97,	5.4200
728.59,	5.4200
729.21,	5.4200
729.83,	5.4100
730.44,	5.4100
731.06,	5.4100
731.68,	5.4000
732.30,	5.3900
732.92,	5.3700
733.53,	5.3600
734.15,	5.3600
734.77,	5.3500
735.39,	5.3400
736.00,	5.3400
736.62,	5.3200
737.24,	5.3100
737.86,	5.3100
738.47,	5.3000
739.09,	5.3000
739.71,	5.2900
740.33,	5.2900
740.94,	5.2800
741.56,	5.2600
742.18,	5.2500
742.79,	5.2400
743.41,	5.2300
744.03,	5.2200
744.65,	5.2000
745.26,	5.1800
745.88,	5.1700
746.50,	5.1600
747.11,	5.1500
747.73,	5.1500
748.35,	5.1400
748.96,	5.1300
749.58,	5.1200
750.20,	5.1200
750.81,	5.1100
751.43,	5.1100
752.05,	5.1000
752.66,	5.1000
753.28,	5.0800
753.90,	5.0700
754.51,	5.0600
755.13,	5.0500
755.74,	5.0400
756.36,	5.0300
756.98,	5.0300
757.59,	5.0300
758.21,	5.0300
758.82,	5.0200
759.44,	5.0100
760.06,	5.0000
760.67,	5.0000
761.29,	4.9900
761.90,	4.9900
762.52,	4.9700
763.14,	4.9600
763.75,	4.9500
764.37,	4.9400
764.98,	4.9400
765.60,	4.9300
766.21,	4.9300
766.83,	4.9300
767.44,	4.9300
768.06,	4.9200
768.67,	4.8900
769.29,	4.8800
769.90,	4.8700
770.52,	4.8600
771.14,	4.8500
771.75,	4.8500
772.37,	4.8500
772.98,	4.8500
773.59,	4.8600
774.21,	4.8600
774.82,	4.8600
775.44,	4.8500
776.05,	4.8500
776.67,	4.8400
777.28,	4.8200
777.90,	4.8000
778.51,	4.8000
779.13,	4.7900
779.74,	4.7900
780.36,	4.7900
780.97,	4.7800
781.58,	4.7700
782.20,	4.7700
782.81,	4.7600
783.43,	4.7500
784.04,	4.7400
784.66,	4.7200
785.27,	4.7100
785.88,	4.7000
786.50,	4.7000
787.11,	4.7000
787.73,	4.6900
788.34,	4.6800
788.95,	4.6600
789.57,	4.6500
790.18,	4.6400
790.79,	4.6200
791.41,	4.6100
792.02,	4.5900
792.63,	4.5700
793.25,	4.5400
793.86,	4.5300
794.47,	4.5300
795.09,	4.5300
795.70,	4.5200
796.31,	4.5200
796.93,	4.5100
797.54,	4.5100
798.15,	4.5000
798.77,	4.4900
799.38,	4.4900
799.99,	4.4800
800.61,	4.4800
801.22,	4.4700
801.83,	4.4700
802.44,	4.4700
803.06,	4.4600
803.67,	4.4600
804.28,	4.4500
804.90,	4.4500
805.51,	4.4400
806.12,	4.4300
806.73,	4.4300
807.34,	4.4300
807.96,	4.4300
808.57,	4.4300
809.18,	4.4300
809.79,	4.4200
810.41,	4.4200
811.02,	4.4100
811.63,	4.4100
812.24,	4.4100
812.85,	4.4100
813.47,	4.4100
814.08,	4.4000
814.69,	4.4100
815.30,	4.4000
815.91,	4.4000
816.53,	4.4000
817.14,	4.3900
817.75,	4.3800
818.36,	4.3700
818.97,	4.3700
819.58,	4.3700
820.20,	4.3600
820.81,	4.3500
821.42,	4.3500
822.03,	4.3500
822.64,	4.3500
823.25,	4.3500
823.86,	4.3500
824.47,	4.3500
825.09,	4.3500
825.70,	4.3500
826.31,	4.3500
826.92,	4.3400
827.53,	4.3400
828.14,	4.3400
828.75,	4.3400
829.36,	4.3300
829.97,	4.3300
830.58,	4.3300
831.19,	4.3300
831.80,	4.3300
832.42,	4.3300
833.03,	4.3300
833.64,	4.3300
834.25,	4.3300
834.86,	4.3400
835.47,	4.3300
836.08,	4.3300
836.69,	4.3300
837.30,	4.3200
837.91,	4.3200
838.52,	4.3200
839.13,	4.3200
839.74,	4.3200
840.35,	4.3100
840.96,	4.3100
841.57,	4.3100
842.18,	4.3100
842.79,	4.3000
843.40,	4.3000
844.01,	4.3000
844.62,	4.2900
845.23,	4.2900
845.84,	4.2900
846.45,	4.2900
847.06,	4.2800
847.67,	4.2800
848.27,	4.2800
848.88,	4.2800
849.49,	4.2800
850.10,	4.2800
850.71,	4.2800
851.32,	4.2800
851.93,	4.2800
852.54,	4.2800
853.15,	4.2800
853.76,	4.2700
854.37,	4.2700
854.98,	4.2600
855.58,	4.2600
856.19,	4.2600
856.80,	4.2600
857.41,	4.2600
858.02,	4.2500
858.63,	4.2400
859.24,	4.2300
859.85,	4.2200
860.45,	4.2100
861.06,	4.2100
861.67,	4.2100
862.28,	4.2000
862.89,	4.1900
863.50,	4.1900
864.10,	4.1900
864.71,	4.1800
865.32,	4.1800
865.93,	4.1800
866.54,	4.1800
867.14,	4.1700
867.75,	4.1700
868.36,	4.1700
868.97,	4.1700
869.58,	4.1700
870.18,	4.1700
870.79,	4.1700
871.40,	4.1800
872.01,	4.1800
872.61,	4.1800
873.22,	4.1800
873.83,	4.1800
874.44,	4.1800
875.04,	4.1800
875.65,	4.1800
876.26,	4.1900
876.87,	4.1900
877.47,	4.1900
878.08,	4.1900
878.69,	4.2000
879.29,	4.2000
879.90,	4.2000
880.51,	4.2000
881.12,	4.2000
881.72,	4.2000
882.33,	4.2100
882.94,	4.2100
883.54,	4.2100
884.15,	4.2100
884.76,	4.2100
885.36,	4.2100
885.97,	4.2000
886.58,	4.1900
887.18,	4.1800
887.79,	4.1700
888.40,	4.1600
889.00,	4.1600
889.61,	4.1600
890.22,	4.1500
890.82,	4.1500
891.43,	4.1500
892.03,	4.1500
892.64,	4.1500
893.25,	4.1500
893.85,	4.1500
894.46,	4.1700
895.06,	4.1900
895.67,	4.2000
896.28,	4.2000
896.88,	4.2000
897.49,	4.2000
898.09,	4.2000
898.70,	4.2000
899.30,	4.2000
899.91,	4.2100
900.52,	4.2200
901.12,	4.2400
901.73,	4.2600
902.33,	4.2800
902.94,	4.2900
903.54,	4.3200
904.15,	4.3800
904.75,	4.6600
905.36,	5.6000
905.96,	7.1400
906.57,	9.0400
907.17,	11.2100
907.78,	13.3100
908.38,	14.7400
908.99,	15.6100
909.59,	16.2300
910.20,	16.7200
910.80,	17.1200
911.41,	17.4800
912.01,	17.8100
912.62,	18.5500
913.22,	31.6700
913.83,	35.5000
914.43,	35.5000
915.03,	35.5000
915.64,	35.5000
916.24,	35.5000
916.85,	35.5000
917.45,	35.5000
918.06,	35.5000
918.66,	35.5000
919.26,	35.5000
919.87,	35.5000
920.47,	35.5000
921.08,	35.5000
921.68,	35.5000
922.28,	35.5000
922.89,	35.5000
923.49,	35.5000
924.10,	35.5000
924.70,	35.5000
925.30,	35.5000
925.91,	35.5000
926.51,	35.5000
927.11,	35.5000
927.72,	35.5000
928.32,	35.5000
928.92,	35.5000
929.53,	35.5000
930.13,	35.5000
930.74,	35.5000
931.34,	35.5000
931.94,	35.5000
932.54,	35.5000
933.15,	35.5000
933.75,	35.5000
934.35,	35.5000
934.96,	35.5000
935.56,	35.5000
936.16,	35.5000
936.77,	35.5000
937.37,	35.5000
937.97,	35.5000
938.57,	35.5000
939.18,	35.5000
939.78,	35.5000
940.38,	35.5000
940.98,	35.5000
941.59,	35.5000
942.19,	35.5000
942.79,	35.5000
943.39,	35.5000
944.00,	35.5000
944.60,	35.5000
945.20,	35.5000
945.80,	35.5000
946.40,	35.5000
947.01,	35.5000
947.61,	35.5000
948.21,	35.5000
948.81,	35.5000
949.41,	35.5000
950.02,	35.5000
950.62,	35.5000
951.22,	35.5000
951.82,	35.5000
952.42,	35.5000
953.02,	35.5000
953.63,	35.5000
954.23,	35.5000
954.83,	35.5000
955.43,	35.5000
956.03,	35.5000
956.63,	35.5000
957.24,	35.5000
957.84,	35.5000
958.44,	35.5000
959.04,	35.5000
959.64,	35.5000
960.24,	35.5000
960.84,	35.5000
961.44,	35.5000
962.04,	35.5000
962.64,	35.5000
963.25,	35.5000
963.85,	35.5000
964.45,	35.5000
965.05,	35.5000
965.65,	35.5000
966.25,	35.5000
966.85,	35.5000
967.45,	35.5000
968.05,	35.5000
968.65,	35.5000
969.25,	35.5000
969.85,	35.5000
970.45,	35.5000
971.05,	35.5000
971.65,	35.5000
972.25,	35.5000
972.85,	35.5000
973.45,	35.5000
974.05,	35.5000
974.65,	35.5000
975.25,	35.5000
975.85,	35.5000
976.45,	35.5000
977.05,	35.5000
977.65,	35.5000
978.25,	35.5000
978.85,	35.5000
979.45,	35.5000
980.05,	35.5000
980.65,	35.5000
981.25,	35.5000
981.85,	35.5000
982.45,	35.5000
983.05,	35.5000
983.65,	35.5000
984.25,	35.5000
984.85,	35.5000
985.45,	35.5000
986.04,	35.5000
986.64,	35.5000
987.24,	35.5000
987.84,	35.5000
988.44,	35.5000
989.04,	35.5000
989.64,	35.5000
990.24,	35.5000
990.84,	35.5000
991.44,	35.5000
992.03,	35.5000
992.63,	35.5000
993.23,	35.5000
993.83,	35.5000
994.43,	35.5000
995.03,	35.5000
995.63,	35.5000
996.22,	35.5000
996.82,	35.5000
997.42,	-2.5200
998.02,	-2.5200
998.62,	-2.5200
999.21,	-2.5200
999.81,	-2.5200
1000.41,	-2.5200
