Call Sign = ZSDA,	Ship Name = SA Agulhas,	Lloyds Num = 0
Date = 12/09/2016,	Time = 11:04,	
Latitude = 65 29.40  S,	Longitude = 001 01.52  E
Instr = Sippican Deep Blue,	Card Type = Sippican MK-21,	
Wind Instr = ,	Measur Method = 
Probe Serial Num = -1,	Ship Dir = -1,	Ship Speed = -1.00
Wind Dir = 250,	Wind Speed = 15.90
Dry Bulb Temp = -0.50,	Total Water Depth = -1.00

Full Resolution Values
Depth,	 Temp
0.67,	-0.0200
1.34,	-0.4800
2.01,	-0.5700
2.68,	-0.6000
3.34,	-0.6000
4.01,	-0.6000
4.68,	-0.6000
5.35,	-0.6000
6.02,	-0.6100
6.69,	-0.5900
7.36,	-0.5900
8.03,	-0.5900
8.69,	-0.6000
9.36,	-0.6100
10.03,	-0.6400
10.70,	-0.6900
11.37,	-0.7000
12.04,	-0.6900
12.70,	-0.7100
13.37,	-0.7600
14.04,	-0.8700
14.71,	-1.1100
15.38,	-1.3300
16.05,	-1.4100
16.71,	-1.4200
17.38,	-1.4300
18.05,	-1.4500
18.72,	-1.4700
19.38,	-1.5600
20.05,	-1.5200
20.72,	-1.5000
21.39,	-1.5200
22.06,	-1.5300
22.72,	-1.5300
23.39,	-1.5400
24.06,	-1.5500
24.73,	-1.5800
25.39,	-1.6000
26.06,	-1.6100
26.73,	-1.6100
27.40,	-1.6200
28.06,	-1.6200
28.73,	-1.6200
29.40,	-1.6300
30.06,	-1.6300
30.73,	-1.6300
31.40,	-1.6400
32.06,	-1.6500
32.73,	-1.6500
33.40,	-1.6500
34.07,	-1.6500
34.73,	-1.6500
35.40,	-1.6500
36.07,	-1.6500
36.73,	-1.6600
37.40,	-1.6600
38.07,	-1.6600
38.73,	-1.6600
39.40,	-1.6700
40.06,	-1.6800
40.73,	-1.6700
41.40,	-1.6700
42.06,	-1.6800
42.73,	-1.6800
43.40,	-1.6800
44.06,	-1.6700
44.73,	-1.6600
45.39,	-1.6700
46.06,	-1.6800
46.73,	-1.6700
47.39,	-1.6800
48.06,	-1.6900
48.72,	-1.6900
49.39,	-1.6800
50.06,	-1.6800
50.72,	-1.6800
51.39,	-1.6900
52.05,	-1.6900
52.72,	-1.6800
53.38,	-1.6600
54.05,	-1.6600
54.71,	-1.6600
55.38,	-1.6700
56.05,	-1.6600
56.71,	-1.6400
57.38,	-1.6100
58.04,	-1.6000
58.71,	-1.5900
59.37,	-1.5800
60.04,	-1.5700
60.70,	-1.5700
61.37,	-1.5700
62.03,	-1.5800
62.70,	-1.6100
63.36,	-1.6100
64.03,	-1.6000
64.69,	-1.6000
65.36,	-1.5900
66.02,	-1.5500
66.69,	-1.5200
67.35,	-1.5100
68.01,	-1.5100
68.68,	-1.5000
69.34,	-1.5000
70.01,	-1.4900
70.67,	-1.5100
71.34,	-1.5400
72.00,	-1.5600
72.66,	-1.5900
73.33,	-1.6200
73.99,	-1.6400
74.66,	-1.6300
75.32,	-1.6000
75.98,	-1.5700
76.65,	-1.5700
77.31,	-1.5800
77.98,	-1.5900
78.64,	-1.6000
79.30,	-1.6200
79.97,	-1.6300
80.63,	-1.6300
81.30,	-1.6200
81.96,	-1.6200
82.62,	-1.6200
83.29,	-1.6100
83.95,	-1.6100
84.61,	-1.6000
85.28,	-1.5900
85.94,	-1.5800
86.60,	-1.5600
87.27,	-1.5300
87.93,	-1.5200
88.59,	-1.5200
89.26,	-1.5200
89.92,	-1.5200
90.58,	-1.5000
91.24,	-1.4700
91.91,	-1.4300
92.57,	-1.3900
93.23,	-1.3500
93.90,	-1.3300
94.56,	-1.3200
95.22,	-1.3100
95.88,	-1.3000
96.55,	-1.2900
97.21,	-1.2500
97.87,	-1.2200
98.53,	-1.1800
99.20,	-1.1500
99.86,	-1.1300
100.52,	-1.0900
101.18,	-1.0400
101.85,	-0.9600
102.51,	-0.8800
103.17,	-0.8400
103.83,	-0.8200
104.49,	-0.8100
105.16,	-0.7800
105.82,	-0.7200
106.48,	-0.6400
107.14,	-0.5500
107.80,	-0.4700
108.47,	-0.4000
109.13,	-0.3500
109.79,	-0.3100
110.45,	-0.2400
111.11,	-0.1300
111.77,	-0.0700
112.44,	-0.0500
113.10,	-0.0400
113.76,	-0.0200
114.42,	0.0000
115.08,	0.0000
115.74,	0.0100
116.40,	0.0300
117.06,	0.0800
117.73,	0.1000
118.39,	0.1000
119.05,	0.1000
119.71,	0.1000
120.37,	0.1100
121.03,	0.1100
121.69,	0.1200
122.35,	0.1200
123.01,	0.1400
123.67,	0.1800
124.33,	0.2000
125.00,	0.2300
125.66,	0.2500
126.32,	0.2600
126.98,	0.2600
127.64,	0.2600
128.30,	0.2600
128.96,	0.2700
129.62,	0.2700
130.28,	0.2700
130.94,	0.2700
131.60,	0.2700
132.26,	0.2700
132.92,	0.2700
133.58,	0.2700
134.24,	0.2700
134.90,	0.2700
135.56,	0.2700
136.22,	0.2700
136.88,	0.2700
137.54,	0.2700
138.20,	0.2700
138.86,	0.2700
139.52,	0.2700
140.18,	0.2700
140.84,	0.2700
141.50,	0.2700
142.16,	0.2800
142.82,	0.2800
143.48,	0.3000
144.14,	0.3100
144.79,	0.3100
145.45,	0.3100
146.11,	0.3200
146.77,	0.3200
147.43,	0.3200
148.09,	0.3100
148.75,	0.3200
149.41,	0.3200
150.07,	0.3300
150.73,	0.3300
151.39,	0.3300
152.04,	0.3400
152.70,	0.3500
153.36,	0.3600
154.02,	0.3700
154.68,	0.3700
155.34,	0.3800
156.00,	0.3800
156.65,	0.4000
157.31,	0.4000
157.97,	0.4000
158.63,	0.4100
159.29,	0.4200
159.95,	0.4300
160.60,	0.4400
161.26,	0.4400
161.92,	0.4400
162.58,	0.4400
163.24,	0.4400
163.90,	0.4300
164.55,	0.4300
165.21,	0.4300
165.87,	0.4300
166.53,	0.4300
167.18,	0.4400
167.84,	0.4300
168.50,	0.4400
169.16,	0.4400
169.82,	0.4300
170.47,	0.4300
171.13,	0.4300
171.79,	0.4300
172.44,	0.4300
173.10,	0.4300
173.76,	0.4300
174.42,	0.4200
175.07,	0.4200
175.73,	0.4200
176.39,	0.4300
177.05,	0.4300
177.70,	0.4200
178.36,	0.4300
179.02,	0.4300
179.67,	0.4300
180.33,	0.4300
180.99,	0.4300
181.64,	0.4300
182.30,	0.4300
182.96,	0.4300
183.61,	0.4300
184.27,	0.4300
184.93,	0.4300
185.58,	0.4200
186.24,	0.4300
186.90,	0.4300
187.55,	0.4300
188.21,	0.4300
188.87,	0.4300
189.52,	0.4300
190.18,	0.4300
190.83,	0.4300
191.49,	0.4400
192.15,	0.4400
192.80,	0.4300
193.46,	0.4300
194.11,	0.4300
194.77,	0.4300
195.43,	0.4400
196.08,	0.4400
196.74,	0.4400
197.39,	0.4400
198.05,	0.4400
198.70,	0.4400
199.36,	0.4400
200.02,	0.4400
200.67,	0.4400
201.33,	0.4400
201.98,	0.4400
202.64,	0.4400
203.29,	0.4400
203.95,	0.4400
204.60,	0.4500
205.26,	0.4400
205.91,	0.4400
206.57,	0.4400
207.22,	0.4400
207.88,	0.4400
208.53,	0.4400
209.19,	0.4400
209.84,	0.4400
210.50,	0.4400
211.15,	0.4400
211.81,	0.4400
212.46,	0.4400
213.12,	0.4400
213.77,	0.4400
214.43,	0.4400
215.08,	0.4400
215.74,	0.4400
216.39,	0.4400
217.04,	0.4500
217.70,	0.4500
218.35,	0.4500
219.01,	0.4500
219.66,	0.4500
220.32,	0.4400
220.97,	0.4400
221.62,	0.4400
222.28,	0.4400
222.93,	0.4400
223.59,	0.4500
224.24,	0.4400
224.89,	0.4400
225.55,	0.4400
226.20,	0.4400
226.85,	0.4400
227.51,	0.4400
228.16,	0.4400
228.81,	0.4400
229.47,	0.4400
230.12,	0.4400
230.78,	0.4400
231.43,	0.4500
232.08,	0.4500
232.74,	0.4400
233.39,	0.4400
234.04,	0.4400
234.69,	0.4500
235.35,	0.4500
236.00,	0.4500
236.65,	0.4400
237.31,	0.4400
237.96,	0.4400
238.61,	0.4400
239.27,	0.4500
239.92,	0.4500
240.57,	0.4400
241.22,	0.4400
241.88,	0.4400
242.53,	0.4400
243.18,	0.4400
243.83,	0.4300
244.49,	0.4300
245.14,	0.4300
245.79,	0.4300
246.44,	0.4200
247.10,	0.4300
247.75,	0.4300
248.40,	0.4300
249.05,	0.4200
249.70,	0.4200
250.36,	0.4300
251.01,	0.4200
251.66,	0.4200
252.31,	0.4200
252.96,	0.4200
253.62,	0.4200
254.27,	0.4200
254.92,	0.4300
255.57,	0.4300
256.22,	0.4300
256.88,	0.4300
257.53,	0.4200
258.18,	0.4300
258.83,	0.4200
259.48,	0.4200
260.13,	0.4300
260.78,	0.4200
261.44,	0.4200
262.09,	0.4000
262.74,	0.4000
263.39,	0.4000
264.04,	0.4000
264.69,	0.3900
265.34,	0.3900
265.99,	0.3900
266.64,	0.3900
267.29,	0.3900
267.95,	0.3900
268.60,	0.3800
269.25,	0.3800
269.90,	0.3800
270.55,	0.3800
271.20,	0.3800
271.85,	0.3900
272.50,	0.3900
273.15,	0.3900
273.80,	0.3900
274.45,	0.3900
275.10,	0.3900
275.75,	0.3900
276.40,	0.3900
277.05,	0.3900
277.70,	0.3800
278.35,	0.3800
279.00,	0.3800
279.65,	0.3800
280.30,	0.3900
280.95,	0.3900
281.60,	0.3900
282.25,	0.3900
282.90,	0.3900
283.55,	0.3900
284.20,	0.3900
284.85,	0.4000
285.50,	0.3900
286.15,	0.3900
286.80,	0.3900
287.45,	0.3800
288.10,	0.3800
288.75,	0.3800
289.40,	0.3800
290.05,	0.3800
290.70,	0.3900
291.35,	0.3900
292.00,	0.3900
292.64,	0.3900
293.29,	0.3800
293.94,	0.3900
294.59,	0.3900
295.24,	0.3900
295.89,	0.3900
296.54,	0.3900
297.19,	0.3900
297.84,	0.3900
298.49,	0.3900
299.13,	0.3900
299.78,	0.3900
300.43,	0.3900
301.08,	0.3900
301.73,	0.3800
302.38,	0.3800
303.02,	0.3800
303.67,	0.3800
304.32,	0.3800
304.97,	0.3800
305.62,	0.3900
306.27,	0.3900
306.91,	0.3900
307.56,	0.3900
308.21,	0.3900
308.86,	0.3800
309.51,	0.3800
310.15,	0.3800
310.80,	0.3800
311.45,	0.3800
312.10,	0.3800
312.75,	0.3800
313.39,	0.3800
314.04,	0.3900
314.69,	0.3800
315.34,	0.3700
315.98,	0.3600
316.63,	0.3700
317.28,	0.3700
317.93,	0.3700
318.57,	0.3800
319.22,	0.3800
319.87,	0.3800
320.52,	0.3800
321.16,	0.3800
321.81,	0.3900
322.46,	0.3900
323.10,	0.3900
323.75,	0.4000
324.40,	0.4100
325.04,	0.4100
325.69,	0.4100
326.34,	0.4100
326.99,	0.4100
327.63,	0.4100
328.28,	0.4100
328.93,	0.4100
329.57,	0.4200
330.22,	0.4200
330.86,	0.4200
331.51,	0.4200
332.16,	0.4200
332.80,	0.4200
333.45,	0.4300
334.10,	0.4300
334.74,	0.4300
335.39,	0.4200
336.03,	0.4200
336.68,	0.4200
337.33,	0.4200
337.97,	0.4200
338.62,	0.4200
339.26,	0.4200
339.91,	0.4100
340.56,	0.4100
341.20,	0.4200
341.85,	0.4200
342.49,	0.4200
343.14,	0.4200
343.78,	0.4200
344.43,	0.4300
345.08,	0.4200
345.72,	0.4200
346.37,	0.4200
347.01,	0.4200
347.66,	0.4300
348.30,	0.4300
348.95,	0.4300
349.59,	0.4300
350.24,	0.4300
350.88,	0.4300
351.53,	0.4300
352.17,	0.4300
352.82,	0.4300
353.46,	0.4300
354.11,	0.4300
354.75,	0.4400
355.40,	0.4400
356.04,	0.4400
356.69,	0.4500
357.33,	0.4500
357.98,	0.4500
358.62,	0.4500
359.27,	0.4500
359.91,	0.4600
360.55,	0.4600
361.20,	0.4600
361.84,	0.4600
362.49,	0.4600
363.13,	0.4600
363.78,	0.4600
364.42,	0.4600
365.06,	0.4700
365.71,	0.4700
366.35,	0.4700
367.00,	0.4700
367.64,	0.4700
368.28,	0.4700
368.93,	0.4700
369.57,	0.4700
370.22,	0.4700
370.86,	0.4600
371.50,	0.4600
372.15,	0.4600
372.79,	0.4600
373.43,	0.4500
374.08,	0.4500
374.72,	0.4500
375.36,	0.4600
376.01,	0.4600
376.65,	0.4600
377.29,	0.4600
377.94,	0.4600
378.58,	0.4600
379.22,	0.4600
379.87,	0.4600
380.51,	0.4600
381.15,	0.4600
381.79,	0.4700
382.44,	0.4600
383.08,	0.4600
383.72,	0.4600
384.37,	0.4500
385.01,	0.4500
385.65,	0.4600
386.29,	0.4600
386.94,	0.4600
387.58,	0.4600
388.22,	0.4600
388.86,	0.4500
389.51,	0.4500
390.15,	0.4500
390.79,	0.4500
391.43,	0.4500
392.08,	0.4600
392.72,	0.4700
393.36,	0.4700
394.00,	0.4800
394.64,	0.4800
395.29,	0.4800
395.93,	0.4800
396.57,	0.4800
397.21,	0.4800
397.85,	0.4800
398.50,	0.4800
399.14,	0.4800
399.78,	0.4800
400.42,	0.4700
401.06,	0.4700
401.70,	0.4800
402.34,	0.4700
402.99,	0.4600
403.63,	0.4600
404.27,	0.4600
404.91,	0.4600
405.55,	0.4500
406.19,	0.4400
406.83,	0.4400
407.48,	0.4400
408.12,	0.4400
408.76,	0.4300
409.40,	0.4300
410.04,	0.4300
410.68,	0.4400
411.32,	0.4400
411.96,	0.4300
412.60,	0.4300
413.24,	0.4300
413.88,	0.4300
414.52,	0.4300
415.17,	0.4300
415.81,	0.4300
416.45,	0.4300
417.09,	0.4200
417.73,	0.4000
418.37,	0.4000
419.01,	0.4000
419.65,	0.4100
420.29,	0.4000
420.93,	0.4100
421.57,	0.4100
422.21,	0.4100
422.85,	0.4100
423.49,	0.4100
424.13,	0.4100
424.77,	0.4000
425.41,	0.4100
426.05,	0.4100
426.69,	0.4100
427.33,	0.4100
427.97,	0.4200
428.61,	0.4200
429.25,	0.4200
429.89,	0.4200
430.53,	0.4200
431.17,	0.4200
431.80,	0.4200
432.44,	0.4100
433.08,	0.4200
433.72,	0.4200
434.36,	0.4200
435.00,	0.4100
435.64,	0.4100
436.28,	0.4100
436.92,	0.4100
437.56,	0.4100
438.20,	0.4100
438.84,	0.4100
439.47,	0.4100
440.11,	0.4100
440.75,	0.4200
441.39,	0.4100
442.03,	0.4100
442.67,	0.4000
443.31,	0.4000
443.95,	0.4000
444.58,	0.4100
445.22,	0.4000
445.86,	0.4000
446.50,	0.4000
447.14,	0.4100
447.78,	0.4100
448.41,	0.4100
449.05,	0.4100
449.69,	0.4100
450.33,	0.4100
450.97,	0.4100
451.60,	0.4100
452.24,	0.4100
452.88,	0.4100
453.52,	0.4100
454.16,	0.4100
454.79,	0.4100
455.43,	0.4200
456.07,	0.4100
456.71,	0.4200
457.35,	0.4200
457.98,	0.4200
458.62,	0.4200
459.26,	0.4200
459.90,	0.4200
460.53,	0.4300
461.17,	0.4300
461.81,	0.4300
462.44,	0.4200
463.08,	0.4200
463.72,	0.4200
464.36,	0.4200
464.99,	0.4200
465.63,	0.4200
466.27,	0.4200
466.90,	0.4200
467.54,	0.4200
468.18,	0.4200
468.81,	0.4200
469.45,	0.4200
470.09,	0.4200
470.72,	0.4200
471.36,	0.4200
472.00,	0.4200
472.63,	0.4200
473.27,	0.4200
473.91,	0.4100
474.54,	0.4100
475.18,	0.4100
475.82,	0.4100
476.45,	0.4100
477.09,	0.4100
477.73,	0.4100
478.36,	0.4200
479.00,	0.4100
479.63,	0.4100
480.27,	0.4100
480.91,	0.4100
481.54,	0.4100
482.18,	0.4100
482.81,	0.4100
483.45,	0.4100
484.08,	0.4200
484.72,	0.4200
485.36,	0.4200
485.99,	0.4200
486.63,	0.4200
487.26,	0.4300
487.90,	0.4200
488.53,	0.4200
489.17,	0.4300
489.80,	0.4300
490.44,	0.4400
491.07,	0.4500
491.71,	0.4700
492.34,	0.4700
492.98,	0.4700
493.62,	0.4700
494.25,	0.4800
494.89,	0.4800
495.52,	0.4800
496.15,	0.4800
496.79,	0.4700
497.42,	0.4700
498.06,	0.4800
498.69,	0.4900
499.33,	0.4800
499.96,	0.4700
500.60,	0.4700
501.23,	0.4600
501.87,	0.4600
502.50,	0.4600
503.14,	0.4600
503.77,	0.4600
504.40,	0.4600
505.04,	0.4700
505.67,	0.4700
506.31,	0.4800
506.94,	0.4800
507.57,	0.4800
508.21,	0.4900
508.84,	0.5000
509.48,	0.4900
510.11,	0.5000
510.74,	0.5000
511.38,	0.5000
512.01,	0.5000
512.65,	0.5000
513.28,	0.4900
513.91,	0.4900
514.55,	0.4800
515.18,	0.4800
515.81,	0.4800
516.45,	0.4800
517.08,	0.4800
517.71,	0.4800
518.35,	0.4900
518.98,	0.4900
519.61,	0.4800
520.25,	0.4800
520.88,	0.4800
521.51,	0.4800
522.15,	0.4800
522.78,	0.4800
523.41,	0.4800
524.04,	0.4800
524.68,	0.4800
525.31,	0.4700
525.94,	0.4700
526.58,	0.4800
527.21,	0.4700
527.84,	0.4600
528.47,	0.4700
529.11,	0.4700
529.74,	0.4700
530.37,	0.4700
531.00,	0.4700
531.64,	0.4700
532.27,	0.4700
532.90,	0.4700
533.53,	0.4700
534.17,	0.4700
534.80,	0.4700
535.43,	0.4600
536.06,	0.4600
536.69,	0.4600
537.33,	0.4600
537.96,	0.4700
538.59,	0.4600
539.22,	0.4600
539.85,	0.4600
540.48,	0.4600
541.12,	0.4600
541.75,	0.4700
542.38,	0.4600
543.01,	0.4600
543.64,	0.4600
544.27,	0.4600
544.91,	0.4600
545.54,	0.4700
546.17,	0.4800
546.80,	0.4800
547.43,	0.4800
548.06,	0.4800
548.69,	0.4900
549.32,	0.5000
549.95,	0.4900
550.59,	0.4900
551.22,	0.4900
551.85,	0.4900
552.48,	0.4900
553.11,	0.4900
553.74,	0.4900
554.37,	0.4900
555.00,	0.4900
555.63,	0.4900
556.26,	0.4900
556.89,	0.4900
557.52,	0.4900
558.15,	0.4900
558.78,	0.4800
559.42,	0.4800
560.05,	0.4800
560.68,	0.4700
561.31,	0.4700
561.94,	0.4800
562.57,	0.4700
563.20,	0.4700
563.83,	0.4700
564.46,	0.4700
565.09,	0.4700
565.72,	0.4600
566.35,	0.4600
566.98,	0.4600
567.61,	0.4600
568.24,	0.4600
568.87,	0.4600
569.50,	0.4600
570.12,	0.4600
570.75,	0.4600
571.38,	0.4600
572.01,	0.4600
572.64,	0.4600
573.27,	0.4600
573.90,	0.4600
574.53,	0.4600
575.16,	0.4700
575.79,	0.4700
576.42,	0.4700
577.05,	0.4700
577.68,	0.4700
578.31,	0.4700
578.93,	0.4700
579.56,	0.4600
580.19,	0.4700
580.82,	0.4700
581.45,	0.4700
582.08,	0.4700
582.71,	0.4700
583.34,	0.4700
583.97,	0.4800
584.59,	0.4800
585.22,	0.4800
585.85,	0.4800
586.48,	0.4900
587.11,	0.4800
587.74,	0.4800
588.36,	0.4700
588.99,	0.4700
589.62,	0.4600
590.25,	0.4600
590.88,	0.4700
591.50,	0.4700
592.13,	0.4700
592.76,	0.4700
593.39,	0.4600
594.02,	0.4600
594.64,	0.4600
595.27,	0.4600
595.90,	0.4600
596.53,	0.4600
597.16,	0.4600
597.78,	0.4600
598.41,	0.4700
599.04,	0.4700
599.67,	0.4700
600.29,	0.4600
600.92,	0.4600
601.55,	0.4600
602.18,	0.4600
602.80,	0.4600
603.43,	0.4600
604.06,	0.4600
604.68,	0.4700
605.31,	0.4700
605.94,	0.4700
606.57,	0.4600
607.19,	0.4600
607.82,	0.4500
608.45,	0.4600
609.07,	0.4600
609.70,	0.4600
610.33,	0.4600
610.95,	0.4600
611.58,	0.4600
612.21,	0.4500
612.83,	0.4500
613.46,	0.4500
614.09,	0.4500
614.71,	0.4500
615.34,	0.4400
615.97,	0.4500
616.59,	0.4500
617.22,	0.4500
617.84,	0.4500
618.47,	0.4600
619.10,	0.4600
619.72,	0.4600
620.35,	0.4700
620.97,	0.4700
621.60,	0.4700
622.23,	0.4600
622.85,	0.4600
623.48,	0.4600
624.10,	0.4600
624.73,	0.4800
625.35,	0.4800
625.98,	0.4800
626.61,	0.4800
627.23,	0.4900
627.86,	0.4900
628.48,	0.4800
629.11,	0.4800
629.73,	0.4800
630.36,	0.4800
630.98,	0.4700
631.61,	0.4700
632.23,	0.4700
632.86,	0.4700
633.48,	0.4700
634.11,	0.4700
634.73,	0.4700
635.36,	0.4600
635.98,	0.4600
636.61,	0.4500
637.23,	0.4500
637.86,	0.4400
638.48,	0.4400
639.11,	0.4400
639.73,	0.4300
640.36,	0.4300
640.98,	0.4400
641.61,	0.4400
642.23,	0.4300
642.85,	0.4300
643.48,	0.4300
644.10,	0.4300
644.73,	0.4300
645.35,	0.4400
645.98,	0.4400
646.60,	0.4400
647.22,	0.4400
647.85,	0.4400
648.47,	0.4400
649.10,	0.4400
649.72,	0.4300
650.34,	0.4300
650.97,	0.4300
651.59,	0.4200
652.22,	0.4200
652.84,	0.4200
653.46,	0.4200
654.09,	0.4200
654.71,	0.4200
655.33,	0.4200
655.96,	0.4200
656.58,	0.4200
657.20,	0.4200
657.83,	0.4200
658.45,	0.4200
659.07,	0.4200
659.70,	0.4200
660.32,	0.4200
660.94,	0.4200
661.57,	0.4200
662.19,	0.4200
662.81,	0.4200
663.43,	0.4200
664.06,	0.4200
664.68,	0.4300
665.30,	0.4300
665.93,	0.4300
666.55,	0.4300
667.17,	0.4300
667.79,	0.4300
668.42,	0.4200
669.04,	0.4200
669.66,	0.4200
670.28,	0.4200
670.91,	0.4200
671.53,	0.4200
672.15,	0.4200
672.77,	0.4300
673.39,	0.4300
674.02,	0.4300
674.64,	0.4200
675.26,	0.4200
675.88,	0.4200
676.50,	0.4200
677.13,	0.4200
677.75,	0.4200
678.37,	0.4200
678.99,	0.4200
679.61,	0.4200
680.24,	0.4200
680.86,	0.4200
681.48,	0.4200
682.10,	0.4200
682.72,	0.4200
683.34,	0.4200
683.96,	0.4200
684.59,	0.4200
685.21,	0.4200
685.83,	0.4300
686.45,	0.4300
687.07,	0.4300
687.69,	0.4300
688.31,	0.4300
688.93,	0.4300
689.56,	0.4300
690.18,	0.4300
690.80,	0.4300
691.42,	0.4300
692.04,	0.4300
692.66,	0.4300
693.28,	0.4200
693.90,	0.4300
694.52,	0.4300
695.14,	0.4300
695.76,	0.4300
696.38,	0.4300
697.00,	0.4300
697.62,	0.4200
698.25,	0.4200
698.87,	0.4200
699.49,	0.4200
700.11,	0.4200
700.73,	0.4200
701.35,	0.4200
701.97,	0.4200
702.59,	0.4300
703.21,	0.4200
703.83,	0.4300
704.45,	0.4300
705.07,	0.4300
705.69,	0.4300
706.31,	0.4400
706.93,	0.4300
707.55,	0.4300
708.17,	0.4200
708.79,	0.4200
709.40,	0.4200
710.02,	0.4200
710.64,	0.4100
711.26,	0.4100
711.88,	0.4200
712.50,	0.4200
713.12,	0.4200
713.74,	0.4200
714.36,	0.4300
714.98,	0.4200
715.60,	0.4200
716.22,	0.4200
716.84,	0.4200
717.45,	0.4200
718.07,	0.4300
718.69,	0.4200
719.31,	0.4200
719.93,	0.4200
720.55,	0.4300
721.17,	0.4300
721.79,	0.4300
722.41,	0.4300
723.02,	0.4300
723.64,	0.4300
724.26,	0.4300
724.88,	0.4300
725.50,	0.4300
726.12,	0.4300
726.73,	0.4300
727.35,	0.4300
727.97,	0.4400
728.59,	0.4300
729.21,	0.4300
729.83,	0.4300
730.44,	0.4300
731.06,	0.4300
731.68,	0.4300
732.30,	0.4300
732.92,	0.4300
733.53,	0.4300
734.15,	0.4300
734.77,	0.4300
735.39,	0.4400
736.00,	0.4400
736.62,	0.4400
737.24,	0.4400
737.86,	0.4400
738.47,	0.4400
739.09,	0.4400
739.71,	0.4400
740.33,	0.4400
740.94,	0.4400
741.56,	0.4300
742.18,	0.4300
742.79,	0.4400
743.41,	0.4400
744.03,	0.4400
744.65,	0.4400
745.26,	0.4400
745.88,	0.4400
746.50,	0.4400
747.11,	0.4300
747.73,	0.4400
748.35,	0.4400
748.96,	0.4400
749.58,	0.4400
750.20,	0.4300
750.81,	0.4300
751.43,	0.4300
752.05,	0.4300
752.66,	0.4200
753.28,	0.4300
753.90,	0.4300
754.51,	0.4300
755.13,	0.4300
755.74,	0.4300
756.36,	0.4300
756.98,	0.4300
757.59,	0.4300
758.21,	0.4300
758.82,	0.4300
759.44,	0.4300
760.06,	0.4300
760.67,	0.4300
761.29,	0.4400
761.90,	0.4400
762.52,	0.4400
763.14,	0.4400
763.75,	0.4400
764.37,	0.4400
764.98,	0.4400
765.60,	0.4400
766.21,	0.4400
766.83,	0.4400
767.44,	0.4300
768.06,	0.4300
768.67,	0.4300
769.29,	0.4400
769.90,	0.4400
770.52,	0.4300
771.14,	0.4300
771.75,	0.4400
772.37,	0.4400
772.98,	0.4400
773.59,	0.4400
774.21,	0.4400
774.82,	0.4500
775.44,	0.4500
776.05,	0.4500
776.67,	0.4500
777.28,	0.4400
777.90,	0.4400
778.51,	0.4400
779.13,	0.4300
779.74,	0.4300
780.36,	0.4300
780.97,	0.4300
781.58,	0.4300
782.20,	0.4300
782.81,	0.4300
783.43,	0.4300
784.04,	0.4200
784.66,	0.4200
785.27,	0.4200
785.88,	0.4200
786.50,	0.4200
787.11,	0.4200
787.73,	0.4200
788.34,	0.4200
788.95,	0.4200
789.57,	0.4200
790.18,	0.4200
790.79,	0.4200
791.41,	0.4300
792.02,	0.4300
792.63,	0.4300
793.25,	0.4300
793.86,	0.4300
794.47,	0.4300
795.09,	0.4400
795.70,	0.4400
796.31,	0.4400
796.93,	0.4300
797.54,	0.4300
798.15,	0.4300
798.77,	0.4300
799.38,	0.4300
799.99,	0.4400
800.61,	0.4400
801.22,	0.4300
801.83,	0.4400
802.44,	0.4400
803.06,	0.4300
803.67,	0.4200
804.28,	0.4200
804.90,	0.4300
805.51,	0.4300
806.12,	0.4300
806.73,	0.4300
807.34,	0.4300
807.96,	0.4300
808.57,	0.4300
809.18,	0.4300
809.79,	0.4300
810.41,	0.4300
811.02,	0.4300
811.63,	0.4300
812.24,	0.4300
812.85,	0.4300
813.47,	0.4300
814.08,	0.4300
814.69,	0.4300
815.30,	0.4300
815.91,	0.4300
816.53,	0.4200
817.14,	0.4200
817.75,	0.4200
818.36,	0.4300
818.97,	0.4200
819.58,	0.4200
820.20,	0.4200
820.81,	0.4200
821.42,	0.4200
822.03,	0.4200
822.64,	0.4200
823.25,	0.4200
823.86,	0.4300
824.47,	0.4200
825.09,	0.4200
825.70,	0.4100
826.31,	0.4100
826.92,	0.4100
827.53,	0.4200
828.14,	0.4200
828.75,	0.4200
829.36,	0.4100
829.97,	0.4100
830.58,	0.4100
831.19,	0.4100
831.80,	0.4100
832.42,	0.4100
833.03,	0.4200
833.64,	0.4100
834.25,	0.4100
834.86,	0.4200
835.47,	0.4100
836.08,	0.4100
836.69,	0.4000
837.30,	0.4000
837.91,	0.4000
838.52,	0.4000
839.13,	0.4000
839.74,	0.4000
840.35,	0.4000
840.96,	0.4000
841.57,	0.4000
842.18,	0.4000
842.79,	0.4000
843.40,	0.4100
844.01,	0.4100
844.62,	0.4200
845.23,	0.4200
845.84,	0.4200
846.45,	0.4200
847.06,	0.4200
847.67,	0.4200
848.27,	0.4300
848.88,	0.4300
849.49,	0.4200
850.10,	0.4200
850.71,	0.4200
851.32,	0.4200
851.93,	0.4200
852.54,	0.4200
853.15,	0.4200
853.76,	0.4200
854.37,	0.4200
854.98,	0.4100
855.58,	0.4100
856.19,	0.4100
856.80,	0.4200
857.41,	0.4200
858.02,	0.4200
858.63,	0.4200
859.24,	0.4100
859.85,	0.4100
860.45,	0.4200
861.06,	0.4300
861.67,	0.4300
862.28,	0.4300
862.89,	0.4200
863.50,	0.4200
864.10,	0.4200
864.71,	0.4200
865.32,	0.4200
865.93,	0.4200
866.54,	0.4200
867.14,	0.4200
867.75,	0.4200
868.36,	0.4300
868.97,	0.4200
869.58,	0.4300
870.18,	0.4300
870.79,	0.4300
871.40,	0.4200
872.01,	0.4300
872.61,	0.4300
873.22,	0.4300
873.83,	0.4300
874.44,	0.4400
875.04,	0.4300
875.65,	0.4300
876.26,	0.4300
876.87,	0.4200
877.47,	0.4200
878.08,	0.4300
878.69,	0.4400
879.29,	0.4400
879.90,	0.4400
880.51,	0.4500
881.12,	0.4400
881.72,	0.4400
882.33,	0.4300
882.94,	0.4300
883.54,	0.4300
884.15,	0.4400
884.76,	0.4400
885.36,	0.4500
885.97,	0.4500
886.58,	0.4400
887.18,	0.4400
887.79,	0.4400
888.40,	0.4400
889.00,	0.4300
889.61,	0.4400
890.22,	0.4400
890.82,	0.4300
891.43,	0.4400
892.03,	0.4400
892.64,	0.4400
893.25,	0.4500
893.85,	0.4500
894.46,	0.4400
895.06,	0.4500
895.67,	0.4500
896.28,	0.4500
896.88,	0.4400
897.49,	0.4300
898.09,	0.4300
898.70,	0.4300
899.30,	0.4400
899.91,	0.4300
900.52,	0.4300
901.12,	0.4300
901.73,	0.4400
902.33,	0.4400
902.94,	0.4300
903.54,	0.4300
904.15,	0.4200
904.75,	0.4200
905.36,	0.4200
905.96,	0.4300
906.57,	0.4400
907.17,	0.4400
907.78,	0.4300
908.38,	0.4300
908.99,	0.4200
909.59,	0.4200
910.20,	0.4200
910.80,	0.4300
911.41,	0.4300
912.01,	0.4300
912.62,	0.4800
913.22,	1.5800
913.83,	8.1200
914.43,	15.9900
915.03,	18.7800
915.64,	20.3900
916.24,	21.5100
916.85,	22.3700
917.45,	23.0800
918.06,	23.6900
918.66,	24.2600
919.26,	28.9600
919.87,	35.5000
920.47,	35.5000
921.08,	35.5000
921.68,	35.5000
922.28,	35.5000
922.89,	35.5000
923.49,	35.5000
924.10,	35.5000
924.70,	35.5000
925.30,	35.5000
925.91,	35.5000
926.51,	35.5000
927.11,	35.5000
927.72,	35.5000
928.32,	35.5000
928.92,	35.5000
929.53,	35.5000
930.13,	35.5000
930.74,	35.5000
931.34,	35.5000
931.94,	35.5000
932.54,	35.5000
933.15,	35.5000
933.75,	35.5000
934.35,	35.5000
934.96,	35.5000
935.56,	35.5000
936.16,	35.5000
936.77,	35.5000
937.37,	35.5000
937.97,	35.5000
938.57,	35.5000
939.18,	35.5000
939.78,	35.5000
940.38,	35.5000
940.98,	35.5000
941.59,	35.5000
942.19,	35.5000
942.79,	35.5000
943.39,	35.5000
944.00,	35.5000
944.60,	35.5000
945.20,	35.5000
945.80,	35.5000
946.40,	35.5000
947.01,	35.5000
947.61,	35.5000
948.21,	35.5000
948.81,	35.5000
949.41,	35.5000
950.02,	35.5000
950.62,	35.5000
951.22,	35.5000
951.82,	35.5000
952.42,	35.5000
953.02,	35.5000
953.63,	35.5000
954.23,	35.5000
954.83,	35.5000
955.43,	35.5000
956.03,	35.5000
956.63,	35.5000
957.24,	35.5000
957.84,	35.5000
958.44,	35.5000
959.04,	35.5000
959.64,	35.5000
960.24,	35.5000
960.84,	35.5000
961.44,	35.5000
962.04,	35.5000
962.64,	35.5000
963.25,	35.5000
963.85,	35.5000
964.45,	35.5000
965.05,	35.5000
965.65,	35.5000
966.25,	35.5000
966.85,	35.5000
967.45,	35.5000
968.05,	35.5000
968.65,	35.5000
969.25,	35.5000
969.85,	35.5000
970.45,	35.5000
971.05,	35.5000
971.65,	35.5000
972.25,	35.5000
972.85,	35.5000
973.45,	35.5000
974.05,	35.5000
974.65,	35.5000
975.25,	35.5000
975.85,	35.5000
976.45,	35.5000
977.05,	35.5000
977.65,	35.5000
978.25,	35.5000
978.85,	35.5000
979.45,	35.5000
980.05,	35.5000
980.65,	35.5000
981.25,	35.5000
981.85,	35.5000
982.45,	35.5000
983.05,	35.5000
983.65,	35.5000
984.25,	35.5000
984.85,	35.5000
985.45,	35.5000
986.04,	35.5000
986.64,	35.5000
987.24,	35.5000
987.84,	35.5000
988.44,	35.5000
989.04,	35.5000
989.64,	35.5000
990.24,	35.5000
990.84,	35.5000
991.44,	35.5000
992.03,	35.5000
992.63,	35.5000
993.23,	35.5000
993.83,	35.5000
994.43,	-1.5000
995.03,	-2.5200
995.63,	-2.5200
996.22,	-2.5200
996.82,	-2.5200
997.42,	-2.5200
998.02,	-2.5200
998.62,	-2.5200
999.21,	-2.5200
999.81,	-2.5200
1000.41,	-2.5200
