Call Sign = ZSDA,	Ship Name = SA Agulhas,	Lloyds Num = 0
Date = 12/04/2016,	Time = 21:01,	
Latitude = 46 40.24  S,	Longitude = 005 19.46  E
Instr = Sippican Deep Blue,	Card Type = Sippican MK-21,	
Wind Instr = ,	Measur Method = 
Probe Serial Num = -1,	Ship Dir = -1,	Ship Speed = -1.00
Wind Dir = 347,	Wind Speed = 31.90
Dry Bulb Temp = 7.00,	Total Water Depth = -1.00

Full Resolution Values
Depth,	 Temp
0.67,	6.4200
1.34,	5.5600
2.01,	5.2300
2.68,	5.1200
3.34,	5.0800
4.01,	5.0800
4.68,	5.1000
5.35,	5.0800
6.02,	5.0900
6.69,	5.1000
7.36,	5.1000
8.03,	5.1000
8.69,	5.1000
9.36,	5.1100
10.03,	5.1100
10.70,	5.1000
11.37,	5.1000
12.04,	5.1000
12.70,	5.1000
13.37,	5.1000
14.04,	5.1000
14.71,	5.1000
15.38,	5.1000
16.05,	5.1000
16.71,	5.1000
17.38,	5.1000
18.05,	5.1000
18.72,	5.0900
19.38,	5.0900
20.05,	5.1000
20.72,	5.0900
21.39,	5.0900
22.06,	5.1000
22.72,	5.0900
23.39,	5.0900
24.06,	5.0900
24.73,	5.0900
25.39,	5.0900
26.06,	5.0900
26.73,	5.0900
27.40,	5.0900
28.06,	5.0900
28.73,	5.1000
29.40,	5.1000
30.06,	5.0900
30.73,	5.0900
31.40,	5.1000
32.06,	5.1000
32.73,	5.0900
33.40,	5.0900
34.07,	5.0900
34.73,	5.0900
35.40,	5.0900
36.07,	5.0900
36.73,	5.0900
37.40,	5.0900
38.07,	5.0900
38.73,	5.0900
39.40,	5.0900
40.06,	5.0900
40.73,	5.0900
41.40,	5.0900
42.06,	5.0900
42.73,	5.0900
43.40,	5.0900
44.06,	5.0900
44.73,	5.0900
45.39,	5.0900
46.06,	5.0900
46.73,	5.0900
47.39,	5.0900
48.06,	5.0900
48.72,	5.0900
49.39,	5.0800
50.06,	5.0900
50.72,	5.0900
51.39,	5.0900
52.05,	5.0900
52.72,	5.0800
53.38,	5.0900
54.05,	5.0900
54.71,	5.0900
55.38,	5.0900
56.05,	5.0800
56.71,	5.0800
57.38,	5.0800
58.04,	5.0800
58.71,	5.0900
59.37,	5.0900
60.04,	5.0900
60.70,	5.0900
61.37,	5.0800
62.03,	5.0900
62.70,	5.0900
63.36,	5.0800
64.03,	5.0800
64.69,	5.0800
65.36,	5.0800
66.02,	5.0800
66.69,	5.0800
67.35,	5.0700
68.01,	5.0800
68.68,	5.0800
69.34,	5.0800
70.01,	5.0800
70.67,	5.0800
71.34,	5.0700
72.00,	5.0700
72.66,	5.0700
73.33,	5.0700
73.99,	5.0700
74.66,	5.0700
75.32,	5.0800
75.98,	5.0800
76.65,	5.0700
77.31,	5.0700
77.98,	5.0700
78.64,	5.0600
79.30,	5.0600
79.97,	5.0600
80.63,	5.0600
81.30,	5.0600
81.96,	5.0500
82.62,	5.0500
83.29,	5.0500
83.95,	5.0500
84.61,	5.0500
85.28,	5.0400
85.94,	5.0400
86.60,	5.0400
87.27,	5.0300
87.93,	5.0200
88.59,	5.0200
89.26,	5.0000
89.92,	5.0000
90.58,	4.9900
91.24,	4.9800
91.91,	4.9600
92.57,	4.9400
93.23,	4.9100
93.90,	4.8600
94.56,	4.7700
95.22,	4.6500
95.88,	4.5500
96.55,	4.4800
97.21,	4.4100
97.87,	4.3600
98.53,	4.3200
99.20,	4.2800
99.86,	4.2700
100.52,	4.2600
101.18,	4.2600
101.85,	4.2500
102.51,	4.2500
103.17,	4.2500
103.83,	4.2500
104.49,	4.2500
105.16,	4.2600
105.82,	4.2500
106.48,	4.2500
107.14,	4.2600
107.80,	4.2500
108.47,	4.2500
109.13,	4.2500
109.79,	4.2600
110.45,	4.2500
111.11,	4.2500
111.77,	4.2500
112.44,	4.2500
113.10,	4.2500
113.76,	4.2400
114.42,	4.2300
115.08,	4.2200
115.74,	4.2100
116.40,	4.2000
117.06,	4.1800
117.73,	4.1700
118.39,	4.1600
119.05,	4.1500
119.71,	4.1300
120.37,	4.1200
121.03,	4.1100
121.69,	4.1100
122.35,	4.1000
123.01,	4.1000
123.67,	4.1000
124.33,	4.0900
125.00,	4.0800
125.66,	4.0700
126.32,	4.0700
126.98,	4.0700
127.64,	4.0700
128.30,	4.0700
128.96,	4.0600
129.62,	4.0700
130.28,	4.0700
130.94,	4.0600
131.60,	4.0600
132.26,	4.0600
132.92,	4.0700
133.58,	4.0600
134.24,	4.0700
134.90,	4.0600
135.56,	4.0600
136.22,	4.0500
136.88,	4.0600
137.54,	4.0700
138.20,	4.0600
138.86,	4.0600
139.52,	4.0600
140.18,	4.0600
140.84,	4.0700
141.50,	4.0900
142.16,	4.1300
142.82,	4.1400
143.48,	4.1500
144.14,	4.1600
144.79,	4.1500
145.45,	4.1300
146.11,	4.1000
146.77,	4.0800
147.43,	4.0900
148.09,	4.1000
148.75,	4.1000
149.41,	4.1000
150.07,	4.1000
150.73,	4.1100
151.39,	4.1000
152.04,	4.0900
152.70,	4.0800
153.36,	4.0800
154.02,	4.0800
154.68,	4.0600
155.34,	4.0700
156.00,	4.0700
156.65,	4.0600
157.31,	4.0600
157.97,	4.0600
158.63,	4.0600
159.29,	4.0500
159.95,	4.0500
160.60,	4.0500
161.26,	4.0300
161.92,	4.0200
162.58,	4.0100
163.24,	4.0100
163.90,	3.9900
164.55,	3.9800
165.21,	3.9800
165.87,	3.9700
166.53,	3.9600
167.18,	3.9500
167.84,	3.9400
168.50,	3.9200
169.16,	3.9100
169.82,	3.9100
170.47,	3.9000
171.13,	3.8900
171.79,	3.8700
172.44,	3.8500
173.10,	3.8300
173.76,	3.8100
174.42,	3.8000
175.07,	3.8000
175.73,	3.8000
176.39,	3.8000
177.05,	3.8100
177.70,	3.8000
178.36,	3.8000
179.02,	3.8000
179.67,	3.8000
180.33,	3.8100
180.99,	3.8000
181.64,	3.8100
182.30,	3.8100
182.96,	3.8100
183.61,	3.8100
184.27,	3.8000
184.93,	3.8000
185.58,	3.8000
186.24,	3.8000
186.90,	3.8000
187.55,	3.8100
188.21,	3.8000
188.87,	3.8000
189.52,	3.7900
190.18,	3.7900
190.83,	3.7900
191.49,	3.7900
192.15,	3.7800
192.80,	3.7900
193.46,	3.8000
194.11,	3.8000
194.77,	3.7900
195.43,	3.7900
196.08,	3.7900
196.74,	3.7900
197.39,	3.7800
198.05,	3.7800
198.70,	3.7800
199.36,	3.7800
200.02,	3.7900
200.67,	3.7800
201.33,	3.7800
201.98,	3.7800
202.64,	3.7800
203.29,	3.7900
203.95,	3.7900
204.60,	3.8000
205.26,	3.8000
205.91,	3.8000
206.57,	3.8000
207.22,	3.8000
207.88,	3.8000
208.53,	3.7900
209.19,	3.7900
209.84,	3.7900
210.50,	3.8000
211.15,	3.7900
211.81,	3.7900
212.46,	3.7900
213.12,	3.7800
213.77,	3.7800
214.43,	3.7800
215.08,	3.7800
215.74,	3.7800
216.39,	3.7800
217.04,	3.7800
217.70,	3.7800
218.35,	3.7800
219.01,	3.7800
219.66,	3.7700
220.32,	3.7800
220.97,	3.7800
221.62,	3.7700
222.28,	3.7700
222.93,	3.7700
223.59,	3.7700
224.24,	3.7600
224.89,	3.7500
225.55,	3.7400
226.20,	3.7400
226.85,	3.7300
227.51,	3.7200
228.16,	3.7100
228.81,	3.7100
229.47,	3.7000
230.12,	3.6900
230.78,	3.6900
231.43,	3.6900
232.08,	3.6900
232.74,	3.6800
233.39,	3.6800
234.04,	3.6800
234.69,	3.6800
235.35,	3.6800
236.00,	3.6800
236.65,	3.6800
237.31,	3.6800
237.96,	3.6800
238.61,	3.6800
239.27,	3.6700
239.92,	3.6700
240.57,	3.6700
241.22,	3.6800
241.88,	3.6700
242.53,	3.6700
243.18,	3.6800
243.83,	3.6800
244.49,	3.6800
245.14,	3.6900
245.79,	3.6900
246.44,	3.6800
247.10,	3.6700
247.75,	3.6600
248.40,	3.6500
249.05,	3.6400
249.70,	3.6300
250.36,	3.6300
251.01,	3.6200
251.66,	3.6200
252.31,	3.6200
252.96,	3.6200
253.62,	3.6400
254.27,	3.6700
254.92,	3.7000
255.57,	3.7100
256.22,	3.6900
256.88,	3.6600
257.53,	3.6300
258.18,	3.6200
258.83,	3.6100
259.48,	3.6200
260.13,	3.6100
260.78,	3.6200
261.44,	3.6500
262.09,	3.6500
262.74,	3.6400
263.39,	3.6300
264.04,	3.6400
264.69,	3.6700
265.34,	3.6900
265.99,	3.6900
266.64,	3.6800
267.29,	3.6500
267.95,	3.6200
268.60,	3.6000
269.25,	3.5900
269.90,	3.5900
270.55,	3.5800
271.20,	3.5600
271.85,	3.5400
272.50,	3.5400
273.15,	3.5400
273.80,	3.5400
274.45,	3.5400
275.10,	3.5600
275.75,	3.6000
276.40,	3.6700
277.05,	3.7300
277.70,	3.7400
278.35,	3.7600
279.00,	3.7500
279.65,	3.7500
280.30,	3.7500
280.95,	3.7400
281.60,	3.7300
282.25,	3.7200
282.90,	3.7100
283.55,	3.7200
284.20,	3.7200
284.85,	3.7300
285.50,	3.7200
286.15,	3.7200
286.80,	3.7200
287.45,	3.7000
288.10,	3.6900
288.75,	3.6900
289.40,	3.6900
290.05,	3.6800
290.70,	3.6800
291.35,	3.6800
292.00,	3.6700
292.64,	3.6700
293.29,	3.6500
293.94,	3.6300
294.59,	3.6100
295.24,	3.6200
295.89,	3.6700
296.54,	3.7300
297.19,	3.7800
297.84,	3.8000
298.49,	3.8100
299.13,	3.8100
299.78,	3.7900
300.43,	3.7700
301.08,	3.7700
301.73,	3.7900
302.38,	3.8100
303.02,	3.8200
303.67,	3.8300
304.32,	3.8300
304.97,	3.8400
305.62,	3.8400
306.27,	3.8400
306.91,	3.8300
307.56,	3.8300
308.21,	3.8200
308.86,	3.8200
309.51,	3.8100
310.15,	3.8100
310.80,	3.8200
311.45,	3.8100
312.10,	3.8000
312.75,	3.8100
313.39,	3.8200
314.04,	3.8200
314.69,	3.8100
315.34,	3.8000
315.98,	3.8100
316.63,	3.8100
317.28,	3.8100
317.93,	3.8100
318.57,	3.8100
319.22,	3.8000
319.87,	3.8000
320.52,	3.7800
321.16,	3.7700
321.81,	3.7700
322.46,	3.7700
323.10,	3.7700
323.75,	3.7700
324.40,	3.7700
325.04,	3.7700
325.69,	3.7700
326.34,	3.7700
326.99,	3.7600
327.63,	3.7700
328.28,	3.7700
328.93,	3.7700
329.57,	3.7700
330.22,	3.7600
330.86,	3.7500
331.51,	3.7600
332.16,	3.7500
332.80,	3.7400
333.45,	3.7300
334.10,	3.7200
334.74,	3.7000
335.39,	3.6900
336.03,	3.6800
336.68,	3.6800
337.33,	3.6800
337.97,	3.6700
338.62,	3.6700
339.26,	3.6600
339.91,	3.6600
340.56,	3.6500
341.20,	3.6500
341.85,	3.6400
342.49,	3.6400
343.14,	3.6400
343.78,	3.6500
344.43,	3.6400
345.08,	3.6400
345.72,	3.6400
346.37,	3.6200
347.01,	3.6100
347.66,	3.6000
348.30,	3.5900
348.95,	3.5800
349.59,	3.5800
350.24,	3.5700
350.88,	3.5700
351.53,	3.5700
352.17,	3.5700
352.82,	3.5600
353.46,	3.5600
354.11,	3.5500
354.75,	3.5400
355.40,	3.5400
356.04,	3.5400
356.69,	3.5400
357.33,	3.5400
357.98,	3.5300
358.62,	3.5200
359.27,	3.5100
359.91,	3.5100
360.55,	3.5100
361.20,	3.5100
361.84,	3.5000
362.49,	3.5000
363.13,	3.5000
363.78,	3.5000
364.42,	3.5000
365.06,	3.4900
365.71,	3.4800
366.35,	3.4800
367.00,	3.4800
367.64,	3.4800
368.28,	3.4800
368.93,	3.4800
369.57,	3.4800
370.22,	3.4800
370.86,	3.4800
371.50,	3.4700
372.15,	3.4800
372.79,	3.4700
373.43,	3.4700
374.08,	3.4600
374.72,	3.4600
375.36,	3.4600
376.01,	3.4500
376.65,	3.4500
377.29,	3.4500
377.94,	3.4300
378.58,	3.4100
379.22,	3.4000
379.87,	3.3900
380.51,	3.3900
381.15,	3.3800
381.79,	3.3800
382.44,	3.3800
383.08,	3.3800
383.72,	3.3800
384.37,	3.3700
385.01,	3.3700
385.65,	3.3600
386.29,	3.3700
386.94,	3.3600
387.58,	3.3600
388.22,	3.3600
388.86,	3.3600
389.51,	3.3600
390.15,	3.3500
390.79,	3.3500
391.43,	3.3400
392.08,	3.3300
392.72,	3.3200
393.36,	3.3200
394.00,	3.3200
394.64,	3.3200
395.29,	3.3200
395.93,	3.3100
396.57,	3.3100
397.21,	3.3000
397.85,	3.3000
398.50,	3.3000
399.14,	3.3000
399.78,	3.3000
400.42,	3.2900
401.06,	3.2900
401.70,	3.2900
402.34,	3.2800
402.99,	3.2800
403.63,	3.2800
404.27,	3.2700
404.91,	3.2700
405.55,	3.2700
406.19,	3.2600
406.83,	3.2600
407.48,	3.2500
408.12,	3.2500
408.76,	3.2500
409.40,	3.2400
410.04,	3.2500
410.68,	3.2400
411.32,	3.2400
411.96,	3.2300
412.60,	3.2400
413.24,	3.2400
413.88,	3.2400
414.52,	3.2400
415.17,	3.2300
415.81,	3.2300
416.45,	3.2300
417.09,	3.2200
417.73,	3.2100
418.37,	3.2000
419.01,	3.1900
419.65,	3.1800
420.29,	3.1800
420.93,	3.1700
421.57,	3.1600
422.21,	3.1600
422.85,	3.1600
423.49,	3.1500
424.13,	3.1600
424.77,	3.1600
425.41,	3.1600
426.05,	3.1500
426.69,	3.1400
427.33,	3.1400
427.97,	3.1400
428.61,	3.1400
429.25,	3.1400
429.89,	3.1400
430.53,	3.1300
431.17,	3.1300
431.80,	3.1300
432.44,	3.1200
433.08,	3.1300
433.72,	3.1300
434.36,	3.1300
435.00,	3.1300
435.64,	3.1300
436.28,	3.1200
436.92,	3.1200
437.56,	3.1200
438.20,	3.1200
438.84,	3.1200
439.47,	3.1200
440.11,	3.1200
440.75,	3.1200
441.39,	3.1200
442.03,	3.1200
442.67,	3.1200
443.31,	3.1200
443.95,	3.1200
444.58,	3.1300
445.22,	3.1300
445.86,	3.1200
446.50,	3.1200
447.14,	3.1200
447.78,	3.1200
448.41,	3.1100
449.05,	3.1100
449.69,	3.1000
450.33,	3.1000
450.97,	3.1000
451.60,	3.1000
452.24,	3.0900
452.88,	3.1000
453.52,	3.1000
454.16,	3.1000
454.79,	3.0900
455.43,	3.0900
456.07,	3.0900
456.71,	3.0900
457.35,	3.0900
457.98,	3.0900
458.62,	3.0900
459.26,	3.0800
459.90,	3.0700
460.53,	3.0700
461.17,	3.0700
461.81,	3.0600
462.44,	3.0600
463.08,	3.0600
463.72,	3.0500
464.36,	3.0500
464.99,	3.0500
465.63,	3.0500
466.27,	3.0500
466.90,	3.0400
467.54,	3.0400
468.18,	3.0400
468.81,	3.0400
469.45,	3.0300
470.09,	3.0300
470.72,	3.0300
471.36,	3.0300
472.00,	3.0200
472.63,	3.0100
473.27,	3.0100
473.91,	3.0100
474.54,	3.0000
475.18,	3.0000
475.82,	3.0000
476.45,	3.0000
477.09,	3.0000
477.73,	3.0000
478.36,	3.0000
479.00,	3.0000
479.63,	3.0000
480.27,	3.0000
480.91,	3.0000
481.54,	3.0000
482.18,	3.0000
482.81,	2.9900
483.45,	2.9800
484.08,	2.9800
484.72,	2.9800
485.36,	2.9800
485.99,	2.9800
486.63,	2.9800
487.26,	2.9700
487.90,	2.9700
488.53,	2.9700
489.17,	2.9800
489.80,	2.9700
490.44,	2.9700
491.07,	2.9700
491.71,	2.9700
492.34,	2.9600
492.98,	2.9500
493.62,	2.9400
494.25,	2.9200
494.89,	2.9100
495.52,	2.9000
496.15,	2.8900
496.79,	2.8900
497.42,	2.8900
498.06,	2.8900
498.69,	2.8800
499.33,	2.8800
499.96,	2.8700
500.60,	2.8700
501.23,	2.8700
501.87,	2.8600
502.50,	2.8700
503.14,	2.8700
503.77,	2.8700
504.40,	2.8600
505.04,	2.8600
505.67,	2.8600
506.31,	2.8600
506.94,	2.8500
507.57,	2.8500
508.21,	2.8500
508.84,	2.8400
509.48,	2.8400
510.11,	2.8400
510.74,	2.8400
511.38,	2.8400
512.01,	2.8500
512.65,	2.8500
513.28,	2.8400
513.91,	2.8400
514.55,	2.8400
515.18,	2.8400
515.81,	2.8400
516.45,	2.8400
517.08,	2.8400
517.71,	2.8400
518.35,	2.8300
518.98,	2.8300
519.61,	2.8300
520.25,	2.8300
520.88,	2.8300
521.51,	2.8300
522.15,	2.8300
522.78,	2.8200
523.41,	2.8300
524.04,	2.8300
524.68,	2.8300
525.31,	2.8200
525.94,	2.8300
526.58,	2.8300
527.21,	2.8200
527.84,	2.8200
528.47,	2.8200
529.11,	2.8100
529.74,	2.8200
530.37,	2.8200
531.00,	2.8100
531.64,	2.8000
532.27,	2.8000
532.90,	2.7900
533.53,	2.7900
534.17,	2.7900
534.80,	2.7900
535.43,	2.8000
536.06,	2.8000
536.69,	2.8000
537.33,	2.8000
537.96,	2.8000
538.59,	2.8000
539.22,	2.8000
539.85,	2.8000
540.48,	2.7900
541.12,	2.7900
541.75,	2.7800
542.38,	2.7800
543.01,	2.7800
543.64,	2.7800
544.27,	2.7800
544.91,	2.7800
545.54,	2.7800
546.17,	2.7700
546.80,	2.7700
547.43,	2.7700
548.06,	2.7600
548.69,	2.7600
549.32,	2.7600
549.95,	2.7600
550.59,	2.7500
551.22,	2.7500
551.85,	2.7500
552.48,	2.7500
553.11,	2.7500
553.74,	2.7500
554.37,	2.7500
555.00,	2.7500
555.63,	2.7500
556.26,	2.7500
556.89,	2.7500
557.52,	2.7500
558.15,	2.7500
558.78,	2.7500
559.42,	2.7400
560.05,	2.7500
560.68,	2.7500
561.31,	2.7500
561.94,	2.7500
562.57,	2.7500
563.20,	2.7500
563.83,	2.7500
564.46,	2.7500
565.09,	2.7500
565.72,	2.7500
566.35,	2.7500
566.98,	2.7500
567.61,	2.7500
568.24,	2.7500
568.87,	2.7500
569.50,	2.7500
570.12,	2.7500
570.75,	2.7500
571.38,	2.7500
572.01,	2.7500
572.64,	2.7500
573.27,	2.7500
573.90,	2.7400
574.53,	2.7500
575.16,	2.7400
575.79,	2.7400
576.42,	2.7400
577.05,	2.7400
577.68,	2.7400
578.31,	2.7400
578.93,	2.7400
579.56,	2.7400
580.19,	2.7400
580.82,	2.7500
581.45,	2.7500
582.08,	2.7500
582.71,	2.7600
583.34,	2.7600
583.97,	2.7500
584.59,	2.7500
585.22,	2.7500
585.85,	2.7600
586.48,	2.7600
587.11,	2.7600
587.74,	2.7600
588.36,	2.7600
588.99,	2.7600
589.62,	2.7600
590.25,	2.7600
590.88,	2.7600
591.50,	2.7600
592.13,	2.7600
592.76,	2.7600
593.39,	2.7600
594.02,	2.7700
594.64,	2.7700
595.27,	2.7800
595.90,	2.7800
596.53,	2.7800
597.16,	2.7800
597.78,	2.7800
598.41,	2.7800
599.04,	2.7800
599.67,	2.7800
600.29,	2.7800
600.92,	2.7900
601.55,	2.7900
602.18,	2.7900
602.80,	2.8000
603.43,	2.8000
604.06,	2.8000
604.68,	2.8000
605.31,	2.8000
605.94,	2.8000
606.57,	2.7900
607.19,	2.7900
607.82,	2.7900
608.45,	2.7900
609.07,	2.7900
609.70,	2.7800
610.33,	2.7800
610.95,	2.7800
611.58,	2.7800
612.21,	2.7900
612.83,	2.8000
613.46,	2.8000
614.09,	2.8000
614.71,	2.7900
615.34,	2.8000
615.97,	2.8100
616.59,	2.8000
617.22,	2.8000
617.84,	2.7900
618.47,	2.7800
619.10,	2.7700
619.72,	2.7700
620.35,	2.7700
620.97,	2.7600
621.60,	2.7600
622.23,	2.7600
622.85,	2.7600
623.48,	2.7600
624.10,	2.7600
624.73,	2.7600
625.35,	2.7600
625.98,	2.7600
626.61,	2.7600
627.23,	2.7600
627.86,	2.7600
628.48,	2.7600
629.11,	2.7600
629.73,	2.7600
630.36,	2.7700
630.98,	2.7700
631.61,	2.7700
632.23,	2.7600
632.86,	2.7600
633.48,	2.7600
634.11,	2.7700
634.73,	2.7600
635.36,	2.7600
635.98,	2.7600
636.61,	2.7600
637.23,	2.7600
637.86,	2.7700
638.48,	2.7700
639.11,	2.7700
639.73,	2.7700
640.36,	2.7700
640.98,	2.7700
641.61,	2.7700
642.23,	2.7600
642.85,	2.7700
643.48,	2.7700
644.10,	2.7700
644.73,	2.7800
645.35,	2.7700
645.98,	2.7700
646.60,	2.7700
647.22,	2.7700
647.85,	2.7700
648.47,	2.7700
649.10,	2.7700
649.72,	2.7700
650.34,	2.7800
650.97,	2.7700
651.59,	2.7700
652.22,	2.7700
652.84,	2.7700
653.46,	2.7700
654.09,	2.7700
654.71,	2.7700
655.33,	2.7700
655.96,	2.7700
656.58,	2.7700
657.20,	2.7700
657.83,	2.7700
658.45,	2.7700
659.07,	2.7700
659.70,	2.7700
660.32,	2.7700
660.94,	2.7700
661.57,	2.7700
662.19,	2.7700
662.81,	2.7700
663.43,	2.7700
664.06,	2.7700
664.68,	2.7600
665.30,	2.7600
665.93,	2.7600
666.55,	2.7700
667.17,	2.7700
667.79,	2.7700
668.42,	2.7700
669.04,	2.7700
669.66,	2.7700
670.28,	2.7700
670.91,	2.7700
671.53,	2.7700
672.15,	2.7700
672.77,	2.7700
673.39,	2.7700
674.02,	2.7700
674.64,	2.7700
675.26,	2.7700
675.88,	2.7700
676.50,	2.7700
677.13,	2.7700
677.75,	2.7700
678.37,	2.7700
678.99,	2.7800
679.61,	2.7700
680.24,	2.7700
680.86,	2.7800
681.48,	2.7700
682.10,	2.7700
682.72,	2.7700
683.34,	2.7700
683.96,	2.7700
684.59,	2.7700
685.21,	2.7700
685.83,	2.7700
686.45,	2.7700
687.07,	2.7800
687.69,	2.7700
688.31,	2.7700
688.93,	2.7700
689.56,	2.7700
690.18,	2.7700
690.80,	2.7700
691.42,	2.7700
692.04,	2.7700
692.66,	2.7700
693.28,	2.7700
693.90,	2.7700
694.52,	2.7700
695.14,	2.7700
695.76,	2.7700
696.38,	2.7700
697.00,	2.7600
697.62,	2.7500
698.25,	2.7500
698.87,	2.7500
699.49,	2.7600
700.11,	2.7500
700.73,	2.7600
701.35,	2.7600
701.97,	2.7600
702.59,	2.7600
703.21,	2.7600
703.83,	2.7600
704.45,	2.7600
705.07,	2.7600
705.69,	2.7600
706.31,	2.7600
706.93,	2.7700
707.55,	2.7600
708.17,	2.7600
708.79,	2.7600
709.40,	2.7600
710.02,	2.7600
710.64,	2.7600
711.26,	2.7600
711.88,	2.7600
712.50,	2.7600
713.12,	2.7600
713.74,	2.7600
714.36,	2.7700
714.98,	2.7700
715.60,	2.7600
716.22,	2.7600
716.84,	2.7600
717.45,	2.7600
718.07,	2.7600
718.69,	2.7700
719.31,	2.7700
719.93,	2.7700
720.55,	2.7700
721.17,	2.7600
721.79,	2.7700
722.41,	2.7700
723.02,	2.7800
723.64,	2.7700
724.26,	2.7700
724.88,	2.7800
725.50,	2.7800
726.12,	2.7700
726.73,	2.7800
727.35,	2.7800
727.97,	2.7700
728.59,	2.7800
729.21,	2.7800
729.83,	2.7800
730.44,	2.7800
731.06,	2.7800
731.68,	2.7800
732.30,	2.7800
732.92,	2.7800
733.53,	2.7800
734.15,	2.7700
734.77,	2.7700
735.39,	2.7800
736.00,	2.7800
736.62,	2.7800
737.24,	2.7800
737.86,	2.7800
738.47,	2.7800
739.09,	2.7800
739.71,	2.7800
740.33,	2.7800
740.94,	2.7700
741.56,	2.7700
742.18,	2.7800
742.79,	2.7800
743.41,	2.7800
744.03,	2.7700
744.65,	2.7800
745.26,	2.7800
745.88,	2.7800
746.50,	2.7700
747.11,	2.7700
747.73,	2.7800
748.35,	2.7800
748.96,	2.7900
749.58,	2.7900
750.20,	2.8000
750.81,	2.8000
751.43,	2.7900
752.05,	2.8000
752.66,	2.7900
753.28,	2.7900
753.90,	2.7900
754.51,	2.7900
755.13,	2.7900
755.74,	2.7900
756.36,	2.7900
756.98,	2.7900
757.59,	2.7900
758.21,	2.7800
758.82,	2.7800
759.44,	2.7800
760.06,	2.7800
760.67,	2.7800
761.29,	2.7800
761.90,	2.7900
762.52,	2.7800
763.14,	2.7900
763.75,	2.7900
764.37,	2.7900
764.98,	2.7900
765.60,	2.7800
766.21,	2.7800
766.83,	2.7900
767.44,	2.7900
768.06,	2.7900
768.67,	2.7900
769.29,	2.8000
769.90,	2.8000
770.52,	2.7900
771.14,	2.7900
771.75,	2.8000
772.37,	2.8000
772.98,	2.7900
773.59,	2.7900
774.21,	2.7900
774.82,	2.7800
775.44,	2.7800
776.05,	2.7800
776.67,	2.7900
777.28,	2.7800
777.90,	2.7800
778.51,	2.7800
779.13,	2.7800
779.74,	2.7900
780.36,	2.7800
780.97,	2.7800
781.58,	2.7800
782.20,	2.7800
782.81,	2.7800
783.43,	2.7800
784.04,	2.7800
784.66,	2.7800
785.27,	2.7800
785.88,	2.7900
786.50,	2.7900
787.11,	2.7900
787.73,	2.7900
788.34,	2.7900
788.95,	2.7900
789.57,	2.7900
790.18,	2.8000
790.79,	2.7900
791.41,	2.7900
792.02,	2.7800
792.63,	2.7800
793.25,	2.7900
793.86,	2.7900
794.47,	2.7900
795.09,	2.7900
795.70,	2.7900
796.31,	2.7900
796.93,	2.7900
797.54,	2.7800
798.15,	2.7800
798.77,	2.7900
799.38,	2.7800
799.99,	2.7800
800.61,	2.7800
801.22,	2.7800
801.83,	2.7900
802.44,	2.7800
803.06,	2.7800
803.67,	2.7800
804.28,	2.7800
804.90,	2.7700
805.51,	2.7700
806.12,	2.7700
806.73,	2.7700
807.34,	2.7700
807.96,	2.7800
808.57,	2.7800
809.18,	2.7800
809.79,	2.7700
810.41,	2.7700
811.02,	2.7800
811.63,	2.7800
812.24,	2.7800
812.85,	2.7800
813.47,	2.7800
814.08,	2.7800
814.69,	2.7800
815.30,	2.7800
815.91,	2.7800
816.53,	2.7800
817.14,	2.7800
817.75,	2.7800
818.36,	2.7900
818.97,	2.7900
819.58,	2.7900
820.20,	2.7800
820.81,	2.7800
821.42,	2.7800
822.03,	2.7800
822.64,	2.7800
823.25,	2.7800
823.86,	2.7800
824.47,	2.7800
825.09,	2.7800
825.70,	2.7800
826.31,	2.7900
826.92,	2.7800
827.53,	2.7800
828.14,	2.7800
828.75,	2.7800
829.36,	2.7800
829.97,	2.7800
830.58,	2.7800
831.19,	2.7900
831.80,	2.7900
832.42,	2.7800
833.03,	2.7800
833.64,	2.7700
834.25,	2.7800
834.86,	2.7800
835.47,	2.7800
836.08,	2.7700
836.69,	2.7700
837.30,	2.7700
837.91,	2.7700
838.52,	2.7600
839.13,	2.7600
839.74,	2.7600
840.35,	2.7600
840.96,	2.7600
841.57,	2.7600
842.18,	2.7500
842.79,	2.7500
843.40,	2.7600
844.01,	2.7600
844.62,	2.7600
845.23,	2.7600
845.84,	2.7600
846.45,	2.7600
847.06,	2.7600
847.67,	2.7600
848.27,	2.7600
848.88,	2.7700
849.49,	2.7700
850.10,	2.7600
850.71,	2.7700
851.32,	2.7700
851.93,	2.7700
852.54,	2.7600
853.15,	2.7700
853.76,	2.7700
854.37,	2.7700
854.98,	2.7700
855.58,	2.7600
856.19,	2.7600
856.80,	2.7700
857.41,	2.7600
858.02,	2.7600
858.63,	2.7700
859.24,	2.7600
859.85,	2.7600
860.45,	2.7600
861.06,	2.7600
861.67,	2.7700
862.28,	2.7800
862.89,	2.7700
863.50,	2.7600
864.10,	2.7700
864.71,	2.7700
865.32,	2.7700
865.93,	2.7700
866.54,	2.7700
867.14,	2.7700
867.75,	2.7600
868.36,	2.7600
868.97,	2.7600
869.58,	2.7700
870.18,	2.7600
870.79,	2.7700
871.40,	2.7600
872.01,	2.7600
872.61,	2.7700
873.22,	2.7700
873.83,	2.7600
874.44,	2.7600
875.04,	2.7700
875.65,	2.7700
876.26,	2.7700
876.87,	2.7700
877.47,	2.7600
878.08,	2.7600
878.69,	2.7600
879.29,	2.7600
879.90,	2.7600
880.51,	2.7600
881.12,	2.7600
881.72,	2.7600
882.33,	2.7600
882.94,	2.7600
883.54,	2.7700
884.15,	2.7600
884.76,	2.7600
885.36,	2.7600
885.97,	2.7700
886.58,	2.7600
887.18,	2.7600
887.79,	2.7600
888.40,	2.7600
889.00,	2.7600
889.61,	2.7600
890.22,	2.7600
890.82,	2.7600
891.43,	2.7600
892.03,	2.7600
892.64,	2.7600
893.25,	2.7600
893.85,	2.7600
894.46,	2.7600
895.06,	2.7600
895.67,	2.7500
896.28,	2.7600
896.88,	2.7600
897.49,	2.7600
898.09,	2.7600
898.70,	2.7600
899.30,	2.7600
899.91,	2.7600
900.52,	2.7600
901.12,	2.7600
901.73,	2.7600
902.33,	2.7600
902.94,	2.7600
903.54,	2.7600
904.15,	2.7600
904.75,	2.7500
905.36,	2.7600
905.96,	2.7500
906.57,	2.7500
907.17,	2.7500
907.78,	2.7500
908.38,	2.7500
908.99,	2.7500
909.59,	2.7400
910.20,	2.7500
910.80,	2.7500
911.41,	2.7500
912.01,	2.7400
912.62,	2.7500
913.22,	2.7500
913.83,	2.7500
914.43,	2.7400
915.03,	2.7500
915.64,	2.9400
916.24,	6.7400
916.85,	14.9800
917.45,	19.0700
918.06,	21.3600
918.66,	22.9400
919.26,	24.1300
919.87,	25.1100
920.47,	25.9400
921.08,	26.6700
921.68,	27.3100
922.28,	27.8900
922.89,	28.4200
923.49,	28.9700
924.10,	35.5000
924.70,	35.5000
925.30,	35.5000
925.91,	35.5000
926.51,	35.5000
927.11,	35.5000
927.72,	35.5000
928.32,	35.5000
928.92,	35.5000
929.53,	35.5000
930.13,	35.5000
930.74,	35.5000
931.34,	35.5000
931.94,	35.5000
932.54,	35.5000
933.15,	35.5000
933.75,	35.5000
934.35,	35.5000
934.96,	35.5000
935.56,	35.5000
936.16,	35.5000
936.77,	35.5000
937.37,	35.5000
937.97,	35.5000
938.57,	35.5000
939.18,	35.5000
939.78,	35.5000
940.38,	35.5000
940.98,	35.5000
941.59,	35.5000
942.19,	35.5000
942.79,	35.5000
943.39,	35.5000
944.00,	35.5000
944.60,	35.5000
945.20,	35.5000
945.80,	35.5000
946.40,	35.5000
947.01,	35.5000
947.61,	35.5000
948.21,	35.5000
948.81,	35.5000
949.41,	35.5000
950.02,	35.5000
950.62,	35.5000
951.22,	35.5000
951.82,	35.5000
952.42,	35.5000
953.02,	35.5000
953.63,	35.5000
954.23,	35.5000
954.83,	35.5000
955.43,	35.5000
956.03,	35.5000
956.63,	35.5000
957.24,	35.5000
957.84,	35.5000
958.44,	35.5000
959.04,	35.5000
959.64,	35.5000
960.24,	35.5000
960.84,	35.5000
961.44,	35.5000
962.04,	35.5000
962.64,	35.5000
963.25,	35.5000
963.85,	35.5000
964.45,	35.5000
965.05,	35.5000
965.65,	35.5000
966.25,	35.5000
966.85,	35.5000
967.45,	35.5000
968.05,	35.5000
968.65,	35.5000
969.25,	35.5000
969.85,	35.5000
970.45,	35.5000
971.05,	35.5000
971.65,	35.5000
972.25,	35.5000
972.85,	35.5000
973.45,	35.5000
974.05,	35.5000
974.65,	35.5000
975.25,	35.5000
975.85,	35.5000
976.45,	35.5000
977.05,	35.5000
977.65,	35.5000
978.25,	35.5000
978.85,	35.5000
979.45,	35.5000
980.05,	35.5000
980.65,	35.5000
981.25,	35.5000
981.85,	35.5000
982.45,	35.5000
983.05,	35.5000
983.65,	35.5000
984.25,	35.5000
984.85,	35.5000
985.45,	35.5000
986.04,	35.5000
986.64,	35.5000
987.24,	35.5000
987.84,	35.5000
988.44,	35.5000
989.04,	35.5000
989.64,	35.5000
990.24,	35.5000
990.84,	35.5000
991.44,	35.5000
992.03,	35.5000
992.63,	35.5000
993.23,	35.5000
993.83,	35.5000
994.43,	35.5000
995.03,	35.5000
995.63,	35.5000
996.22,	35.5000
996.82,	35.5000
997.42,	35.5000
998.02,	35.5000
998.62,	35.5000
999.21,	35.5000
999.81,	35.5000
1000.41,	35.5000
