Call Sign = ZSDA,	Ship Name = SA Agulhas,	Lloyds Num = 0
Date = 12/06/2016,	Time = 02:03,	
Latitude = 51 50.82  S,	Longitude = 000 00.06  E
Instr = Sippican Deep Blue,	Card Type = Sippican MK-21,	
Wind Instr = ,	Measur Method = 
Probe Serial Num = -1,	Ship Dir = -1,	Ship Speed = -1.00
Wind Dir = 339,	Wind Speed = 30.70
Dry Bulb Temp = 0.20,	Total Water Depth = -1.00

Full Resolution Values
Depth,	 Temp
0.67,	1.2000
1.34,	1.0400
2.01,	0.9900
2.68,	0.9700
3.34,	0.9800
4.01,	0.9700
4.68,	0.9700
5.35,	0.9800
6.02,	0.9700
6.69,	0.9800
7.36,	0.9900
8.03,	0.9900
8.69,	0.9900
9.36,	1.0000
10.03,	1.0000
10.70,	0.9900
11.37,	0.9900
12.04,	0.9800
12.70,	0.9700
13.37,	0.9600
14.04,	0.9600
14.71,	0.9600
15.38,	0.9600
16.05,	0.9600
16.71,	0.9500
17.38,	0.9400
18.05,	0.9500
18.72,	0.9500
19.38,	0.9500
20.05,	0.9500
20.72,	0.9600
21.39,	0.9600
22.06,	0.9600
22.72,	0.9600
23.39,	0.9600
24.06,	0.9500
24.73,	0.9400
25.39,	0.9400
26.06,	0.9400
26.73,	0.9400
27.40,	0.9500
28.06,	0.9400
28.73,	0.9400
29.40,	0.9400
30.06,	0.9300
30.73,	0.9200
31.40,	0.9300
32.06,	0.9300
32.73,	0.9300
33.40,	0.9200
34.07,	0.9200
34.73,	0.9100
35.40,	0.8900
36.07,	0.8900
36.73,	0.9000
37.40,	0.9100
38.07,	0.9000
38.73,	0.9100
39.40,	0.9100
40.06,	0.9000
40.73,	0.9000
41.40,	0.9100
42.06,	0.8900
42.73,	0.8800
43.40,	0.8600
44.06,	0.8500
44.73,	0.8500
45.39,	0.8500
46.06,	0.8600
46.73,	0.8600
47.39,	0.8500
48.06,	0.8600
48.72,	0.8500
49.39,	0.8500
50.06,	0.8500
50.72,	0.8500
51.39,	0.8500
52.05,	0.8500
52.72,	0.8500
53.38,	0.8500
54.05,	0.8500
54.71,	0.8500
55.38,	0.8500
56.05,	0.8500
56.71,	0.8400
57.38,	0.8400
58.04,	0.8400
58.71,	0.8300
59.37,	0.8300
60.04,	0.8300
60.70,	0.8300
61.37,	0.8200
62.03,	0.8200
62.70,	0.8300
63.36,	0.8200
64.03,	0.8200
64.69,	0.8100
65.36,	0.8100
66.02,	0.8100
66.69,	0.8100
67.35,	0.8100
68.01,	0.8100
68.68,	0.8100
69.34,	0.8100
70.01,	0.8000
70.67,	0.7800
71.34,	0.7700
72.00,	0.7700
72.66,	0.7700
73.33,	0.7600
73.99,	0.7600
74.66,	0.7600
75.32,	0.7600
75.98,	0.7500
76.65,	0.7400
77.31,	0.7400
77.98,	0.7400
78.64,	0.7300
79.30,	0.7100
79.97,	0.7000
80.63,	0.6900
81.30,	0.6700
81.96,	0.6600
82.62,	0.6500
83.29,	0.6400
83.95,	0.6300
84.61,	0.6200
85.28,	0.6100
85.94,	0.5900
86.60,	0.5800
87.27,	0.5600
87.93,	0.5400
88.59,	0.5300
89.26,	0.5200
89.92,	0.5000
90.58,	0.4700
91.24,	0.4400
91.91,	0.4300
92.57,	0.4400
93.23,	0.4300
93.90,	0.4200
94.56,	0.4000
95.22,	0.3900
95.88,	0.3900
96.55,	0.3800
97.21,	0.3800
97.87,	0.3700
98.53,	0.3500
99.20,	0.3400
99.86,	0.3300
100.52,	0.3200
101.18,	0.3200
101.85,	0.3200
102.51,	0.3200
103.17,	0.3100
103.83,	0.3100
104.49,	0.3100
105.16,	0.3000
105.82,	0.3000
106.48,	0.3000
107.14,	0.2900
107.80,	0.2800
108.47,	0.2700
109.13,	0.2700
109.79,	0.2600
110.45,	0.2600
111.11,	0.2500
111.77,	0.2500
112.44,	0.2500
113.10,	0.2500
113.76,	0.2500
114.42,	0.2500
115.08,	0.2400
115.74,	0.2300
116.40,	0.2200
117.06,	0.2200
117.73,	0.2200
118.39,	0.2200
119.05,	0.2100
119.71,	0.2000
120.37,	0.1900
121.03,	0.1600
121.69,	0.1300
122.35,	0.1000
123.01,	0.0800
123.67,	0.0800
124.33,	0.0900
125.00,	0.0900
125.66,	0.1000
126.32,	0.1000
126.98,	0.1000
127.64,	0.1000
128.30,	0.1000
128.96,	0.1100
129.62,	0.1100
130.28,	0.1100
130.94,	0.1100
131.60,	0.1100
132.26,	0.1100
132.92,	0.1100
133.58,	0.1000
134.24,	0.1100
134.90,	0.1100
135.56,	0.1200
136.22,	0.1300
136.88,	0.1300
137.54,	0.1200
138.20,	0.1200
138.86,	0.1300
139.52,	0.1300
140.18,	0.1400
140.84,	0.1300
141.50,	0.1300
142.16,	0.1300
142.82,	0.1300
143.48,	0.1400
144.14,	0.1400
144.79,	0.1400
145.45,	0.1400
146.11,	0.1400
146.77,	0.1400
147.43,	0.1400
148.09,	0.1400
148.75,	0.1400
149.41,	0.1500
150.07,	0.1500
150.73,	0.1500
151.39,	0.1500
152.04,	0.1500
152.70,	0.1500
153.36,	0.1600
154.02,	0.1700
154.68,	0.1800
155.34,	0.1800
156.00,	0.1900
156.65,	0.2000
157.31,	0.2100
157.97,	0.2200
158.63,	0.2400
159.29,	0.2600
159.95,	0.2900
160.60,	0.3000
161.26,	0.3200
161.92,	0.3300
162.58,	0.3400
163.24,	0.3600
163.90,	0.3900
164.55,	0.4100
165.21,	0.4400
165.87,	0.4700
166.53,	0.4900
167.18,	0.5000
167.84,	0.5100
168.50,	0.5200
169.16,	0.5100
169.82,	0.5100
170.47,	0.5400
171.13,	0.5800
171.79,	0.6100
172.44,	0.6600
173.10,	0.7400
173.76,	0.8100
174.42,	0.8500
175.07,	0.8700
175.73,	0.9000
176.39,	0.9200
177.05,	0.9300
177.70,	0.9400
178.36,	0.9400
179.02,	0.9500
179.67,	0.9600
180.33,	0.9700
180.99,	0.9800
181.64,	0.9800
182.30,	0.9900
182.96,	1.0000
183.61,	1.0200
184.27,	1.0400
184.93,	1.0500
185.58,	1.0600
186.24,	1.0700
186.90,	1.0700
187.55,	1.0700
188.21,	1.0800
188.87,	1.0800
189.52,	1.0800
190.18,	1.0800
190.83,	1.0800
191.49,	1.0900
192.15,	1.0900
192.80,	1.1000
193.46,	1.1100
194.11,	1.1100
194.77,	1.1200
195.43,	1.1300
196.08,	1.1300
196.74,	1.1400
197.39,	1.1500
198.05,	1.1600
198.70,	1.1700
199.36,	1.1800
200.02,	1.2000
200.67,	1.2400
201.33,	1.2900
201.98,	1.3300
202.64,	1.3600
203.29,	1.3900
203.95,	1.4000
204.60,	1.4100
205.26,	1.4200
205.91,	1.4300
206.57,	1.4500
207.22,	1.4500
207.88,	1.4500
208.53,	1.4500
209.19,	1.4600
209.84,	1.4700
210.50,	1.4800
211.15,	1.4800
211.81,	1.4900
212.46,	1.4900
213.12,	1.4900
213.77,	1.5000
214.43,	1.5000
215.08,	1.5000
215.74,	1.5100
216.39,	1.5200
217.04,	1.5200
217.70,	1.5200
218.35,	1.5300
219.01,	1.5300
219.66,	1.5300
220.32,	1.5500
220.97,	1.5600
221.62,	1.5800
222.28,	1.5800
222.93,	1.5800
223.59,	1.5800
224.24,	1.5800
224.89,	1.5900
225.55,	1.6200
226.20,	1.6400
226.85,	1.6500
227.51,	1.6700
228.16,	1.6900
228.81,	1.7100
229.47,	1.7300
230.12,	1.7300
230.78,	1.7300
231.43,	1.7300
232.08,	1.7400
232.74,	1.7400
233.39,	1.7400
234.04,	1.7500
234.69,	1.7700
235.35,	1.7800
236.00,	1.7800
236.65,	1.7700
237.31,	1.7800
237.96,	1.7800
238.61,	1.7800
239.27,	1.7900
239.92,	1.7900
240.57,	1.7900
241.22,	1.7900
241.88,	1.8000
242.53,	1.8000
243.18,	1.8100
243.83,	1.8200
244.49,	1.8200
245.14,	1.8400
245.79,	1.8600
246.44,	1.8800
247.10,	1.9000
247.75,	1.9200
248.40,	1.9300
249.05,	1.9400
249.70,	1.9500
250.36,	1.9600
251.01,	1.9600
251.66,	1.9600
252.31,	1.9600
252.96,	1.9600
253.62,	1.9600
254.27,	1.9600
254.92,	1.9600
255.57,	1.9600
256.22,	1.9600
256.88,	1.9600
257.53,	1.9600
258.18,	1.9600
258.83,	1.9700
259.48,	1.9600
260.13,	1.9600
260.78,	1.9600
261.44,	1.9700
262.09,	1.9700
262.74,	1.9700
263.39,	1.9700
264.04,	1.9700
264.69,	1.9800
265.34,	1.9800
265.99,	1.9700
266.64,	1.9800
267.29,	1.9800
267.95,	1.9800
268.60,	1.9900
269.25,	1.9900
269.90,	1.9800
270.55,	1.9800
271.20,	1.9800
271.85,	1.9800
272.50,	1.9800
273.15,	1.9800
273.80,	1.9800
274.45,	1.9900
275.10,	1.9900
275.75,	2.0100
276.40,	2.0100
277.05,	2.0200
277.70,	2.0200
278.35,	2.0200
279.00,	2.0200
279.65,	2.0200
280.30,	2.0200
280.95,	2.0200
281.60,	2.0200
282.25,	2.0200
282.90,	2.0200
283.55,	2.0300
284.20,	2.0300
284.85,	2.0200
285.50,	2.0300
286.15,	2.0300
286.80,	2.0300
287.45,	2.0300
288.10,	2.0400
288.75,	2.0400
289.40,	2.0400
290.05,	2.0300
290.70,	2.0300
291.35,	2.0300
292.00,	2.0400
292.64,	2.0400
293.29,	2.0400
293.94,	2.0400
294.59,	2.0400
295.24,	2.0400
295.89,	2.0400
296.54,	2.0500
297.19,	2.0500
297.84,	2.0400
298.49,	2.0400
299.13,	2.0400
299.78,	2.0400
300.43,	2.0500
301.08,	2.0500
301.73,	2.0400
302.38,	2.0400
303.02,	2.0400
303.67,	2.0500
304.32,	2.0500
304.97,	2.0500
305.62,	2.0500
306.27,	2.0500
306.91,	2.0500
307.56,	2.0500
308.21,	2.0500
308.86,	2.0500
309.51,	2.0600
310.15,	2.0600
310.80,	2.0500
311.45,	2.0500
312.10,	2.0500
312.75,	2.0500
313.39,	2.0500
314.04,	2.0500
314.69,	2.0500
315.34,	2.0500
315.98,	2.0500
316.63,	2.0500
317.28,	2.0500
317.93,	2.0500
318.57,	2.0500
319.22,	2.0400
319.87,	2.0500
320.52,	2.0400
321.16,	2.0400
321.81,	2.0400
322.46,	2.0400
323.10,	2.0500
323.75,	2.0400
324.40,	2.0400
325.04,	2.0400
325.69,	2.0500
326.34,	2.0500
326.99,	2.0500
327.63,	2.0500
328.28,	2.0400
328.93,	2.0500
329.57,	2.0400
330.22,	2.0500
330.86,	2.0500
331.51,	2.0500
332.16,	2.0500
332.80,	2.0500
333.45,	2.0500
334.10,	2.0500
334.74,	2.0500
335.39,	2.0500
336.03,	2.0500
336.68,	2.0500
337.33,	2.0500
337.97,	2.0500
338.62,	2.0500
339.26,	2.0500
339.91,	2.0500
340.56,	2.0500
341.20,	2.0500
341.85,	2.0500
342.49,	2.0500
343.14,	2.0500
343.78,	2.0600
344.43,	2.0500
345.08,	2.0500
345.72,	2.0500
346.37,	2.0500
347.01,	2.0500
347.66,	2.0500
348.30,	2.0500
348.95,	2.0600
349.59,	2.0600
350.24,	2.0600
350.88,	2.0600
351.53,	2.0600
352.17,	2.0600
352.82,	2.0600
353.46,	2.0600
354.11,	2.0600
354.75,	2.0600
355.40,	2.0600
356.04,	2.0600
356.69,	2.0600
357.33,	2.0600
357.98,	2.0600
358.62,	2.0600
359.27,	2.0600
359.91,	2.0500
360.55,	2.0600
361.20,	2.0600
361.84,	2.0600
362.49,	2.0600
363.13,	2.0500
363.78,	2.0500
364.42,	2.0500
365.06,	2.0500
365.71,	2.0600
366.35,	2.0600
367.00,	2.0600
367.64,	2.0600
368.28,	2.0600
368.93,	2.0600
369.57,	2.0600
370.22,	2.0600
370.86,	2.0600
371.50,	2.0600
372.15,	2.0600
372.79,	2.0600
373.43,	2.0600
374.08,	2.0700
374.72,	2.0600
375.36,	2.0600
376.01,	2.0600
376.65,	2.0700
377.29,	2.0700
377.94,	2.0600
378.58,	2.0600
379.22,	2.0600
379.87,	2.0700
380.51,	2.0700
381.15,	2.0700
381.79,	2.0700
382.44,	2.0700
383.08,	2.0600
383.72,	2.0600
384.37,	2.0700
385.01,	2.0600
385.65,	2.0700
386.29,	2.0600
386.94,	2.0600
387.58,	2.0600
388.22,	2.0700
388.86,	2.0700
389.51,	2.0700
390.15,	2.0700
390.79,	2.0700
391.43,	2.0700
392.08,	2.0800
392.72,	2.0700
393.36,	2.0800
394.00,	2.0900
394.64,	2.0800
395.29,	2.0800
395.93,	2.0800
396.57,	2.0800
397.21,	2.0700
397.85,	2.0800
398.50,	2.0800
399.14,	2.0800
399.78,	2.0700
400.42,	2.0700
401.06,	2.0900
401.70,	2.0900
402.34,	2.0800
402.99,	2.0900
403.63,	2.0900
404.27,	2.0900
404.91,	2.0800
405.55,	2.0800
406.19,	2.0700
406.83,	2.0800
407.48,	2.0800
408.12,	2.0800
408.76,	2.0800
409.40,	2.0900
410.04,	2.0800
410.68,	2.0800
411.32,	2.0700
411.96,	2.0700
412.60,	2.0700
413.24,	2.0700
413.88,	2.0700
414.52,	2.0800
415.17,	2.0800
415.81,	2.0800
416.45,	2.0800
417.09,	2.0800
417.73,	2.0800
418.37,	2.0800
419.01,	2.0800
419.65,	2.0800
420.29,	2.0800
420.93,	2.0800
421.57,	2.0800
422.21,	2.0700
422.85,	2.0700
423.49,	2.0700
424.13,	2.0700
424.77,	2.0700
425.41,	2.0700
426.05,	2.0700
426.69,	2.0700
427.33,	2.0700
427.97,	2.0700
428.61,	2.0700
429.25,	2.0600
429.89,	2.0600
430.53,	2.0700
431.17,	2.0700
431.80,	2.0700
432.44,	2.0600
433.08,	2.0600
433.72,	2.0600
434.36,	2.0600
435.00,	2.0600
435.64,	2.0600
436.28,	2.0700
436.92,	2.0700
437.56,	2.0600
438.20,	2.0600
438.84,	2.0600
439.47,	2.0600
440.11,	2.0600
440.75,	2.0600
441.39,	2.0600
442.03,	2.0700
442.67,	2.0600
443.31,	2.0600
443.95,	2.0600
444.58,	2.0600
445.22,	2.0600
445.86,	2.0600
446.50,	2.0600
447.14,	2.0600
447.78,	2.0600
448.41,	2.0700
449.05,	2.0700
449.69,	2.0700
450.33,	2.0700
450.97,	2.0700
451.60,	2.0700
452.24,	2.0800
452.88,	2.0700
453.52,	2.0600
454.16,	2.0600
454.79,	2.0700
455.43,	2.0700
456.07,	2.0600
456.71,	2.0700
457.35,	2.0700
457.98,	2.0700
458.62,	2.0600
459.26,	2.0600
459.90,	2.0600
460.53,	2.0700
461.17,	2.0700
461.81,	2.0700
462.44,	2.0700
463.08,	2.0600
463.72,	2.0700
464.36,	2.0800
464.99,	2.0800
465.63,	2.0700
466.27,	2.0700
466.90,	2.0800
467.54,	2.0800
468.18,	2.0800
468.81,	2.0700
469.45,	2.0700
470.09,	2.0600
470.72,	2.0500
471.36,	2.0600
472.00,	2.0600
472.63,	2.0700
473.27,	2.0700
473.91,	2.0600
474.54,	2.0500
475.18,	2.0600
475.82,	2.0600
476.45,	2.0600
477.09,	2.0600
477.73,	2.0700
478.36,	2.0700
479.00,	2.0700
479.63,	2.0700
480.27,	2.0600
480.91,	2.0600
481.54,	2.0600
482.18,	2.0600
482.81,	2.0600
483.45,	2.0700
484.08,	2.0600
484.72,	2.0600
485.36,	2.0600
485.99,	2.0600
486.63,	2.0600
487.26,	2.0600
487.90,	2.0600
488.53,	2.0700
489.17,	2.0600
489.80,	2.0600
490.44,	2.0600
491.07,	2.0600
491.71,	2.0600
492.34,	2.0600
492.98,	2.0600
493.62,	2.0600
494.25,	2.0600
494.89,	2.0700
495.52,	2.0600
496.15,	2.0600
496.79,	2.0600
497.42,	2.0600
498.06,	2.0600
498.69,	2.0500
499.33,	2.0600
499.96,	2.0600
500.60,	2.0500
501.23,	2.0500
501.87,	2.0500
502.50,	2.0500
503.14,	2.0500
503.77,	2.0500
504.40,	2.0500
505.04,	2.0500
505.67,	2.0500
506.31,	2.0500
506.94,	2.0500
507.57,	2.0400
508.21,	2.0400
508.84,	2.0500
509.48,	2.0500
510.11,	2.0400
510.74,	2.0400
511.38,	2.0400
512.01,	2.0400
512.65,	2.0400
513.28,	2.0400
513.91,	2.0500
514.55,	2.0500
515.18,	2.0400
515.81,	2.0400
516.45,	2.0500
517.08,	2.0500
517.71,	2.0500
518.35,	2.0400
518.98,	2.0400
519.61,	2.0400
520.25,	2.0400
520.88,	2.0500
521.51,	2.0500
522.15,	2.0500
522.78,	2.0500
523.41,	2.0400
524.04,	2.0400
524.68,	2.0500
525.31,	2.0500
525.94,	2.0500
526.58,	2.0500
527.21,	2.0500
527.84,	2.0500
528.47,	2.0500
529.11,	2.0500
529.74,	2.0500
530.37,	2.0500
531.00,	2.0500
531.64,	2.0500
532.27,	2.0500
532.90,	2.0500
533.53,	2.0500
534.17,	2.0500
534.80,	2.0500
535.43,	2.0500
536.06,	2.0500
536.69,	2.0500
537.33,	2.0500
537.96,	2.0400
538.59,	2.0500
539.22,	2.0400
539.85,	2.0400
540.48,	2.0500
541.12,	2.0400
541.75,	2.0400
542.38,	2.0400
543.01,	2.0400
543.64,	2.0400
544.27,	2.0400
544.91,	2.0400
545.54,	2.0300
546.17,	2.0400
546.80,	2.0400
547.43,	2.0300
548.06,	2.0400
548.69,	2.0400
549.32,	2.0400
549.95,	2.0400
550.59,	2.0400
551.22,	2.0400
551.85,	2.0400
552.48,	2.0400
553.11,	2.0400
553.74,	2.0400
554.37,	2.0400
555.00,	2.0400
555.63,	2.0400
556.26,	2.0300
556.89,	2.0300
557.52,	2.0300
558.15,	2.0300
558.78,	2.0300
559.42,	2.0200
560.05,	2.0200
560.68,	2.0200
561.31,	2.0300
561.94,	2.0300
562.57,	2.0200
563.20,	2.0200
563.83,	2.0300
564.46,	2.0200
565.09,	2.0200
565.72,	2.0300
566.35,	2.0300
566.98,	2.0300
567.61,	2.0300
568.24,	2.0300
568.87,	2.0300
569.50,	2.0200
570.12,	2.0200
570.75,	2.0300
571.38,	2.0200
572.01,	2.0200
572.64,	2.0300
573.27,	2.0200
573.90,	2.0300
574.53,	2.0300
575.16,	2.0300
575.79,	2.0300
576.42,	2.0200
577.05,	2.0200
577.68,	2.0200
578.31,	2.0200
578.93,	2.0200
579.56,	2.0200
580.19,	2.0200
580.82,	2.0200
581.45,	2.0200
582.08,	2.0100
582.71,	2.0200
583.34,	2.0100
583.97,	2.0100
584.59,	2.0100
585.22,	2.0200
585.85,	2.0200
586.48,	2.0200
587.11,	2.0200
587.74,	2.0200
588.36,	2.0100
588.99,	2.0200
589.62,	2.0200
590.25,	2.0200
590.88,	2.0200
591.50,	2.0200
592.13,	2.0200
592.76,	2.0200
593.39,	2.0100
594.02,	2.0100
594.64,	2.0100
595.27,	2.0100
595.90,	2.0200
596.53,	2.0100
597.16,	2.0100
597.78,	2.0100
598.41,	2.0100
599.04,	2.0100
599.67,	2.0000
600.29,	2.0000
600.92,	2.0100
601.55,	2.0100
602.18,	2.0000
602.80,	2.0000
603.43,	2.0000
604.06,	2.0000
604.68,	2.0000
605.31,	2.0000
605.94,	2.0000
606.57,	2.0100
607.19,	2.0000
607.82,	2.0000
608.45,	2.0000
609.07,	2.0000
609.70,	2.0000
610.33,	2.0000
610.95,	2.0000
611.58,	2.0000
612.21,	2.0000
612.83,	2.0000
613.46,	2.0000
614.09,	1.9900
614.71,	1.9900
615.34,	2.0000
615.97,	2.0000
616.59,	2.0000
617.22,	2.0000
617.84,	2.0000
618.47,	2.0000
619.10,	2.0000
619.72,	2.0100
620.35,	2.0200
620.97,	2.0200
621.60,	2.0100
622.23,	2.0100
622.85,	1.9900
623.48,	1.9900
624.10,	1.9800
624.73,	1.9900
625.35,	1.9900
625.98,	1.9900
626.61,	1.9900
627.23,	1.9900
627.86,	1.9900
628.48,	1.9900
629.11,	1.9900
629.73,	1.9900
630.36,	1.9900
630.98,	1.9800
631.61,	1.9800
632.23,	1.9900
632.86,	1.9900
633.48,	1.9900
634.11,	1.9800
634.73,	1.9800
635.36,	1.9900
635.98,	1.9800
636.61,	1.9800
637.23,	1.9700
637.86,	1.9700
638.48,	1.9800
639.11,	1.9800
639.73,	1.9900
640.36,	1.9800
640.98,	1.9800
641.61,	1.9800
642.23,	1.9800
642.85,	1.9700
643.48,	1.9600
644.10,	1.9700
644.73,	1.9800
645.35,	1.9800
645.98,	1.9700
646.60,	1.9700
647.22,	1.9600
647.85,	1.9600
648.47,	1.9600
649.10,	1.9700
649.72,	1.9700
650.34,	1.9600
650.97,	1.9600
651.59,	1.9700
652.22,	1.9700
652.84,	1.9600
653.46,	1.9600
654.09,	1.9600
654.71,	1.9600
655.33,	1.9600
655.96,	1.9600
656.58,	1.9500
657.20,	1.9600
657.83,	1.9600
658.45,	1.9700
659.07,	1.9600
659.70,	1.9600
660.32,	1.9500
660.94,	1.9500
661.57,	1.9500
662.19,	1.9500
662.81,	1.9600
663.43,	1.9500
664.06,	1.9500
664.68,	1.9400
665.30,	1.9500
665.93,	1.9500
666.55,	1.9500
667.17,	1.9500
667.79,	1.9500
668.42,	1.9500
669.04,	1.9500
669.66,	1.9500
670.28,	1.9500
670.91,	1.9500
671.53,	1.9500
672.15,	1.9500
672.77,	1.9500
673.39,	1.9500
674.02,	1.9500
674.64,	1.9500
675.26,	1.9500
675.88,	1.9500
676.50,	1.9500
677.13,	1.9500
677.75,	1.9500
678.37,	1.9500
678.99,	1.9500
679.61,	1.9500
680.24,	1.9500
680.86,	1.9500
681.48,	1.9500
682.10,	1.9500
682.72,	1.9400
683.34,	1.9400
683.96,	1.9400
684.59,	1.9300
685.21,	1.9300
685.83,	1.9300
686.45,	1.9400
687.07,	1.9400
687.69,	1.9400
688.31,	1.9400
688.93,	1.9300
689.56,	1.9300
690.18,	1.9300
690.80,	1.9400
691.42,	1.9400
692.04,	1.9400
692.66,	1.9300
693.28,	1.9300
693.90,	1.9300
694.52,	1.9300
695.14,	1.9300
695.76,	1.9300
696.38,	1.9300
697.00,	1.9300
697.62,	1.9200
698.25,	1.9200
698.87,	1.9200
699.49,	1.9200
700.11,	1.9200
700.73,	1.9100
701.35,	1.9100
701.97,	1.9100
702.59,	1.9100
703.21,	1.9100
703.83,	1.9100
704.45,	1.9100
705.07,	1.9100
705.69,	1.9100
706.31,	1.9100
706.93,	1.9200
707.55,	1.9100
708.17,	1.9100
708.79,	1.9100
709.40,	1.9100
710.02,	1.9100
710.64,	1.9100
711.26,	1.9000
711.88,	1.9100
712.50,	1.9100
713.12,	1.9100
713.74,	1.9200
714.36,	1.9200
714.98,	1.9100
715.60,	1.9100
716.22,	1.9100
716.84,	1.9100
717.45,	1.9100
718.07,	1.9100
718.69,	1.9100
719.31,	1.9100
719.93,	1.9100
720.55,	1.9100
721.17,	1.9100
721.79,	1.9100
722.41,	1.9100
723.02,	1.9100
723.64,	1.9100
724.26,	1.9100
724.88,	1.9100
725.50,	1.9100
726.12,	1.9100
726.73,	1.9100
727.35,	1.9100
727.97,	1.9100
728.59,	1.9100
729.21,	1.9100
729.83,	1.9100
730.44,	1.9200
731.06,	1.9100
731.68,	1.9100
732.30,	1.9000
732.92,	1.9000
733.53,	1.9100
734.15,	1.9200
734.77,	1.9100
735.39,	1.9000
736.00,	1.9000
736.62,	1.9100
737.24,	1.9000
737.86,	1.9000
738.47,	1.9000
739.09,	1.9100
739.71,	1.9000
740.33,	1.9000
740.94,	1.9000
741.56,	1.9000
742.18,	1.9000
742.79,	1.9000
743.41,	1.9000
744.03,	1.9000
744.65,	1.9000
745.26,	1.9000
745.88,	1.9000
746.50,	1.9000
747.11,	1.9000
747.73,	1.8900
748.35,	1.8900
748.96,	1.9000
749.58,	1.9000
750.20,	1.9000
750.81,	1.9000
751.43,	1.9000
752.05,	1.9000
752.66,	1.9000
753.28,	1.8900
753.90,	1.9000
754.51,	1.9000
755.13,	1.9000
755.74,	1.9000
756.36,	1.9000
756.98,	1.9000
757.59,	1.9000
758.21,	1.9000
758.82,	1.8900
759.44,	1.8900
760.06,	1.8900
760.67,	1.8900
761.29,	1.8900
761.90,	1.8900
762.52,	1.8900
763.14,	1.8800
763.75,	1.8800
764.37,	1.8900
764.98,	1.8900
765.60,	1.8800
766.21,	1.8800
766.83,	1.8900
767.44,	1.8900
768.06,	1.8900
768.67,	1.8800
769.29,	1.8900
769.90,	1.8900
770.52,	1.8900
771.14,	1.8900
771.75,	1.8800
772.37,	1.8900
772.98,	1.8900
773.59,	1.8800
774.21,	1.8700
774.82,	1.8800
775.44,	1.8800
776.05,	1.8800
776.67,	1.8800
777.28,	1.8800
777.90,	1.8800
778.51,	1.8800
779.13,	1.8800
779.74,	1.8800
780.36,	1.8700
780.97,	1.8700
781.58,	1.8700
782.20,	1.8700
782.81,	1.8700
783.43,	1.8800
784.04,	1.8800
784.66,	1.8700
785.27,	1.8700
785.88,	1.8700
786.50,	1.8700
787.11,	1.8700
787.73,	1.8600
788.34,	1.8700
788.95,	1.8700
789.57,	1.8700
790.18,	1.8700
790.79,	1.8700
791.41,	1.8700
792.02,	1.8700
792.63,	1.8700
793.25,	1.8600
793.86,	1.8600
794.47,	1.8600
795.09,	1.8600
795.70,	1.8700
796.31,	1.8600
796.93,	1.8600
797.54,	1.8600
798.15,	1.8700
798.77,	1.8700
799.38,	1.8600
799.99,	1.8600
800.61,	1.8600
801.22,	1.8600
801.83,	1.8600
802.44,	1.8600
803.06,	1.8600
803.67,	1.8600
804.28,	1.8600
804.90,	1.8600
805.51,	1.8600
806.12,	1.8600
806.73,	1.8600
807.34,	1.8600
807.96,	1.8600
808.57,	1.8600
809.18,	1.8600
809.79,	1.8600
810.41,	1.8600
811.02,	1.8600
811.63,	1.8600
812.24,	1.8600
812.85,	1.8600
813.47,	1.8600
814.08,	1.8600
814.69,	1.8600
815.30,	1.8600
815.91,	1.8600
816.53,	1.8600
817.14,	1.8600
817.75,	1.8600
818.36,	1.8500
818.97,	1.8500
819.58,	1.8500
820.20,	1.8500
820.81,	1.8500
821.42,	1.8500
822.03,	1.8500
822.64,	1.8500
823.25,	1.8500
823.86,	1.8500
824.47,	1.8500
825.09,	1.8600
825.70,	1.8600
826.31,	1.8500
826.92,	1.8600
827.53,	1.8600
828.14,	1.8600
828.75,	1.8600
829.36,	1.8600
829.97,	1.8500
830.58,	1.8500
831.19,	1.8500
831.80,	1.8500
832.42,	1.8500
833.03,	1.8500
833.64,	1.8500
834.25,	1.8500
834.86,	1.8500
835.47,	1.8500
836.08,	1.8400
836.69,	1.8400
837.30,	1.8400
837.91,	1.8400
838.52,	1.8400
839.13,	1.8400
839.74,	1.8400
840.35,	1.8400
840.96,	1.8400
841.57,	1.8400
842.18,	1.8500
842.79,	1.8500
843.40,	1.8500
844.01,	1.8500
844.62,	1.8500
845.23,	1.8500
845.84,	1.8500
846.45,	1.8500
847.06,	1.8400
847.67,	1.8400
848.27,	1.8500
848.88,	1.8400
849.49,	1.8400
850.10,	1.8500
850.71,	1.8500
851.32,	1.8400
851.93,	1.8300
852.54,	1.8300
853.15,	1.8400
853.76,	1.8400
854.37,	1.8500
854.98,	1.8400
855.58,	1.8400
856.19,	1.8400
856.80,	1.8400
857.41,	1.8300
858.02,	1.8300
858.63,	1.8300
859.24,	1.8300
859.85,	1.8300
860.45,	1.8400
861.06,	1.8400
861.67,	1.8400
862.28,	1.8400
862.89,	1.8300
863.50,	1.8300
864.10,	1.8300
864.71,	1.8300
865.32,	1.8400
865.93,	1.8400
866.54,	1.8300
867.14,	1.8300
867.75,	1.8300
868.36,	1.8300
868.97,	1.8200
869.58,	1.8200
870.18,	1.8300
870.79,	1.8300
871.40,	1.8300
872.01,	1.8300
872.61,	1.8200
873.22,	1.8200
873.83,	1.8300
874.44,	1.8300
875.04,	1.8300
875.65,	1.8300
876.26,	1.8300
876.87,	1.8300
877.47,	1.8300
878.08,	1.8300
878.69,	1.8300
879.29,	1.8300
879.90,	1.8300
880.51,	1.8300
881.12,	1.8200
881.72,	1.8200
882.33,	1.8200
882.94,	1.8200
883.54,	1.8200
884.15,	1.8200
884.76,	1.8200
885.36,	1.8100
885.97,	1.8100
886.58,	1.8100
887.18,	1.8200
887.79,	1.8200
888.40,	1.8100
889.00,	1.8100
889.61,	1.8100
890.22,	1.8100
890.82,	1.8100
891.43,	1.8100
892.03,	1.8200
892.64,	1.8200
893.25,	1.8200
893.85,	1.8100
894.46,	1.8200
895.06,	1.8100
895.67,	1.8100
896.28,	1.8200
896.88,	1.8200
897.49,	1.8200
898.09,	1.8200
898.70,	1.8100
899.30,	1.8100
899.91,	1.8100
900.52,	1.8100
901.12,	1.8100
901.73,	1.8000
902.33,	1.8000
902.94,	1.7900
903.54,	1.7900
904.15,	1.8000
904.75,	1.8000
905.36,	1.8000
905.96,	1.8100
906.57,	1.8100
907.17,	1.8000
907.78,	1.8000
908.38,	1.8000
908.99,	1.8000
909.59,	1.8000
910.20,	1.8000
910.80,	1.8000
911.41,	1.8100
912.01,	1.8000
912.62,	1.8000
913.22,	1.8000
913.83,	1.8100
914.43,	1.8000
915.03,	1.8000
915.64,	1.8000
916.24,	1.8000
916.85,	1.8100
917.45,	2.5300
918.06,	10.6800
918.66,	22.0000
919.26,	26.9700
919.87,	30.2700
920.47,	32.8300
921.08,	35.0000
921.68,	35.5000
922.28,	35.5000
922.89,	35.5000
923.49,	35.5000
924.10,	35.5000
924.70,	35.5000
925.30,	35.5000
925.91,	35.5000
926.51,	35.5000
927.11,	35.5000
927.72,	35.5000
928.32,	35.5000
928.92,	35.5000
929.53,	35.5000
930.13,	35.5000
930.74,	35.5000
931.34,	35.5000
931.94,	35.5000
932.54,	35.5000
933.15,	35.5000
933.75,	35.5000
934.35,	35.5000
934.96,	35.5000
935.56,	35.5000
936.16,	35.5000
936.77,	35.5000
937.37,	35.5000
937.97,	35.5000
938.57,	35.5000
939.18,	35.5000
939.78,	35.5000
940.38,	35.5000
940.98,	35.5000
941.59,	35.5000
942.19,	35.5000
942.79,	35.5000
943.39,	35.5000
944.00,	35.5000
944.60,	35.5000
945.20,	35.5000
945.80,	35.5000
946.40,	35.5000
947.01,	35.5000
947.61,	35.5000
948.21,	35.5000
948.81,	35.5000
949.41,	35.5000
950.02,	35.5000
950.62,	35.5000
951.22,	35.5000
951.82,	35.5000
952.42,	35.5000
953.02,	35.5000
953.63,	35.5000
954.23,	35.5000
954.83,	35.5000
955.43,	35.5000
956.03,	35.5000
956.63,	35.5000
957.24,	35.5000
957.84,	35.5000
958.44,	35.5000
959.04,	35.5000
959.64,	35.5000
960.24,	35.5000
960.84,	35.5000
961.44,	35.5000
962.04,	35.5000
962.64,	35.5000
963.25,	35.5000
963.85,	35.5000
964.45,	35.5000
965.05,	35.5000
965.65,	35.5000
966.25,	35.5000
966.85,	35.5000
967.45,	-2.5200
968.05,	-2.5200
968.65,	-2.5200
969.25,	-2.5200
969.85,	-2.5200
970.45,	-2.5200
971.05,	-2.5200
971.65,	-2.5200
972.25,	-2.5200
972.85,	-2.5200
973.45,	-2.5200
974.05,	-2.5200
974.65,	-2.5200
975.25,	-2.5200
975.85,	-2.5200
976.45,	-2.5200
977.05,	-2.5200
977.65,	-2.5200
978.25,	-2.5200
978.85,	-2.5200
979.45,	-2.5200
980.05,	-2.5200
980.65,	-2.5200
981.25,	-2.5200
981.85,	-2.5200
982.45,	-2.5200
983.05,	-2.5200
983.65,	-2.5200
984.25,	-2.5200
984.85,	-2.5200
985.45,	-2.5200
986.04,	-2.5200
986.64,	-2.5200
987.24,	-2.5200
987.84,	-2.5200
988.44,	-2.5200
989.04,	-2.5200
989.64,	-2.5200
990.24,	-2.5200
990.84,	-2.5200
991.44,	-2.5200
992.03,	-2.5200
992.63,	-2.5200
993.23,	-2.5200
993.83,	-2.5200
994.43,	-2.5200
995.03,	-2.5200
995.63,	-2.5200
996.22,	-2.5200
996.82,	-2.5200
997.42,	-2.5200
998.02,	-2.5200
998.62,	-2.5200
999.21,	-2.5200
999.81,	-2.5200
1000.41,	-2.5200
