Call Sign = ZSDA,	Ship Name = SA Agulhas,	Lloyds Num = 0
Date = 12/04/2016,	Time = 20:07,	
Latitude = 46 32.15  S,	Longitude = 005 27.28  E
Instr = Sippican Deep Blue,	Card Type = Sippican MK-21,	
Wind Instr = ,	Measur Method = 
Probe Serial Num = -1,	Ship Dir = -1,	Ship Speed = -1.00
Wind Dir = 315,	Wind Speed = 31.70
Dry Bulb Temp = 7.20,	Total Water Depth = -1.00

Full Resolution Values
Depth,	 Temp
0.67,	5.1600
1.34,	5.1300
2.01,	5.1200
2.68,	5.1200
3.34,	5.1100
4.01,	5.1100
4.68,	5.1100
5.35,	5.1100
6.02,	5.1100
6.69,	5.1100
7.36,	5.1100
8.03,	5.1200
8.69,	5.1100
9.36,	5.1000
10.03,	5.1000
10.70,	5.1000
11.37,	5.1000
12.04,	5.1000
12.70,	5.0900
13.37,	5.1000
14.04,	5.1000
14.71,	5.1000
15.38,	5.1000
16.05,	5.1000
16.71,	5.1000
17.38,	5.1000
18.05,	5.1000
18.72,	5.1000
19.38,	5.1000
20.05,	5.1000
20.72,	5.1000
21.39,	5.1000
22.06,	5.0900
22.72,	5.1000
23.39,	5.0900
24.06,	5.0900
24.73,	5.0900
25.39,	5.0900
26.06,	5.0900
26.73,	5.1000
27.40,	5.0900
28.06,	5.1000
28.73,	5.1000
29.40,	5.0900
30.06,	5.0900
30.73,	5.0900
31.40,	5.0900
32.06,	5.0900
32.73,	5.1000
33.40,	5.1000
34.07,	5.1000
34.73,	5.0900
35.40,	5.1000
36.07,	5.1000
36.73,	5.1000
37.40,	5.1000
38.07,	5.1000
38.73,	5.0900
39.40,	5.0900
40.06,	5.1000
40.73,	5.0900
41.40,	5.0900
42.06,	5.0900
42.73,	5.0900
43.40,	5.0900
44.06,	5.0900
44.73,	5.0900
45.39,	5.0900
46.06,	5.0800
46.73,	5.0800
47.39,	5.0900
48.06,	5.0800
48.72,	5.0800
49.39,	5.0800
50.06,	5.0900
50.72,	5.0800
51.39,	5.0800
52.05,	5.0800
52.72,	5.0800
53.38,	5.0800
54.05,	5.0800
54.71,	5.0800
55.38,	5.0800
56.05,	5.0700
56.71,	5.0700
57.38,	5.0700
58.04,	5.0600
58.71,	5.0600
59.37,	5.0600
60.04,	5.0600
60.70,	5.0600
61.37,	5.0600
62.03,	5.0600
62.70,	5.0600
63.36,	5.0600
64.03,	5.0600
64.69,	5.0600
65.36,	5.0600
66.02,	5.0600
66.69,	5.0500
67.35,	5.0500
68.01,	5.0500
68.68,	5.0500
69.34,	5.0500
70.01,	5.0500
70.67,	5.0500
71.34,	5.0500
72.00,	5.0600
72.66,	5.0500
73.33,	5.0500
73.99,	5.0400
74.66,	5.0400
75.32,	5.0400
75.98,	5.0300
76.65,	5.0400
77.31,	5.0300
77.98,	5.0300
78.64,	5.0300
79.30,	5.0200
79.97,	5.0300
80.63,	5.0200
81.30,	5.0200
81.96,	5.0200
82.62,	5.0200
83.29,	5.0100
83.95,	5.0100
84.61,	5.0100
85.28,	5.0100
85.94,	5.0100
86.60,	5.0000
87.27,	4.9900
87.93,	4.9900
88.59,	4.9900
89.26,	4.9900
89.92,	4.9800
90.58,	4.9800
91.24,	4.9800
91.91,	4.9800
92.57,	4.9800
93.23,	4.9800
93.90,	4.9700
94.56,	4.9600
95.22,	4.9400
95.88,	4.9300
96.55,	4.9200
97.21,	4.9100
97.87,	4.9000
98.53,	4.8800
99.20,	4.8600
99.86,	4.8300
100.52,	4.8000
101.18,	4.7800
101.85,	4.7600
102.51,	4.7400
103.17,	4.7200
103.83,	4.6900
104.49,	4.6600
105.16,	4.6200
105.82,	4.5900
106.48,	4.5800
107.14,	4.5600
107.80,	4.5300
108.47,	4.4800
109.13,	4.4300
109.79,	4.3900
110.45,	4.3200
111.11,	4.2800
111.77,	4.2700
112.44,	4.2600
113.10,	4.2400
113.76,	4.2100
114.42,	4.1900
115.08,	4.1800
115.74,	4.1800
116.40,	4.1800
117.06,	4.1800
117.73,	4.1600
118.39,	4.1300
119.05,	4.1100
119.71,	4.1000
120.37,	4.1000
121.03,	4.1000
121.69,	4.1000
122.35,	4.1000
123.01,	4.1000
123.67,	4.0900
124.33,	4.0900
125.00,	4.0900
125.66,	4.0700
126.32,	4.0700
126.98,	4.0700
127.64,	4.0500
128.30,	4.0600
128.96,	4.0600
129.62,	4.0500
130.28,	4.0400
130.94,	4.0300
131.60,	4.0400
132.26,	4.0300
132.92,	4.0200
133.58,	4.0200
134.24,	4.0100
134.90,	4.0000
135.56,	4.0000
136.22,	4.0000
136.88,	3.9800
137.54,	3.9800
138.20,	3.9700
138.86,	3.9700
139.52,	3.9700
140.18,	3.9600
140.84,	3.9500
141.50,	3.9400
142.16,	3.9300
142.82,	3.9200
143.48,	3.9300
144.14,	3.9300
144.79,	3.9300
145.45,	3.9200
146.11,	3.9200
146.77,	3.9300
147.43,	3.9200
148.09,	3.9200
148.75,	3.9100
149.41,	3.9000
150.07,	3.9000
150.73,	3.9000
151.39,	3.9000
152.04,	3.9000
152.70,	3.8900
153.36,	3.8900
154.02,	3.8800
154.68,	3.8700
155.34,	3.8700
156.00,	3.8600
156.65,	3.8500
157.31,	3.8400
157.97,	3.8400
158.63,	3.8300
159.29,	3.8400
159.95,	3.8400
160.60,	3.8400
161.26,	3.8400
161.92,	3.8300
162.58,	3.8300
163.24,	3.8200
163.90,	3.8100
164.55,	3.8100
165.21,	3.8000
165.87,	3.8000
166.53,	3.7900
167.18,	3.7700
167.84,	3.7700
168.50,	3.7700
169.16,	3.7500
169.82,	3.7500
170.47,	3.7500
171.13,	3.7500
171.79,	3.7500
172.44,	3.7400
173.10,	3.7300
173.76,	3.7300
174.42,	3.7200
175.07,	3.7200
175.73,	3.7200
176.39,	3.7100
177.05,	3.7000
177.70,	3.6900
178.36,	3.6800
179.02,	3.6800
179.67,	3.6700
180.33,	3.6600
180.99,	3.6600
181.64,	3.6600
182.30,	3.6500
182.96,	3.6500
183.61,	3.6400
184.27,	3.6300
184.93,	3.6300
185.58,	3.6200
186.24,	3.6200
186.90,	3.6100
187.55,	3.6100
188.21,	3.6000
188.87,	3.5900
189.52,	3.5800
190.18,	3.5700
190.83,	3.5600
191.49,	3.5500
192.15,	3.5400
192.80,	3.5300
193.46,	3.5300
194.11,	3.5300
194.77,	3.5100
195.43,	3.5100
196.08,	3.5000
196.74,	3.4900
197.39,	3.4800
198.05,	3.4800
198.70,	3.4800
199.36,	3.4700
200.02,	3.4700
200.67,	3.4700
201.33,	3.4700
201.98,	3.4700
202.64,	3.4600
203.29,	3.4600
203.95,	3.4600
204.60,	3.4600
205.26,	3.4600
205.91,	3.4600
206.57,	3.4700
207.22,	3.4700
207.88,	3.4700
208.53,	3.4800
209.19,	3.4800
209.84,	3.4800
210.50,	3.4500
211.15,	3.4300
211.81,	3.4300
212.46,	3.4300
213.12,	3.4200
213.77,	3.4200
214.43,	3.4200
215.08,	3.4200
215.74,	3.4200
216.39,	3.4100
217.04,	3.4200
217.70,	3.4200
218.35,	3.4200
219.01,	3.4300
219.66,	3.4400
220.32,	3.4600
220.97,	3.4700
221.62,	3.4800
222.28,	3.5000
222.93,	3.5200
223.59,	3.5200
224.24,	3.5300
224.89,	3.5400
225.55,	3.5400
226.20,	3.5400
226.85,	3.5400
227.51,	3.5600
228.16,	3.5700
228.81,	3.5700
229.47,	3.5600
230.12,	3.5500
230.78,	3.5500
231.43,	3.5600
232.08,	3.5600
232.74,	3.5600
233.39,	3.5600
234.04,	3.5700
234.69,	3.5600
235.35,	3.5500
236.00,	3.5500
236.65,	3.5500
237.31,	3.5500
237.96,	3.5600
238.61,	3.5600
239.27,	3.5600
239.92,	3.5500
240.57,	3.5300
241.22,	3.5200
241.88,	3.5200
242.53,	3.5100
243.18,	3.5000
243.83,	3.4900
244.49,	3.4900
245.14,	3.4900
245.79,	3.4800
246.44,	3.4700
247.10,	3.4700
247.75,	3.4600
248.40,	3.4600
249.05,	3.4800
249.70,	3.5000
250.36,	3.5000
251.01,	3.5000
251.66,	3.5100
252.31,	3.5100
252.96,	3.5200
253.62,	3.5300
254.27,	3.5400
254.92,	3.5600
255.57,	3.5800
256.22,	3.6000
256.88,	3.6100
257.53,	3.6200
258.18,	3.6400
258.83,	3.6500
259.48,	3.6600
260.13,	3.6700
260.78,	3.6600
261.44,	3.6700
262.09,	3.6800
262.74,	3.6900
263.39,	3.6900
264.04,	3.7000
264.69,	3.7100
265.34,	3.7200
265.99,	3.7200
266.64,	3.7300
267.29,	3.7300
267.95,	3.7300
268.60,	3.7300
269.25,	3.7300
269.90,	3.7300
270.55,	3.7300
271.20,	3.7400
271.85,	3.7400
272.50,	3.7400
273.15,	3.7400
273.80,	3.7400
274.45,	3.7400
275.10,	3.7400
275.75,	3.7400
276.40,	3.7400
277.05,	3.7500
277.70,	3.7500
278.35,	3.7600
279.00,	3.7700
279.65,	3.7800
280.30,	3.7800
280.95,	3.7800
281.60,	3.8000
282.25,	3.8000
282.90,	3.8100
283.55,	3.8200
284.20,	3.8200
284.85,	3.8300
285.50,	3.8300
286.15,	3.8200
286.80,	3.8300
287.45,	3.8300
288.10,	3.8400
288.75,	3.8500
289.40,	3.8600
290.05,	3.8600
290.70,	3.8600
291.35,	3.8600
292.00,	3.8600
292.64,	3.8500
293.29,	3.8400
293.94,	3.8300
294.59,	3.8200
295.24,	3.8000
295.89,	3.8000
296.54,	3.8100
297.19,	3.8100
297.84,	3.8000
298.49,	3.8000
299.13,	3.8100
299.78,	3.8100
300.43,	3.8100
301.08,	3.8000
301.73,	3.8100
302.38,	3.8200
303.02,	3.8300
303.67,	3.8400
304.32,	3.8500
304.97,	3.8500
305.62,	3.8500
306.27,	3.8500
306.91,	3.8500
307.56,	3.8500
308.21,	3.8500
308.86,	3.8500
309.51,	3.8500
310.15,	3.8500
310.80,	3.8400
311.45,	3.8400
312.10,	3.8400
312.75,	3.8300
313.39,	3.8300
314.04,	3.8200
314.69,	3.8300
315.34,	3.8300
315.98,	3.8200
316.63,	3.8200
317.28,	3.8200
317.93,	3.8200
318.57,	3.8200
319.22,	3.8200
319.87,	3.8200
320.52,	3.8200
321.16,	3.8200
321.81,	3.8100
322.46,	3.8100
323.10,	3.8000
323.75,	3.7900
324.40,	3.7700
325.04,	3.7700
325.69,	3.7600
326.34,	3.7500
326.99,	3.7400
327.63,	3.7300
328.28,	3.7300
328.93,	3.7300
329.57,	3.7200
330.22,	3.7300
330.86,	3.7300
331.51,	3.7300
332.16,	3.7300
332.80,	3.7300
333.45,	3.7200
334.10,	3.7100
334.74,	3.7000
335.39,	3.6900
336.03,	3.6800
336.68,	3.6700
337.33,	3.6700
337.97,	3.6600
338.62,	3.6600
339.26,	3.6600
339.91,	3.6700
340.56,	3.6700
341.20,	3.6700
341.85,	3.6700
342.49,	3.6600
343.14,	3.6600
343.78,	3.6600
344.43,	3.6600
345.08,	3.6500
345.72,	3.6400
346.37,	3.6400
347.01,	3.6300
347.66,	3.6200
348.30,	3.6200
348.95,	3.6200
349.59,	3.6200
350.24,	3.6200
350.88,	3.6200
351.53,	3.6200
352.17,	3.6100
352.82,	3.6200
353.46,	3.6300
354.11,	3.6200
354.75,	3.6000
355.40,	3.5800
356.04,	3.5800
356.69,	3.5700
357.33,	3.5600
357.98,	3.5600
358.62,	3.5500
359.27,	3.5400
359.91,	3.5400
360.55,	3.5400
361.20,	3.5400
361.84,	3.5400
362.49,	3.5300
363.13,	3.5200
363.78,	3.5200
364.42,	3.5100
365.06,	3.5000
365.71,	3.4900
366.35,	3.4900
367.00,	3.4900
367.64,	3.4900
368.28,	3.4900
368.93,	3.4800
369.57,	3.4700
370.22,	3.4600
370.86,	3.4500
371.50,	3.4300
372.15,	3.4200
372.79,	3.4100
373.43,	3.4100
374.08,	3.4000
374.72,	3.3800
375.36,	3.3700
376.01,	3.3600
376.65,	3.3600
377.29,	3.3600
377.94,	3.3500
378.58,	3.3500
379.22,	3.3400
379.87,	3.3300
380.51,	3.3200
381.15,	3.3100
381.79,	3.3000
382.44,	3.2900
383.08,	3.2900
383.72,	3.2800
384.37,	3.2800
385.01,	3.2800
385.65,	3.2700
386.29,	3.2600
386.94,	3.2700
387.58,	3.2700
388.22,	3.2700
388.86,	3.2700
389.51,	3.2700
390.15,	3.2700
390.79,	3.2600
391.43,	3.2600
392.08,	3.2600
392.72,	3.2600
393.36,	3.2600
394.00,	3.2600
394.64,	3.2600
395.29,	3.2400
395.93,	3.2300
396.57,	3.2200
397.21,	3.2100
397.85,	3.2100
398.50,	3.2100
399.14,	3.2100
399.78,	3.2100
400.42,	3.2100
401.06,	3.2100
401.70,	3.2000
402.34,	3.2100
402.99,	3.2100
403.63,	3.2100
404.27,	3.2000
404.91,	3.2000
405.55,	3.2100
406.19,	3.2100
406.83,	3.2100
407.48,	3.2000
408.12,	3.2000
408.76,	3.1900
409.40,	3.1900
410.04,	3.1900
410.68,	3.1800
411.32,	3.1800
411.96,	3.1700
412.60,	3.1700
413.24,	3.1600
413.88,	3.1700
414.52,	3.1600
415.17,	3.1600
415.81,	3.1600
416.45,	3.1500
417.09,	3.1400
417.73,	3.1300
418.37,	3.1300
419.01,	3.1200
419.65,	3.1100
420.29,	3.1000
420.93,	3.0900
421.57,	3.0800
422.21,	3.0800
422.85,	3.0700
423.49,	3.0700
424.13,	3.0600
424.77,	3.0600
425.41,	3.0600
426.05,	3.0600
426.69,	3.0600
427.33,	3.0600
427.97,	3.0500
428.61,	3.0500
429.25,	3.0500
429.89,	3.0500
430.53,	3.0500
431.17,	3.0500
431.80,	3.0500
432.44,	3.0500
433.08,	3.0400
433.72,	3.0300
434.36,	3.0300
435.00,	3.0200
435.64,	3.0100
436.28,	3.0100
436.92,	3.0000
437.56,	2.9900
438.20,	2.9900
438.84,	2.9800
439.47,	2.9900
440.11,	2.9800
440.75,	2.9800
441.39,	2.9800
442.03,	2.9700
442.67,	2.9700
443.31,	2.9600
443.95,	2.9500
444.58,	2.9500
445.22,	2.9500
445.86,	2.9500
446.50,	2.9400
447.14,	2.9400
447.78,	2.9400
448.41,	2.9400
449.05,	2.9400
449.69,	2.9400
450.33,	2.9400
450.97,	2.9400
451.60,	2.9300
452.24,	2.9300
452.88,	2.9300
453.52,	2.9300
454.16,	2.9300
454.79,	2.9300
455.43,	2.9300
456.07,	2.9200
456.71,	2.9200
457.35,	2.9200
457.98,	2.9100
458.62,	2.9100
459.26,	2.9100
459.90,	2.9100
460.53,	2.9100
461.17,	2.9200
461.81,	2.9200
462.44,	2.9200
463.08,	2.9100
463.72,	2.9200
464.36,	2.9200
464.99,	2.9200
465.63,	2.9200
466.27,	2.9200
466.90,	2.9300
467.54,	2.9300
468.18,	2.9300
468.81,	2.9200
469.45,	2.9100
470.09,	2.9100
470.72,	2.9100
471.36,	2.9100
472.00,	2.9100
472.63,	2.9000
473.27,	2.9100
473.91,	2.9100
474.54,	2.9100
475.18,	2.9100
475.82,	2.9100
476.45,	2.9200
477.09,	2.9100
477.73,	2.9100
478.36,	2.9100
479.00,	2.9200
479.63,	2.9200
480.27,	2.9100
480.91,	2.9100
481.54,	2.9000
482.18,	2.9000
482.81,	2.9000
483.45,	2.8900
484.08,	2.9000
484.72,	2.9000
485.36,	2.9000
485.99,	2.8900
486.63,	2.9000
487.26,	2.9100
487.90,	2.9100
488.53,	2.9000
489.17,	2.8900
489.80,	2.8900
490.44,	2.8900
491.07,	2.8900
491.71,	2.8900
492.34,	2.9000
492.98,	2.9000
493.62,	2.9100
494.25,	2.9100
494.89,	2.9100
495.52,	2.9100
496.15,	2.9100
496.79,	2.9100
497.42,	2.9100
498.06,	2.9000
498.69,	2.9100
499.33,	2.9100
499.96,	2.9100
500.60,	2.9100
501.23,	2.9200
501.87,	2.9200
502.50,	2.9200
503.14,	2.9200
503.77,	2.9300
504.40,	2.9300
505.04,	2.9300
505.67,	2.9300
506.31,	2.9200
506.94,	2.9200
507.57,	2.9200
508.21,	2.9100
508.84,	2.9100
509.48,	2.9100
510.11,	2.9000
510.74,	2.9000
511.38,	2.9000
512.01,	2.9000
512.65,	2.9000
513.28,	2.8900
513.91,	2.8800
514.55,	2.8600
515.18,	2.8500
515.81,	2.8500
516.45,	2.8500
517.08,	2.8400
517.71,	2.8300
518.35,	2.8100
518.98,	2.8100
519.61,	2.8000
520.25,	2.8100
520.88,	2.8100
521.51,	2.8100
522.15,	2.8000
522.78,	2.8000
523.41,	2.7900
524.04,	2.7800
524.68,	2.7700
525.31,	2.7700
525.94,	2.7700
526.58,	2.7700
527.21,	2.7700
527.84,	2.7700
528.47,	2.7600
529.11,	2.7600
529.74,	2.7600
530.37,	2.7600
531.00,	2.7500
531.64,	2.7500
532.27,	2.7600
532.90,	2.7500
533.53,	2.7600
534.17,	2.7600
534.80,	2.7600
535.43,	2.7600
536.06,	2.7600
536.69,	2.7600
537.33,	2.7600
537.96,	2.7600
538.59,	2.7600
539.22,	2.7500
539.85,	2.7600
540.48,	2.7600
541.12,	2.7600
541.75,	2.7700
542.38,	2.7700
543.01,	2.7700
543.64,	2.7700
544.27,	2.7700
544.91,	2.7600
545.54,	2.7600
546.17,	2.7600
546.80,	2.7500
547.43,	2.7500
548.06,	2.7500
548.69,	2.7500
549.32,	2.7500
549.95,	2.7500
550.59,	2.7500
551.22,	2.7400
551.85,	2.7500
552.48,	2.7400
553.11,	2.7400
553.74,	2.7500
554.37,	2.7400
555.00,	2.7400
555.63,	2.7500
556.26,	2.7500
556.89,	2.7500
557.52,	2.7500
558.15,	2.7600
558.78,	2.7500
559.42,	2.7500
560.05,	2.7500
560.68,	2.7500
561.31,	2.7500
561.94,	2.7600
562.57,	2.7600
563.20,	2.7600
563.83,	2.7500
564.46,	2.7600
565.09,	2.7500
565.72,	2.7500
566.35,	2.7600
566.98,	2.7600
567.61,	2.7600
568.24,	2.7600
568.87,	2.7600
569.50,	2.7600
570.12,	2.7500
570.75,	2.7500
571.38,	2.7500
572.01,	2.7500
572.64,	2.7500
573.27,	2.7600
573.90,	2.7500
574.53,	2.7500
575.16,	2.7500
575.79,	2.7500
576.42,	2.7500
577.05,	2.7500
577.68,	2.7600
578.31,	2.7600
578.93,	2.7600
579.56,	2.7600
580.19,	2.7600
580.82,	2.7600
581.45,	2.7600
582.08,	2.7500
582.71,	2.7500
583.34,	2.7600
583.97,	2.7500
584.59,	2.7500
585.22,	2.7500
585.85,	2.7600
586.48,	2.7500
587.11,	2.7500
587.74,	2.7500
588.36,	2.7500
588.99,	2.7500
589.62,	2.7500
590.25,	2.7500
590.88,	2.7500
591.50,	2.7500
592.13,	2.7500
592.76,	2.7500
593.39,	2.7500
594.02,	2.7600
594.64,	2.7600
595.27,	2.7600
595.90,	2.7600
596.53,	2.7600
597.16,	2.7500
597.78,	2.7500
598.41,	2.7500
599.04,	2.7600
599.67,	2.7600
600.29,	2.7600
600.92,	2.7500
601.55,	2.7500
602.18,	2.7600
602.80,	2.7600
603.43,	2.7600
604.06,	2.7500
604.68,	2.7500
605.31,	2.7500
605.94,	2.7600
606.57,	2.7500
607.19,	2.7500
607.82,	2.7500
608.45,	2.7500
609.07,	2.7600
609.70,	2.7600
610.33,	2.7600
610.95,	2.7600
611.58,	2.7600
612.21,	2.7500
612.83,	2.7500
613.46,	2.7600
614.09,	2.7600
614.71,	2.7600
615.34,	2.7600
615.97,	2.7600
616.59,	2.7600
617.22,	2.7600
617.84,	2.7500
618.47,	2.7500
619.10,	2.7500
619.72,	2.7400
620.35,	2.7500
620.97,	2.7500
621.60,	2.7500
622.23,	2.7600
622.85,	2.7600
623.48,	2.7500
624.10,	2.7500
624.73,	2.7500
625.35,	2.7500
625.98,	2.7600
626.61,	2.7600
627.23,	2.7600
627.86,	2.7600
628.48,	2.7600
629.11,	2.7600
629.73,	2.7600
630.36,	2.7600
630.98,	2.7600
631.61,	2.7600
632.23,	2.7600
632.86,	2.7600
633.48,	2.7600
634.11,	2.7600
634.73,	2.7600
635.36,	2.7700
635.98,	2.7600
636.61,	2.7700
637.23,	2.7700
637.86,	2.7700
638.48,	2.7700
639.11,	2.7700
639.73,	2.7700
640.36,	2.7700
640.98,	2.7700
641.61,	2.7700
642.23,	2.7700
642.85,	2.7800
643.48,	2.7800
644.10,	2.7800
644.73,	2.7700
645.35,	2.7800
645.98,	2.7800
646.60,	2.7800
647.22,	2.7700
647.85,	2.7800
648.47,	2.7800
649.10,	2.7800
649.72,	2.7800
650.34,	2.7800
650.97,	2.7700
651.59,	2.7800
652.22,	2.7800
652.84,	2.7800
653.46,	2.7800
654.09,	2.7800
654.71,	2.7800
655.33,	2.7800
655.96,	2.7800
656.58,	2.7800
657.20,	2.7800
657.83,	2.7800
658.45,	2.7800
659.07,	2.7800
659.70,	2.7800
660.32,	2.7700
660.94,	2.7800
661.57,	2.7800
662.19,	2.7700
662.81,	2.7800
663.43,	2.7800
664.06,	2.7700
664.68,	2.7700
665.30,	2.7700
665.93,	2.7800
666.55,	2.7800
667.17,	2.7800
667.79,	2.7800
668.42,	2.7800
669.04,	2.7800
669.66,	2.7800
670.28,	2.7800
670.91,	2.7800
671.53,	2.7800
672.15,	2.7800
672.77,	2.7800
673.39,	2.7800
674.02,	2.7800
674.64,	2.7800
675.26,	2.7800
675.88,	2.7800
676.50,	2.7800
677.13,	2.7800
677.75,	2.7800
678.37,	2.7800
678.99,	2.7800
679.61,	2.7800
680.24,	2.7800
680.86,	2.7800
681.48,	2.7800
682.10,	2.7800
682.72,	2.7900
683.34,	2.7800
683.96,	2.7800
684.59,	2.7800
685.21,	2.7900
685.83,	2.7800
686.45,	2.7800
687.07,	2.7900
687.69,	2.7800
688.31,	2.7800
688.93,	2.7800
689.56,	2.7800
690.18,	2.7800
690.80,	2.7800
691.42,	2.7800
692.04,	2.7800
692.66,	2.7900
693.28,	2.7800
693.90,	2.7800
694.52,	2.7900
695.14,	2.7800
695.76,	2.7900
696.38,	2.7900
697.00,	2.7900
697.62,	2.7900
698.25,	2.7900
698.87,	2.8000
699.49,	2.7900
700.11,	2.7900
700.73,	2.7900
701.35,	2.8000
701.97,	2.8000
702.59,	2.8000
703.21,	2.7900
703.83,	2.7900
704.45,	2.7900
705.07,	2.8000
705.69,	2.8000
706.31,	2.8000
706.93,	2.8000
707.55,	2.8000
708.17,	2.8000
708.79,	2.8000
709.40,	2.8000
710.02,	2.8000
710.64,	2.8000
711.26,	2.7900
711.88,	2.7900
712.50,	2.8000
713.12,	2.8000
713.74,	2.7900
714.36,	2.7900
714.98,	2.8000
715.60,	2.8000
716.22,	2.7900
716.84,	2.8000
717.45,	2.8000
718.07,	2.8000
718.69,	2.8000
719.31,	2.8000
719.93,	2.8000
720.55,	2.8000
721.17,	2.8000
721.79,	2.8000
722.41,	2.8000
723.02,	2.8000
723.64,	2.8000
724.26,	2.7900
724.88,	2.7900
725.50,	2.8000
726.12,	2.8000
726.73,	2.7900
727.35,	2.7900
727.97,	2.7900
728.59,	2.7900
729.21,	2.7900
729.83,	2.7900
730.44,	2.7900
731.06,	2.8000
731.68,	2.8000
732.30,	2.8000
732.92,	2.7900
733.53,	2.7900
734.15,	2.8000
734.77,	2.8000
735.39,	2.8000
736.00,	2.8000
736.62,	2.8000
737.24,	2.8000
737.86,	2.8000
738.47,	2.8000
739.09,	2.8000
739.71,	2.8000
740.33,	2.8000
740.94,	2.8000
741.56,	2.7900
742.18,	2.8000
742.79,	2.8000
743.41,	2.8000
744.03,	2.8000
744.65,	2.8000
745.26,	2.7900
745.88,	2.8000
746.50,	2.8000
747.11,	2.7900
747.73,	2.7900
748.35,	2.8000
748.96,	2.8000
749.58,	2.7900
750.20,	2.8000
750.81,	2.8000
751.43,	2.8000
752.05,	2.8000
752.66,	2.7900
753.28,	2.7900
753.90,	2.7900
754.51,	2.7900
755.13,	2.7900
755.74,	2.7900
756.36,	2.7900
756.98,	2.7900
757.59,	2.7900
758.21,	2.7900
758.82,	2.8000
759.44,	2.7900
760.06,	2.8000
760.67,	2.7900
761.29,	2.7800
761.90,	2.7800
762.52,	2.7800
763.14,	2.7800
763.75,	2.7700
764.37,	2.7800
764.98,	2.7800
765.60,	2.7800
766.21,	2.7800
766.83,	2.7800
767.44,	2.7800
768.06,	2.7800
768.67,	2.7800
769.29,	2.7800
769.90,	2.7700
770.52,	2.7800
771.14,	2.7800
771.75,	2.7800
772.37,	2.7800
772.98,	2.7800
773.59,	2.7800
774.21,	2.7800
774.82,	2.7800
775.44,	2.7800
776.05,	2.7800
776.67,	2.7800
777.28,	2.7900
777.90,	2.7800
778.51,	2.7800
779.13,	2.7800
779.74,	2.7800
780.36,	2.7800
780.97,	2.7700
781.58,	2.7800
782.20,	2.7900
782.81,	2.7800
783.43,	2.7800
784.04,	2.7800
784.66,	2.7700
785.27,	2.7700
785.88,	2.7800
786.50,	2.7800
787.11,	2.7800
787.73,	2.7800
788.34,	2.7800
788.95,	2.7800
789.57,	2.7800
790.18,	2.7800
790.79,	2.7800
791.41,	2.7800
792.02,	2.7800
792.63,	2.7800
793.25,	2.7800
793.86,	2.7800
794.47,	2.7800
795.09,	2.7800
795.70,	2.7800
796.31,	2.7800
796.93,	2.7800
797.54,	2.7800
798.15,	2.7900
798.77,	2.7900
799.38,	2.7900
799.99,	2.7900
800.61,	2.7900
801.22,	2.7900
801.83,	2.7900
802.44,	2.7900
803.06,	2.7900
803.67,	2.7800
804.28,	2.7800
804.90,	2.7800
805.51,	2.7800
806.12,	2.7900
806.73,	2.7900
807.34,	2.7800
807.96,	2.7800
808.57,	2.7800
809.18,	2.7800
809.79,	2.7800
810.41,	2.7800
811.02,	2.7800
811.63,	2.7800
812.24,	2.7800
812.85,	2.7800
813.47,	2.7800
814.08,	2.7800
814.69,	2.7800
815.30,	2.7900
815.91,	2.7800
816.53,	2.7800
817.14,	2.7800
817.75,	2.7800
818.36,	2.7800
818.97,	2.7800
819.58,	2.7900
820.20,	2.7800
820.81,	2.7800
821.42,	2.7900
822.03,	2.7900
822.64,	2.7800
823.25,	2.7800
823.86,	2.7900
824.47,	2.7900
825.09,	2.7800
825.70,	2.7900
826.31,	2.7900
826.92,	2.7800
827.53,	2.7800
828.14,	2.7800
828.75,	2.7800
829.36,	2.7800
829.97,	2.7800
830.58,	2.7800
831.19,	2.7800
831.80,	2.7900
832.42,	2.7800
833.03,	2.7800
833.64,	2.7900
834.25,	2.7900
834.86,	2.7900
835.47,	2.7900
836.08,	2.7900
836.69,	2.7900
837.30,	2.7900
837.91,	2.7800
838.52,	2.7900
839.13,	2.7900
839.74,	2.7900
840.35,	2.7900
840.96,	2.7900
841.57,	2.7900
842.18,	2.7900
842.79,	2.7900
843.40,	2.7900
844.01,	2.7900
844.62,	2.7900
845.23,	2.7900
845.84,	2.7800
846.45,	2.7900
847.06,	2.7900
847.67,	2.7900
848.27,	2.7900
848.88,	2.7900
849.49,	2.7900
850.10,	2.7900
850.71,	2.7900
851.32,	2.7900
851.93,	2.7800
852.54,	2.7900
853.15,	2.7900
853.76,	2.7900
854.37,	2.7900
854.98,	2.7900
855.58,	2.7900
856.19,	2.7900
856.80,	2.7800
857.41,	2.7900
858.02,	2.7900
858.63,	2.7800
859.24,	2.7800
859.85,	2.7800
860.45,	2.7800
861.06,	2.7900
861.67,	2.7800
862.28,	2.7800
862.89,	2.7800
863.50,	2.7800
864.10,	2.7800
864.71,	2.7800
865.32,	2.7900
865.93,	2.7900
866.54,	2.7800
867.14,	2.7800
867.75,	2.7800
868.36,	2.7800
868.97,	2.7800
869.58,	2.7800
870.18,	2.7800
870.79,	2.7800
871.40,	2.7800
872.01,	2.7800
872.61,	2.7900
873.22,	2.7800
873.83,	2.7800
874.44,	2.7900
875.04,	2.7900
875.65,	2.7900
876.26,	2.7900
876.87,	2.8000
877.47,	2.7900
878.08,	2.7900
878.69,	2.7900
879.29,	2.7800
879.90,	2.7900
880.51,	2.7900
881.12,	2.7900
881.72,	2.7900
882.33,	2.7900
882.94,	2.7900
883.54,	2.7900
884.15,	2.7800
884.76,	2.7800
885.36,	2.7700
885.97,	2.7700
886.58,	2.7800
887.18,	2.7800
887.79,	2.7800
888.40,	2.7700
889.00,	2.7700
889.61,	2.7700
890.22,	2.7800
890.82,	2.7800
891.43,	2.7800
892.03,	2.7700
892.64,	2.7700
893.25,	2.7800
893.85,	2.7800
894.46,	2.7800
895.06,	2.7700
895.67,	2.7800
896.28,	2.7800
896.88,	2.7800
897.49,	2.7800
898.09,	2.7800
898.70,	2.7800
899.30,	2.7800
899.91,	2.7700
900.52,	2.7800
901.12,	2.7800
901.73,	2.7700
902.33,	2.7700
902.94,	2.7700
903.54,	2.7700
904.15,	2.7600
904.75,	2.7700
905.36,	2.7700
905.96,	2.7700
906.57,	2.7700
907.17,	2.7800
907.78,	2.7800
908.38,	2.7700
908.99,	2.7700
909.59,	2.7800
910.20,	2.7800
910.80,	2.7700
911.41,	2.7700
912.01,	2.7800
912.62,	2.7800
913.22,	2.7700
913.83,	2.7700
914.43,	2.7700
915.03,	2.7700
915.64,	2.7700
916.24,	2.7700
916.85,	2.7700
917.45,	2.7700
918.06,	2.7700
918.66,	2.7700
919.26,	2.7700
919.87,	2.7700
920.47,	2.7600
921.08,	2.7600
921.68,	2.7700
922.28,	2.7700
922.89,	2.7700
923.49,	2.7700
924.10,	2.7700
924.70,	2.7700
925.30,	2.7700
925.91,	2.7600
926.51,	2.7700
927.11,	2.7700
927.72,	2.7600
928.32,	2.7600
928.92,	2.7700
929.53,	2.7600
930.13,	2.7600
930.74,	2.7600
931.34,	2.7600
931.94,	2.7700
932.54,	2.7600
933.15,	2.7700
933.75,	2.7600
934.35,	2.7600
934.96,	2.7700
935.56,	2.7600
936.16,	2.7600
936.77,	2.7700
937.37,	2.7600
937.97,	2.7600
938.57,	2.7600
939.18,	2.7600
939.78,	2.7700
940.38,	3.3700
940.98,	8.8600
941.59,	16.4900
942.19,	20.0200
942.79,	22.4100
943.39,	24.1600
944.00,	25.4500
944.60,	26.3800
945.20,	28.4000
945.80,	35.5000
946.40,	35.5000
947.01,	35.5000
947.61,	35.5000
948.21,	35.5000
948.81,	35.5000
949.41,	35.5000
950.02,	35.5000
950.62,	35.5000
951.22,	35.5000
951.82,	35.5000
952.42,	35.5000
953.02,	35.5000
953.63,	35.5000
954.23,	35.5000
954.83,	35.5000
955.43,	35.5000
956.03,	35.5000
956.63,	35.5000
957.24,	35.5000
957.84,	35.5000
958.44,	35.5000
959.04,	35.5000
959.64,	35.5000
960.24,	35.5000
960.84,	35.5000
961.44,	35.5000
962.04,	35.5000
962.64,	35.5000
963.25,	35.5000
963.85,	35.5000
964.45,	35.5000
965.05,	35.5000
965.65,	35.5000
966.25,	35.5000
966.85,	35.5000
967.45,	35.5000
968.05,	35.5000
968.65,	35.5000
969.25,	35.5000
969.85,	35.5000
970.45,	35.5000
971.05,	35.5000
971.65,	35.5000
972.25,	35.5000
972.85,	35.5000
973.45,	35.5000
974.05,	35.5000
974.65,	35.5000
975.25,	35.5000
975.85,	35.5000
976.45,	35.5000
977.05,	35.5000
977.65,	35.5000
978.25,	35.5000
978.85,	35.5000
979.45,	35.5000
980.05,	35.5000
980.65,	35.5000
981.25,	35.5000
981.85,	35.5000
982.45,	35.5000
983.05,	35.5000
983.65,	35.5000
984.25,	35.5000
984.85,	35.5000
985.45,	35.5000
986.04,	35.5000
986.64,	35.5000
987.24,	35.5000
987.84,	1.8500
988.44,	-2.5200
989.04,	-2.5200
989.64,	-2.5200
990.24,	-2.5200
990.84,	-2.5200
991.44,	-2.5200
992.03,	-2.5200
992.63,	-2.5200
993.23,	-2.5200
993.83,	-2.5200
994.43,	-2.5200
995.03,	-2.5200
995.63,	-2.5200
996.22,	-2.5200
996.82,	-2.5200
997.42,	-2.5200
998.02,	-2.5200
998.62,	-2.5200
999.21,	-2.5200
999.81,	-2.5200
1000.41,	-2.5200
