Call Sign = ZSDA,	Ship Name = SA Agulhas,	Lloyds Num = 0
Date = 12/05/2016,	Time = 23:59,	
Latitude = 51 21.89  S,	Longitude = 000 04.26  E
Instr = Sippican Deep Blue,	Card Type = Sippican MK-21,	
Wind Instr = ,	Measur Method = 
Probe Serial Num = -1,	Ship Dir = -1,	Ship Speed = -1.00
Wind Dir = 6,	Wind Speed = 26.40
Dry Bulb Temp = 0.80,	Total Water Depth = -1.00

Full Resolution Values
Depth,	 Temp
0.67,	1.9800
1.34,	1.6000
2.01,	1.4900
2.68,	1.4400
3.34,	1.4600
4.01,	1.4400
4.68,	1.4400
5.35,	1.4600
6.02,	1.4500
6.69,	1.4100
7.36,	1.4500
8.03,	1.4300
8.69,	1.4100
9.36,	1.4300
10.03,	1.4400
10.70,	1.4400
11.37,	1.4500
12.04,	1.4400
12.70,	1.4500
13.37,	1.4400
14.04,	1.4400
14.71,	1.4300
15.38,	1.4400
16.05,	1.4400
16.71,	1.4300
17.38,	1.4400
18.05,	1.4400
18.72,	1.4500
19.38,	1.4400
20.05,	1.4400
20.72,	1.4400
21.39,	1.4400
22.06,	1.4400
22.72,	1.4400
23.39,	1.4400
24.06,	1.4400
24.73,	1.4400
25.39,	1.4400
26.06,	1.4400
26.73,	1.4400
27.40,	1.4400
28.06,	1.4400
28.73,	1.4500
29.40,	1.4400
30.06,	1.4400
30.73,	1.4300
31.40,	1.4300
32.06,	1.4400
32.73,	1.4300
33.40,	1.4400
34.07,	1.4400
34.73,	1.4400
35.40,	1.4500
36.07,	1.4500
36.73,	1.4400
37.40,	1.4400
38.07,	1.4500
38.73,	1.4500
39.40,	1.4600
40.06,	1.4600
40.73,	1.4700
41.40,	1.4600
42.06,	1.4600
42.73,	1.4700
43.40,	1.4700
44.06,	1.4800
44.73,	1.4800
45.39,	1.4800
46.06,	1.4800
46.73,	1.4800
47.39,	1.4700
48.06,	1.4800
48.72,	1.4800
49.39,	1.4800
50.06,	1.4700
50.72,	1.4700
51.39,	1.4700
52.05,	1.4700
52.72,	1.4800
53.38,	1.4800
54.05,	1.4800
54.71,	1.4800
55.38,	1.4800
56.05,	1.4800
56.71,	1.4700
57.38,	1.4800
58.04,	1.4700
58.71,	1.4700
59.37,	1.4700
60.04,	1.4800
60.70,	1.4700
61.37,	1.4700
62.03,	1.4700
62.70,	1.4700
63.36,	1.4700
64.03,	1.4600
64.69,	1.4500
65.36,	1.4500
66.02,	1.4600
66.69,	1.4600
67.35,	1.4600
68.01,	1.4600
68.68,	1.4500
69.34,	1.4500
70.01,	1.4600
70.67,	1.4600
71.34,	1.4600
72.00,	1.4500
72.66,	1.4500
73.33,	1.4500
73.99,	1.4400
74.66,	1.4400
75.32,	1.4400
75.98,	1.4400
76.65,	1.4300
77.31,	1.4300
77.98,	1.4400
78.64,	1.4300
79.30,	1.4200
79.97,	1.4300
80.63,	1.4300
81.30,	1.4300
81.96,	1.4200
82.62,	1.4100
83.29,	1.4100
83.95,	1.4000
84.61,	1.4000
85.28,	1.4000
85.94,	1.4000
86.60,	1.3900
87.27,	1.3700
87.93,	1.3400
88.59,	1.3300
89.26,	1.3200
89.92,	1.3000
90.58,	1.2900
91.24,	1.2800
91.91,	1.2700
92.57,	1.2600
93.23,	1.2600
93.90,	1.2500
94.56,	1.2400
95.22,	1.2300
95.88,	1.2300
96.55,	1.2200
97.21,	1.2100
97.87,	1.2100
98.53,	1.2000
99.20,	1.1900
99.86,	1.1900
100.52,	1.1800
101.18,	1.1800
101.85,	1.1700
102.51,	1.1700
103.17,	1.1600
103.83,	1.1500
104.49,	1.1400
105.16,	1.1400
105.82,	1.1300
106.48,	1.1200
107.14,	1.1200
107.80,	1.1200
108.47,	1.1200
109.13,	1.1200
109.79,	1.1200
110.45,	1.1300
111.11,	1.1200
111.77,	1.1100
112.44,	1.1100
113.10,	1.1100
113.76,	1.1100
114.42,	1.1100
115.08,	1.1000
115.74,	1.1000
116.40,	1.1000
117.06,	1.1000
117.73,	1.1000
118.39,	1.1000
119.05,	1.1000
119.71,	1.0900
120.37,	1.0800
121.03,	1.0600
121.69,	1.0400
122.35,	1.0200
123.01,	1.0200
123.67,	1.0000
124.33,	0.9900
125.00,	0.9700
125.66,	0.9600
126.32,	0.9500
126.98,	0.9400
127.64,	0.9200
128.30,	0.9000
128.96,	0.8600
129.62,	0.8400
130.28,	0.8300
130.94,	0.8200
131.60,	0.8200
132.26,	0.8100
132.92,	0.8000
133.58,	0.7900
134.24,	0.7900
134.90,	0.7800
135.56,	0.7800
136.22,	0.7700
136.88,	0.7700
137.54,	0.7600
138.20,	0.7600
138.86,	0.7500
139.52,	0.7500
140.18,	0.7400
140.84,	0.7400
141.50,	0.7300
142.16,	0.7200
142.82,	0.7100
143.48,	0.7000
144.14,	0.6900
144.79,	0.7000
145.45,	0.7100
146.11,	0.7100
146.77,	0.7100
147.43,	0.7100
148.09,	0.7100
148.75,	0.7100
149.41,	0.7100
150.07,	0.7000
150.73,	0.7000
151.39,	0.7000
152.04,	0.7000
152.70,	0.7000
153.36,	0.7000
154.02,	0.7000
154.68,	0.7000
155.34,	0.7000
156.00,	0.7100
156.65,	0.7200
157.31,	0.7200
157.97,	0.7200
158.63,	0.7100
159.29,	0.7200
159.95,	0.7200
160.60,	0.7200
161.26,	0.7400
161.92,	0.7600
162.58,	0.7800
163.24,	0.8000
163.90,	0.8200
164.55,	0.8200
165.21,	0.8300
165.87,	0.8300
166.53,	0.8400
167.18,	0.8400
167.84,	0.8400
168.50,	0.8500
169.16,	0.8500
169.82,	0.8500
170.47,	0.8600
171.13,	0.8900
171.79,	0.9100
172.44,	0.9100
173.10,	0.9100
173.76,	0.9300
174.42,	0.9400
175.07,	0.9600
175.73,	0.9600
176.39,	0.9700
177.05,	0.9700
177.70,	0.9700
178.36,	0.9800
179.02,	0.9800
179.67,	1.0000
180.33,	1.0100
180.99,	1.0300
181.64,	1.0400
182.30,	1.0700
182.96,	1.0900
183.61,	1.1200
184.27,	1.1300
184.93,	1.1500
185.58,	1.1800
186.24,	1.2100
186.90,	1.2300
187.55,	1.2400
188.21,	1.2600
188.87,	1.2800
189.52,	1.3300
190.18,	1.4100
190.83,	1.4600
191.49,	1.4900
192.15,	1.5000
192.80,	1.5100
193.46,	1.5300
194.11,	1.5400
194.77,	1.5400
195.43,	1.5500
196.08,	1.5500
196.74,	1.5500
197.39,	1.5600
198.05,	1.5600
198.70,	1.5600
199.36,	1.5700
200.02,	1.5800
200.67,	1.5900
201.33,	1.6000
201.98,	1.6100
202.64,	1.6100
203.29,	1.6200
203.95,	1.6300
204.60,	1.6500
205.26,	1.6800
205.91,	1.7000
206.57,	1.7200
207.22,	1.7400
207.88,	1.7400
208.53,	1.7400
209.19,	1.7300
209.84,	1.7400
210.50,	1.7600
211.15,	1.7700
211.81,	1.7800
212.46,	1.7900
213.12,	1.8000
213.77,	1.8100
214.43,	1.8100
215.08,	1.8200
215.74,	1.8200
216.39,	1.8100
217.04,	1.8300
217.70,	1.8500
218.35,	1.8500
219.01,	1.8600
219.66,	1.8600
220.32,	1.8700
220.97,	1.8700
221.62,	1.8800
222.28,	1.8900
222.93,	1.9000
223.59,	1.9000
224.24,	1.9100
224.89,	1.9200
225.55,	1.9200
226.20,	1.9300
226.85,	1.9300
227.51,	1.9300
228.16,	1.9400
228.81,	1.9400
229.47,	1.9400
230.12,	1.9400
230.78,	1.9400
231.43,	1.9500
232.08,	1.9500
232.74,	1.9500
233.39,	1.9600
234.04,	1.9600
234.69,	1.9500
235.35,	1.9600
236.00,	1.9600
236.65,	1.9600
237.31,	1.9600
237.96,	1.9600
238.61,	1.9700
239.27,	1.9600
239.92,	1.9600
240.57,	1.9700
241.22,	1.9700
241.88,	1.9700
242.53,	1.9800
243.18,	1.9700
243.83,	1.9700
244.49,	1.9800
245.14,	1.9800
245.79,	1.9800
246.44,	1.9800
247.10,	1.9900
247.75,	1.9900
248.40,	1.9900
249.05,	2.0000
249.70,	2.0100
250.36,	2.0200
251.01,	2.0200
251.66,	2.0300
252.31,	2.0300
252.96,	2.0300
253.62,	2.0300
254.27,	2.0300
254.92,	2.0200
255.57,	2.0300
256.22,	2.0300
256.88,	2.0300
257.53,	2.0200
258.18,	2.0200
258.83,	2.0300
259.48,	2.0400
260.13,	2.0400
260.78,	2.0500
261.44,	2.0600
262.09,	2.0700
262.74,	2.0800
263.39,	2.0800
264.04,	2.0800
264.69,	2.0900
265.34,	2.0900
265.99,	2.0900
266.64,	2.0900
267.29,	2.0900
267.95,	2.1000
268.60,	2.1000
269.25,	2.1000
269.90,	2.1000
270.55,	2.1100
271.20,	2.1200
271.85,	2.1200
272.50,	2.1200
273.15,	2.1200
273.80,	2.1200
274.45,	2.1200
275.10,	2.1200
275.75,	2.1200
276.40,	2.1300
277.05,	2.1300
277.70,	2.1200
278.35,	2.1300
279.00,	2.1300
279.65,	2.1200
280.30,	2.1300
280.95,	2.1300
281.60,	2.1300
282.25,	2.1300
282.90,	2.1300
283.55,	2.1400
284.20,	2.1400
284.85,	2.1500
285.50,	2.1500
286.15,	2.1500
286.80,	2.1500
287.45,	2.1600
288.10,	2.1600
288.75,	2.1700
289.40,	2.1700
290.05,	2.1800
290.70,	2.1800
291.35,	2.1900
292.00,	2.1900
292.64,	2.1900
293.29,	2.1900
293.94,	2.2100
294.59,	2.2000
295.24,	2.1900
295.89,	2.2000
296.54,	2.1900
297.19,	2.2000
297.84,	2.2000
298.49,	2.2000
299.13,	2.2000
299.78,	2.1900
300.43,	2.1900
301.08,	2.1900
301.73,	2.1900
302.38,	2.2000
303.02,	2.2100
303.67,	2.2000
304.32,	2.2000
304.97,	2.2000
305.62,	2.2000
306.27,	2.2000
306.91,	2.2000
307.56,	2.2000
308.21,	2.2100
308.86,	2.2100
309.51,	2.2100
310.15,	2.2100
310.80,	2.2100
311.45,	2.2100
312.10,	2.2100
312.75,	2.2100
313.39,	2.2100
314.04,	2.2100
314.69,	2.2200
315.34,	2.2200
315.98,	2.2200
316.63,	2.2100
317.28,	2.2100
317.93,	2.2100
318.57,	2.2100
319.22,	2.2200
319.87,	2.2200
320.52,	2.2200
321.16,	2.2200
321.81,	2.2200
322.46,	2.2200
323.10,	2.2300
323.75,	2.2300
324.40,	2.2300
325.04,	2.2200
325.69,	2.2400
326.34,	2.2400
326.99,	2.2400
327.63,	2.2500
328.28,	2.2600
328.93,	2.2600
329.57,	2.2700
330.22,	2.2700
330.86,	2.2700
331.51,	2.2700
332.16,	2.2700
332.80,	2.2600
333.45,	2.2700
334.10,	2.2700
334.74,	2.2800
335.39,	2.2800
336.03,	2.2800
336.68,	2.2700
337.33,	2.2700
337.97,	2.2800
338.62,	2.2800
339.26,	2.2800
339.91,	2.2800
340.56,	2.2700
341.20,	2.2800
341.85,	2.2800
342.49,	2.2800
343.14,	2.2700
343.78,	2.2800
344.43,	2.2900
345.08,	2.2800
345.72,	2.2700
346.37,	2.2800
347.01,	2.2800
347.66,	2.3000
348.30,	2.2900
348.95,	2.2800
349.59,	2.2900
350.24,	2.2900
350.88,	2.3000
351.53,	2.2900
352.17,	2.2900
352.82,	2.2800
353.46,	2.2900
354.11,	2.2900
354.75,	2.2900
355.40,	2.3000
356.04,	2.2900
356.69,	2.2900
357.33,	2.2900
357.98,	2.2900
358.62,	2.2900
359.27,	2.2900
359.91,	2.2900
360.55,	2.2900
361.20,	2.2900
361.84,	2.2900
362.49,	2.2900
363.13,	2.2900
363.78,	2.2800
364.42,	2.2900
365.06,	2.2900
365.71,	2.2800
366.35,	2.2800
367.00,	2.2900
367.64,	2.2800
368.28,	2.2900
368.93,	2.2900
369.57,	2.3000
370.22,	2.3100
370.86,	2.3100
371.50,	2.3000
372.15,	2.3000
372.79,	2.3000
373.43,	2.3000
374.08,	2.3000
374.72,	2.3000
375.36,	2.3000
376.01,	2.3000
376.65,	2.3000
377.29,	2.3000
377.94,	2.3000
378.58,	2.3100
379.22,	2.3100
379.87,	2.3100
380.51,	2.3100
381.15,	2.3100
381.79,	2.3100
382.44,	2.3100
383.08,	2.3100
383.72,	2.3100
384.37,	2.3000
385.01,	2.3000
385.65,	2.3100
386.29,	2.3100
386.94,	2.3100
387.58,	2.3200
388.22,	2.3200
388.86,	2.3200
389.51,	2.3200
390.15,	2.3200
390.79,	2.3300
391.43,	2.3400
392.08,	2.3400
392.72,	2.3300
393.36,	2.3400
394.00,	2.3300
394.64,	2.3300
395.29,	2.3300
395.93,	2.3300
396.57,	2.3200
397.21,	2.3300
397.85,	2.3300
398.50,	2.3200
399.14,	2.3300
399.78,	2.3300
400.42,	2.3300
401.06,	2.3300
401.70,	2.3200
402.34,	2.3200
402.99,	2.3200
403.63,	2.3200
404.27,	2.3300
404.91,	2.3300
405.55,	2.3300
406.19,	2.3300
406.83,	2.3300
407.48,	2.3300
408.12,	2.3300
408.76,	2.3400
409.40,	2.3300
410.04,	2.3300
410.68,	2.3300
411.32,	2.3400
411.96,	2.3400
412.60,	2.3400
413.24,	2.3400
413.88,	2.3400
414.52,	2.3500
415.17,	2.3500
415.81,	2.3500
416.45,	2.3400
417.09,	2.3500
417.73,	2.3500
418.37,	2.3400
419.01,	2.3500
419.65,	2.3600
420.29,	2.3500
420.93,	2.3500
421.57,	2.3500
422.21,	2.3500
422.85,	2.3500
423.49,	2.3500
424.13,	2.3400
424.77,	2.3500
425.41,	2.3500
426.05,	2.3400
426.69,	2.3500
427.33,	2.3400
427.97,	2.3400
428.61,	2.3500
429.25,	2.3500
429.89,	2.3600
430.53,	2.3500
431.17,	2.3600
431.80,	2.3600
432.44,	2.3700
433.08,	2.3700
433.72,	2.3800
434.36,	2.3800
435.00,	2.3800
435.64,	2.3800
436.28,	2.3800
436.92,	2.3800
437.56,	2.3800
438.20,	2.3800
438.84,	2.3900
439.47,	2.3800
440.11,	2.3800
440.75,	2.3700
441.39,	2.3700
442.03,	2.3700
442.67,	2.3700
443.31,	2.3700
443.95,	2.3600
444.58,	2.3700
445.22,	2.3800
445.86,	2.3800
446.50,	2.3800
447.14,	2.3800
447.78,	2.3800
448.41,	2.3800
449.05,	2.3800
449.69,	2.3700
450.33,	2.3700
450.97,	2.3800
451.60,	2.3800
452.24,	2.3800
452.88,	2.3800
453.52,	2.3800
454.16,	2.3800
454.79,	2.3700
455.43,	2.3700
456.07,	2.3700
456.71,	2.3800
457.35,	2.3700
457.98,	2.3700
458.62,	2.3600
459.26,	2.3600
459.90,	2.3600
460.53,	2.3600
461.17,	2.3600
461.81,	2.3600
462.44,	2.3600
463.08,	2.3600
463.72,	2.3600
464.36,	2.3600
464.99,	2.3600
465.63,	2.3600
466.27,	2.3500
466.90,	2.3500
467.54,	2.3500
468.18,	2.3400
468.81,	2.3400
469.45,	2.3400
470.09,	2.3300
470.72,	2.3300
471.36,	2.3300
472.00,	2.3300
472.63,	2.3300
473.27,	2.3300
473.91,	2.3300
474.54,	2.3300
475.18,	2.3300
475.82,	2.3300
476.45,	2.3300
477.09,	2.3400
477.73,	2.3300
478.36,	2.3300
479.00,	2.3300
479.63,	2.3300
480.27,	2.3300
480.91,	2.3400
481.54,	2.3400
482.18,	2.3400
482.81,	2.3300
483.45,	2.3200
484.08,	2.3200
484.72,	2.3200
485.36,	2.3200
485.99,	2.3200
486.63,	2.3300
487.26,	2.3300
487.90,	2.3300
488.53,	2.3300
489.17,	2.3200
489.80,	2.3200
490.44,	2.3300
491.07,	2.3300
491.71,	2.3200
492.34,	2.3200
492.98,	2.3200
493.62,	2.3200
494.25,	2.3200
494.89,	2.3300
495.52,	2.3300
496.15,	2.3200
496.79,	2.3200
497.42,	2.3300
498.06,	2.3200
498.69,	2.3200
499.33,	2.3300
499.96,	2.3200
500.60,	2.3200
501.23,	2.3300
501.87,	2.3300
502.50,	2.3300
503.14,	2.3300
503.77,	2.3300
504.40,	2.3300
505.04,	2.3300
505.67,	2.3300
506.31,	2.3300
506.94,	2.3300
507.57,	2.3300
508.21,	2.3300
508.84,	2.3400
509.48,	2.3400
510.11,	2.3300
510.74,	2.3300
511.38,	2.3300
512.01,	2.3300
512.65,	2.3400
513.28,	2.3400
513.91,	2.3400
514.55,	2.3400
515.18,	2.3400
515.81,	2.3400
516.45,	2.3400
517.08,	2.3400
517.71,	2.3400
518.35,	2.3300
518.98,	2.3300
519.61,	2.3400
520.25,	2.3500
520.88,	2.3400
521.51,	2.3400
522.15,	2.3500
522.78,	2.3500
523.41,	2.3400
524.04,	2.3400
524.68,	2.3400
525.31,	2.3400
525.94,	2.3300
526.58,	2.3300
527.21,	2.3400
527.84,	2.3300
528.47,	2.3300
529.11,	2.3300
529.74,	2.3300
530.37,	2.3300
531.00,	2.3400
531.64,	2.3300
532.27,	2.3300
532.90,	2.3300
533.53,	2.3300
534.17,	2.3300
534.80,	2.3300
535.43,	2.3300
536.06,	2.3200
536.69,	2.3300
537.33,	2.3300
537.96,	2.3300
538.59,	2.3200
539.22,	2.3300
539.85,	2.3300
540.48,	2.3300
541.12,	2.3300
541.75,	2.3300
542.38,	2.3300
543.01,	2.3300
543.64,	2.3300
544.27,	2.3300
544.91,	2.3400
545.54,	2.3300
546.17,	2.3300
546.80,	2.3300
547.43,	2.3300
548.06,	2.3300
548.69,	2.3300
549.32,	2.3300
549.95,	2.3400
550.59,	2.3400
551.22,	2.3300
551.85,	2.3200
552.48,	2.3300
553.11,	2.3300
553.74,	2.3200
554.37,	2.3300
555.00,	2.3300
555.63,	2.3300
556.26,	2.3300
556.89,	2.3300
557.52,	2.3200
558.15,	2.3200
558.78,	2.3200
559.42,	2.3300
560.05,	2.3300
560.68,	2.3300
561.31,	2.3200
561.94,	2.3200
562.57,	2.3200
563.20,	2.3200
563.83,	2.3200
564.46,	2.3200
565.09,	2.3300
565.72,	2.3200
566.35,	2.3200
566.98,	2.3100
567.61,	2.3200
568.24,	2.3200
568.87,	2.3300
569.50,	2.3200
570.12,	2.3200
570.75,	2.3100
571.38,	2.3100
572.01,	2.3100
572.64,	2.3100
573.27,	2.3100
573.90,	2.3100
574.53,	2.3100
575.16,	2.3000
575.79,	2.3000
576.42,	2.3000
577.05,	2.3000
577.68,	2.3000
578.31,	2.3000
578.93,	2.3000
579.56,	2.3000
580.19,	2.3000
580.82,	2.3100
581.45,	2.3100
582.08,	2.3000
582.71,	2.3000
583.34,	2.3000
583.97,	2.3000
584.59,	2.3000
585.22,	2.3000
585.85,	2.3000
586.48,	2.3000
587.11,	2.3000
587.74,	2.3000
588.36,	2.3000
588.99,	2.3000
589.62,	2.3000
590.25,	2.2900
590.88,	2.2900
591.50,	2.3000
592.13,	2.3000
592.76,	2.3000
593.39,	2.2900
594.02,	2.3000
594.64,	2.3000
595.27,	2.3000
595.90,	2.3000
596.53,	2.3000
597.16,	2.3000
597.78,	2.3000
598.41,	2.3000
599.04,	2.3000
599.67,	2.3000
600.29,	2.3000
600.92,	2.3000
601.55,	2.3000
602.18,	2.3000
602.80,	2.2900
603.43,	2.2900
604.06,	2.2900
604.68,	2.3000
605.31,	2.2900
605.94,	2.2900
606.57,	2.2900
607.19,	2.2800
607.82,	2.2800
608.45,	2.2800
609.07,	2.2900
609.70,	2.2900
610.33,	2.2900
610.95,	2.2800
611.58,	2.2800
612.21,	2.2800
612.83,	2.2800
613.46,	2.2800
614.09,	2.2800
614.71,	2.2800
615.34,	2.2800
615.97,	2.2800
616.59,	2.2800
617.22,	2.2800
617.84,	2.2700
618.47,	2.2700
619.10,	2.2600
619.72,	2.2600
620.35,	2.2600
620.97,	2.2600
621.60,	2.2600
622.23,	2.2700
622.85,	2.2600
623.48,	2.2700
624.10,	2.2600
624.73,	2.2600
625.35,	2.2600
625.98,	2.2600
626.61,	2.2600
627.23,	2.2600
627.86,	2.2600
628.48,	2.2700
629.11,	2.2700
629.73,	2.2600
630.36,	2.2600
630.98,	2.2600
631.61,	2.2700
632.23,	2.2700
632.86,	2.2600
633.48,	2.2600
634.11,	2.2500
634.73,	2.2500
635.36,	2.2500
635.98,	2.2400
636.61,	2.2500
637.23,	2.2500
637.86,	2.2500
638.48,	2.2500
639.11,	2.2600
639.73,	2.2600
640.36,	2.2600
640.98,	2.2500
641.61,	2.2500
642.23,	2.2500
642.85,	2.2400
643.48,	2.2400
644.10,	2.2400
644.73,	2.2400
645.35,	2.2400
645.98,	2.2400
646.60,	2.2400
647.22,	2.2400
647.85,	2.2500
648.47,	2.2400
649.10,	2.2400
649.72,	2.2500
650.34,	2.2500
650.97,	2.2400
651.59,	2.2400
652.22,	2.2400
652.84,	2.2400
653.46,	2.2400
654.09,	2.2500
654.71,	2.2400
655.33,	2.2400
655.96,	2.2400
656.58,	2.2400
657.20,	2.2400
657.83,	2.2300
658.45,	2.2300
659.07,	2.2300
659.70,	2.2300
660.32,	2.2300
660.94,	2.2300
661.57,	2.2300
662.19,	2.2300
662.81,	2.2400
663.43,	2.2400
664.06,	2.2400
664.68,	2.2400
665.30,	2.2400
665.93,	2.2400
666.55,	2.2400
667.17,	2.2400
667.79,	2.2400
668.42,	2.2400
669.04,	2.2400
669.66,	2.2400
670.28,	2.2400
670.91,	2.2300
671.53,	2.2300
672.15,	2.2300
672.77,	2.2300
673.39,	2.2200
674.02,	2.2200
674.64,	2.2200
675.26,	2.2300
675.88,	2.2200
676.50,	2.2300
677.13,	2.2400
677.75,	2.2400
678.37,	2.2400
678.99,	2.2400
679.61,	2.2400
680.24,	2.2400
680.86,	2.2500
681.48,	2.2500
682.10,	2.2500
682.72,	2.2300
683.34,	2.2300
683.96,	2.2300
684.59,	2.2200
685.21,	2.2200
685.83,	2.2200
686.45,	2.2100
687.07,	2.2100
687.69,	2.2200
688.31,	2.2200
688.93,	2.2100
689.56,	2.2100
690.18,	2.2200
690.80,	2.2200
691.42,	2.2100
692.04,	2.2100
692.66,	2.2100
693.28,	2.2100
693.90,	2.2100
694.52,	2.2100
695.14,	2.2100
695.76,	2.2100
696.38,	2.2100
697.00,	2.2100
697.62,	2.2200
698.25,	2.2200
698.87,	2.2100
699.49,	2.2100
700.11,	2.2100
700.73,	2.2100
701.35,	2.2100
701.97,	2.2100
702.59,	2.2100
703.21,	2.2100
703.83,	2.2100
704.45,	2.2100
705.07,	2.2100
705.69,	2.2100
706.31,	2.2000
706.93,	2.2100
707.55,	2.2100
708.17,	2.2100
708.79,	2.2100
709.40,	2.2200
710.02,	2.2200
710.64,	2.2200
711.26,	2.2100
711.88,	2.2100
712.50,	2.2100
713.12,	2.2100
713.74,	2.2100
714.36,	2.2100
714.98,	2.2100
715.60,	2.2100
716.22,	2.2200
716.84,	2.2200
717.45,	2.2100
718.07,	2.2100
718.69,	2.2100
719.31,	2.2000
719.93,	2.2100
720.55,	2.2200
721.17,	2.2200
721.79,	2.2100
722.41,	2.2000
723.02,	2.2000
723.64,	2.2000
724.26,	2.2000
724.88,	2.2100
725.50,	2.2100
726.12,	2.2100
726.73,	2.2100
727.35,	2.2000
727.97,	2.2100
728.59,	2.2000
729.21,	2.2000
729.83,	2.2000
730.44,	2.2000
731.06,	2.2000
731.68,	2.2000
732.30,	2.2000
732.92,	2.2000
733.53,	2.2000
734.15,	2.2000
734.77,	2.2000
735.39,	2.2000
736.00,	2.2100
736.62,	2.2000
737.24,	2.2000
737.86,	2.2000
738.47,	2.2000
739.09,	2.2100
739.71,	2.2100
740.33,	2.2100
740.94,	2.2100
741.56,	2.2100
742.18,	2.2100
742.79,	2.2100
743.41,	2.2000
744.03,	2.2000
744.65,	2.2100
745.26,	2.2100
745.88,	2.2200
746.50,	2.2000
747.11,	2.2000
747.73,	2.2000
748.35,	2.2100
748.96,	2.2000
749.58,	2.1900
750.20,	2.2000
750.81,	2.1900
751.43,	2.1900
752.05,	2.1900
752.66,	2.1900
753.28,	2.1900
753.90,	2.1900
754.51,	2.1900
755.13,	2.1900
755.74,	2.1900
756.36,	2.1900
756.98,	2.1900
757.59,	2.1900
758.21,	2.1800
758.82,	2.1900
759.44,	2.2000
760.06,	2.1800
760.67,	2.1800
761.29,	2.1800
761.90,	2.1700
762.52,	2.1800
763.14,	2.1800
763.75,	2.1800
764.37,	2.1700
764.98,	2.1700
765.60,	2.1700
766.21,	2.1600
766.83,	2.1600
767.44,	2.1500
768.06,	2.1600
768.67,	2.1600
769.29,	2.1500
769.90,	2.1500
770.52,	2.1500
771.14,	2.1500
771.75,	2.1400
772.37,	2.1500
772.98,	2.1500
773.59,	2.1500
774.21,	2.1500
774.82,	2.1500
775.44,	2.1500
776.05,	2.1500
776.67,	2.1500
777.28,	2.1400
777.90,	2.1500
778.51,	2.1500
779.13,	2.1600
779.74,	2.1500
780.36,	2.1400
780.97,	2.1400
781.58,	2.1400
782.20,	2.1400
782.81,	2.1500
783.43,	2.1500
784.04,	2.1500
784.66,	2.1500
785.27,	2.1500
785.88,	2.1600
786.50,	2.1600
787.11,	2.1600
787.73,	2.1500
788.34,	2.1500
788.95,	2.1500
789.57,	2.1400
790.18,	2.1400
790.79,	2.1400
791.41,	2.1400
792.02,	2.1400
792.63,	2.1400
793.25,	2.1400
793.86,	2.1500
794.47,	2.1400
795.09,	2.1400
795.70,	2.1300
796.31,	2.1400
796.93,	2.1400
797.54,	2.1400
798.15,	2.1400
798.77,	2.1500
799.38,	2.1400
799.99,	2.1500
800.61,	2.1400
801.22,	2.1500
801.83,	2.1500
802.44,	2.1400
803.06,	2.1500
803.67,	2.1500
804.28,	2.1500
804.90,	2.1500
805.51,	2.1400
806.12,	2.1500
806.73,	2.1500
807.34,	2.1500
807.96,	2.1500
808.57,	2.1500
809.18,	2.1400
809.79,	2.1400
810.41,	2.1400
811.02,	2.1400
811.63,	2.1400
812.24,	2.1300
812.85,	2.1300
813.47,	2.1400
814.08,	2.1400
814.69,	2.1400
815.30,	2.1400
815.91,	2.1400
816.53,	2.1400
817.14,	2.1400
817.75,	2.1400
818.36,	2.1400
818.97,	2.1400
819.58,	2.1400
820.20,	2.1400
820.81,	2.1400
821.42,	2.1400
822.03,	2.1500
822.64,	2.1400
823.25,	2.1400
823.86,	2.1300
824.47,	2.1300
825.09,	2.1300
825.70,	2.1300
826.31,	2.1300
826.92,	2.1400
827.53,	2.1300
828.14,	2.1300
828.75,	2.1400
829.36,	2.1300
829.97,	2.1300
830.58,	2.1300
831.19,	2.1300
831.80,	2.1300
832.42,	2.1400
833.03,	2.1400
833.64,	2.1300
834.25,	2.1300
834.86,	2.1400
835.47,	2.1400
836.08,	2.1400
836.69,	2.1400
837.30,	2.1500
837.91,	2.1500
838.52,	2.1600
839.13,	2.1600
839.74,	2.1700
840.35,	2.1700
840.96,	2.1700
841.57,	2.1800
842.18,	2.1800
842.79,	2.1700
843.40,	2.1800
844.01,	2.1900
844.62,	2.1900
845.23,	2.1900
845.84,	2.1900
846.45,	2.1900
847.06,	2.2000
847.67,	2.2000
848.27,	2.2000
848.88,	2.2100
849.49,	2.2100
850.10,	2.2100
850.71,	2.2100
851.32,	2.2200
851.93,	2.2200
852.54,	2.2200
853.15,	2.2200
853.76,	2.2200
854.37,	2.2200
854.98,	2.2200
855.58,	2.2200
856.19,	2.2200
856.80,	2.2100
857.41,	2.2100
858.02,	2.2100
858.63,	2.2100
859.24,	2.2100
859.85,	2.2100
860.45,	2.2100
861.06,	2.2100
861.67,	2.2200
862.28,	2.2100
862.89,	2.2200
863.50,	2.2200
864.10,	2.2200
864.71,	2.2200
865.32,	2.2100
865.93,	2.2100
866.54,	2.2200
867.14,	2.2200
867.75,	2.2200
868.36,	2.2200
868.97,	2.2200
869.58,	2.2200
870.18,	2.2200
870.79,	2.2200
871.40,	2.2200
872.01,	2.2300
872.61,	2.2300
873.22,	2.2300
873.83,	2.2200
874.44,	2.2200
875.04,	2.2300
875.65,	2.2300
876.26,	2.2300
876.87,	2.2200
877.47,	2.2200
878.08,	2.2200
878.69,	2.2200
879.29,	2.2200
879.90,	2.2300
880.51,	2.2300
881.12,	2.2200
881.72,	2.2200
882.33,	2.2200
882.94,	2.2200
883.54,	2.2200
884.15,	2.2200
884.76,	2.2200
885.36,	2.2200
885.97,	2.2100
886.58,	2.2100
887.18,	2.2100
887.79,	2.2100
888.40,	2.2100
889.00,	2.2100
889.61,	2.2000
890.22,	2.2100
890.82,	2.2100
891.43,	2.2100
892.03,	2.2200
892.64,	2.2200
893.25,	2.2100
893.85,	2.2100
894.46,	2.2100
895.06,	2.2100
895.67,	2.2100
896.28,	2.2100
896.88,	2.2100
897.49,	2.2100
898.09,	2.2100
898.70,	2.2100
899.30,	2.2100
899.91,	2.2100
900.52,	2.2100
901.12,	2.2100
901.73,	2.2100
902.33,	2.2100
902.94,	2.2100
903.54,	2.2000
904.15,	2.2100
904.75,	2.2100
905.36,	2.2100
905.96,	2.2100
906.57,	2.2100
907.17,	2.2200
907.78,	2.2100
908.38,	2.2100
908.99,	2.2200
909.59,	2.2200
910.20,	2.2200
910.80,	2.2200
911.41,	2.2300
912.01,	2.2300
912.62,	2.2300
913.22,	2.2300
913.83,	2.2300
914.43,	2.2300
915.03,	2.2300
915.64,	2.2300
916.24,	2.2300
916.85,	2.2300
917.45,	2.2200
918.06,	2.2200
918.66,	2.2300
919.26,	2.2300
919.87,	2.2300
920.47,	2.2200
921.08,	2.2200
921.68,	2.2200
922.28,	2.2200
922.89,	2.2200
923.49,	2.2200
924.10,	2.2200
924.70,	2.2100
925.30,	2.2200
925.91,	2.2200
926.51,	2.2300
927.11,	2.2300
927.72,	2.2300
928.32,	2.2200
928.92,	2.2200
929.53,	2.2100
930.13,	2.2200
930.74,	2.2200
931.34,	2.2200
931.94,	2.2200
932.54,	2.2200
933.15,	2.2200
933.75,	2.2200
934.35,	2.2200
934.96,	2.2200
935.56,	2.2200
936.16,	2.2100
936.77,	2.2200
937.37,	2.2200
937.97,	2.2200
938.57,	2.2200
939.18,	2.2200
939.78,	2.2100
940.38,	2.2100
940.98,	2.2100
941.59,	2.2100
942.19,	2.2100
942.79,	2.2100
943.39,	2.1900
944.00,	2.2000
944.60,	2.2100
945.20,	2.3500
945.80,	6.5500
946.40,	16.8200
947.01,	21.9500
947.61,	25.0300
948.21,	27.4900
948.81,	29.5400
949.41,	31.2700
950.02,	32.6600
950.62,	33.5500
951.22,	34.0500
951.82,	34.5500
952.42,	35.0500
953.02,	35.5000
953.63,	35.5000
954.23,	35.5000
954.83,	35.5000
955.43,	35.5000
956.03,	35.5000
956.63,	35.5000
957.24,	35.5000
957.84,	35.5000
958.44,	35.5000
959.04,	35.5000
959.64,	35.5000
960.24,	35.5000
960.84,	35.5000
961.44,	35.5000
962.04,	35.5000
962.64,	35.5000
963.25,	35.5000
963.85,	35.5000
964.45,	35.5000
965.05,	35.5000
965.65,	35.5000
966.25,	35.5000
966.85,	35.5000
967.45,	-2.5200
968.05,	-2.5200
968.65,	-2.5200
969.25,	-2.5200
969.85,	-2.5200
970.45,	-2.5200
971.05,	-2.5200
971.65,	-2.5200
972.25,	-2.5200
972.85,	-2.5200
973.45,	-2.5200
974.05,	-2.5200
974.65,	-2.5200
975.25,	-2.5200
975.85,	-2.5200
976.45,	-2.5200
977.05,	-2.5200
977.65,	-2.5200
978.25,	-2.5200
978.85,	-2.5200
979.45,	-2.5200
980.05,	-2.5200
980.65,	-2.5200
981.25,	-2.5200
981.85,	-2.5200
982.45,	-2.5200
983.05,	-2.5200
983.65,	-2.5200
984.25,	-2.5200
984.85,	-2.5200
985.45,	-2.5200
986.04,	-2.5200
986.64,	-2.5200
987.24,	-2.5200
987.84,	-2.5200
988.44,	-2.5200
989.04,	-2.5200
989.64,	-2.5200
990.24,	-2.5200
990.84,	-2.5200
991.44,	-2.5200
992.03,	-2.5200
992.63,	-2.5200
993.23,	-2.5200
993.83,	-2.5200
994.43,	-2.5200
995.03,	-2.5200
995.63,	-2.5200
996.22,	-2.5200
996.82,	-2.5200
997.42,	-2.5200
998.02,	-2.5200
998.62,	-2.5200
999.21,	-2.5200
999.81,	-2.5200
1000.41,	-2.5200
