Call Sign = ZSDA,	Ship Name = SA Agulhas,	Lloyds Num = 0
Date = 12/06/2016,	Time = 03:05,	
Latitude = 52 04.89  S,	Longitude = 000 00.00  E
Instr = Sippican Deep Blue,	Card Type = Sippican MK-21,	
Wind Instr = ,	Measur Method = 
Probe Serial Num = -1,	Ship Dir = -1,	Ship Speed = -1.00
Wind Dir = 331,	Wind Speed = 26.20
Dry Bulb Temp = -0.20,	Total Water Depth = -1.00

Full Resolution Values
Depth,	 Temp
0.67,	1.5100
1.34,	1.1200
2.01,	1.0200
2.68,	0.9600
3.34,	0.9600
4.01,	0.9600
4.68,	0.9900
5.35,	1.0000
6.02,	1.0200
6.69,	1.0300
7.36,	1.0100
8.03,	1.0000
8.69,	0.9800
9.36,	0.9800
10.03,	0.9400
10.70,	0.8600
11.37,	0.7700
12.04,	0.7500
12.70,	0.8000
13.37,	0.8200
14.04,	0.8300
14.71,	0.8500
15.38,	0.8600
16.05,	0.8700
16.71,	0.8800
17.38,	0.8800
18.05,	0.8800
18.72,	0.8900
19.38,	0.8900
20.05,	0.9000
20.72,	0.9000
21.39,	0.9000
22.06,	0.9000
22.72,	0.8900
23.39,	0.8900
24.06,	0.9000
24.73,	0.9000
25.39,	0.9000
26.06,	0.9000
26.73,	0.8900
27.40,	0.8900
28.06,	0.8700
28.73,	0.8500
29.40,	0.8500
30.06,	0.8400
30.73,	0.8400
31.40,	0.8500
32.06,	0.8500
32.73,	0.8600
33.40,	0.8500
34.07,	0.8400
34.73,	0.8200
35.40,	0.8100
36.07,	0.8000
36.73,	0.7900
37.40,	0.7800
38.07,	0.7800
38.73,	0.7900
39.40,	0.8000
40.06,	0.8100
40.73,	0.8300
41.40,	0.8400
42.06,	0.8500
42.73,	0.8600
43.40,	0.8700
44.06,	0.8800
44.73,	0.8900
45.39,	0.8900
46.06,	0.9000
46.73,	0.9000
47.39,	0.9100
48.06,	0.9000
48.72,	0.8700
49.39,	0.8500
50.06,	0.8400
50.72,	0.8500
51.39,	0.8700
52.05,	0.8600
52.72,	0.8700
53.38,	0.8600
54.05,	0.8600
54.71,	0.8500
55.38,	0.8500
56.05,	0.8400
56.71,	0.8300
57.38,	0.8300
58.04,	0.8200
58.71,	0.8200
59.37,	0.8200
60.04,	0.8200
60.70,	0.8200
61.37,	0.8100
62.03,	0.8100
62.70,	0.8100
63.36,	0.8100
64.03,	0.8100
64.69,	0.8100
65.36,	0.8000
66.02,	0.7900
66.69,	0.7900
67.35,	0.7800
68.01,	0.7800
68.68,	0.7800
69.34,	0.7700
70.01,	0.7500
70.67,	0.7500
71.34,	0.7500
72.00,	0.7500
72.66,	0.7400
73.33,	0.7400
73.99,	0.7400
74.66,	0.7400
75.32,	0.7400
75.98,	0.7400
76.65,	0.7400
77.31,	0.7400
77.98,	0.7300
78.64,	0.7400
79.30,	0.7400
79.97,	0.7300
80.63,	0.7300
81.30,	0.7300
81.96,	0.7300
82.62,	0.7200
83.29,	0.7300
83.95,	0.7300
84.61,	0.7300
85.28,	0.7300
85.94,	0.7300
86.60,	0.7300
87.27,	0.7300
87.93,	0.7200
88.59,	0.7200
89.26,	0.7200
89.92,	0.7200
90.58,	0.7200
91.24,	0.7200
91.91,	0.7200
92.57,	0.7200
93.23,	0.7200
93.90,	0.7100
94.56,	0.7100
95.22,	0.7000
95.88,	0.6900
96.55,	0.6900
97.21,	0.6800
97.87,	0.6700
98.53,	0.6800
99.20,	0.6800
99.86,	0.6700
100.52,	0.6700
101.18,	0.6700
101.85,	0.6700
102.51,	0.6700
103.17,	0.6700
103.83,	0.6700
104.49,	0.6700
105.16,	0.6700
105.82,	0.6600
106.48,	0.6500
107.14,	0.6500
107.80,	0.6500
108.47,	0.6400
109.13,	0.6400
109.79,	0.6400
110.45,	0.6300
111.11,	0.6200
111.77,	0.6200
112.44,	0.6100
113.10,	0.6000
113.76,	0.6000
114.42,	0.5900
115.08,	0.5700
115.74,	0.5700
116.40,	0.5600
117.06,	0.5500
117.73,	0.5400
118.39,	0.5400
119.05,	0.5300
119.71,	0.5300
120.37,	0.5200
121.03,	0.5100
121.69,	0.4800
122.35,	0.4600
123.01,	0.4600
123.67,	0.4500
124.33,	0.4600
125.00,	0.4500
125.66,	0.4500
126.32,	0.4500
126.98,	0.4500
127.64,	0.4300
128.30,	0.4000
128.96,	0.3800
129.62,	0.3700
130.28,	0.3500
130.94,	0.3400
131.60,	0.3300
132.26,	0.3200
132.92,	0.3200
133.58,	0.3100
134.24,	0.3000
134.90,	0.2900
135.56,	0.2800
136.22,	0.2800
136.88,	0.2800
137.54,	0.2800
138.20,	0.2800
138.86,	0.2800
139.52,	0.2800
140.18,	0.2800
140.84,	0.2800
141.50,	0.2800
142.16,	0.2800
142.82,	0.2800
143.48,	0.2800
144.14,	0.2800
144.79,	0.2800
145.45,	0.2800
146.11,	0.2800
146.77,	0.3000
147.43,	0.4100
148.09,	0.5900
148.75,	0.7800
149.41,	0.9300
150.07,	1.0800
150.73,	1.2000
151.39,	1.2500
152.04,	1.2600
152.70,	1.2500
153.36,	1.2000
154.02,	1.1600
154.68,	1.1400
155.34,	1.1400
156.00,	1.1400
156.65,	1.1400
157.31,	1.1500
157.97,	1.1800
158.63,	1.1900
159.29,	1.2000
159.95,	1.2100
160.60,	1.2200
161.26,	1.2200
161.92,	1.2200
162.58,	1.2100
163.24,	1.1900
163.90,	1.1700
164.55,	1.1500
165.21,	1.1400
165.87,	1.1200
166.53,	1.1100
167.18,	1.1400
167.84,	1.1900
168.50,	1.2300
169.16,	1.2600
169.82,	1.2800
170.47,	1.3000
171.13,	1.3100
171.79,	1.3100
172.44,	1.3100
173.10,	1.3200
173.76,	1.3300
174.42,	1.3300
175.07,	1.3400
175.73,	1.3500
176.39,	1.3900
177.05,	1.4300
177.70,	1.4600
178.36,	1.4700
179.02,	1.4700
179.67,	1.4700
180.33,	1.4700
180.99,	1.4900
181.64,	1.5000
182.30,	1.5000
182.96,	1.4900
183.61,	1.4900
184.27,	1.4900
184.93,	1.4900
185.58,	1.5000
186.24,	1.5000
186.90,	1.5200
187.55,	1.5400
188.21,	1.5500
188.87,	1.5800
189.52,	1.5800
190.18,	1.5800
190.83,	1.5800
191.49,	1.5900
192.15,	1.6000
192.80,	1.6100
193.46,	1.6200
194.11,	1.6500
194.77,	1.6700
195.43,	1.7400
196.08,	1.8400
196.74,	2.0100
197.39,	2.2400
198.05,	2.5100
198.70,	2.6300
199.36,	2.7300
200.02,	2.7800
200.67,	2.7700
201.33,	2.7100
201.98,	2.6500
202.64,	2.5500
203.29,	2.4500
203.95,	2.3700
204.60,	2.3300
205.26,	2.3000
205.91,	2.2600
206.57,	2.2300
207.22,	2.2000
207.88,	2.1700
208.53,	2.1700
209.19,	2.1500
209.84,	2.1100
210.50,	2.1100
211.15,	2.1100
211.81,	2.1000
212.46,	2.0900
213.12,	2.0700
213.77,	2.0700
214.43,	2.0700
215.08,	2.0700
215.74,	2.0600
216.39,	2.0600
217.04,	2.0500
217.70,	2.0600
218.35,	2.0500
219.01,	2.0400
219.66,	2.0400
220.32,	2.0600
220.97,	2.0800
221.62,	2.0900
222.28,	2.0800
222.93,	2.0700
223.59,	2.0700
224.24,	2.0700
224.89,	2.0800
225.55,	2.0700
226.20,	2.0600
226.85,	2.0600
227.51,	2.0700
228.16,	2.0800
228.81,	2.0800
229.47,	2.0900
230.12,	2.1000
230.78,	2.1100
231.43,	2.1300
232.08,	2.1400
232.74,	2.1400
233.39,	2.1900
234.04,	2.3000
234.69,	2.4300
235.35,	2.5600
236.00,	2.7200
236.65,	2.8800
237.31,	3.0100
237.96,	3.0800
238.61,	3.1300
239.27,	3.1800
239.92,	3.2400
240.57,	3.3200
241.22,	3.3800
241.88,	3.4200
242.53,	3.4600
243.18,	3.5300
243.83,	3.6800
244.49,	3.8300
245.14,	3.9300
245.79,	3.9900
246.44,	4.0400
247.10,	4.0600
247.75,	4.0600
248.40,	4.0300
249.05,	3.9800
249.70,	3.9100
250.36,	3.8400
251.01,	3.7800
251.66,	3.7100
252.31,	3.6400
252.96,	3.5800
253.62,	3.5500
254.27,	3.5000
254.92,	3.4500
255.57,	3.4000
256.22,	3.3600
256.88,	3.3200
257.53,	3.3000
258.18,	3.2900
258.83,	3.2700
259.48,	3.2400
260.13,	3.2200
260.78,	3.2100
261.44,	3.2000
262.09,	3.1900
262.74,	3.1800
263.39,	3.1700
264.04,	3.1700
264.69,	3.1600
265.34,	3.1500
265.99,	3.1400
266.64,	3.1400
267.29,	3.1400
267.95,	3.1300
268.60,	3.1100
269.25,	3.0800
269.90,	3.0700
270.55,	3.0600
271.20,	3.0700
271.85,	3.0800
272.50,	3.0700
273.15,	3.0600
273.80,	3.0600
274.45,	3.0800
275.10,	3.1100
275.75,	3.1200
276.40,	3.1100
277.05,	3.1000
277.70,	3.1000
278.35,	3.1000
279.00,	3.1100
279.65,	3.1100
280.30,	3.1100
280.95,	3.1400
281.60,	3.3600
282.25,	3.6600
282.90,	3.9800
283.55,	4.3000
284.20,	4.4800
284.85,	4.5900
285.50,	4.6900
286.15,	4.7100
286.80,	4.6700
287.45,	4.6100
288.10,	4.5400
288.75,	4.4600
289.40,	4.3900
290.05,	4.3000
290.70,	4.2300
291.35,	4.1500
292.00,	4.0700
292.64,	3.9900
293.29,	3.9200
293.94,	3.8600
294.59,	3.8200
295.24,	3.7600
295.89,	3.7200
296.54,	3.7000
297.19,	3.6700
297.84,	3.6400
298.49,	3.6200
299.13,	3.6200
299.78,	3.6100
300.43,	3.6100
301.08,	3.6000
301.73,	3.5800
302.38,	3.5500
303.02,	3.5300
303.67,	3.5200
304.32,	3.4900
304.97,	3.4700
305.62,	3.4600
306.27,	3.4400
306.91,	3.4100
307.56,	3.3900
308.21,	3.4000
308.86,	3.4200
309.51,	3.4200
310.15,	3.4200
310.80,	3.4200
311.45,	3.4200
312.10,	3.4000
312.75,	3.3800
313.39,	3.3600
314.04,	3.3400
314.69,	3.3200
315.34,	3.3100
315.98,	3.2900
316.63,	3.2900
317.28,	3.2900
317.93,	3.2700
318.57,	3.2500
319.22,	3.2400
319.87,	3.2300
320.52,	3.2400
321.16,	3.2400
321.81,	3.2300
322.46,	3.2200
323.10,	3.2100
323.75,	3.2000
324.40,	3.2100
325.04,	3.2100
325.69,	3.2100
326.34,	3.2200
326.99,	3.2300
327.63,	3.2300
328.28,	3.2300
328.93,	3.2200
329.57,	3.2000
330.22,	3.1900
330.86,	3.1900
331.51,	3.2200
332.16,	3.2500
332.80,	3.2500
333.45,	3.2300
334.10,	3.2100
334.74,	3.1900
335.39,	3.1700
336.03,	3.1600
336.68,	3.1700
337.33,	3.1700
337.97,	3.1500
338.62,	3.1400
339.26,	3.1400
339.91,	3.1300
340.56,	3.1200
341.20,	3.1200
341.85,	3.1000
342.49,	3.1000
343.14,	3.1000
343.78,	3.0800
344.43,	3.0700
345.08,	3.0600
345.72,	3.0300
346.37,	3.0100
347.01,	3.0000
347.66,	2.9900
348.30,	2.9800
348.95,	2.9700
349.59,	2.9700
350.24,	2.9700
350.88,	2.9600
351.53,	2.9600
352.17,	2.9500
352.82,	2.9400
353.46,	2.9400
354.11,	2.9300
354.75,	2.9300
355.40,	2.9500
356.04,	2.9500
356.69,	2.9400
357.33,	2.9500
357.98,	2.9500
358.62,	2.9500
359.27,	2.9400
359.91,	2.9300
360.55,	2.9300
361.20,	2.9400
361.84,	2.9400
362.49,	2.9400
363.13,	2.9400
363.78,	2.9400
364.42,	2.9300
365.06,	2.9400
365.71,	2.9500
366.35,	2.9700
367.00,	2.9800
367.64,	2.9900
368.28,	3.0100
368.93,	3.0400
369.57,	3.0400
370.22,	3.0400
370.86,	3.0400
371.50,	3.0400
372.15,	3.0500
372.79,	3.0500
373.43,	3.0400
374.08,	3.0300
374.72,	3.0100
375.36,	3.0200
376.01,	3.0400
376.65,	3.0800
377.29,	3.1800
377.94,	3.4000
378.58,	3.5900
379.22,	3.7500
379.87,	3.9500
380.51,	4.1500
381.15,	4.3000
381.79,	4.4000
382.44,	4.4500
383.08,	4.4500
383.72,	4.3900
384.37,	4.3200
385.01,	4.2400
385.65,	4.1800
386.29,	4.1200
386.94,	4.0500
387.58,	4.0100
388.22,	3.9500
388.86,	3.8900
389.51,	3.8300
390.15,	3.7600
390.79,	3.7000
391.43,	3.6500
392.08,	3.6000
392.72,	3.5500
393.36,	3.5000
394.00,	3.4600
394.64,	3.4200
395.29,	3.4000
395.93,	3.3700
396.57,	3.3400
397.21,	3.3100
397.85,	3.2900
398.50,	3.2600
399.14,	3.2400
399.78,	3.2200
400.42,	3.2000
401.06,	3.1900
401.70,	3.1800
402.34,	3.1700
402.99,	3.1500
403.63,	3.1400
404.27,	3.1200
404.91,	3.1100
405.55,	3.1000
406.19,	3.1000
406.83,	3.1000
407.48,	3.1000
408.12,	3.1000
408.76,	3.0900
409.40,	3.0800
410.04,	3.0700
410.68,	3.0800
411.32,	3.0900
411.96,	3.1000
412.60,	3.0800
413.24,	3.0700
413.88,	3.0600
414.52,	3.0400
415.17,	3.0200
415.81,	3.0100
416.45,	3.0000
417.09,	2.9900
417.73,	2.9900
418.37,	2.9800
419.01,	2.9800
419.65,	2.9900
420.29,	2.9900
420.93,	2.9800
421.57,	2.9700
422.21,	2.9700
422.85,	2.9700
423.49,	2.9700
424.13,	2.9900
424.77,	3.0000
425.41,	3.0000
426.05,	3.0000
426.69,	3.0100
427.33,	3.0200
427.97,	3.0200
428.61,	3.0300
429.25,	3.0300
429.89,	3.0300
430.53,	3.0300
431.17,	3.0200
431.80,	3.0200
432.44,	3.0300
433.08,	3.0400
433.72,	3.0400
434.36,	3.0400
435.00,	3.0400
435.64,	3.0300
436.28,	3.0200
436.92,	3.0100
437.56,	2.9900
438.20,	2.9900
438.84,	2.9700
439.47,	2.9500
440.11,	2.9400
440.75,	2.9200
441.39,	2.9100
442.03,	2.9100
442.67,	2.9100
443.31,	2.9000
443.95,	2.8900
444.58,	2.8800
445.22,	2.8700
445.86,	2.8600
446.50,	2.8500
447.14,	2.8500
447.78,	2.8600
448.41,	2.8600
449.05,	2.8600
449.69,	2.8500
450.33,	2.8400
450.97,	2.8400
451.60,	2.8300
452.24,	2.8400
452.88,	2.8400
453.52,	2.8200
454.16,	2.8200
454.79,	2.8100
455.43,	2.8100
456.07,	2.8100
456.71,	2.8200
457.35,	2.8200
457.98,	2.8300
458.62,	2.8600
459.26,	2.8500
459.90,	2.8300
460.53,	2.8100
461.17,	2.8100
461.81,	2.8000
462.44,	2.7900
463.08,	2.7900
463.72,	2.7900
464.36,	2.7800
464.99,	2.7800
465.63,	2.7800
466.27,	2.7800
466.90,	2.7900
467.54,	2.7900
468.18,	2.7900
468.81,	2.7900
469.45,	2.7800
470.09,	2.7600
470.72,	2.7600
471.36,	2.7600
472.00,	2.7600
472.63,	2.7600
473.27,	2.7600
473.91,	2.7500
474.54,	2.7500
475.18,	2.7500
475.82,	2.7400
476.45,	2.7400
477.09,	2.7500
477.73,	2.7600
478.36,	2.7700
479.00,	2.7700
479.63,	2.7700
480.27,	2.7800
480.91,	2.8000
481.54,	2.8000
482.18,	2.8100
482.81,	2.8300
483.45,	2.8400
484.08,	2.8400
484.72,	2.8400
485.36,	2.8400
485.99,	2.8700
486.63,	2.9000
487.26,	2.9100
487.90,	2.9200
488.53,	2.9300
489.17,	2.9400
489.80,	2.9300
490.44,	2.9200
491.07,	2.9100
491.71,	2.9000
492.34,	2.8800
492.98,	2.8600
493.62,	2.8300
494.25,	2.8100
494.89,	2.8000
495.52,	2.7900
496.15,	2.7800
496.79,	2.7600
497.42,	2.7600
498.06,	2.7500
498.69,	2.7400
499.33,	2.7300
499.96,	2.7200
500.60,	2.7100
501.23,	2.7100
501.87,	2.7000
502.50,	2.6900
503.14,	2.6700
503.77,	2.6700
504.40,	2.6600
505.04,	2.6600
505.67,	2.6600
506.31,	2.6600
506.94,	2.6500
507.57,	2.6500
508.21,	2.6500
508.84,	2.6400
509.48,	2.6300
510.11,	2.6200
510.74,	2.6200
511.38,	2.6300
512.01,	2.6300
512.65,	2.6400
513.28,	2.6300
513.91,	2.6300
514.55,	2.6200
515.18,	2.6200
515.81,	2.6200
516.45,	2.6200
517.08,	2.6200
517.71,	2.6200
518.35,	2.6100
518.98,	2.6200
519.61,	2.6200
520.25,	2.6300
520.88,	2.6200
521.51,	2.6200
522.15,	2.6200
522.78,	2.6300
523.41,	2.6300
524.04,	2.6300
524.68,	2.6300
525.31,	2.6400
525.94,	2.6500
526.58,	2.6600
527.21,	2.6800
527.84,	2.6900
528.47,	2.7100
529.11,	2.7300
529.74,	2.7400
530.37,	2.7400
531.00,	2.7600
531.64,	2.7700
532.27,	2.7800
532.90,	2.7800
533.53,	2.7700
534.17,	2.7700
534.80,	2.7700
535.43,	2.7800
536.06,	2.7700
536.69,	2.7600
537.33,	2.7400
537.96,	2.7200
538.59,	2.7100
539.22,	2.7000
539.85,	2.6600
540.48,	2.6300
541.12,	2.6100
541.75,	2.5900
542.38,	2.5800
543.01,	2.5700
543.64,	2.5600
544.27,	2.5500
544.91,	2.5400
545.54,	2.5400
546.17,	2.5300
546.80,	2.5300
547.43,	2.5300
548.06,	2.5300
548.69,	2.5300
549.32,	2.5300
549.95,	2.5300
550.59,	2.5300
551.22,	2.5300
551.85,	2.5400
552.48,	2.5400
553.11,	2.5400
553.74,	2.5300
554.37,	2.5200
555.00,	2.5200
555.63,	2.5200
556.26,	2.5100
556.89,	2.5100
557.52,	2.5100
558.15,	2.5100
558.78,	2.5000
559.42,	2.5100
560.05,	2.5100
560.68,	2.5100
561.31,	2.5000
561.94,	2.4900
562.57,	2.4800
563.20,	2.4800
563.83,	2.4800
564.46,	2.4800
565.09,	2.4800
565.72,	2.4800
566.35,	2.4700
566.98,	2.4700
567.61,	2.4700
568.24,	2.4700
568.87,	2.4700
569.50,	2.4600
570.12,	2.4600
570.75,	2.4600
571.38,	2.4700
572.01,	2.4600
572.64,	2.4500
573.27,	2.4400
573.90,	2.4500
574.53,	2.4600
575.16,	2.4600
575.79,	2.4600
576.42,	2.4800
577.05,	2.4800
577.68,	2.4900
578.31,	2.5000
578.93,	2.5100
579.56,	2.5200
580.19,	2.5300
580.82,	2.5300
581.45,	2.5300
582.08,	2.5400
582.71,	2.5400
583.34,	2.5400
583.97,	2.5600
584.59,	2.5700
585.22,	2.5700
585.85,	2.5700
586.48,	2.5700
587.11,	2.5700
587.74,	2.5700
588.36,	2.5700
588.99,	2.5500
589.62,	2.5400
590.25,	2.5400
590.88,	2.5300
591.50,	2.5200
592.13,	2.5200
592.76,	2.5300
593.39,	2.5400
594.02,	2.5300
594.64,	2.5200
595.27,	2.5100
595.90,	2.5100
596.53,	2.5000
597.16,	2.4900
597.78,	2.4900
598.41,	2.4900
599.04,	2.4900
599.67,	2.4900
600.29,	2.4900
600.92,	2.4800
601.55,	2.4800
602.18,	2.4800
602.80,	2.4800
603.43,	2.4800
604.06,	2.4800
604.68,	2.4800
605.31,	2.4900
605.94,	2.4900
606.57,	2.4900
607.19,	2.4800
607.82,	2.4900
608.45,	2.4900
609.07,	2.4900
609.70,	2.4900
610.33,	2.4900
610.95,	2.4800
611.58,	2.4800
612.21,	2.4900
612.83,	2.4900
613.46,	2.4900
614.09,	2.4800
614.71,	2.4800
615.34,	2.4900
615.97,	2.4700
616.59,	2.4600
617.22,	2.4500
617.84,	2.4400
618.47,	2.4400
619.10,	2.4500
619.72,	2.4500
620.35,	2.4500
620.97,	2.4500
621.60,	2.4500
622.23,	2.4500
622.85,	2.4500
623.48,	2.4400
624.10,	2.4300
624.73,	2.4200
625.35,	2.4200
625.98,	2.4300
626.61,	2.4300
627.23,	2.4200
627.86,	2.4100
628.48,	2.4100
629.11,	2.4200
629.73,	2.4200
630.36,	2.4200
630.98,	2.4200
631.61,	2.4100
632.23,	2.4100
632.86,	2.4100
633.48,	2.4100
634.11,	2.4000
634.73,	2.4000
635.36,	2.3900
635.98,	2.3800
636.61,	2.3800
637.23,	2.3800
637.86,	2.3800
638.48,	2.3900
639.11,	2.3800
639.73,	2.3800
640.36,	2.3800
640.98,	2.3800
641.61,	2.3700
642.23,	2.3700
642.85,	2.3700
643.48,	2.3700
644.10,	2.3600
644.73,	2.3600
645.35,	2.3600
645.98,	2.3700
646.60,	2.3600
647.22,	2.3600
647.85,	2.3500
648.47,	2.3500
649.10,	2.3400
649.72,	2.3500
650.34,	2.3600
650.97,	2.3600
651.59,	2.3600
652.22,	2.3600
652.84,	2.3500
653.46,	2.3400
654.09,	2.3400
654.71,	2.3400
655.33,	2.3400
655.96,	2.3400
656.58,	2.3400
657.20,	2.3500
657.83,	2.3600
658.45,	2.3500
659.07,	2.3500
659.70,	2.3600
660.32,	2.3800
660.94,	2.3800
661.57,	2.3700
662.19,	2.3600
662.81,	2.3800
663.43,	2.4100
664.06,	2.4600
664.68,	2.4800
665.30,	2.4900
665.93,	2.4900
666.55,	2.4800
667.17,	2.4800
667.79,	2.4800
668.42,	2.4800
669.04,	2.4900
669.66,	2.4800
670.28,	2.4800
670.91,	2.4900
671.53,	2.4800
672.15,	2.4700
672.77,	2.4600
673.39,	2.4600
674.02,	2.4500
674.64,	2.4500
675.26,	2.4400
675.88,	2.4300
676.50,	2.4200
677.13,	2.4100
677.75,	2.4100
678.37,	2.4100
678.99,	2.4100
679.61,	2.4000
680.24,	2.4000
680.86,	2.4000
681.48,	2.4000
682.10,	2.4100
682.72,	2.4100
683.34,	2.4300
683.96,	2.4300
684.59,	2.4300
685.21,	2.4200
685.83,	2.4100
686.45,	2.4100
687.07,	2.4100
687.69,	2.4100
688.31,	2.4100
688.93,	2.4100
689.56,	2.4100
690.18,	2.4100
690.80,	2.4100
691.42,	2.4000
692.04,	2.4000
692.66,	2.4000
693.28,	2.4000
693.90,	2.4000
694.52,	2.4000
695.14,	2.4000
695.76,	2.4000
696.38,	2.3900
697.00,	2.3900
697.62,	2.4000
698.25,	2.3900
698.87,	2.3900
699.49,	2.3900
700.11,	2.3800
700.73,	2.3800
701.35,	2.3800
701.97,	2.3800
702.59,	2.3800
703.21,	2.3900
703.83,	2.3900
704.45,	2.3900
705.07,	2.3800
705.69,	2.3800
706.31,	2.3900
706.93,	2.3900
707.55,	2.3800
708.17,	2.3800
708.79,	2.3900
709.40,	2.4000
710.02,	2.4000
710.64,	2.4100
711.26,	2.4100
711.88,	2.4100
712.50,	2.4100
713.12,	2.4100
713.74,	2.4100
714.36,	2.3900
714.98,	2.3900
715.60,	2.4000
716.22,	2.4000
716.84,	2.4000
717.45,	2.4000
718.07,	2.3900
718.69,	2.3800
719.31,	2.3800
719.93,	2.3700
720.55,	2.3700
721.17,	2.3700
721.79,	2.3700
722.41,	2.3800
723.02,	2.3700
723.64,	2.3700
724.26,	2.3700
724.88,	2.3700
725.50,	2.3700
726.12,	2.3700
726.73,	2.3700
727.35,	2.3900
727.97,	2.3900
728.59,	2.4000
729.21,	2.4100
729.83,	2.4200
730.44,	2.4100
731.06,	2.4000
731.68,	2.3900
732.30,	2.3900
732.92,	2.3800
733.53,	2.3800
734.15,	2.3900
734.77,	2.3900
735.39,	2.3900
736.00,	2.3800
736.62,	2.3800
737.24,	2.3800
737.86,	2.3900
738.47,	2.3900
739.09,	2.3700
739.71,	2.3700
740.33,	2.3600
740.94,	2.3700
741.56,	2.3700
742.18,	2.3700
742.79,	2.3600
743.41,	2.3600
744.03,	2.3600
744.65,	2.3500
745.26,	2.3500
745.88,	2.3500
746.50,	2.3500
747.11,	2.3500
747.73,	2.3400
748.35,	2.3300
748.96,	2.3200
749.58,	2.3200
750.20,	2.3100
750.81,	2.3100
751.43,	2.3200
752.05,	2.3100
752.66,	2.3100
753.28,	2.3200
753.90,	2.3200
754.51,	2.3100
755.13,	2.3100
755.74,	2.3100
756.36,	2.3100
756.98,	2.3200
757.59,	2.3300
758.21,	2.3200
758.82,	2.3100
759.44,	2.3200
760.06,	2.3100
760.67,	2.3100
761.29,	2.3100
761.90,	2.3200
762.52,	2.3200
763.14,	2.3200
763.75,	2.3200
764.37,	2.3200
764.98,	2.3100
765.60,	2.3200
766.21,	2.3200
766.83,	2.3100
767.44,	2.3200
768.06,	2.3200
768.67,	2.3300
769.29,	2.3300
769.90,	2.3300
770.52,	2.3300
771.14,	2.3300
771.75,	2.3300
772.37,	2.3300
772.98,	2.3200
773.59,	2.3100
774.21,	2.3100
774.82,	2.3100
775.44,	2.3100
776.05,	2.3100
776.67,	2.3100
777.28,	2.3100
777.90,	2.3100
778.51,	2.3100
779.13,	2.3100
779.74,	2.3100
780.36,	2.3200
780.97,	2.3200
781.58,	2.3100
782.20,	2.3000
782.81,	2.2900
783.43,	2.2900
784.04,	2.2900
784.66,	2.2900
785.27,	2.2900
785.88,	2.2900
786.50,	2.2900
787.11,	2.2800
787.73,	2.2800
788.34,	2.2800
788.95,	2.2800
789.57,	2.2900
790.18,	2.2800
790.79,	2.2800
791.41,	2.2700
792.02,	2.2700
792.63,	2.2700
793.25,	2.2700
793.86,	2.2600
794.47,	2.2700
795.09,	2.2600
795.70,	2.2500
796.31,	2.2400
796.93,	2.2400
797.54,	2.2400
798.15,	2.2400
798.77,	2.2400
799.38,	2.2400
799.99,	2.2500
800.61,	2.2600
801.22,	2.2700
801.83,	2.2700
802.44,	2.2800
803.06,	2.2800
803.67,	2.2800
804.28,	2.2700
804.90,	2.2700
805.51,	2.2500
806.12,	2.2500
806.73,	2.2500
807.34,	2.2500
807.96,	2.2500
808.57,	2.2500
809.18,	2.2500
809.79,	2.2600
810.41,	2.2700
811.02,	2.2700
811.63,	2.2700
812.24,	2.2800
812.85,	2.2800
813.47,	2.2800
814.08,	2.2700
814.69,	2.2800
815.30,	2.2800
815.91,	2.2800
816.53,	2.2800
817.14,	2.2800
817.75,	2.2800
818.36,	2.2900
818.97,	2.2900
819.58,	2.2800
820.20,	2.2700
820.81,	2.2700
821.42,	2.2600
822.03,	2.2600
822.64,	2.2600
823.25,	2.2700
823.86,	2.2700
824.47,	2.2700
825.09,	2.2600
825.70,	2.2600
826.31,	2.2600
826.92,	2.2600
827.53,	2.2600
828.14,	2.2600
828.75,	2.2500
829.36,	2.2500
829.97,	2.2500
830.58,	2.2400
831.19,	2.2300
831.80,	2.2300
832.42,	2.2300
833.03,	2.2300
833.64,	2.2300
834.25,	2.2400
834.86,	2.2400
835.47,	2.2300
836.08,	2.2300
836.69,	2.2300
837.30,	2.2500
837.91,	2.2600
838.52,	2.2600
839.13,	2.2400
839.74,	2.2400
840.35,	2.2400
840.96,	2.2300
841.57,	2.2300
842.18,	2.2300
842.79,	2.2300
843.40,	2.2300
844.01,	2.2200
844.62,	2.2200
845.23,	2.2200
845.84,	2.2200
846.45,	2.2200
847.06,	2.2200
847.67,	2.2200
848.27,	2.2200
848.88,	2.2200
849.49,	2.2200
850.10,	2.2200
850.71,	2.2200
851.32,	2.2200
851.93,	2.2300
852.54,	2.2400
853.15,	2.2500
853.76,	2.2400
854.37,	2.2400
854.98,	2.2500
855.58,	2.2500
856.19,	2.2400
856.80,	2.2400
857.41,	2.2300
858.02,	2.2300
858.63,	2.2300
859.24,	2.2200
859.85,	2.2200
860.45,	2.2200
861.06,	2.2300
861.67,	2.2300
862.28,	2.2200
862.89,	2.2200
863.50,	2.2100
864.10,	2.2100
864.71,	2.2100
865.32,	2.2100
865.93,	2.2200
866.54,	2.2200
867.14,	2.2000
867.75,	2.2000
868.36,	2.2000
868.97,	2.2000
869.58,	2.2000
870.18,	2.2100
870.79,	2.2100
871.40,	2.2200
872.01,	2.2200
872.61,	2.2100
873.22,	2.2000
873.83,	2.1900
874.44,	2.2000
875.04,	2.2000
875.65,	2.2000
876.26,	2.1900
876.87,	2.1800
877.47,	2.1800
878.08,	2.1800
878.69,	2.1900
879.29,	2.1900
879.90,	2.1900
880.51,	2.1900
881.12,	2.1900
881.72,	2.1800
882.33,	2.1800
882.94,	2.1800
883.54,	2.1800
884.15,	2.1800
884.76,	2.1800
885.36,	2.1900
885.97,	2.1900
886.58,	2.1800
887.18,	2.1800
887.79,	2.1900
888.40,	2.1900
889.00,	2.1800
889.61,	2.1800
890.22,	2.1900
890.82,	2.2000
891.43,	2.2000
892.03,	2.1900
892.64,	2.2000
893.25,	2.2100
893.85,	2.2100
894.46,	2.2100
895.06,	2.2000
895.67,	2.1900
896.28,	2.1900
896.88,	2.2000
897.49,	2.2000
898.09,	2.1900
898.70,	2.1800
899.30,	2.1900
899.91,	2.1800
900.52,	2.1800
901.12,	2.1700
901.73,	2.1700
902.33,	2.1700
902.94,	2.1800
903.54,	2.1700
904.15,	2.1700
904.75,	2.1700
905.36,	2.1700
905.96,	2.1700
906.57,	2.1700
907.17,	2.1700
907.78,	2.1700
908.38,	2.1800
908.99,	2.1900
909.59,	2.1900
910.20,	2.1900
910.80,	2.1900
911.41,	2.1900
912.01,	2.1800
912.62,	2.1800
913.22,	2.1900
913.83,	2.1800
914.43,	2.1700
915.03,	2.1700
915.64,	2.1700
916.24,	2.1700
916.85,	2.1600
917.45,	2.1500
918.06,	2.1500
918.66,	2.1500
919.26,	2.1500
919.87,	2.1600
920.47,	2.1600
921.08,	2.1600
921.68,	2.1600
922.28,	2.1500
922.89,	2.1400
923.49,	2.1500
924.10,	2.1400
924.70,	2.1400
925.30,	2.1400
925.91,	2.1400
926.51,	2.1400
927.11,	2.1400
927.72,	2.1400
928.32,	2.1400
928.92,	2.1400
929.53,	2.1400
930.13,	2.1400
930.74,	2.1400
931.34,	2.1400
931.94,	2.1400
932.54,	2.1400
933.15,	2.1400
933.75,	2.1300
934.35,	2.1300
934.96,	2.1300
935.56,	2.1300
936.16,	2.1300
936.77,	2.1300
937.37,	2.1300
937.97,	2.1500
938.57,	4.2300
939.18,	14.4000
939.78,	23.1700
940.38,	28.4000
940.98,	32.2800
941.59,	35.2600
942.19,	35.5000
942.79,	35.5000
943.39,	35.5000
944.00,	35.5000
944.60,	35.5000
945.20,	35.5000
945.80,	35.5000
946.40,	35.5000
947.01,	35.5000
947.61,	35.5000
948.21,	35.5000
948.81,	35.5000
949.41,	35.5000
950.02,	35.5000
950.62,	35.5000
951.22,	35.5000
951.82,	35.5000
952.42,	35.5000
953.02,	35.5000
953.63,	35.5000
954.23,	35.5000
954.83,	35.5000
955.43,	35.5000
956.03,	35.5000
956.63,	35.5000
957.24,	35.5000
957.84,	35.5000
958.44,	35.5000
959.04,	35.5000
959.64,	35.5000
960.24,	35.5000
960.84,	35.5000
961.44,	35.5000
962.04,	35.5000
962.64,	35.5000
963.25,	35.5000
963.85,	35.5000
964.45,	35.5000
965.05,	35.5000
965.65,	35.5000
966.25,	35.5000
966.85,	35.5000
967.45,	35.5000
968.05,	35.5000
968.65,	35.5000
969.25,	35.5000
969.85,	35.5000
970.45,	35.5000
971.05,	35.5000
971.65,	35.5000
972.25,	35.5000
972.85,	35.5000
973.45,	35.5000
974.05,	35.5000
974.65,	35.5000
975.25,	35.5000
975.85,	35.5000
976.45,	35.5000
977.05,	35.5000
977.65,	35.5000
978.25,	35.5000
978.85,	35.5000
979.45,	35.5000
980.05,	35.5000
980.65,	35.5000
981.25,	35.5000
981.85,	35.5000
982.45,	35.5000
983.05,	35.5000
983.65,	35.5000
984.25,	35.5000
984.85,	35.5000
985.45,	35.5000
986.04,	35.5000
986.64,	35.5000
987.24,	29.7900
987.84,	-2.5200
988.44,	-2.5200
989.04,	-2.5200
989.64,	-2.5200
990.24,	-2.5200
990.84,	-2.5200
991.44,	-2.5200
992.03,	-2.5200
992.63,	-2.5200
993.23,	-2.5200
993.83,	-2.5200
994.43,	-2.5200
995.03,	-2.5200
995.63,	-2.5200
996.22,	-2.5200
996.82,	-2.5200
997.42,	-2.5200
998.02,	-2.5200
998.62,	-2.5200
999.21,	-2.5200
999.81,	-2.5200
1000.41,	-2.5200
