Call Sign = ZSDA,	Ship Name = SA Agulhas,	Lloyds Num = 0
Date = 12/06/2016,	Time = 19:05,	
Latitude = 55 21.99  S,	Longitude = 000 01.88  E
Instr = Sippican Deep Blue,	Card Type = Sippican MK-21,	
Wind Instr = ,	Measur Method = 
Probe Serial Num = -1,	Ship Dir = -1,	Ship Speed = -1.00
Wind Dir = 25,	Wind Speed = 18.10
Dry Bulb Temp = -0.50,	Total Water Depth = -1.00

Full Resolution Values
Depth,	 Temp
0.67,	0.4800
1.34,	-0.2600
2.01,	-0.4600
2.68,	-0.5100
3.34,	-0.5300
4.01,	-0.5200
4.68,	-0.5200
5.35,	-0.5300
6.02,	-0.5200
6.69,	-0.5100
7.36,	-0.5100
8.03,	-0.5100
8.69,	-0.5000
9.36,	-0.5100
10.03,	-0.5100
10.70,	-0.5100
11.37,	-0.5300
12.04,	-0.5600
12.70,	-0.6100
13.37,	-0.6700
14.04,	-0.6900
14.71,	-0.7000
15.38,	-0.7200
16.05,	-0.7200
16.71,	-0.7300
17.38,	-0.7500
18.05,	-0.7500
18.72,	-0.7600
19.38,	-0.7600
20.05,	-0.7600
20.72,	-0.7700
21.39,	-0.7700
22.06,	-0.7700
22.72,	-0.7700
23.39,	-0.7800
24.06,	-0.7900
24.73,	-0.8000
25.39,	-0.8000
26.06,	-0.8100
26.73,	-0.8400
27.40,	-0.8700
28.06,	-0.9000
28.73,	-0.9100
29.40,	-0.9200
30.06,	-0.9100
30.73,	-0.9100
31.40,	-0.9100
32.06,	-0.9200
32.73,	-0.9300
33.40,	-0.9300
34.07,	-0.9400
34.73,	-0.9500
35.40,	-0.9600
36.07,	-0.9600
36.73,	-0.9600
37.40,	-0.9600
38.07,	-0.9600
38.73,	-0.9600
39.40,	-0.9600
40.06,	-0.9700
40.73,	-0.9700
41.40,	-0.9700
42.06,	-0.9700
42.73,	-0.9800
43.40,	-0.9800
44.06,	-0.9900
44.73,	-1.0000
45.39,	-1.0000
46.06,	-1.0100
46.73,	-1.0300
47.39,	-1.0700
48.06,	-1.0900
48.72,	-1.1100
49.39,	-1.1300
50.06,	-1.1500
50.72,	-1.1600
51.39,	-1.1700
52.05,	-1.1800
52.72,	-1.1800
53.38,	-1.1800
54.05,	-1.1900
54.71,	-1.1900
55.38,	-1.1900
56.05,	-1.2000
56.71,	-1.2000
57.38,	-1.2000
58.04,	-1.2000
58.71,	-1.2100
59.37,	-1.2100
60.04,	-1.2100
60.70,	-1.2100
61.37,	-1.2200
62.03,	-1.2200
62.70,	-1.2200
63.36,	-1.2200
64.03,	-1.2300
64.69,	-1.2500
65.36,	-1.2600
66.02,	-1.2700
66.69,	-1.2800
67.35,	-1.2900
68.01,	-1.2900
68.68,	-1.3000
69.34,	-1.3000
70.01,	-1.3000
70.67,	-1.3100
71.34,	-1.3100
72.00,	-1.3200
72.66,	-1.3200
73.33,	-1.3200
73.99,	-1.3200
74.66,	-1.3200
75.32,	-1.3300
75.98,	-1.3400
76.65,	-1.3400
77.31,	-1.3400
77.98,	-1.3400
78.64,	-1.3400
79.30,	-1.3400
79.97,	-1.3400
80.63,	-1.3300
81.30,	-1.3300
81.96,	-1.3300
82.62,	-1.3300
83.29,	-1.3300
83.95,	-1.3300
84.61,	-1.3400
85.28,	-1.3400
85.94,	-1.3400
86.60,	-1.3400
87.27,	-1.3400
87.93,	-1.3500
88.59,	-1.3500
89.26,	-1.3500
89.92,	-1.3600
90.58,	-1.3600
91.24,	-1.3700
91.91,	-1.3800
92.57,	-1.3900
93.23,	-1.3800
93.90,	-1.3800
94.56,	-1.3700
95.22,	-1.3600
95.88,	-1.3600
96.55,	-1.3600
97.21,	-1.3600
97.87,	-1.3600
98.53,	-1.3600
99.20,	-1.3600
99.86,	-1.3700
100.52,	-1.3700
101.18,	-1.3700
101.85,	-1.3600
102.51,	-1.3500
103.17,	-1.3400
103.83,	-1.3300
104.49,	-1.3300
105.16,	-1.3300
105.82,	-1.3400
106.48,	-1.3400
107.14,	-1.3200
107.80,	-1.3100
108.47,	-1.2800
109.13,	-1.2600
109.79,	-1.2400
110.45,	-1.2200
111.11,	-1.2000
111.77,	-1.1900
112.44,	-1.1500
113.10,	-1.1200
113.76,	-1.1100
114.42,	-1.1000
115.08,	-1.0900
115.74,	-1.0800
116.40,	-1.0400
117.06,	-1.0000
117.73,	-0.9500
118.39,	-0.8700
119.05,	-0.8000
119.71,	-0.7500
120.37,	-0.7200
121.03,	-0.7000
121.69,	-0.6800
122.35,	-0.6800
123.01,	-0.6700
123.67,	-0.6600
124.33,	-0.6400
125.00,	-0.6000
125.66,	-0.5500
126.32,	-0.5200
126.98,	-0.4900
127.64,	-0.4600
128.30,	-0.4100
128.96,	-0.3200
129.62,	-0.2400
130.28,	-0.1800
130.94,	-0.1500
131.60,	-0.1400
132.26,	-0.1200
132.92,	-0.0700
133.58,	-0.0100
134.24,	0.0100
134.90,	0.0300
135.56,	0.0500
136.22,	0.0800
136.88,	0.1100
137.54,	0.1300
138.20,	0.1400
138.86,	0.1500
139.52,	0.1800
140.18,	0.2400
140.84,	0.3000
141.50,	0.3400
142.16,	0.3800
142.82,	0.4000
143.48,	0.4100
144.14,	0.4400
144.79,	0.4500
145.45,	0.4600
146.11,	0.4700
146.77,	0.4900
147.43,	0.5100
148.09,	0.5500
148.75,	0.5700
149.41,	0.5900
150.07,	0.6200
150.73,	0.6400
151.39,	0.6600
152.04,	0.6700
152.70,	0.6900
153.36,	0.7100
154.02,	0.7600
154.68,	0.8400
155.34,	0.9000
156.00,	0.9400
156.65,	0.9700
157.31,	0.9900
157.97,	1.0000
158.63,	1.0200
159.29,	1.0400
159.95,	1.0500
160.60,	1.0600
161.26,	1.0700
161.92,	1.0800
162.58,	1.0900
163.24,	1.1000
163.90,	1.1100
164.55,	1.1200
165.21,	1.1300
165.87,	1.1300
166.53,	1.1400
167.18,	1.1500
167.84,	1.1500
168.50,	1.1700
169.16,	1.2000
169.82,	1.2100
170.47,	1.2200
171.13,	1.2200
171.79,	1.2200
172.44,	1.2400
173.10,	1.2600
173.76,	1.2800
174.42,	1.2900
175.07,	1.2900
175.73,	1.2900
176.39,	1.2900
177.05,	1.2900
177.70,	1.3000
178.36,	1.3100
179.02,	1.3200
179.67,	1.3200
180.33,	1.3200
180.99,	1.3200
181.64,	1.3200
182.30,	1.3200
182.96,	1.3200
183.61,	1.3200
184.27,	1.3200
184.93,	1.3200
185.58,	1.3200
186.24,	1.3200
186.90,	1.3300
187.55,	1.3400
188.21,	1.3400
188.87,	1.3400
189.52,	1.3300
190.18,	1.3300
190.83,	1.3300
191.49,	1.3300
192.15,	1.3400
192.80,	1.3500
193.46,	1.3500
194.11,	1.3600
194.77,	1.3700
195.43,	1.3800
196.08,	1.3700
196.74,	1.3700
197.39,	1.3800
198.05,	1.3800
198.70,	1.3900
199.36,	1.4200
200.02,	1.4600
200.67,	1.5000
201.33,	1.5300
201.98,	1.5600
202.64,	1.6100
203.29,	1.6600
203.95,	1.7000
204.60,	1.7100
205.26,	1.7200
205.91,	1.7300
206.57,	1.7400
207.22,	1.7500
207.88,	1.7600
208.53,	1.7700
209.19,	1.7800
209.84,	1.7900
210.50,	1.8100
211.15,	1.8300
211.81,	1.8400
212.46,	1.8400
213.12,	1.8400
213.77,	1.8400
214.43,	1.8500
215.08,	1.8500
215.74,	1.8500
216.39,	1.8500
217.04,	1.8500
217.70,	1.8500
218.35,	1.8500
219.01,	1.8600
219.66,	1.8600
220.32,	1.8600
220.97,	1.8700
221.62,	1.8700
222.28,	1.8800
222.93,	1.8900
223.59,	1.9000
224.24,	1.9000
224.89,	1.9100
225.55,	1.9100
226.20,	1.9100
226.85,	1.9100
227.51,	1.9100
228.16,	1.9100
228.81,	1.9200
229.47,	1.9200
230.12,	1.9100
230.78,	1.9200
231.43,	1.9200
232.08,	1.9200
232.74,	1.9200
233.39,	1.9300
234.04,	1.9300
234.69,	1.9300
235.35,	1.9300
236.00,	1.9300
236.65,	1.9300
237.31,	1.9300
237.96,	1.9300
238.61,	1.9400
239.27,	1.9400
239.92,	1.9400
240.57,	1.9400
241.22,	1.9400
241.88,	1.9400
242.53,	1.9400
243.18,	1.9400
243.83,	1.9400
244.49,	1.9400
245.14,	1.9500
245.79,	1.9500
246.44,	1.9500
247.10,	1.9400
247.75,	1.9500
248.40,	1.9500
249.05,	1.9500
249.70,	1.9500
250.36,	1.9500
251.01,	1.9600
251.66,	1.9600
252.31,	1.9600
252.96,	1.9600
253.62,	1.9600
254.27,	1.9600
254.92,	1.9600
255.57,	1.9600
256.22,	1.9500
256.88,	1.9500
257.53,	1.9500
258.18,	1.9500
258.83,	1.9500
259.48,	1.9500
260.13,	1.9500
260.78,	1.9500
261.44,	1.9500
262.09,	1.9500
262.74,	1.9500
263.39,	1.9500
264.04,	1.9500
264.69,	1.9500
265.34,	1.9500
265.99,	1.9500
266.64,	1.9500
267.29,	1.9500
267.95,	1.9500
268.60,	1.9600
269.25,	1.9500
269.90,	1.9500
270.55,	1.9500
271.20,	1.9500
271.85,	1.9400
272.50,	1.9400
273.15,	1.9400
273.80,	1.9500
274.45,	1.9500
275.10,	1.9500
275.75,	1.9500
276.40,	1.9500
277.05,	1.9600
277.70,	1.9500
278.35,	1.9600
279.00,	1.9600
279.65,	1.9600
280.30,	1.9600
280.95,	1.9500
281.60,	1.9600
282.25,	1.9600
282.90,	1.9600
283.55,	1.9600
284.20,	1.9600
284.85,	1.9600
285.50,	1.9600
286.15,	1.9600
286.80,	1.9600
287.45,	1.9600
288.10,	1.9600
288.75,	1.9700
289.40,	1.9700
290.05,	1.9700
290.70,	1.9700
291.35,	1.9700
292.00,	1.9700
292.64,	1.9700
293.29,	1.9700
293.94,	1.9700
294.59,	1.9700
295.24,	1.9800
295.89,	1.9800
296.54,	1.9700
297.19,	1.9700
297.84,	1.9700
298.49,	1.9700
299.13,	1.9700
299.78,	1.9700
300.43,	1.9700
301.08,	1.9700
301.73,	1.9800
302.38,	1.9700
303.02,	1.9700
303.67,	1.9700
304.32,	1.9700
304.97,	1.9800
305.62,	1.9700
306.27,	1.9800
306.91,	1.9800
307.56,	1.9800
308.21,	1.9800
308.86,	1.9800
309.51,	1.9800
310.15,	1.9800
310.80,	1.9800
311.45,	1.9800
312.10,	1.9800
312.75,	1.9800
313.39,	1.9800
314.04,	1.9700
314.69,	1.9700
315.34,	1.9700
315.98,	1.9700
316.63,	1.9800
317.28,	1.9800
317.93,	1.9800
318.57,	1.9800
319.22,	1.9800
319.87,	1.9800
320.52,	1.9800
321.16,	1.9800
321.81,	1.9800
322.46,	1.9800
323.10,	1.9800
323.75,	1.9800
324.40,	1.9800
325.04,	1.9800
325.69,	1.9800
326.34,	1.9800
326.99,	1.9800
327.63,	1.9700
328.28,	1.9700
328.93,	1.9700
329.57,	1.9700
330.22,	1.9700
330.86,	1.9800
331.51,	1.9700
332.16,	1.9700
332.80,	1.9700
333.45,	1.9700
334.10,	1.9700
334.74,	1.9700
335.39,	1.9700
336.03,	1.9700
336.68,	1.9700
337.33,	1.9700
337.97,	1.9700
338.62,	1.9700
339.26,	1.9700
339.91,	1.9700
340.56,	1.9700
341.20,	1.9700
341.85,	1.9700
342.49,	1.9700
343.14,	1.9700
343.78,	1.9700
344.43,	1.9700
345.08,	1.9700
345.72,	1.9700
346.37,	1.9700
347.01,	1.9700
347.66,	1.9700
348.30,	1.9700
348.95,	1.9700
349.59,	1.9700
350.24,	1.9700
350.88,	1.9700
351.53,	1.9700
352.17,	1.9700
352.82,	1.9700
353.46,	1.9700
354.11,	1.9700
354.75,	1.9700
355.40,	1.9700
356.04,	1.9700
356.69,	1.9600
357.33,	1.9600
357.98,	1.9600
358.62,	1.9600
359.27,	1.9600
359.91,	1.9600
360.55,	1.9600
361.20,	1.9600
361.84,	1.9600
362.49,	1.9600
363.13,	1.9600
363.78,	1.9600
364.42,	1.9600
365.06,	1.9700
365.71,	1.9700
366.35,	1.9600
367.00,	1.9600
367.64,	1.9600
368.28,	1.9600
368.93,	1.9600
369.57,	1.9600
370.22,	1.9600
370.86,	1.9600
371.50,	1.9600
372.15,	1.9600
372.79,	1.9600
373.43,	1.9600
374.08,	1.9600
374.72,	1.9600
375.36,	1.9600
376.01,	1.9600
376.65,	1.9600
377.29,	1.9600
377.94,	1.9600
378.58,	1.9600
379.22,	1.9600
379.87,	1.9600
380.51,	1.9600
381.15,	1.9600
381.79,	1.9600
382.44,	1.9600
383.08,	1.9600
383.72,	1.9600
384.37,	1.9500
385.01,	1.9500
385.65,	1.9500
386.29,	1.9500
386.94,	1.9500
387.58,	1.9500
388.22,	1.9500
388.86,	1.9500
389.51,	1.9500
390.15,	1.9500
390.79,	1.9500
391.43,	1.9500
392.08,	1.9500
392.72,	1.9500
393.36,	1.9500
394.00,	1.9500
394.64,	1.9500
395.29,	1.9500
395.93,	1.9500
396.57,	1.9400
397.21,	1.9400
397.85,	1.9400
398.50,	1.9400
399.14,	1.9400
399.78,	1.9400
400.42,	1.9400
401.06,	1.9400
401.70,	1.9400
402.34,	1.9400
402.99,	1.9400
403.63,	1.9400
404.27,	1.9400
404.91,	1.9400
405.55,	1.9400
406.19,	1.9400
406.83,	1.9400
407.48,	1.9400
408.12,	1.9400
408.76,	1.9400
409.40,	1.9400
410.04,	1.9400
410.68,	1.9400
411.32,	1.9400
411.96,	1.9400
412.60,	1.9400
413.24,	1.9400
413.88,	1.9400
414.52,	1.9400
415.17,	1.9400
415.81,	1.9400
416.45,	1.9400
417.09,	1.9400
417.73,	1.9300
418.37,	1.9300
419.01,	1.9300
419.65,	1.9300
420.29,	1.9300
420.93,	1.9300
421.57,	1.9300
422.21,	1.9300
422.85,	1.9300
423.49,	1.9300
424.13,	1.9300
424.77,	1.9300
425.41,	1.9300
426.05,	1.9300
426.69,	1.9300
427.33,	1.9300
427.97,	1.9300
428.61,	1.9300
429.25,	1.9300
429.89,	1.9300
430.53,	1.9300
431.17,	1.9300
431.80,	1.9200
432.44,	1.9200
433.08,	1.9200
433.72,	1.9200
434.36,	1.9200
435.00,	1.9200
435.64,	1.9200
436.28,	1.9200
436.92,	1.9200
437.56,	1.9200
438.20,	1.9200
438.84,	1.9200
439.47,	1.9200
440.11,	1.9200
440.75,	1.9200
441.39,	1.9200
442.03,	1.9200
442.67,	1.9200
443.31,	1.9200
443.95,	1.9200
444.58,	1.9200
445.22,	1.9200
445.86,	1.9100
446.50,	1.9100
447.14,	1.9100
447.78,	1.9200
448.41,	1.9200
449.05,	1.9200
449.69,	1.9200
450.33,	1.9100
450.97,	1.9200
451.60,	1.9200
452.24,	1.9200
452.88,	1.9200
453.52,	1.9200
454.16,	1.9200
454.79,	1.9200
455.43,	1.9100
456.07,	1.9100
456.71,	1.9100
457.35,	1.9100
457.98,	1.9100
458.62,	1.9100
459.26,	1.9100
459.90,	1.9100
460.53,	1.9100
461.17,	1.9100
461.81,	1.9100
462.44,	1.9100
463.08,	1.9100
463.72,	1.9100
464.36,	1.9100
464.99,	1.9100
465.63,	1.9000
466.27,	1.9000
466.90,	1.9000
467.54,	1.9000
468.18,	1.9000
468.81,	1.9000
469.45,	1.9000
470.09,	1.9000
470.72,	1.9000
471.36,	1.9000
472.00,	1.9000
472.63,	1.9000
473.27,	1.9000
473.91,	1.9000
474.54,	1.9000
475.18,	1.9000
475.82,	1.8900
476.45,	1.8900
477.09,	1.8900
477.73,	1.8900
478.36,	1.8900
479.00,	1.8900
479.63,	1.8900
480.27,	1.8900
480.91,	1.8900
481.54,	1.8900
482.18,	1.8900
482.81,	1.8800
483.45,	1.8900
484.08,	1.8900
484.72,	1.8900
485.36,	1.8900
485.99,	1.8900
486.63,	1.8900
487.26,	1.8900
487.90,	1.8900
488.53,	1.8900
489.17,	1.8900
489.80,	1.8900
490.44,	1.8900
491.07,	1.8900
491.71,	1.8800
492.34,	1.8800
492.98,	1.8800
493.62,	1.8900
494.25,	1.8900
494.89,	1.8800
495.52,	1.8800
496.15,	1.8800
496.79,	1.8800
497.42,	1.8800
498.06,	1.8800
498.69,	1.8800
499.33,	1.8800
499.96,	1.8800
500.60,	1.8800
501.23,	1.8800
501.87,	1.8700
502.50,	1.8700
503.14,	1.8700
503.77,	1.8700
504.40,	1.8700
505.04,	1.8700
505.67,	1.8700
506.31,	1.8600
506.94,	1.8600
507.57,	1.8600
508.21,	1.8600
508.84,	1.8600
509.48,	1.8600
510.11,	1.8600
510.74,	1.8600
511.38,	1.8600
512.01,	1.8600
512.65,	1.8600
513.28,	1.8600
513.91,	1.8600
514.55,	1.8600
515.18,	1.8600
515.81,	1.8600
516.45,	1.8600
517.08,	1.8600
517.71,	1.8600
518.35,	1.8600
518.98,	1.8600
519.61,	1.8500
520.25,	1.8500
520.88,	1.8500
521.51,	1.8500
522.15,	1.8500
522.78,	1.8500
523.41,	1.8500
524.04,	1.8500
524.68,	1.8500
525.31,	1.8500
525.94,	1.8500
526.58,	1.8500
527.21,	1.8500
527.84,	1.8500
528.47,	1.8500
529.11,	1.8500
529.74,	1.8500
530.37,	1.8500
531.00,	1.8500
531.64,	1.8500
532.27,	1.8500
532.90,	1.8500
533.53,	1.8500
534.17,	1.8400
534.80,	1.8400
535.43,	1.8400
536.06,	1.8400
536.69,	1.8400
537.33,	1.8400
537.96,	1.8400
538.59,	1.8400
539.22,	1.8400
539.85,	1.8400
540.48,	1.8400
541.12,	1.8400
541.75,	1.8400
542.38,	1.8400
543.01,	1.8400
543.64,	1.8400
544.27,	1.8400
544.91,	1.8400
545.54,	1.8400
546.17,	1.8400
546.80,	1.8400
547.43,	1.8400
548.06,	1.8400
548.69,	1.8400
549.32,	1.8400
549.95,	1.8400
550.59,	1.8400
551.22,	1.8400
551.85,	1.8400
552.48,	1.8400
553.11,	1.8400
553.74,	1.8400
554.37,	1.8400
555.00,	1.8400
555.63,	1.8400
556.26,	1.8400
556.89,	1.8400
557.52,	1.8400
558.15,	1.8400
558.78,	1.8400
559.42,	1.8400
560.05,	1.8400
560.68,	1.8400
561.31,	1.8400
561.94,	1.8400
562.57,	1.8400
563.20,	1.8400
563.83,	1.8300
564.46,	1.8300
565.09,	1.8300
565.72,	1.8300
566.35,	1.8300
566.98,	1.8300
567.61,	1.8300
568.24,	1.8300
568.87,	1.8300
569.50,	1.8300
570.12,	1.8200
570.75,	1.8200
571.38,	1.8200
572.01,	1.8200
572.64,	1.8200
573.27,	1.8200
573.90,	1.8200
574.53,	1.8200
575.16,	1.8200
575.79,	1.8200
576.42,	1.8200
577.05,	1.8200
577.68,	1.8200
578.31,	1.8200
578.93,	1.8200
579.56,	1.8200
580.19,	1.8200
580.82,	1.8200
581.45,	1.8200
582.08,	1.8200
582.71,	1.8200
583.34,	1.8200
583.97,	1.8200
584.59,	1.8100
585.22,	1.8100
585.85,	1.8100
586.48,	1.8100
587.11,	1.8100
587.74,	1.8100
588.36,	1.8100
588.99,	1.8100
589.62,	1.8100
590.25,	1.8200
590.88,	1.8100
591.50,	1.8100
592.13,	1.8100
592.76,	1.8100
593.39,	1.8100
594.02,	1.8100
594.64,	1.8100
595.27,	1.8100
595.90,	1.8100
596.53,	1.8100
597.16,	1.8100
597.78,	1.8100
598.41,	1.8000
599.04,	1.8100
599.67,	1.8100
600.29,	1.8100
600.92,	1.8100
601.55,	1.8000
602.18,	1.8000
602.80,	1.8100
603.43,	1.8100
604.06,	1.8000
604.68,	1.8000
605.31,	1.8000
605.94,	1.8000
606.57,	1.8000
607.19,	1.8000
607.82,	1.8000
608.45,	1.8000
609.07,	1.8000
609.70,	1.8000
610.33,	1.8000
610.95,	1.8000
611.58,	1.8000
612.21,	1.8000
612.83,	1.8000
613.46,	1.8000
614.09,	1.8000
614.71,	1.8000
615.34,	1.8000
615.97,	1.7900
616.59,	1.7900
617.22,	1.7900
617.84,	1.7900
618.47,	1.7900
619.10,	1.7900
619.72,	1.7900
620.35,	1.7900
620.97,	1.7900
621.60,	1.7900
622.23,	1.7800
622.85,	1.7800
623.48,	1.7800
624.10,	1.7800
624.73,	1.7800
625.35,	1.7800
625.98,	1.7800
626.61,	1.7700
627.23,	1.7700
627.86,	1.7700
628.48,	1.7700
629.11,	1.7700
629.73,	1.7700
630.36,	1.7700
630.98,	1.7700
631.61,	1.7700
632.23,	1.7600
632.86,	1.7600
633.48,	1.7600
634.11,	1.7600
634.73,	1.7600
635.36,	1.7600
635.98,	1.7600
636.61,	1.7600
637.23,	1.7600
637.86,	1.7600
638.48,	1.7600
639.11,	1.7700
639.73,	1.7600
640.36,	1.7600
640.98,	1.7600
641.61,	1.7600
642.23,	1.7600
642.85,	1.7600
643.48,	1.7600
644.10,	1.7600
644.73,	1.7600
645.35,	1.7500
645.98,	1.7600
646.60,	1.7600
647.22,	1.7500
647.85,	1.7600
648.47,	1.7600
649.10,	1.7600
649.72,	1.7500
650.34,	1.7500
650.97,	1.7500
651.59,	1.7500
652.22,	1.7500
652.84,	1.7500
653.46,	1.7500
654.09,	1.7500
654.71,	1.7500
655.33,	1.7500
655.96,	1.7400
656.58,	1.7400
657.20,	1.7400
657.83,	1.7400
658.45,	1.7400
659.07,	1.7400
659.70,	1.7400
660.32,	1.7400
660.94,	1.7400
661.57,	1.7400
662.19,	1.7400
662.81,	1.7400
663.43,	1.7400
664.06,	1.7400
664.68,	1.7400
665.30,	1.7400
665.93,	1.7400
666.55,	1.7400
667.17,	1.7400
667.79,	1.7400
668.42,	1.7400
669.04,	1.7400
669.66,	1.7400
670.28,	1.7400
670.91,	1.7400
671.53,	1.7400
672.15,	1.7400
672.77,	1.7400
673.39,	1.7400
674.02,	1.7400
674.64,	1.7400
675.26,	1.7300
675.88,	1.7300
676.50,	1.7300
677.13,	1.7300
677.75,	1.7300
678.37,	1.7300
678.99,	1.7300
679.61,	1.7300
680.24,	1.7300
680.86,	1.7300
681.48,	1.7300
682.10,	1.7300
682.72,	1.7300
683.34,	1.7300
683.96,	1.7200
684.59,	1.7300
685.21,	1.7300
685.83,	1.7300
686.45,	1.7300
687.07,	1.7200
687.69,	1.7200
688.31,	1.7200
688.93,	1.7200
689.56,	1.7200
690.18,	1.7200
690.80,	1.7200
691.42,	1.7200
692.04,	1.7200
692.66,	1.7200
693.28,	1.7200
693.90,	1.7100
694.52,	1.7100
695.14,	1.7200
695.76,	1.7200
696.38,	1.7200
697.00,	1.7100
697.62,	1.7100
698.25,	1.7100
698.87,	1.7100
699.49,	1.7100
700.11,	1.7100
700.73,	1.7100
701.35,	1.7100
701.97,	1.7100
702.59,	1.7100
703.21,	1.7100
703.83,	1.7100
704.45,	1.7100
705.07,	1.7100
705.69,	1.7100
706.31,	1.7100
706.93,	1.7100
707.55,	1.7100
708.17,	1.7100
708.79,	1.7100
709.40,	1.7100
710.02,	1.7100
710.64,	1.7100
711.26,	1.7100
711.88,	1.7100
712.50,	1.7100
713.12,	1.7100
713.74,	1.7000
714.36,	1.7000
714.98,	1.7000
715.60,	1.7000
716.22,	1.7000
716.84,	1.7000
717.45,	1.7000
718.07,	1.7000
718.69,	1.7000
719.31,	1.7000
719.93,	1.7000
720.55,	1.7000
721.17,	1.7000
721.79,	1.6900
722.41,	1.6900
723.02,	1.6900
723.64,	1.7000
724.26,	1.7000
724.88,	1.6900
725.50,	1.7000
726.12,	1.7000
726.73,	1.6900
727.35,	1.6900
727.97,	1.6900
728.59,	1.6900
729.21,	1.6900
729.83,	1.6900
730.44,	1.6900
731.06,	1.7000
731.68,	1.7000
732.30,	1.6900
732.92,	1.6900
733.53,	1.6900
734.15,	1.6900
734.77,	1.6900
735.39,	1.6800
736.00,	1.6800
736.62,	1.6800
737.24,	1.6800
737.86,	1.6800
738.47,	1.6800
739.09,	1.6800
739.71,	1.6700
740.33,	1.6700
740.94,	1.6700
741.56,	1.6700
742.18,	1.6700
742.79,	1.6600
743.41,	1.6600
744.03,	1.6500
744.65,	1.6500
745.26,	1.6400
745.88,	1.6400
746.50,	1.6400
747.11,	1.6400
747.73,	1.6400
748.35,	1.6400
748.96,	1.6400
749.58,	1.6400
750.20,	1.6400
750.81,	1.6400
751.43,	1.6400
752.05,	1.6400
752.66,	1.6400
753.28,	1.6400
753.90,	1.6400
754.51,	1.6400
755.13,	1.6400
755.74,	1.6300
756.36,	1.6300
756.98,	1.6300
757.59,	1.6300
758.21,	1.6300
758.82,	1.6300
759.44,	1.6300
760.06,	1.6300
760.67,	1.6300
761.29,	1.6300
761.90,	1.6300
762.52,	1.6200
763.14,	1.6200
763.75,	1.6300
764.37,	1.6300
764.98,	1.6300
765.60,	1.6200
766.21,	1.6200
766.83,	1.6300
767.44,	1.6300
768.06,	1.6200
768.67,	1.6200
769.29,	1.6200
769.90,	1.6100
770.52,	1.6100
771.14,	1.6200
771.75,	1.6100
772.37,	1.6100
772.98,	1.6100
773.59,	1.6100
774.21,	1.6100
774.82,	1.6100
775.44,	1.6100
776.05,	1.6100
776.67,	1.6100
777.28,	1.6100
777.90,	1.6100
778.51,	1.6100
779.13,	1.6100
779.74,	1.6100
780.36,	1.6100
780.97,	1.6100
781.58,	1.6100
782.20,	1.6100
782.81,	1.6100
783.43,	1.6100
784.04,	1.6100
784.66,	1.6100
785.27,	1.6100
785.88,	1.6100
786.50,	1.6100
787.11,	1.6100
787.73,	1.6100
788.34,	1.6100
788.95,	1.6100
789.57,	1.6100
790.18,	1.6100
790.79,	1.6100
791.41,	1.6100
792.02,	1.6100
792.63,	1.6100
793.25,	1.6000
793.86,	1.6000
794.47,	1.6000
795.09,	1.6100
795.70,	1.6000
796.31,	1.6100
796.93,	1.6100
797.54,	1.6000
798.15,	1.6000
798.77,	1.6000
799.38,	1.6000
799.99,	1.6000
800.61,	1.6000
801.22,	1.6000
801.83,	1.6000
802.44,	1.6000
803.06,	1.6000
803.67,	1.6000
804.28,	1.6000
804.90,	1.6000
805.51,	1.6000
806.12,	1.5900
806.73,	1.5900
807.34,	1.5900
807.96,	1.5900
808.57,	1.5900
809.18,	1.5900
809.79,	1.5900
810.41,	1.5900
811.02,	1.5900
811.63,	1.5900
812.24,	1.5800
812.85,	1.5800
813.47,	1.5800
814.08,	1.5800
814.69,	1.5800
815.30,	1.5800
815.91,	1.5800
816.53,	1.5800
817.14,	1.5800
817.75,	1.5800
818.36,	1.5800
818.97,	1.5800
819.58,	1.5800
820.20,	1.5800
820.81,	1.5800
821.42,	1.5800
822.03,	1.5800
822.64,	1.5900
823.25,	1.5900
823.86,	1.5800
824.47,	1.5800
825.09,	1.5800
825.70,	1.5800
826.31,	1.5800
826.92,	1.5700
827.53,	1.5800
828.14,	1.5700
828.75,	1.5700
829.36,	1.5700
829.97,	1.5700
830.58,	1.5700
831.19,	1.5700
831.80,	1.5700
832.42,	1.5700
833.03,	1.5700
833.64,	1.5700
834.25,	1.5700
834.86,	1.5700
835.47,	1.5600
836.08,	1.5600
836.69,	1.5600
837.30,	1.5600
837.91,	1.5600
838.52,	1.5600
839.13,	1.5600
839.74,	1.5600
840.35,	1.5600
840.96,	1.5600
841.57,	1.5600
842.18,	1.5600
842.79,	1.5600
843.40,	1.5600
844.01,	1.5600
844.62,	1.5600
845.23,	1.5600
845.84,	1.5600
846.45,	1.5600
847.06,	1.5600
847.67,	1.5600
848.27,	1.5600
848.88,	1.5600
849.49,	1.5600
850.10,	1.5600
850.71,	1.5600
851.32,	1.5500
851.93,	1.5500
852.54,	1.5500
853.15,	1.5500
853.76,	1.5500
854.37,	1.5500
854.98,	1.5500
855.58,	1.5500
856.19,	1.5500
856.80,	1.5500
857.41,	1.5500
858.02,	1.5500
858.63,	1.5500
859.24,	1.5500
859.85,	1.5500
860.45,	1.5400
861.06,	1.5500
861.67,	1.5500
862.28,	1.5400
862.89,	1.5400
863.50,	1.5400
864.10,	1.5400
864.71,	1.5400
865.32,	1.5400
865.93,	1.5400
866.54,	1.5400
867.14,	1.5400
867.75,	1.5400
868.36,	1.5400
868.97,	1.5400
869.58,	1.5400
870.18,	1.5400
870.79,	1.5400
871.40,	1.5400
872.01,	1.5400
872.61,	1.5400
873.22,	1.5400
873.83,	1.5400
874.44,	1.5400
875.04,	1.5400
875.65,	1.5400
876.26,	1.5400
876.87,	1.5400
877.47,	1.5300
878.08,	1.5300
878.69,	1.5300
879.29,	1.5300
879.90,	1.5300
880.51,	1.5400
881.12,	1.5400
881.72,	1.5400
882.33,	1.5400
882.94,	1.5300
883.54,	1.5300
884.15,	1.5300
884.76,	1.5200
885.36,	1.5200
885.97,	1.5200
886.58,	1.5200
887.18,	1.5100
887.79,	1.5000
888.40,	1.5000
889.00,	1.5000
889.61,	1.5000
890.22,	1.5000
890.82,	1.5000
891.43,	1.5000
892.03,	1.4900
892.64,	1.4900
893.25,	1.4900
893.85,	1.4900
894.46,	1.4900
895.06,	1.4900
895.67,	1.4900
896.28,	1.4900
896.88,	1.4900
897.49,	1.4800
898.09,	1.4800
898.70,	1.4800
899.30,	1.4800
899.91,	1.4800
900.52,	1.4800
901.12,	1.4700
901.73,	1.4700
902.33,	1.4600
902.94,	1.4700
903.54,	1.4600
904.15,	1.4600
904.75,	1.4600
905.36,	1.4600
905.96,	1.4600
906.57,	1.4600
907.17,	1.4600
907.78,	1.4600
908.38,	1.4600
908.99,	1.4600
909.59,	1.4600
910.20,	1.4700
910.80,	1.4700
911.41,	1.4700
912.01,	1.4700
912.62,	1.4600
913.22,	1.4600
913.83,	1.4600
914.43,	1.4600
915.03,	1.4600
915.64,	1.4600
916.24,	1.4700
916.85,	1.4600
917.45,	1.4600
918.06,	1.4500
918.66,	1.4500
919.26,	1.4500
919.87,	1.4600
920.47,	1.4500
921.08,	1.4500
921.68,	1.4600
922.28,	1.4600
922.89,	1.4600
923.49,	1.4600
924.10,	1.4600
924.70,	1.4600
925.30,	1.4600
925.91,	1.4600
926.51,	1.4600
927.11,	1.4600
927.72,	1.4600
928.32,	1.4600
928.92,	1.4600
929.53,	1.4600
930.13,	1.4600
930.74,	1.4600
931.34,	1.4600
931.94,	1.4600
932.54,	1.4600
933.15,	1.4500
933.75,	1.4500
934.35,	1.4500
934.96,	1.4500
935.56,	1.4500
936.16,	1.4800
936.77,	2.6500
937.37,	8.5900
937.97,	14.4100
938.57,	16.1500
939.18,	17.1300
939.78,	17.9500
940.38,	23.9700
940.98,	35.5000
941.59,	35.5000
942.19,	35.5000
942.79,	35.5000
943.39,	35.5000
944.00,	35.5000
944.60,	35.5000
945.20,	35.5000
945.80,	35.5000
946.40,	35.5000
947.01,	35.5000
947.61,	35.5000
948.21,	35.5000
948.81,	35.5000
949.41,	35.5000
950.02,	35.5000
950.62,	35.5000
951.22,	35.5000
951.82,	35.5000
952.42,	35.5000
953.02,	35.5000
953.63,	35.5000
954.23,	35.5000
954.83,	35.5000
955.43,	35.5000
956.03,	35.5000
956.63,	35.5000
957.24,	35.5000
957.84,	35.5000
958.44,	35.5000
959.04,	35.5000
959.64,	35.5000
960.24,	35.5000
960.84,	35.5000
961.44,	35.5000
962.04,	35.5000
962.64,	35.5000
963.25,	35.5000
963.85,	35.5000
964.45,	35.5000
965.05,	35.5000
965.65,	35.5000
966.25,	35.5000
966.85,	35.5000
967.45,	35.5000
968.05,	35.5000
968.65,	35.5000
969.25,	35.5000
969.85,	35.5000
970.45,	35.5000
971.05,	35.5000
971.65,	35.5000
972.25,	35.5000
972.85,	35.5000
973.45,	35.5000
974.05,	35.5000
974.65,	35.5000
975.25,	35.5000
975.85,	35.5000
976.45,	35.5000
977.05,	35.5000
977.65,	35.5000
978.25,	35.5000
978.85,	35.5000
979.45,	35.5000
980.05,	35.5000
980.65,	35.5000
981.25,	35.5000
981.85,	35.5000
982.45,	35.5000
983.05,	35.5000
983.65,	35.5000
984.25,	35.5000
984.85,	35.5000
985.45,	35.5000
986.04,	35.5000
986.64,	35.5000
987.24,	35.5000
987.84,	35.5000
988.44,	35.5000
989.04,	35.5000
989.64,	35.5000
990.24,	35.5000
990.84,	35.5000
991.44,	35.5000
992.03,	35.5000
992.63,	35.5000
993.23,	35.5000
993.83,	35.5000
994.43,	35.5000
995.03,	35.5000
995.63,	35.5000
996.22,	35.5000
996.82,	35.5000
997.42,	35.5000
998.02,	35.5000
998.62,	35.5000
999.21,	35.5000
999.81,	35.5000
1000.41,	35.5000
