Call Sign = ZSDA,	Ship Name = SA Agulhas,	Lloyds Num = 0
Date = 12/04/2016,	Time = 09:58,	
Latitude = 45 29.03  S,	Longitude = 060 06.79  E
Instr = Sippican Deep Blue,	Card Type = Sippican MK-21,	
Wind Instr = ,	Measur Method = 
Probe Serial Num = -1,	Ship Dir = -1,	Ship Speed = -1.00
Wind Dir = 301,	Wind Speed = 40.20
Dry Bulb Temp = 8.30,	Total Water Depth = -1.00

Full Resolution Values
Depth,	 Temp
0.67,	5.7600
1.34,	5.4600
2.01,	5.4000
2.68,	5.3800
3.34,	5.3800
4.01,	5.3800
4.68,	5.3600
5.35,	5.3700
6.02,	5.3800
6.69,	5.3800
7.36,	5.3700
8.03,	5.3300
8.69,	5.2900
9.36,	5.3200
10.03,	5.3700
10.70,	5.3700
11.37,	5.3700
12.04,	5.3700
12.70,	5.3600
13.37,	5.3600
14.04,	5.3600
14.71,	5.3600
15.38,	5.3600
16.05,	5.3600
16.71,	5.3600
17.38,	5.3600
18.05,	5.3600
18.72,	5.3600
19.38,	5.3600
20.05,	5.3600
20.72,	5.3600
21.39,	5.3600
22.06,	5.3600
22.72,	5.3600
23.39,	5.3600
24.06,	5.3600
24.73,	5.3500
25.39,	5.3500
26.06,	5.3600
26.73,	5.3600
27.40,	5.3600
28.06,	5.3600
28.73,	5.3500
29.40,	5.3500
30.06,	5.3500
30.73,	5.3500
31.40,	5.3600
32.06,	5.3600
32.73,	5.3500
33.40,	5.3500
34.07,	5.3600
34.73,	5.3600
35.40,	5.3600
36.07,	5.3500
36.73,	5.3500
37.40,	5.3500
38.07,	5.3500
38.73,	5.3500
39.40,	5.3500
40.06,	5.3500
40.73,	5.3600
41.40,	5.3500
42.06,	5.3500
42.73,	5.3500
43.40,	5.3500
44.06,	5.3500
44.73,	5.3500
45.39,	5.3500
46.06,	5.3500
46.73,	5.3500
47.39,	5.3500
48.06,	5.3400
48.72,	5.3400
49.39,	5.3400
50.06,	5.3400
50.72,	5.3500
51.39,	5.3500
52.05,	5.3500
52.72,	5.3500
53.38,	5.3500
54.05,	5.3400
54.71,	5.3400
55.38,	5.3300
56.05,	5.3400
56.71,	5.3400
57.38,	5.3300
58.04,	5.3200
58.71,	5.3100
59.37,	5.3100
60.04,	5.3000
60.70,	5.2900
61.37,	5.2700
62.03,	5.2400
62.70,	5.1900
63.36,	5.1200
64.03,	5.0800
64.69,	5.0500
65.36,	5.0300
66.02,	4.9700
66.69,	4.9300
67.35,	4.9100
68.01,	4.8700
68.68,	4.8100
69.34,	4.7600
70.01,	4.7100
70.67,	4.6600
71.34,	4.6300
72.00,	4.6000
72.66,	4.5800
73.33,	4.5600
73.99,	4.5500
74.66,	4.5400
75.32,	4.5200
75.98,	4.5100
76.65,	4.5000
77.31,	4.4900
77.98,	4.4800
78.64,	4.4400
79.30,	4.4000
79.97,	4.3700
80.63,	4.3500
81.30,	4.3300
81.96,	4.3200
82.62,	4.3000
83.29,	4.2900
83.95,	4.2800
84.61,	4.2800
85.28,	4.2700
85.94,	4.2700
86.60,	4.2600
87.27,	4.2600
87.93,	4.2500
88.59,	4.2500
89.26,	4.2500
89.92,	4.2400
90.58,	4.2400
91.24,	4.2400
91.91,	4.2300
92.57,	4.2300
93.23,	4.2300
93.90,	4.2300
94.56,	4.2300
95.22,	4.2200
95.88,	4.2100
96.55,	4.2000
97.21,	4.1900
97.87,	4.1900
98.53,	4.1800
99.20,	4.1800
99.86,	4.1700
100.52,	4.1700
101.18,	4.1600
101.85,	4.1500
102.51,	4.1500
103.17,	4.1400
103.83,	4.1400
104.49,	4.1300
105.16,	4.1300
105.82,	4.1200
106.48,	4.1200
107.14,	4.1100
107.80,	4.1000
108.47,	4.1000
109.13,	4.1000
109.79,	4.0900
110.45,	4.0900
111.11,	4.0800
111.77,	4.0700
112.44,	4.0600
113.10,	4.0600
113.76,	4.0500
114.42,	4.0500
115.08,	4.0400
115.74,	4.0400
116.40,	4.0400
117.06,	4.0400
117.73,	4.0400
118.39,	4.0300
119.05,	4.0300
119.71,	4.0300
120.37,	4.0200
121.03,	4.0200
121.69,	4.0200
122.35,	4.0100
123.01,	4.0100
123.67,	4.0200
124.33,	4.0100
125.00,	4.0200
125.66,	4.0200
126.32,	4.0100
126.98,	4.0100
127.64,	4.0100
128.30,	4.0100
128.96,	4.0000
129.62,	4.0000
130.28,	4.0000
130.94,	4.0000
131.60,	4.0000
132.26,	4.0100
132.92,	4.0100
133.58,	4.0000
134.24,	4.0000
134.90,	3.9900
135.56,	3.9900
136.22,	3.9900
136.88,	3.9900
137.54,	3.9900
138.20,	3.9900
138.86,	3.9900
139.52,	3.9900
140.18,	3.9900
140.84,	3.9900
141.50,	3.9900
142.16,	3.9900
142.82,	3.9800
143.48,	3.9700
144.14,	3.9600
144.79,	3.9400
145.45,	3.9300
146.11,	3.9300
146.77,	3.9200
147.43,	3.9200
148.09,	3.9200
148.75,	3.9200
149.41,	3.9100
150.07,	3.9100
150.73,	3.9100
151.39,	3.9000
152.04,	3.8700
152.70,	3.8400
153.36,	3.8300
154.02,	3.8300
154.68,	3.8200
155.34,	3.8200
156.00,	3.8100
156.65,	3.8100
157.31,	3.8000
157.97,	3.8000
158.63,	3.8000
159.29,	3.8000
159.95,	3.7900
160.60,	3.7800
161.26,	3.7800
161.92,	3.7800
162.58,	3.7700
163.24,	3.7700
163.90,	3.7700
164.55,	3.7700
165.21,	3.7700
165.87,	3.7700
166.53,	3.7700
167.18,	3.7700
167.84,	3.7700
168.50,	3.7700
169.16,	3.7700
169.82,	3.7700
170.47,	3.7700
171.13,	3.7600
171.79,	3.7500
172.44,	3.7500
173.10,	3.7500
173.76,	3.7400
174.42,	3.7300
175.07,	3.7200
175.73,	3.7200
176.39,	3.7100
177.05,	3.7000
177.70,	3.7000
178.36,	3.7000
179.02,	3.6900
179.67,	3.6700
180.33,	3.6600
180.99,	3.6600
181.64,	3.6600
182.30,	3.6600
182.96,	3.6600
183.61,	3.6500
184.27,	3.6400
184.93,	3.6300
185.58,	3.6200
186.24,	3.6200
186.90,	3.6200
187.55,	3.6100
188.21,	3.6100
188.87,	3.6000
189.52,	3.6100
190.18,	3.6100
190.83,	3.6000
191.49,	3.6000
192.15,	3.6000
192.80,	3.6000
193.46,	3.6000
194.11,	3.5900
194.77,	3.5900
195.43,	3.5900
196.08,	3.5900
196.74,	3.5900
197.39,	3.5900
198.05,	3.5900
198.70,	3.5800
199.36,	3.5800
200.02,	3.5800
200.67,	3.5800
201.33,	3.5800
201.98,	3.5800
202.64,	3.5700
203.29,	3.5700
203.95,	3.5700
204.60,	3.5600
205.26,	3.5600
205.91,	3.5600
206.57,	3.5600
207.22,	3.5500
207.88,	3.5500
208.53,	3.5400
209.19,	3.5400
209.84,	3.5500
210.50,	3.5400
211.15,	3.5400
211.81,	3.5400
212.46,	3.5400
213.12,	3.5300
213.77,	3.5300
214.43,	3.5200
215.08,	3.5000
215.74,	3.5000
216.39,	3.4900
217.04,	3.4900
217.70,	3.4900
218.35,	3.4900
219.01,	3.4800
219.66,	3.4800
220.32,	3.4700
220.97,	3.4700
221.62,	3.4700
222.28,	3.4600
222.93,	3.4600
223.59,	3.4500
224.24,	3.4400
224.89,	3.4200
225.55,	3.4100
226.20,	3.4100
226.85,	3.4100
227.51,	3.4100
228.16,	3.4100
228.81,	3.4100
229.47,	3.4100
230.12,	3.4100
230.78,	3.4100
231.43,	3.4200
232.08,	3.4200
232.74,	3.4200
233.39,	3.4200
234.04,	3.4200
234.69,	3.4100
235.35,	3.4100
236.00,	3.4100
236.65,	3.4000
237.31,	3.4000
237.96,	3.4000
238.61,	3.3800
239.27,	3.3700
239.92,	3.3600
240.57,	3.3500
241.22,	3.3400
241.88,	3.3200
242.53,	3.3200
243.18,	3.3200
243.83,	3.3200
244.49,	3.3000
245.14,	3.2700
245.79,	3.2600
246.44,	3.2700
247.10,	3.3000
247.75,	3.3500
248.40,	3.4200
249.05,	3.4700
249.70,	3.4700
250.36,	3.4700
251.01,	3.4700
251.66,	3.4800
252.31,	3.4800
252.96,	3.4700
253.62,	3.4700
254.27,	3.4700
254.92,	3.4700
255.57,	3.4700
256.22,	3.4700
256.88,	3.4800
257.53,	3.4900
258.18,	3.5000
258.83,	3.5000
259.48,	3.5100
260.13,	3.5100
260.78,	3.5100
261.44,	3.5100
262.09,	3.5100
262.74,	3.5200
263.39,	3.5200
264.04,	3.5200
264.69,	3.5200
265.34,	3.5200
265.99,	3.5300
266.64,	3.5500
267.29,	3.5700
267.95,	3.5600
268.60,	3.5400
269.25,	3.5400
269.90,	3.5600
270.55,	3.6000
271.20,	3.6200
271.85,	3.6300
272.50,	3.6400
273.15,	3.6500
273.80,	3.6500
274.45,	3.6400
275.10,	3.6400
275.75,	3.6400
276.40,	3.6400
277.05,	3.6300
277.70,	3.6100
278.35,	3.5600
279.00,	3.5000
279.65,	3.4700
280.30,	3.4600
280.95,	3.4500
281.60,	3.4500
282.25,	3.4500
282.90,	3.4400
283.55,	3.4400
284.20,	3.4400
284.85,	3.4300
285.50,	3.4300
286.15,	3.4500
286.80,	3.4600
287.45,	3.4600
288.10,	3.4500
288.75,	3.4600
289.40,	3.4600
290.05,	3.4700
290.70,	3.4700
291.35,	3.4800
292.00,	3.4800
292.64,	3.4800
293.29,	3.4800
293.94,	3.4800
294.59,	3.4800
295.24,	3.4800
295.89,	3.4800
296.54,	3.4800
297.19,	3.4800
297.84,	3.4800
298.49,	3.4800
299.13,	3.4800
299.78,	3.4800
300.43,	3.4700
301.08,	3.4700
301.73,	3.4700
302.38,	3.4700
303.02,	3.4700
303.67,	3.4700
304.32,	3.4800
304.97,	3.4800
305.62,	3.4800
306.27,	3.4800
306.91,	3.4800
307.56,	3.4800
308.21,	3.4800
308.86,	3.4800
309.51,	3.4800
310.15,	3.4700
310.80,	3.4700
311.45,	3.4700
312.10,	3.4800
312.75,	3.4800
313.39,	3.4900
314.04,	3.4900
314.69,	3.5000
315.34,	3.5000
315.98,	3.5100
316.63,	3.5200
317.28,	3.5300
317.93,	3.5300
318.57,	3.5400
319.22,	3.5400
319.87,	3.5500
320.52,	3.5500
321.16,	3.5400
321.81,	3.5100
322.46,	3.4900
323.10,	3.4900
323.75,	3.4800
324.40,	3.4800
325.04,	3.4800
325.69,	3.4800
326.34,	3.4800
326.99,	3.4700
327.63,	3.4700
328.28,	3.4700
328.93,	3.4700
329.57,	3.4800
330.22,	3.4700
330.86,	3.4700
331.51,	3.4800
332.16,	3.4700
332.80,	3.4700
333.45,	3.4800
334.10,	3.4700
334.74,	3.4800
335.39,	3.4800
336.03,	3.4800
336.68,	3.4800
337.33,	3.4800
337.97,	3.4800
338.62,	3.4800
339.26,	3.4700
339.91,	3.4700
340.56,	3.4700
341.20,	3.4700
341.85,	3.4700
342.49,	3.4600
343.14,	3.4600
343.78,	3.4600
344.43,	3.4500
345.08,	3.4600
345.72,	3.4600
346.37,	3.4500
347.01,	3.4400
347.66,	3.4400
348.30,	3.4400
348.95,	3.4400
349.59,	3.4500
350.24,	3.4500
350.88,	3.4500
351.53,	3.4500
352.17,	3.4500
352.82,	3.4500
353.46,	3.4500
354.11,	3.4500
354.75,	3.4500
355.40,	3.4500
356.04,	3.4500
356.69,	3.4600
357.33,	3.4600
357.98,	3.4600
358.62,	3.4600
359.27,	3.4600
359.91,	3.4600
360.55,	3.4600
361.20,	3.4600
361.84,	3.4500
362.49,	3.4600
363.13,	3.4500
363.78,	3.4500
364.42,	3.4600
365.06,	3.4600
365.71,	3.4600
366.35,	3.4600
367.00,	3.4500
367.64,	3.4500
368.28,	3.4500
368.93,	3.4500
369.57,	3.4500
370.22,	3.4500
370.86,	3.4500
371.50,	3.4500
372.15,	3.4500
372.79,	3.4500
373.43,	3.4400
374.08,	3.4400
374.72,	3.4400
375.36,	3.4300
376.01,	3.4300
376.65,	3.4300
377.29,	3.4300
377.94,	3.4200
378.58,	3.4100
379.22,	3.4100
379.87,	3.4000
380.51,	3.4000
381.15,	3.4000
381.79,	3.4000
382.44,	3.4000
383.08,	3.4000
383.72,	3.4000
384.37,	3.4000
385.01,	3.4000
385.65,	3.3900
386.29,	3.3900
386.94,	3.3900
387.58,	3.3900
388.22,	3.3800
388.86,	3.3800
389.51,	3.3800
390.15,	3.3800
390.79,	3.3700
391.43,	3.3700
392.08,	3.3700
392.72,	3.3700
393.36,	3.3700
394.00,	3.3600
394.64,	3.3600
395.29,	3.3500
395.93,	3.3400
396.57,	3.3300
397.21,	3.3300
397.85,	3.3300
398.50,	3.3300
399.14,	3.3200
399.78,	3.3200
400.42,	3.3200
401.06,	3.3100
401.70,	3.3100
402.34,	3.3100
402.99,	3.3100
403.63,	3.3100
404.27,	3.3100
404.91,	3.3100
405.55,	3.3100
406.19,	3.3100
406.83,	3.3000
407.48,	3.3000
408.12,	3.3100
408.76,	3.3100
409.40,	3.3100
410.04,	3.3000
410.68,	3.3000
411.32,	3.2900
411.96,	3.2900
412.60,	3.2900
413.24,	3.2900
413.88,	3.2900
414.52,	3.2900
415.17,	3.2800
415.81,	3.2800
416.45,	3.2700
417.09,	3.2700
417.73,	3.2700
418.37,	3.2700
419.01,	3.2600
419.65,	3.2600
420.29,	3.2600
420.93,	3.2600
421.57,	3.2500
422.21,	3.2500
422.85,	3.2400
423.49,	3.2400
424.13,	3.2300
424.77,	3.2200
425.41,	3.2200
426.05,	3.2200
426.69,	3.2200
427.33,	3.2200
427.97,	3.2200
428.61,	3.2200
429.25,	3.2100
429.89,	3.2100
430.53,	3.2100
431.17,	3.2000
431.80,	3.2000
432.44,	3.2000
433.08,	3.2000
433.72,	3.2000
434.36,	3.2000
435.00,	3.2000
435.64,	3.2000
436.28,	3.2000
436.92,	3.2000
437.56,	3.2000
438.20,	3.2000
438.84,	3.2000
439.47,	3.2000
440.11,	3.1900
440.75,	3.1900
441.39,	3.1900
442.03,	3.1900
442.67,	3.1800
443.31,	3.1800
443.95,	3.1800
444.58,	3.1800
445.22,	3.1800
445.86,	3.1800
446.50,	3.1700
447.14,	3.1600
447.78,	3.1600
448.41,	3.1600
449.05,	3.1600
449.69,	3.1600
450.33,	3.1500
450.97,	3.1500
451.60,	3.1500
452.24,	3.1500
452.88,	3.1500
453.52,	3.1500
454.16,	3.1500
454.79,	3.1500
455.43,	3.1600
456.07,	3.1600
456.71,	3.1600
457.35,	3.1600
457.98,	3.1600
458.62,	3.1600
459.26,	3.1600
459.90,	3.1600
460.53,	3.1600
461.17,	3.1600
461.81,	3.1600
462.44,	3.1600
463.08,	3.1500
463.72,	3.1500
464.36,	3.1500
464.99,	3.1500
465.63,	3.1400
466.27,	3.1400
466.90,	3.1400
467.54,	3.1400
468.18,	3.1400
468.81,	3.1400
469.45,	3.1400
470.09,	3.1400
470.72,	3.1400
471.36,	3.1300
472.00,	3.1300
472.63,	3.1300
473.27,	3.1300
473.91,	3.1300
474.54,	3.1300
475.18,	3.1300
475.82,	3.1300
476.45,	3.1300
477.09,	3.1300
477.73,	3.1200
478.36,	3.1200
479.00,	3.1200
479.63,	3.1200
480.27,	3.1200
480.91,	3.1100
481.54,	3.1100
482.18,	3.1100
482.81,	3.1100
483.45,	3.1100
484.08,	3.1000
484.72,	3.1000
485.36,	3.1000
485.99,	3.1000
486.63,	3.0900
487.26,	3.0900
487.90,	3.0900
488.53,	3.0800
489.17,	3.0800
489.80,	3.0700
490.44,	3.0700
491.07,	3.0700
491.71,	3.0700
492.34,	3.0700
492.98,	3.0700
493.62,	3.0600
494.25,	3.0500
494.89,	3.0500
495.52,	3.0500
496.15,	3.0500
496.79,	3.0500
497.42,	3.0400
498.06,	3.0400
498.69,	3.0400
499.33,	3.0400
499.96,	3.0400
500.60,	3.0400
501.23,	3.0400
501.87,	3.0300
502.50,	3.0300
503.14,	3.0300
503.77,	3.0300
504.40,	3.0300
505.04,	3.0300
505.67,	3.0300
506.31,	3.0300
506.94,	3.0300
507.57,	3.0200
508.21,	3.0200
508.84,	3.0200
509.48,	3.0200
510.11,	3.0200
510.74,	3.0200
511.38,	3.0200
512.01,	3.0200
512.65,	3.0200
513.28,	3.0200
513.91,	3.0100
514.55,	3.0100
515.18,	3.0100
515.81,	3.0100
516.45,	3.0100
517.08,	3.0100
517.71,	3.0100
518.35,	3.0000
518.98,	3.0000
519.61,	3.0000
520.25,	2.9900
520.88,	2.9900
521.51,	2.9900
522.15,	2.9900
522.78,	2.9900
523.41,	2.9900
524.04,	2.9900
524.68,	2.9800
525.31,	2.9800
525.94,	2.9800
526.58,	2.9800
527.21,	2.9700
527.84,	2.9700
528.47,	2.9700
529.11,	2.9700
529.74,	2.9700
530.37,	2.9700
531.00,	2.9700
531.64,	2.9700
532.27,	2.9700
532.90,	2.9700
533.53,	2.9700
534.17,	2.9700
534.80,	2.9700
535.43,	2.9700
536.06,	2.9700
536.69,	2.9700
537.33,	2.9700
537.96,	2.9700
538.59,	2.9700
539.22,	2.9700
539.85,	2.9700
540.48,	2.9700
541.12,	2.9800
541.75,	2.9700
542.38,	2.9800
543.01,	2.9700
543.64,	2.9800
544.27,	2.9700
544.91,	2.9700
545.54,	2.9700
546.17,	2.9700
546.80,	2.9700
547.43,	2.9700
548.06,	2.9600
548.69,	2.9600
549.32,	2.9600
549.95,	2.9600
550.59,	2.9600
551.22,	2.9500
551.85,	2.9500
552.48,	2.9500
553.11,	2.9500
553.74,	2.9500
554.37,	2.9500
555.00,	2.9500
555.63,	2.9500
556.26,	2.9400
556.89,	2.9400
557.52,	2.9400
558.15,	2.9400
558.78,	2.9400
559.42,	2.9400
560.05,	2.9400
560.68,	2.9400
561.31,	2.9400
561.94,	2.9400
562.57,	2.9400
563.20,	2.9400
563.83,	2.9400
564.46,	2.9400
565.09,	2.9400
565.72,	2.9300
566.35,	2.9300
566.98,	2.9200
567.61,	2.9200
568.24,	2.9100
568.87,	2.9100
569.50,	2.9100
570.12,	2.9100
570.75,	2.9100
571.38,	2.9100
572.01,	2.9000
572.64,	2.9100
573.27,	2.9100
573.90,	2.9100
574.53,	2.9100
575.16,	2.9100
575.79,	2.9100
576.42,	2.9100
577.05,	2.9100
577.68,	2.9100
578.31,	2.9100
578.93,	2.9100
579.56,	2.9100
580.19,	2.9100
580.82,	2.9100
581.45,	2.9100
582.08,	2.9100
582.71,	2.9100
583.34,	2.9100
583.97,	2.9100
584.59,	2.9100
585.22,	2.9100
585.85,	2.9100
586.48,	2.9100
587.11,	2.9100
587.74,	2.9100
588.36,	2.9100
588.99,	2.9100
589.62,	2.9100
590.25,	2.9100
590.88,	2.9100
591.50,	2.9000
592.13,	2.9000
592.76,	2.9100
593.39,	2.9000
594.02,	2.9100
594.64,	2.9100
595.27,	2.9000
595.90,	2.9000
596.53,	2.9000
597.16,	2.9000
597.78,	2.9000
598.41,	2.9000
599.04,	2.9000
599.67,	2.9000
600.29,	2.9000
600.92,	2.9000
601.55,	2.9000
602.18,	2.9000
602.80,	2.9000
603.43,	2.9000
604.06,	2.9000
604.68,	2.9000
605.31,	2.9000
605.94,	2.9000
606.57,	2.9100
607.19,	2.9200
607.82,	2.9200
608.45,	2.9300
609.07,	2.9300
609.70,	2.9400
610.33,	2.9400
610.95,	2.9400
611.58,	2.9500
612.21,	2.9500
612.83,	2.9500
613.46,	2.9600
614.09,	2.9600
614.71,	2.9600
615.34,	2.9600
615.97,	2.9600
616.59,	2.9600
617.22,	2.9600
617.84,	2.9600
618.47,	2.9600
619.10,	2.9500
619.72,	2.9500
620.35,	2.9500
620.97,	2.9500
621.60,	2.9500
622.23,	2.9500
622.85,	2.9400
623.48,	2.9400
624.10,	2.9400
624.73,	2.9400
625.35,	2.9400
625.98,	2.9400
626.61,	2.9400
627.23,	2.9400
627.86,	2.9400
628.48,	2.9400
629.11,	2.9400
629.73,	2.9400
630.36,	2.9400
630.98,	2.9400
631.61,	2.9400
632.23,	2.9500
632.86,	2.9600
633.48,	2.9600
634.11,	2.9700
634.73,	2.9800
635.36,	2.9900
635.98,	2.9900
636.61,	2.9900
637.23,	2.9900
637.86,	2.9800
638.48,	2.9900
639.11,	2.9900
639.73,	2.9800
640.36,	2.9800
640.98,	2.9800
641.61,	2.9800
642.23,	2.9800
642.85,	2.9800
643.48,	2.9800
644.10,	2.9800
644.73,	2.9800
645.35,	2.9800
645.98,	2.9700
646.60,	2.9700
647.22,	2.9700
647.85,	2.9700
648.47,	2.9700
649.10,	2.9700
649.72,	2.9700
650.34,	2.9700
650.97,	2.9600
651.59,	2.9600
652.22,	2.9600
652.84,	2.9600
653.46,	2.9600
654.09,	2.9600
654.71,	2.9600
655.33,	2.9600
655.96,	2.9600
656.58,	2.9600
657.20,	2.9600
657.83,	2.9500
658.45,	2.9500
659.07,	2.9500
659.70,	2.9500
660.32,	2.9500
660.94,	2.9600
661.57,	2.9600
662.19,	2.9700
662.81,	2.9700
663.43,	2.9700
664.06,	2.9700
664.68,	2.9700
665.30,	2.9700
665.93,	2.9700
666.55,	2.9800
667.17,	2.9700
667.79,	2.9700
668.42,	2.9700
669.04,	2.9700
669.66,	2.9700
670.28,	2.9700
670.91,	2.9700
671.53,	2.9700
672.15,	2.9700
672.77,	2.9700
673.39,	2.9700
674.02,	2.9700
674.64,	2.9700
675.26,	2.9700
675.88,	2.9700
676.50,	2.9700
677.13,	2.9700
677.75,	2.9700
678.37,	2.9700
678.99,	2.9700
679.61,	2.9600
680.24,	2.9600
680.86,	2.9600
681.48,	2.9600
682.10,	2.9600
682.72,	2.9600
683.34,	2.9500
683.96,	2.9500
684.59,	2.9500
685.21,	2.9500
685.83,	2.9500
686.45,	2.9400
687.07,	2.9400
687.69,	2.9400
688.31,	2.9400
688.93,	2.9400
689.56,	2.9400
690.18,	2.9400
690.80,	2.9300
691.42,	2.9300
692.04,	2.9300
692.66,	2.9300
693.28,	2.9300
693.90,	2.9300
694.52,	2.9300
695.14,	2.9300
695.76,	2.9300
696.38,	2.9300
697.00,	2.9300
697.62,	2.9200
698.25,	2.9200
698.87,	2.9200
699.49,	2.9200
700.11,	2.9200
700.73,	2.9200
701.35,	2.9200
701.97,	2.9100
702.59,	2.9100
703.21,	2.9100
703.83,	2.9100
704.45,	2.9100
705.07,	2.9100
705.69,	2.9100
706.31,	2.9100
706.93,	2.9100
707.55,	2.9100
708.17,	2.9100
708.79,	2.9100
709.40,	2.9100
710.02,	2.9100
710.64,	2.9100
711.26,	2.9100
711.88,	2.9100
712.50,	2.9000
713.12,	2.9000
713.74,	2.9000
714.36,	2.9000
714.98,	2.9000
715.60,	2.9000
716.22,	2.9000
716.84,	2.9000
717.45,	2.9000
718.07,	2.9000
718.69,	2.9000
719.31,	2.9000
719.93,	2.9000
720.55,	2.9000
721.17,	2.9000
721.79,	2.9000
722.41,	2.8900
723.02,	2.8900
723.64,	2.8900
724.26,	2.8900
724.88,	2.8900
725.50,	2.8900
726.12,	2.8900
726.73,	2.8900
727.35,	2.8900
727.97,	2.8900
728.59,	2.8800
729.21,	2.8900
729.83,	2.8900
730.44,	2.8900
731.06,	2.8900
731.68,	2.8800
732.30,	2.8800
732.92,	2.8900
733.53,	2.8800
734.15,	2.8800
734.77,	2.8800
735.39,	2.8800
736.00,	2.8800
736.62,	2.8800
737.24,	2.8800
737.86,	2.8800
738.47,	2.8800
739.09,	2.8800
739.71,	2.8900
740.33,	2.8800
740.94,	2.8800
741.56,	2.8800
742.18,	2.8800
742.79,	2.8800
743.41,	2.8800
744.03,	2.8800
744.65,	2.8800
745.26,	2.8800
745.88,	2.8800
746.50,	2.8800
747.11,	2.8800
747.73,	2.8800
748.35,	2.8800
748.96,	2.8800
749.58,	2.8800
750.20,	2.8800
750.81,	2.8800
751.43,	2.8800
752.05,	2.8800
752.66,	2.8800
753.28,	2.8800
753.90,	2.8800
754.51,	2.8800
755.13,	2.8800
755.74,	2.8800
756.36,	2.8700
756.98,	2.8700
757.59,	2.8700
758.21,	2.8800
758.82,	2.8700
759.44,	2.8700
760.06,	2.8700
760.67,	2.8700
761.29,	2.8700
761.90,	2.8700
762.52,	2.8700
763.14,	2.8700
763.75,	2.8700
764.37,	2.8700
764.98,	2.8700
765.60,	2.8700
766.21,	2.8700
766.83,	2.8700
767.44,	2.8700
768.06,	2.8700
768.67,	2.8700
769.29,	2.8700
769.90,	2.8700
770.52,	2.8700
771.14,	2.8700
771.75,	2.8700
772.37,	2.8700
772.98,	2.8700
773.59,	2.8700
774.21,	2.8700
774.82,	2.8700
775.44,	2.8700
776.05,	2.8700
776.67,	2.8700
777.28,	2.8700
777.90,	2.8700
778.51,	2.8700
779.13,	2.8700
779.74,	2.8700
780.36,	2.8700
780.97,	2.8700
781.58,	2.8700
782.20,	2.8700
782.81,	2.8700
783.43,	2.8700
784.04,	2.8700
784.66,	2.8700
785.27,	2.8700
785.88,	2.8700
786.50,	2.8700
787.11,	2.8700
787.73,	2.8700
788.34,	2.8700
788.95,	2.8700
789.57,	2.8700
790.18,	2.8700
790.79,	2.8700
791.41,	2.8700
792.02,	2.8700
792.63,	2.8700
793.25,	2.8700
793.86,	2.8700
794.47,	2.8700
795.09,	2.8700
795.70,	2.8700
796.31,	2.8700
796.93,	2.8700
797.54,	2.8700
798.15,	2.8700
798.77,	2.8700
799.38,	2.8700
799.99,	2.8700
800.61,	2.8700
801.22,	2.8700
801.83,	2.8700
802.44,	2.8700
803.06,	2.8700
803.67,	2.8700
804.28,	2.8700
804.90,	2.8700
805.51,	2.8700
806.12,	2.8700
806.73,	2.8700
807.34,	2.8700
807.96,	2.8700
808.57,	2.8700
809.18,	2.8700
809.79,	2.8700
810.41,	2.8700
811.02,	2.8700
811.63,	2.8700
812.24,	2.8700
812.85,	2.8700
813.47,	2.8700
814.08,	2.8700
814.69,	2.8700
815.30,	2.8700
815.91,	2.8700
816.53,	2.8700
817.14,	2.8600
817.75,	2.8600
818.36,	2.8600
818.97,	2.8600
819.58,	2.8600
820.20,	2.8600
820.81,	2.8600
821.42,	2.8600
822.03,	2.8600
822.64,	2.8600
823.25,	2.8600
823.86,	2.8700
824.47,	2.8600
825.09,	2.8600
825.70,	2.8600
826.31,	2.8600
826.92,	2.8600
827.53,	2.8600
828.14,	2.8600
828.75,	2.8600
829.36,	2.8600
829.97,	2.8600
830.58,	2.8600
831.19,	2.8600
831.80,	2.8600
832.42,	2.8600
833.03,	2.8600
833.64,	2.8600
834.25,	2.8600
834.86,	2.8600
835.47,	2.8600
836.08,	2.8600
836.69,	2.8600
837.30,	2.8600
837.91,	2.8600
838.52,	2.8600
839.13,	2.8600
839.74,	2.8600
840.35,	2.8600
840.96,	2.8600
841.57,	2.8600
842.18,	2.8600
842.79,	2.8600
843.40,	2.8600
844.01,	2.8600
844.62,	2.8600
845.23,	2.8600
845.84,	2.8600
846.45,	2.8600
847.06,	2.8600
847.67,	2.8600
848.27,	2.8600
848.88,	2.8600
849.49,	2.8600
850.10,	2.8600
850.71,	2.8600
851.32,	2.8600
851.93,	2.8600
852.54,	2.8600
853.15,	2.8600
853.76,	2.8600
854.37,	2.8600
854.98,	2.8600
855.58,	2.8600
856.19,	2.8600
856.80,	2.8600
857.41,	2.8600
858.02,	2.8600
858.63,	2.8500
859.24,	2.8500
859.85,	2.8500
860.45,	2.8500
861.06,	2.8500
861.67,	2.8500
862.28,	2.8500
862.89,	2.8600
863.50,	2.8600
864.10,	2.8500
864.71,	2.8500
865.32,	2.8600
865.93,	2.8600
866.54,	2.8500
867.14,	2.8500
867.75,	2.8500
868.36,	2.8500
868.97,	2.8500
869.58,	2.8500
870.18,	2.8500
870.79,	2.8500
871.40,	2.8500
872.01,	2.8500
872.61,	2.8500
873.22,	2.8500
873.83,	2.8500
874.44,	2.8500
875.04,	2.8500
875.65,	2.8500
876.26,	2.8500
876.87,	2.8500
877.47,	2.8500
878.08,	2.8500
878.69,	2.8500
879.29,	2.8500
879.90,	2.8500
880.51,	2.8500
881.12,	2.8500
881.72,	2.8500
882.33,	2.8500
882.94,	2.8500
883.54,	2.8500
884.15,	2.8500
884.76,	2.8500
885.36,	2.8500
885.97,	2.8500
886.58,	2.8500
887.18,	2.8500
887.79,	2.8500
888.40,	2.8500
889.00,	2.8500
889.61,	2.8500
890.22,	2.8500
890.82,	2.8500
891.43,	2.8500
892.03,	2.8500
892.64,	2.8400
893.25,	2.8400
893.85,	2.8400
894.46,	2.8400
895.06,	2.8400
895.67,	2.8400
896.28,	2.8400
896.88,	2.8500
897.49,	2.8500
898.09,	2.8500
898.70,	2.8500
899.30,	2.8500
899.91,	2.8500
900.52,	2.8500
901.12,	2.8500
901.73,	2.8500
902.33,	2.8400
902.94,	2.8500
903.54,	2.8500
904.15,	2.8400
904.75,	2.8400
905.36,	2.8400
905.96,	2.8500
906.57,	2.8400
907.17,	2.8500
907.78,	2.8500
908.38,	2.8500
908.99,	2.8500
909.59,	2.8500
910.20,	2.8500
910.80,	2.8500
911.41,	2.8500
912.01,	2.8500
912.62,	2.8500
913.22,	2.8500
913.83,	2.8500
914.43,	2.8500
915.03,	2.8500
915.64,	2.8500
916.24,	2.8400
916.85,	2.8500
917.45,	2.8500
918.06,	2.8500
918.66,	2.8500
919.26,	2.8500
919.87,	2.8500
920.47,	2.8500
921.08,	2.8500
921.68,	2.8500
922.28,	2.8500
922.89,	2.8500
923.49,	2.8500
924.10,	2.8500
924.70,	2.8500
925.30,	2.8500
925.91,	2.8500
926.51,	2.8400
927.11,	2.8400
927.72,	2.8400
928.32,	2.8400
928.92,	2.8400
929.53,	2.8400
930.13,	2.8400
930.74,	2.8400
931.34,	2.8400
931.94,	2.8400
932.54,	2.9200
933.15,	3.7400
933.75,	6.7200
934.35,	11.3900
934.96,	14.6100
935.56,	15.9400
936.16,	16.7200
936.77,	17.3000
937.37,	17.7800
937.97,	18.2100
938.57,	18.6000
939.18,	18.9600
939.78,	19.3900
940.38,	29.7300
940.98,	35.5000
941.59,	35.5000
942.19,	35.5000
942.79,	35.5000
943.39,	35.5000
944.00,	35.5000
944.60,	35.5000
945.20,	35.5000
945.80,	35.5000
946.40,	35.5000
947.01,	35.5000
947.61,	35.5000
948.21,	35.5000
948.81,	35.5000
949.41,	35.5000
950.02,	35.5000
950.62,	35.5000
951.22,	35.5000
951.82,	35.5000
952.42,	35.5000
953.02,	35.5000
953.63,	35.5000
954.23,	35.5000
954.83,	35.5000
955.43,	35.5000
956.03,	35.5000
956.63,	35.5000
957.24,	35.5000
957.84,	35.5000
958.44,	35.5000
959.04,	35.5000
959.64,	35.5000
960.24,	35.5000
960.84,	35.5000
961.44,	35.5000
962.04,	35.5000
962.64,	35.5000
963.25,	35.5000
963.85,	35.5000
964.45,	35.5000
965.05,	35.5000
965.65,	35.5000
966.25,	35.5000
966.85,	35.5000
967.45,	35.5000
968.05,	35.5000
968.65,	35.5000
969.25,	35.5000
969.85,	35.5000
970.45,	35.5000
971.05,	35.5000
971.65,	35.5000
972.25,	35.5000
972.85,	35.5000
973.45,	35.5000
974.05,	35.5000
974.65,	35.5000
975.25,	35.5000
975.85,	35.5000
976.45,	35.5000
977.05,	35.5000
977.65,	35.5000
978.25,	35.5000
978.85,	35.5000
979.45,	35.5000
980.05,	35.5000
980.65,	35.5000
981.25,	35.5000
981.85,	35.5000
982.45,	35.5000
983.05,	35.5000
983.65,	35.5000
984.25,	35.5000
984.85,	35.5000
985.45,	35.5000
986.04,	35.5000
986.64,	35.5000
987.24,	35.5000
987.84,	35.5000
988.44,	35.5000
989.04,	35.5000
989.64,	35.5000
990.24,	35.5000
990.84,	35.5000
991.44,	35.5000
992.03,	35.5000
992.63,	35.5000
993.23,	35.5000
993.83,	-2.5200
994.43,	-2.5200
995.03,	-2.5200
995.63,	-2.5200
996.22,	-2.5200
996.82,	-2.5200
997.42,	-2.5200
998.02,	-2.5200
998.62,	-2.5200
999.21,	-2.5200
999.81,	-2.5200
1000.41,	-2.5200
