Call Sign = ZSDA,	Ship Name = SA Agulhas,	Lloyds Num = 0
Date = 12/06/2016,	Time = 23:03,	
Latitude = 56 02.49  S,	Longitude = 000 13.19  E
Instr = Sippican Deep Blue,	Card Type = Sippican MK-21,	
Wind Instr = ,	Measur Method = 
Probe Serial Num = -1,	Ship Dir = -1,	Ship Speed = -1.00
Wind Dir = 24,	Wind Speed = 4.70
Dry Bulb Temp = -0.50,	Total Water Depth = -1.00

Full Resolution Values
Depth,	 Temp
0.67,	-0.0400
1.34,	-0.4700
2.01,	-0.5900
2.68,	-0.6400
3.34,	-0.6600
4.01,	-0.6900
4.68,	-0.7200
5.35,	-0.7400
6.02,	-0.7400
6.69,	-0.7600
7.36,	-0.7700
8.03,	-0.7700
8.69,	-0.7700
9.36,	-0.7800
10.03,	-0.7900
10.70,	-0.8000
11.37,	-0.8100
12.04,	-0.8200
12.70,	-0.8300
13.37,	-0.8300
14.04,	-0.8300
14.71,	-0.8300
15.38,	-0.8300
16.05,	-0.8400
16.71,	-0.8600
17.38,	-0.8700
18.05,	-0.8800
18.72,	-0.8800
19.38,	-0.8800
20.05,	-0.8700
20.72,	-0.8600
21.39,	-0.8500
22.06,	-0.8500
22.72,	-0.8500
23.39,	-0.8600
24.06,	-0.8600
24.73,	-0.8600
25.39,	-0.8600
26.06,	-0.8600
26.73,	-0.8500
27.40,	-0.8500
28.06,	-0.8700
28.73,	-0.9000
29.40,	-0.9500
30.06,	-1.0000
30.73,	-1.0300
31.40,	-1.0500
32.06,	-1.0600
32.73,	-1.0800
33.40,	-1.0800
34.07,	-1.0900
34.73,	-1.0900
35.40,	-1.1000
36.07,	-1.1200
36.73,	-1.1300
37.40,	-1.1400
38.07,	-1.1600
38.73,	-1.1600
39.40,	-1.1700
40.06,	-1.1900
40.73,	-1.2000
41.40,	-1.2100
42.06,	-1.2200
42.73,	-1.2300
43.40,	-1.2400
44.06,	-1.2500
44.73,	-1.2600
45.39,	-1.2800
46.06,	-1.2900
46.73,	-1.3000
47.39,	-1.3100
48.06,	-1.3100
48.72,	-1.3100
49.39,	-1.3200
50.06,	-1.3200
50.72,	-1.3300
51.39,	-1.3300
52.05,	-1.3500
52.72,	-1.3600
53.38,	-1.3800
54.05,	-1.3900
54.71,	-1.4000
55.38,	-1.4100
56.05,	-1.4100
56.71,	-1.4100
57.38,	-1.4100
58.04,	-1.4200
58.71,	-1.4300
59.37,	-1.4300
60.04,	-1.4500
60.70,	-1.4500
61.37,	-1.4600
62.03,	-1.4600
62.70,	-1.4600
63.36,	-1.4700
64.03,	-1.4700
64.69,	-1.4800
65.36,	-1.5000
66.02,	-1.5100
66.69,	-1.5300
67.35,	-1.5500
68.01,	-1.5600
68.68,	-1.5700
69.34,	-1.5800
70.01,	-1.5900
70.67,	-1.5900
71.34,	-1.5900
72.00,	-1.6000
72.66,	-1.6000
73.33,	-1.6000
73.99,	-1.6000
74.66,	-1.6000
75.32,	-1.6100
75.98,	-1.6100
76.65,	-1.6100
77.31,	-1.6100
77.98,	-1.6100
78.64,	-1.6000
79.30,	-1.6100
79.97,	-1.6100
80.63,	-1.6100
81.30,	-1.6100
81.96,	-1.6100
82.62,	-1.6100
83.29,	-1.6100
83.95,	-1.6100
84.61,	-1.6100
85.28,	-1.6100
85.94,	-1.6100
86.60,	-1.6100
87.27,	-1.6100
87.93,	-1.6100
88.59,	-1.6100
89.26,	-1.6100
89.92,	-1.6100
90.58,	-1.6100
91.24,	-1.6100
91.91,	-1.6100
92.57,	-1.6100
93.23,	-1.6100
93.90,	-1.6200
94.56,	-1.6200
95.22,	-1.6200
95.88,	-1.6200
96.55,	-1.6200
97.21,	-1.6200
97.87,	-1.6200
98.53,	-1.6200
99.20,	-1.6200
99.86,	-1.6200
100.52,	-1.6200
101.18,	-1.6200
101.85,	-1.6200
102.51,	-1.6200
103.17,	-1.6200
103.83,	-1.6200
104.49,	-1.6200
105.16,	-1.6200
105.82,	-1.6200
106.48,	-1.6200
107.14,	-1.6200
107.80,	-1.6200
108.47,	-1.6200
109.13,	-1.6200
109.79,	-1.6200
110.45,	-1.6200
111.11,	-1.6200
111.77,	-1.6100
112.44,	-1.6100
113.10,	-1.6100
113.76,	-1.6100
114.42,	-1.6100
115.08,	-1.6100
115.74,	-1.6100
116.40,	-1.6100
117.06,	-1.6000
117.73,	-1.6000
118.39,	-1.5900
119.05,	-1.5900
119.71,	-1.5800
120.37,	-1.5800
121.03,	-1.5700
121.69,	-1.5500
122.35,	-1.5400
123.01,	-1.5400
123.67,	-1.5300
124.33,	-1.5300
125.00,	-1.5200
125.66,	-1.5100
126.32,	-1.5000
126.98,	-1.4900
127.64,	-1.4900
128.30,	-1.4800
128.96,	-1.4800
129.62,	-1.4700
130.28,	-1.4600
130.94,	-1.4700
131.60,	-1.4700
132.26,	-1.4600
132.92,	-1.4400
133.58,	-1.4100
134.24,	-1.3800
134.90,	-1.3600
135.56,	-1.3400
136.22,	-1.3200
136.88,	-1.3200
137.54,	-1.3300
138.20,	-1.3300
138.86,	-1.3400
139.52,	-1.3400
140.18,	-1.3400
140.84,	-1.3300
141.50,	-1.3000
142.16,	-1.2600
142.82,	-1.2100
143.48,	-1.1800
144.14,	-1.1500
144.79,	-1.1300
145.45,	-1.1200
146.11,	-1.1100
146.77,	-1.1000
147.43,	-1.1000
148.09,	-1.0900
148.75,	-1.0900
149.41,	-1.0900
150.07,	-1.0900
150.73,	-1.0900
151.39,	-1.0900
152.04,	-1.0900
152.70,	-1.0900
153.36,	-1.1000
154.02,	-1.0900
154.68,	-1.0800
155.34,	-1.0600
156.00,	-1.0500
156.65,	-1.0400
157.31,	-1.0100
157.97,	-1.0000
158.63,	-0.9900
159.29,	-0.9900
159.95,	-0.9800
160.60,	-0.9800
161.26,	-0.9800
161.92,	-0.9800
162.58,	-0.9800
163.24,	-0.9800
163.90,	-0.9800
164.55,	-0.9900
165.21,	-0.9900
165.87,	-0.9900
166.53,	-0.9900
167.18,	-0.9900
167.84,	-0.9900
168.50,	-1.0000
169.16,	-1.0000
169.82,	-1.0000
170.47,	-1.0000
171.13,	-1.0000
171.79,	-1.0000
172.44,	-1.0000
173.10,	-1.0000
173.76,	-1.0000
174.42,	-1.0000
175.07,	-1.0000
175.73,	-1.0000
176.39,	-0.9900
177.05,	-0.9800
177.70,	-0.9600
178.36,	-0.9400
179.02,	-0.9000
179.67,	-0.8800
180.33,	-0.8800
180.99,	-0.8700
181.64,	-0.8600
182.30,	-0.8600
182.96,	-0.8500
183.61,	-0.8500
184.27,	-0.8400
184.93,	-0.8400
185.58,	-0.8400
186.24,	-0.8400
186.90,	-0.8300
187.55,	-0.8300
188.21,	-0.8200
188.87,	-0.8200
189.52,	-0.8200
190.18,	-0.8100
190.83,	-0.8100
191.49,	-0.8100
192.15,	-0.8100
192.80,	-0.8100
193.46,	-0.8000
194.11,	-0.8000
194.77,	-0.7800
195.43,	-0.7700
196.08,	-0.7600
196.74,	-0.7500
197.39,	-0.7100
198.05,	-0.6700
198.70,	-0.6500
199.36,	-0.6400
200.02,	-0.6300
200.67,	-0.6300
201.33,	-0.6300
201.98,	-0.6300
202.64,	-0.6300
203.29,	-0.6300
203.95,	-0.6300
204.60,	-0.6300
205.26,	-0.6300
205.91,	-0.6300
206.57,	-0.6300
207.22,	-0.6300
207.88,	-0.6300
208.53,	-0.6300
209.19,	-0.6300
209.84,	-0.6300
210.50,	-0.6200
211.15,	-0.6200
211.81,	-0.6000
212.46,	-0.5900
213.12,	-0.5700
213.77,	-0.5600
214.43,	-0.5400
215.08,	-0.5200
215.74,	-0.5000
216.39,	-0.4800
217.04,	-0.4300
217.70,	-0.4100
218.35,	-0.4000
219.01,	-0.3900
219.66,	-0.3800
220.32,	-0.3700
220.97,	-0.3700
221.62,	-0.3500
222.28,	-0.3500
222.93,	-0.3400
223.59,	-0.3400
224.24,	-0.3400
224.89,	-0.3300
225.55,	-0.3200
226.20,	-0.3000
226.85,	-0.2900
227.51,	-0.2700
228.16,	-0.2700
228.81,	-0.2600
229.47,	-0.2600
230.12,	-0.2600
230.78,	-0.2500
231.43,	-0.2300
232.08,	-0.2200
232.74,	-0.2200
233.39,	-0.2100
234.04,	-0.2100
234.69,	-0.2100
235.35,	-0.2100
236.00,	-0.2000
236.65,	-0.1800
237.31,	-0.1600
237.96,	-0.1500
238.61,	-0.1500
239.27,	-0.1300
239.92,	-0.1200
240.57,	-0.1100
241.22,	-0.1000
241.88,	-0.0800
242.53,	-0.0500
243.18,	0.0000
243.83,	0.0600
244.49,	0.1500
245.14,	0.2100
245.79,	0.2600
246.44,	0.2900
247.10,	0.3300
247.75,	0.3600
248.40,	0.3800
249.05,	0.4100
249.70,	0.4400
250.36,	0.4500
251.01,	0.4600
251.66,	0.4700
252.31,	0.4700
252.96,	0.4800
253.62,	0.4800
254.27,	0.4800
254.92,	0.4800
255.57,	0.4800
256.22,	0.4800
256.88,	0.4800
257.53,	0.4800
258.18,	0.4900
258.83,	0.5000
259.48,	0.5200
260.13,	0.5300
260.78,	0.5400
261.44,	0.5400
262.09,	0.5500
262.74,	0.5500
263.39,	0.5600
264.04,	0.5500
264.69,	0.5500
265.34,	0.5500
265.99,	0.5600
266.64,	0.5600
267.29,	0.5500
267.95,	0.5600
268.60,	0.5600
269.25,	0.5600
269.90,	0.5600
270.55,	0.5600
271.20,	0.5600
271.85,	0.5700
272.50,	0.5700
273.15,	0.5700
273.80,	0.5700
274.45,	0.5800
275.10,	0.5800
275.75,	0.5900
276.40,	0.5900
277.05,	0.6000
277.70,	0.6000
278.35,	0.6000
279.00,	0.6000
279.65,	0.6100
280.30,	0.6100
280.95,	0.6100
281.60,	0.6100
282.25,	0.6100
282.90,	0.6100
283.55,	0.6100
284.20,	0.6100
284.85,	0.6100
285.50,	0.6200
286.15,	0.6100
286.80,	0.6200
287.45,	0.6200
288.10,	0.6200
288.75,	0.6200
289.40,	0.6200
290.05,	0.6200
290.70,	0.6300
291.35,	0.6500
292.00,	0.6600
292.64,	0.6700
293.29,	0.6800
293.94,	0.6800
294.59,	0.6800
295.24,	0.6800
295.89,	0.6800
296.54,	0.6700
297.19,	0.6700
297.84,	0.6700
298.49,	0.6700
299.13,	0.6700
299.78,	0.6700
300.43,	0.6600
301.08,	0.6600
301.73,	0.6600
302.38,	0.6700
303.02,	0.6700
303.67,	0.6700
304.32,	0.6700
304.97,	0.6700
305.62,	0.6700
306.27,	0.6700
306.91,	0.6700
307.56,	0.6700
308.21,	0.6700
308.86,	0.6700
309.51,	0.6700
310.15,	0.6700
310.80,	0.6700
311.45,	0.6700
312.10,	0.6700
312.75,	0.6800
313.39,	0.6800
314.04,	0.6900
314.69,	0.6900
315.34,	0.6900
315.98,	0.6900
316.63,	0.6900
317.28,	0.6900
317.93,	0.6900
318.57,	0.6900
319.22,	0.6900
319.87,	0.7000
320.52,	0.7000
321.16,	0.7000
321.81,	0.7000
322.46,	0.7000
323.10,	0.7000
323.75,	0.7000
324.40,	0.6900
325.04,	0.6900
325.69,	0.7000
326.34,	0.7000
326.99,	0.7000
327.63,	0.7000
328.28,	0.7000
328.93,	0.7000
329.57,	0.7000
330.22,	0.7000
330.86,	0.7000
331.51,	0.7000
332.16,	0.7000
332.80,	0.7000
333.45,	0.7100
334.10,	0.7100
334.74,	0.7100
335.39,	0.7200
336.03,	0.7300
336.68,	0.7300
337.33,	0.7300
337.97,	0.7300
338.62,	0.7400
339.26,	0.7400
339.91,	0.7500
340.56,	0.7500
341.20,	0.7500
341.85,	0.7600
342.49,	0.7600
343.14,	0.7600
343.78,	0.7600
344.43,	0.7700
345.08,	0.7700
345.72,	0.7700
346.37,	0.7700
347.01,	0.7700
347.66,	0.7600
348.30,	0.7600
348.95,	0.7700
349.59,	0.7700
350.24,	0.7600
350.88,	0.7600
351.53,	0.7600
352.17,	0.7600
352.82,	0.7600
353.46,	0.7600
354.11,	0.7700
354.75,	0.7600
355.40,	0.7600
356.04,	0.7700
356.69,	0.7700
357.33,	0.7700
357.98,	0.7700
358.62,	0.7600
359.27,	0.7600
359.91,	0.7600
360.55,	0.7700
361.20,	0.7600
361.84,	0.7700
362.49,	0.7600
363.13,	0.7600
363.78,	0.7600
364.42,	0.7600
365.06,	0.7600
365.71,	0.7600
366.35,	0.7600
367.00,	0.7600
367.64,	0.7600
368.28,	0.7600
368.93,	0.7600
369.57,	0.7600
370.22,	0.7600
370.86,	0.7600
371.50,	0.7600
372.15,	0.7600
372.79,	0.7600
373.43,	0.7600
374.08,	0.7600
374.72,	0.7600
375.36,	0.7500
376.01,	0.7500
376.65,	0.7500
377.29,	0.7500
377.94,	0.7500
378.58,	0.7500
379.22,	0.7500
379.87,	0.7500
380.51,	0.7500
381.15,	0.7500
381.79,	0.7500
382.44,	0.7500
383.08,	0.7600
383.72,	0.7500
384.37,	0.7500
385.01,	0.7500
385.65,	0.7500
386.29,	0.7500
386.94,	0.7500
387.58,	0.7500
388.22,	0.7500
388.86,	0.7500
389.51,	0.7500
390.15,	0.7500
390.79,	0.7500
391.43,	0.7500
392.08,	0.7400
392.72,	0.7500
393.36,	0.7400
394.00,	0.7500
394.64,	0.7400
395.29,	0.7400
395.93,	0.7400
396.57,	0.7400
397.21,	0.7500
397.85,	0.7500
398.50,	0.7500
399.14,	0.7500
399.78,	0.7500
400.42,	0.7500
401.06,	0.7500
401.70,	0.7500
402.34,	0.7500
402.99,	0.7500
403.63,	0.7500
404.27,	0.7500
404.91,	0.7500
405.55,	0.7500
406.19,	0.7500
406.83,	0.7500
407.48,	0.7500
408.12,	0.7500
408.76,	0.7500
409.40,	0.7500
410.04,	0.7500
410.68,	0.7500
411.32,	0.7500
411.96,	0.7500
412.60,	0.7500
413.24,	0.7500
413.88,	0.7500
414.52,	0.7500
415.17,	0.7500
415.81,	0.7500
416.45,	0.7500
417.09,	0.7500
417.73,	0.7500
418.37,	0.7500
419.01,	0.7500
419.65,	0.7500
420.29,	0.7500
420.93,	0.7500
421.57,	0.7500
422.21,	0.7500
422.85,	0.7500
423.49,	0.7500
424.13,	0.7500
424.77,	0.7500
425.41,	0.7500
426.05,	0.7500
426.69,	0.7400
427.33,	0.7400
427.97,	0.7400
428.61,	0.7400
429.25,	0.7400
429.89,	0.7500
430.53,	0.7400
431.17,	0.7400
431.80,	0.7400
432.44,	0.7400
433.08,	0.7400
433.72,	0.7400
434.36,	0.7400
435.00,	0.7400
435.64,	0.7400
436.28,	0.7400
436.92,	0.7400
437.56,	0.7400
438.20,	0.7400
438.84,	0.7400
439.47,	0.7400
440.11,	0.7400
440.75,	0.7400
441.39,	0.7400
442.03,	0.7400
442.67,	0.7400
443.31,	0.7400
443.95,	0.7400
444.58,	0.7400
445.22,	0.7300
445.86,	0.7300
446.50,	0.7300
447.14,	0.7300
447.78,	0.7300
448.41,	0.7300
449.05,	0.7300
449.69,	0.7300
450.33,	0.7300
450.97,	0.7300
451.60,	0.7300
452.24,	0.7300
452.88,	0.7300
453.52,	0.7300
454.16,	0.7300
454.79,	0.7300
455.43,	0.7300
456.07,	0.7300
456.71,	0.7300
457.35,	0.7300
457.98,	0.7300
458.62,	0.7300
459.26,	0.7300
459.90,	0.7300
460.53,	0.7300
461.17,	0.7300
461.81,	0.7300
462.44,	0.7300
463.08,	0.7300
463.72,	0.7300
464.36,	0.7300
464.99,	0.7300
465.63,	0.7300
466.27,	0.7300
466.90,	0.7200
467.54,	0.7200
468.18,	0.7200
468.81,	0.7200
469.45,	0.7300
470.09,	0.7300
470.72,	0.7300
471.36,	0.7300
472.00,	0.7300
472.63,	0.7300
473.27,	0.7300
473.91,	0.7300
474.54,	0.7300
475.18,	0.7300
475.82,	0.7300
476.45,	0.7300
477.09,	0.7300
477.73,	0.7300
478.36,	0.7300
479.00,	0.7300
479.63,	0.7200
480.27,	0.7200
480.91,	0.7200
481.54,	0.7200
482.18,	0.7200
482.81,	0.7200
483.45,	0.7200
484.08,	0.7200
484.72,	0.7200
485.36,	0.7200
485.99,	0.7200
486.63,	0.7200
487.26,	0.7200
487.90,	0.7200
488.53,	0.7100
489.17,	0.7100
489.80,	0.7200
490.44,	0.7200
491.07,	0.7200
491.71,	0.7200
492.34,	0.7200
492.98,	0.7200
493.62,	0.7200
494.25,	0.7200
494.89,	0.7200
495.52,	0.7200
496.15,	0.7200
496.79,	0.7200
497.42,	0.7200
498.06,	0.7100
498.69,	0.7100
499.33,	0.7100
499.96,	0.7100
500.60,	0.7100
501.23,	0.7100
501.87,	0.7100
502.50,	0.7100
503.14,	0.7100
503.77,	0.7100
504.40,	0.7100
505.04,	0.7000
505.67,	0.7000
506.31,	0.7000
506.94,	0.7000
507.57,	0.7000
508.21,	0.7000
508.84,	0.7000
509.48,	0.7000
510.11,	0.7000
510.74,	0.7000
511.38,	0.7000
512.01,	0.7000
512.65,	0.7000
513.28,	0.7000
513.91,	0.7000
514.55,	0.7000
515.18,	0.7000
515.81,	0.7000
516.45,	0.7000
517.08,	0.7000
517.71,	0.7000
518.35,	0.7000
518.98,	0.7000
519.61,	0.7000
520.25,	0.7000
520.88,	0.7000
521.51,	0.7000
522.15,	0.7000
522.78,	0.7000
523.41,	0.7000
524.04,	0.7000
524.68,	0.7000
525.31,	0.7000
525.94,	0.7000
526.58,	0.7100
527.21,	0.7100
527.84,	0.7000
528.47,	0.7000
529.11,	0.7000
529.74,	0.7000
530.37,	0.7100
531.00,	0.7000
531.64,	0.7000
532.27,	0.7000
532.90,	0.7000
533.53,	0.7000
534.17,	0.7000
534.80,	0.7000
535.43,	0.7000
536.06,	0.7000
536.69,	0.7000
537.33,	0.7000
537.96,	0.6900
538.59,	0.6900
539.22,	0.6900
539.85,	0.6900
540.48,	0.7000
541.12,	0.7000
541.75,	0.7000
542.38,	0.7000
543.01,	0.7000
543.64,	0.7000
544.27,	0.7000
544.91,	0.7000
545.54,	0.7000
546.17,	0.7000
546.80,	0.7000
547.43,	0.7000
548.06,	0.7000
548.69,	0.7000
549.32,	0.7000
549.95,	0.7000
550.59,	0.7000
551.22,	0.7000
551.85,	0.7000
552.48,	0.7000
553.11,	0.7000
553.74,	0.7000
554.37,	0.7000
555.00,	0.7000
555.63,	0.7000
556.26,	0.7000
556.89,	0.7000
557.52,	0.7000
558.15,	0.7000
558.78,	0.7000
559.42,	0.7000
560.05,	0.7000
560.68,	0.7000
561.31,	0.7000
561.94,	0.7000
562.57,	0.7000
563.20,	0.7000
563.83,	0.7000
564.46,	0.7000
565.09,	0.7000
565.72,	0.7000
566.35,	0.7000
566.98,	0.7000
567.61,	0.7000
568.24,	0.7000
568.87,	0.7000
569.50,	0.7000
570.12,	0.7000
570.75,	0.7000
571.38,	0.7000
572.01,	0.7000
572.64,	0.7000
573.27,	0.7000
573.90,	0.7000
574.53,	0.6900
575.16,	0.6900
575.79,	0.6900
576.42,	0.6900
577.05,	0.6900
577.68,	0.6900
578.31,	0.6900
578.93,	0.6900
579.56,	0.6900
580.19,	0.6900
580.82,	0.6900
581.45,	0.6900
582.08,	0.6900
582.71,	0.6800
583.34,	0.6900
583.97,	0.6900
584.59,	0.6800
585.22,	0.6800
585.85,	0.6800
586.48,	0.6800
587.11,	0.6800
587.74,	0.6800
588.36,	0.6800
588.99,	0.6800
589.62,	0.6800
590.25,	0.6800
590.88,	0.6800
591.50,	0.6800
592.13,	0.6800
592.76,	0.6800
593.39,	0.6800
594.02,	0.6800
594.64,	0.6800
595.27,	0.6800
595.90,	0.6800
596.53,	0.6800
597.16,	0.6800
597.78,	0.6800
598.41,	0.6800
599.04,	0.6800
599.67,	0.6800
600.29,	0.6800
600.92,	0.6800
601.55,	0.6800
602.18,	0.6800
602.80,	0.6800
603.43,	0.6800
604.06,	0.6800
604.68,	0.6800
605.31,	0.6700
605.94,	0.6700
606.57,	0.6700
607.19,	0.6700
607.82,	0.6700
608.45,	0.6700
609.07,	0.6700
609.70,	0.6700
610.33,	0.6700
610.95,	0.6700
611.58,	0.6700
612.21,	0.6700
612.83,	0.6700
613.46,	0.6700
614.09,	0.6700
614.71,	0.6700
615.34,	0.6700
615.97,	0.6700
616.59,	0.6700
617.22,	0.6700
617.84,	0.6700
618.47,	0.6700
619.10,	0.6700
619.72,	0.6600
620.35,	0.6600
620.97,	0.6600
621.60,	0.6600
622.23,	0.6600
622.85,	0.6600
623.48,	0.6600
624.10,	0.6600
624.73,	0.6600
625.35,	0.6600
625.98,	0.6600
626.61,	0.6600
627.23,	0.6600
627.86,	0.6600
628.48,	0.6600
629.11,	0.6600
629.73,	0.6600
630.36,	0.6600
630.98,	0.6600
631.61,	0.6600
632.23,	0.6600
632.86,	0.6600
633.48,	0.6600
634.11,	0.6600
634.73,	0.6600
635.36,	0.6600
635.98,	0.6600
636.61,	0.6600
637.23,	0.6600
637.86,	0.6600
638.48,	0.6600
639.11,	0.6600
639.73,	0.6600
640.36,	0.6600
640.98,	0.6600
641.61,	0.6600
642.23,	0.6600
642.85,	0.6600
643.48,	0.6600
644.10,	0.6600
644.73,	0.6600
645.35,	0.6600
645.98,	0.6600
646.60,	0.6600
647.22,	0.6600
647.85,	0.6600
648.47,	0.6600
649.10,	0.6600
649.72,	0.6600
650.34,	0.6500
650.97,	0.6500
651.59,	0.6500
652.22,	0.6500
652.84,	0.6500
653.46,	0.6500
654.09,	0.6500
654.71,	0.6500
655.33,	0.6500
655.96,	0.6500
656.58,	0.6500
657.20,	0.6500
657.83,	0.6500
658.45,	0.6500
659.07,	0.6500
659.70,	0.6500
660.32,	0.6500
660.94,	0.6500
661.57,	0.6500
662.19,	0.6400
662.81,	0.6400
663.43,	0.6400
664.06,	0.6400
664.68,	0.6400
665.30,	0.6400
665.93,	0.6400
666.55,	0.6400
667.17,	0.6400
667.79,	0.6400
668.42,	0.6400
669.04,	0.6400
669.66,	0.6400
670.28,	0.6400
670.91,	0.6400
671.53,	0.6400
672.15,	0.6400
672.77,	0.6400
673.39,	0.6400
674.02,	0.6400
674.64,	0.6400
675.26,	0.6400
675.88,	0.6400
676.50,	0.6400
677.13,	0.6400
677.75,	0.6400
678.37,	0.6400
678.99,	0.6400
679.61,	0.6400
680.24,	0.6400
680.86,	0.6400
681.48,	0.6400
682.10,	0.6400
682.72,	0.6400
683.34,	0.6400
683.96,	0.6400
684.59,	0.6400
685.21,	0.6400
685.83,	0.6400
686.45,	0.6400
687.07,	0.6400
687.69,	0.6400
688.31,	0.6400
688.93,	0.6400
689.56,	0.6400
690.18,	0.6400
690.80,	0.6400
691.42,	0.6400
692.04,	0.6400
692.66,	0.6400
693.28,	0.6400
693.90,	0.6300
694.52,	0.6300
695.14,	0.6300
695.76,	0.6300
696.38,	0.6300
697.00,	0.6300
697.62,	0.6300
698.25,	0.6300
698.87,	0.6300
699.49,	0.6300
700.11,	0.6300
700.73,	0.6300
701.35,	0.6300
701.97,	0.6300
702.59,	0.6300
703.21,	0.6300
703.83,	0.6300
704.45,	0.6300
705.07,	0.6300
705.69,	0.6300
706.31,	0.6300
706.93,	0.6300
707.55,	0.6300
708.17,	0.6300
708.79,	0.6200
709.40,	0.6200
710.02,	0.6300
710.64,	0.6300
711.26,	0.6300
711.88,	0.6300
712.50,	0.6300
713.12,	0.6300
713.74,	0.6200
714.36,	0.6200
714.98,	0.6200
715.60,	0.6200
716.22,	0.6200
716.84,	0.6200
717.45,	0.6100
718.07,	0.6100
718.69,	0.6100
719.31,	0.6100
719.93,	0.6100
720.55,	0.6100
721.17,	0.6100
721.79,	0.6100
722.41,	0.6100
723.02,	0.6100
723.64,	0.6100
724.26,	0.6100
724.88,	0.6100
725.50,	0.6100
726.12,	0.6100
726.73,	0.6100
727.35,	0.6100
727.97,	0.6100
728.59,	0.6100
729.21,	0.6100
729.83,	0.6100
730.44,	0.6100
731.06,	0.6100
731.68,	0.6100
732.30,	0.6100
732.92,	0.6100
733.53,	0.6100
734.15,	0.6100
734.77,	0.6100
735.39,	0.6100
736.00,	0.6100
736.62,	0.6100
737.24,	0.6100
737.86,	0.6100
738.47,	0.6100
739.09,	0.6100
739.71,	0.6100
740.33,	0.6100
740.94,	0.6000
741.56,	0.6100
742.18,	0.6000
742.79,	0.6000
743.41,	0.6000
744.03,	0.6000
744.65,	0.6000
745.26,	0.6000
745.88,	0.6000
746.50,	0.6000
747.11,	0.6000
747.73,	0.6000
748.35,	0.6000
748.96,	0.6000
749.58,	0.6000
750.20,	0.6000
750.81,	0.6000
751.43,	0.6000
752.05,	0.6000
752.66,	0.6000
753.28,	0.6000
753.90,	0.6000
754.51,	0.6000
755.13,	0.6000
755.74,	0.6000
756.36,	0.6000
756.98,	0.6000
757.59,	0.6000
758.21,	0.6000
758.82,	0.6000
759.44,	0.6000
760.06,	0.6000
760.67,	0.6000
761.29,	0.6000
761.90,	0.6000
762.52,	0.6000
763.14,	0.6000
763.75,	0.6000
764.37,	0.6000
764.98,	0.6000
765.60,	0.6000
766.21,	0.6000
766.83,	0.6000
767.44,	0.6000
768.06,	0.6000
768.67,	0.6000
769.29,	0.6000
769.90,	0.6000
770.52,	0.6000
771.14,	0.6000
771.75,	0.6000
772.37,	0.6000
772.98,	0.6000
773.59,	0.6000
774.21,	0.6000
774.82,	0.6000
775.44,	0.5900
776.05,	0.6000
776.67,	0.6000
777.28,	0.6000
777.90,	0.6000
778.51,	0.6000
779.13,	0.5900
779.74,	0.5900
780.36,	0.5900
780.97,	0.5900
781.58,	0.5900
782.20,	0.5900
782.81,	0.5900
783.43,	0.5900
784.04,	0.5900
784.66,	0.5900
785.27,	0.5900
785.88,	0.5900
786.50,	0.5900
787.11,	0.5900
787.73,	0.5900
788.34,	0.5900
788.95,	0.5900
789.57,	0.5900
790.18,	0.5900
790.79,	0.5900
791.41,	0.5900
792.02,	0.5900
792.63,	0.5900
793.25,	0.5900
793.86,	0.5900
794.47,	0.5900
795.09,	0.5900
795.70,	0.5900
796.31,	0.5900
796.93,	0.5900
797.54,	0.5900
798.15,	0.5900
798.77,	0.5900
799.38,	0.5900
799.99,	0.5900
800.61,	0.5900
801.22,	0.5900
801.83,	0.5900
802.44,	0.5900
803.06,	0.5900
803.67,	0.5800
804.28,	0.5800
804.90,	0.5800
805.51,	0.5800
806.12,	0.5800
806.73,	0.5800
807.34,	0.5800
807.96,	0.5800
808.57,	0.5800
809.18,	0.5800
809.79,	0.5800
810.41,	0.5800
811.02,	0.5800
811.63,	0.5800
812.24,	0.5800
812.85,	0.5800
813.47,	0.5800
814.08,	0.5800
814.69,	0.5800
815.30,	0.5800
815.91,	0.5800
816.53,	0.5800
817.14,	0.5800
817.75,	0.5800
818.36,	0.5800
818.97,	0.5800
819.58,	0.5800
820.20,	0.5800
820.81,	0.5800
821.42,	0.5800
822.03,	0.5800
822.64,	0.5800
823.25,	0.5800
823.86,	0.5800
824.47,	0.5800
825.09,	0.5800
825.70,	0.5800
826.31,	0.5700
826.92,	0.5700
827.53,	0.5700
828.14,	0.5700
828.75,	0.5700
829.36,	0.5700
829.97,	0.5700
830.58,	0.5700
831.19,	0.5700
831.80,	0.5700
832.42,	0.5700
833.03,	0.5700
833.64,	0.5700
834.25,	0.5700
834.86,	0.5700
835.47,	0.5700
836.08,	0.5700
836.69,	0.5700
837.30,	0.5700
837.91,	0.5700
838.52,	0.5700
839.13,	0.5700
839.74,	0.5700
840.35,	0.5700
840.96,	0.5700
841.57,	0.5700
842.18,	0.5700
842.79,	0.5700
843.40,	0.5700
844.01,	0.5700
844.62,	0.5700
845.23,	0.5700
845.84,	0.5700
846.45,	0.5700
847.06,	0.5700
847.67,	0.5700
848.27,	0.5700
848.88,	0.5700
849.49,	0.5700
850.10,	0.5700
850.71,	0.5700
851.32,	0.5700
851.93,	0.5700
852.54,	0.5700
853.15,	0.5700
853.76,	0.5700
854.37,	0.5700
854.98,	0.5700
855.58,	0.5700
856.19,	0.5700
856.80,	0.5700
857.41,	0.5700
858.02,	0.5700
858.63,	0.5700
859.24,	0.5700
859.85,	0.5700
860.45,	0.5600
861.06,	0.5600
861.67,	0.5600
862.28,	0.5600
862.89,	0.5600
863.50,	0.5600
864.10,	0.5600
864.71,	0.5600
865.32,	0.5600
865.93,	0.5600
866.54,	0.5600
867.14,	0.5600
867.75,	0.5600
868.36,	0.5500
868.97,	0.5500
869.58,	0.5500
870.18,	0.5500
870.79,	0.5500
871.40,	0.5500
872.01,	0.5500
872.61,	0.5500
873.22,	0.5500
873.83,	0.5500
874.44,	0.5500
875.04,	0.5500
875.65,	0.5500
876.26,	0.5500
876.87,	0.5500
877.47,	0.5500
878.08,	0.5500
878.69,	0.5500
879.29,	0.5500
879.90,	0.5500
880.51,	0.5500
881.12,	0.5500
881.72,	0.5500
882.33,	0.5500
882.94,	0.5500
883.54,	0.5500
884.15,	0.5500
884.76,	0.5500
885.36,	0.5500
885.97,	0.5500
886.58,	0.5500
887.18,	0.5500
887.79,	0.5500
888.40,	0.5500
889.00,	0.5500
889.61,	0.5500
890.22,	0.5500
890.82,	0.5500
891.43,	0.5500
892.03,	0.5500
892.64,	0.5400
893.25,	0.5400
893.85,	0.5400
894.46,	0.5400
895.06,	0.5500
895.67,	0.5400
896.28,	0.5500
896.88,	0.5500
897.49,	0.5400
898.09,	0.5400
898.70,	0.5400
899.30,	0.5400
899.91,	0.5400
900.52,	0.5400
901.12,	0.5400
901.73,	0.5400
902.33,	0.5300
902.94,	0.5300
903.54,	0.5300
904.15,	0.5400
904.75,	0.5300
905.36,	0.5300
905.96,	0.5400
906.57,	0.5300
907.17,	0.5300
907.78,	0.5300
908.38,	0.5300
908.99,	0.5300
909.59,	0.5300
910.20,	0.5300
910.80,	0.5300
911.41,	0.5300
912.01,	0.5300
912.62,	0.5300
913.22,	0.5300
913.83,	0.5300
914.43,	0.5300
915.03,	0.5300
915.64,	0.5300
916.24,	0.5300
916.85,	0.5300
917.45,	0.5300
918.06,	0.5300
918.66,	0.5300
919.26,	0.5300
919.87,	0.5300
920.47,	0.5300
921.08,	0.5300
921.68,	0.5300
922.28,	0.5300
922.89,	0.5300
923.49,	0.5300
924.10,	0.5300
924.70,	0.5300
925.30,	0.5300
925.91,	0.5300
926.51,	0.5300
927.11,	0.5300
927.72,	0.5300
928.32,	0.5300
928.92,	0.5300
929.53,	0.6300
930.13,	2.0800
930.74,	6.8200
931.34,	12.8300
931.94,	16.3600
932.54,	17.9700
933.15,	19.1700
933.75,	20.2400
934.35,	21.2400
934.96,	22.1800
935.56,	23.0700
936.16,	23.8900
936.77,	24.6700
937.37,	25.3900
937.97,	26.0600
938.57,	26.6900
939.18,	27.2800
939.78,	27.9100
940.38,	33.6200
940.98,	35.5000
941.59,	35.5000
942.19,	35.5000
942.79,	35.5000
943.39,	35.5000
944.00,	35.5000
944.60,	35.5000
945.20,	35.5000
945.80,	35.5000
946.40,	35.5000
947.01,	35.5000
947.61,	35.5000
948.21,	35.5000
948.81,	35.5000
949.41,	35.5000
950.02,	35.5000
950.62,	35.5000
951.22,	35.5000
951.82,	35.5000
952.42,	35.5000
953.02,	35.5000
953.63,	35.5000
954.23,	35.5000
954.83,	35.5000
955.43,	35.5000
956.03,	35.5000
956.63,	35.5000
957.24,	35.5000
957.84,	35.5000
958.44,	35.5000
959.04,	35.5000
959.64,	35.5000
960.24,	35.5000
960.84,	35.5000
961.44,	35.5000
962.04,	35.5000
962.64,	35.5000
963.25,	35.5000
963.85,	35.5000
964.45,	35.5000
965.05,	35.5000
965.65,	35.5000
966.25,	35.5000
966.85,	35.5000
967.45,	35.5000
968.05,	35.5000
968.65,	35.5000
969.25,	35.5000
969.85,	35.5000
970.45,	35.5000
971.05,	35.5000
971.65,	35.5000
972.25,	35.5000
972.85,	35.5000
973.45,	35.5000
974.05,	35.5000
974.65,	35.5000
975.25,	35.5000
975.85,	35.5000
976.45,	35.5000
977.05,	35.5000
977.65,	35.5000
978.25,	35.5000
978.85,	35.5000
979.45,	35.5000
980.05,	35.5000
980.65,	35.5000
981.25,	35.5000
981.85,	35.5000
982.45,	35.5000
983.05,	35.5000
983.65,	35.5000
984.25,	35.5000
984.85,	35.5000
985.45,	35.5000
986.04,	35.5000
986.64,	35.5000
987.24,	35.5000
987.84,	35.5000
988.44,	35.5000
989.04,	35.5000
989.64,	35.5000
990.24,	35.5000
990.84,	35.5000
991.44,	35.5000
992.03,	35.5000
992.63,	35.5000
993.23,	35.5000
993.83,	35.5000
994.43,	35.5000
995.03,	35.5000
995.63,	35.5000
996.22,	35.5000
996.82,	35.5000
997.42,	14.5800
998.02,	-2.5200
998.62,	-2.5200
999.21,	-2.5200
999.81,	-2.5200
1000.41,	-2.5200
