Call Sign = ZSDA,	Ship Name = SA Agulhas,	Lloyds Num = 0
Date = 12/01/2016,	Time = 06:00,	
Latitude = 32 29.82  S,	Longitude = 016 12.17  E
Instr = Sippican Deep Blue,	Card Type = Sippican MK-21,	
Wind Instr = ,	Measur Method = 
Probe Serial Num = -1,	Ship Dir = -1,	Ship Speed = -1.00
Wind Dir = 166,	Wind Speed = 23.70
Dry Bulb Temp = 18.90,	Total Water Depth = -1.00

Full Resolution Values
Depth,	 Temp
0.67,	21.0300
1.34,	21.2900
2.01,	21.3600
2.68,	21.3900
3.34,	21.4000
4.01,	21.4100
4.68,	21.3900
5.35,	21.3900
6.02,	21.4000
6.69,	21.3900
7.36,	21.3900
8.03,	21.3800
8.69,	21.3900
9.36,	21.3900
10.03,	21.3900
10.70,	21.3900
11.37,	21.3900
12.04,	21.3900
12.70,	21.3900
13.37,	21.3800
14.04,	21.3800
14.71,	21.3800
15.38,	21.3800
16.05,	21.3800
16.71,	21.3800
17.38,	21.3700
18.05,	21.3500
18.72,	21.3400
19.38,	21.3300
20.05,	21.3100
20.72,	21.2500
21.39,	21.1400
22.06,	21.0200
22.72,	20.9100
23.39,	20.7200
24.06,	20.4900
24.73,	20.3100
25.39,	20.1900
26.06,	20.0600
26.73,	19.8800
27.40,	19.6100
28.06,	19.4400
28.73,	19.3000
29.40,	19.2000
30.06,	19.1500
30.73,	19.1300
31.40,	19.1200
32.06,	19.1100
32.73,	19.0700
33.40,	19.0400
34.07,	19.0000
34.73,	18.9400
35.40,	18.8600
36.07,	18.7900
36.73,	18.6900
37.40,	18.5800
38.07,	18.4700
38.73,	18.4100
39.40,	18.3800
40.06,	18.3500
40.73,	18.3200
41.40,	18.2900
42.06,	18.2600
42.73,	18.2300
43.40,	18.2200
44.06,	18.2000
44.73,	18.1700
45.39,	18.1400
46.06,	18.1300
46.73,	18.1100
47.39,	18.0800
48.06,	18.0200
48.72,	17.9200
49.39,	17.8000
50.06,	17.6900
50.72,	17.6100
51.39,	17.5500
52.05,	17.4400
52.72,	17.2800
53.38,	17.2000
54.05,	17.1400
54.71,	17.0900
55.38,	17.0300
56.05,	16.9700
56.71,	16.9000
57.38,	16.8300
58.04,	16.7700
58.71,	16.7200
59.37,	16.6300
60.04,	16.5400
60.70,	16.4900
61.37,	16.4500
62.03,	16.3800
62.70,	16.3200
63.36,	16.2800
64.03,	16.2500
64.69,	16.2400
65.36,	16.1800
66.02,	16.0800
66.69,	16.0100
67.35,	15.8900
68.01,	15.7100
68.68,	15.6100
69.34,	15.5600
70.01,	15.5300
70.67,	15.4600
71.34,	15.3800
72.00,	15.3200
72.66,	15.3000
73.33,	15.3000
73.99,	15.3100
74.66,	15.3100
75.32,	15.2900
75.98,	15.2400
76.65,	15.2100
77.31,	15.2100
77.98,	15.1800
78.64,	15.1300
79.30,	15.1000
79.97,	15.0900
80.63,	15.0700
81.30,	15.0400
81.96,	15.0100
82.62,	14.9500
83.29,	14.8600
83.95,	14.8300
84.61,	14.8100
85.28,	14.7700
85.94,	14.6900
86.60,	14.5900
87.27,	14.4900
87.93,	14.4300
88.59,	14.3700
89.26,	14.3300
89.92,	14.3100
90.58,	14.2900
91.24,	14.2700
91.91,	14.2600
92.57,	14.2500
93.23,	14.2400
93.90,	14.2400
94.56,	14.2300
95.22,	14.2100
95.88,	14.2000
96.55,	14.1900
97.21,	14.1700
97.87,	14.1400
98.53,	14.1100
99.20,	14.0600
99.86,	14.0200
100.52,	14.0000
101.18,	14.0000
101.85,	13.9900
102.51,	13.9700
103.17,	13.9500
103.83,	13.9400
104.49,	13.9200
105.16,	13.9300
105.82,	13.9400
106.48,	13.9400
107.14,	13.9100
107.80,	13.8800
108.47,	13.8500
109.13,	13.8100
109.79,	13.8100
110.45,	13.8300
111.11,	13.8400
111.77,	13.8400
112.44,	13.8300
113.10,	13.8300
113.76,	13.8200
114.42,	13.8100
115.08,	13.8000
115.74,	13.7800
116.40,	13.7800
117.06,	13.7900
117.73,	13.8000
118.39,	13.7800
119.05,	13.7400
119.71,	13.6900
120.37,	13.6500
121.03,	13.6300
121.69,	13.6000
122.35,	13.5700
123.01,	13.5200
123.67,	13.4400
124.33,	13.3900
125.00,	13.3800
125.66,	13.4000
126.32,	13.4200
126.98,	13.4400
127.64,	13.4500
128.30,	13.4600
128.96,	13.4500
129.62,	13.4400
130.28,	13.4200
130.94,	13.4000
131.60,	13.3800
132.26,	13.3600
132.92,	13.3200
133.58,	13.2800
134.24,	13.2500
134.90,	13.2300
135.56,	13.2200
136.22,	13.2200
136.88,	13.2200
137.54,	13.2200
138.20,	13.2100
138.86,	13.2100
139.52,	13.2000
140.18,	13.1800
140.84,	13.1500
141.50,	13.1100
142.16,	13.0800
142.82,	13.0600
143.48,	13.0500
144.14,	13.0500
144.79,	13.0400
145.45,	13.0200
146.11,	13.0000
146.77,	12.9700
147.43,	12.9200
148.09,	12.8800
148.75,	12.8500
149.41,	12.8200
150.07,	12.7900
150.73,	12.7400
151.39,	12.6900
152.04,	12.6600
152.70,	12.6300
153.36,	12.6100
154.02,	12.6000
154.68,	12.5800
155.34,	12.5500
156.00,	12.5200
156.65,	12.5000
157.31,	12.4700
157.97,	12.4600
158.63,	12.4400
159.29,	12.4200
159.95,	12.4000
160.60,	12.3900
161.26,	12.3700
161.92,	12.3700
162.58,	12.3700
163.24,	12.3700
163.90,	12.3700
164.55,	12.3700
165.21,	12.3800
165.87,	12.3900
166.53,	12.4100
167.18,	12.4400
167.84,	12.4700
168.50,	12.4900
169.16,	12.5000
169.82,	12.5100
170.47,	12.5200
171.13,	12.5300
171.79,	12.5300
172.44,	12.5400
173.10,	12.5400
173.76,	12.5400
174.42,	12.5400
175.07,	12.5200
175.73,	12.5000
176.39,	12.5000
177.05,	12.4900
177.70,	12.4900
178.36,	12.4900
179.02,	12.4800
179.67,	12.4800
180.33,	12.4700
180.99,	12.4700
181.64,	12.4600
182.30,	12.4500
182.96,	12.4100
183.61,	12.3600
184.27,	12.3300
184.93,	12.3200
185.58,	12.3300
186.24,	12.3200
186.90,	12.2900
187.55,	12.2400
188.21,	12.2000
188.87,	12.1700
189.52,	12.1500
190.18,	12.1400
190.83,	12.1200
191.49,	12.1100
192.15,	12.1100
192.80,	12.1100
193.46,	12.1100
194.11,	12.1100
194.77,	12.1100
195.43,	12.1000
196.08,	12.1000
196.74,	12.0900
197.39,	12.0800
198.05,	12.0500
198.70,	12.0200
199.36,	11.9900
200.02,	11.9700
200.67,	11.9600
201.33,	11.9500
201.98,	11.9500
202.64,	11.9400
203.29,	11.9400
203.95,	11.9300
204.60,	11.9100
205.26,	11.8900
205.91,	11.8800
206.57,	11.8700
207.22,	11.8700
207.88,	11.8900
208.53,	11.9200
209.19,	11.9300
209.84,	11.9400
210.50,	11.9400
211.15,	11.9300
211.81,	11.9200
212.46,	11.9200
213.12,	11.9100
213.77,	11.9000
214.43,	11.8800
215.08,	11.8600
215.74,	11.8400
216.39,	11.8200
217.04,	11.8000
217.70,	11.7800
218.35,	11.7800
219.01,	11.7600
219.66,	11.7600
220.32,	11.7600
220.97,	11.7500
221.62,	11.7300
222.28,	11.7200
222.93,	11.7100
223.59,	11.7000
224.24,	11.6900
224.89,	11.6800
225.55,	11.6600
226.20,	11.6300
226.85,	11.6000
227.51,	11.5700
228.16,	11.5300
228.81,	11.5000
229.47,	11.4700
230.12,	11.4400
230.78,	11.4100
231.43,	11.3900
232.08,	11.3700
232.74,	11.3500
233.39,	11.3100
234.04,	11.2300
234.69,	11.1500
235.35,	11.1100
236.00,	11.0900
236.65,	11.0700
237.31,	11.0300
237.96,	10.9900
238.61,	10.9200
239.27,	10.8700
239.92,	10.8300
240.57,	10.8100
241.22,	10.7800
241.88,	10.7600
242.53,	10.7500
243.18,	10.7400
243.83,	10.7200
244.49,	10.6700
245.14,	10.6400
245.79,	10.6200
246.44,	10.6000
247.10,	10.5700
247.75,	10.5500
248.40,	10.5300
249.05,	10.5200
249.70,	10.5000
250.36,	10.4800
251.01,	10.4500
251.66,	10.4400
252.31,	10.4300
252.96,	10.4200
253.62,	10.4000
254.27,	10.3900
254.92,	10.3600
255.57,	10.3200
256.22,	10.3000
256.88,	10.2800
257.53,	10.2600
258.18,	10.2400
258.83,	10.2400
259.48,	10.2200
260.13,	10.2000
260.78,	10.1800
261.44,	10.1600
262.09,	10.1400
262.74,	10.1300
263.39,	10.1200
264.04,	10.1100
264.69,	10.1100
265.34,	10.1100
265.99,	10.1000
266.64,	10.0900
267.29,	10.0800
267.95,	10.0800
268.60,	10.0700
269.25,	10.0500
269.90,	10.0500
270.55,	10.0400
271.20,	10.0500
271.85,	10.0500
272.50,	10.0600
273.15,	10.0600
273.80,	10.0600
274.45,	10.0700
275.10,	10.0800
275.75,	10.1000
276.40,	10.1200
277.05,	10.1400
277.70,	10.1600
278.35,	10.2000
279.00,	10.2600
279.65,	10.2900
280.30,	10.3000
280.95,	10.3100
281.60,	10.3100
282.25,	10.3100
282.90,	10.3100
283.55,	10.3200
284.20,	10.3200
284.85,	10.3200
285.50,	10.3300
286.15,	10.3300
286.80,	10.3400
287.45,	10.3400
288.10,	10.3400
288.75,	10.3500
289.40,	10.3400
290.05,	10.3200
290.70,	10.3000
291.35,	10.2900
292.00,	10.2800
292.64,	10.2700
293.29,	10.2700
293.94,	10.2700
294.59,	10.2600
295.24,	10.2400
295.89,	10.2300
296.54,	10.2200
297.19,	10.2200
297.84,	10.2200
298.49,	10.2200
299.13,	10.2100
299.78,	10.1900
300.43,	10.1600
301.08,	10.1200
301.73,	10.0800
302.38,	10.0500
303.02,	10.0200
303.67,	9.9900
304.32,	9.9700
304.97,	9.9600
305.62,	9.9500
306.27,	9.9400
306.91,	9.9100
307.56,	9.8900
308.21,	9.8700
308.86,	9.8600
309.51,	9.8600
310.15,	9.8500
310.80,	9.8200
311.45,	9.7800
312.10,	9.7500
312.75,	9.7200
313.39,	9.7000
314.04,	9.6900
314.69,	9.6700
315.34,	9.6700
315.98,	9.6600
316.63,	9.6700
317.28,	9.6700
317.93,	9.6800
318.57,	9.6800
319.22,	9.6700
319.87,	9.6500
320.52,	9.6400
321.16,	9.6500
321.81,	9.6400
322.46,	9.6200
323.10,	9.6100
323.75,	9.6100
324.40,	9.6000
325.04,	9.5900
325.69,	9.5900
326.34,	9.5900
326.99,	9.5800
327.63,	9.5700
328.28,	9.5600
328.93,	9.5500
329.57,	9.5500
330.22,	9.5500
330.86,	9.5500
331.51,	9.5500
332.16,	9.5500
332.80,	9.5600
333.45,	9.5600
334.10,	9.5600
334.74,	9.5500
335.39,	9.5500
336.03,	9.5500
336.68,	9.5500
337.33,	9.5500
337.97,	9.5400
338.62,	9.5500
339.26,	9.5500
339.91,	9.5600
340.56,	9.5600
341.20,	9.5500
341.85,	9.5500
342.49,	9.5600
343.14,	9.5600
343.78,	9.5600
344.43,	9.5500
345.08,	9.5500
345.72,	9.5400
346.37,	9.5200
347.01,	9.5000
347.66,	9.4900
348.30,	9.4700
348.95,	9.4400
349.59,	9.4100
350.24,	9.3900
350.88,	9.3700
351.53,	9.3500
352.17,	9.3300
352.82,	9.3200
353.46,	9.3100
354.11,	9.3100
354.75,	9.3000
355.40,	9.2900
356.04,	9.2700
356.69,	9.2300
357.33,	9.1800
357.98,	9.1600
358.62,	9.1400
359.27,	9.1100
359.91,	9.0900
360.55,	9.0500
361.20,	9.0200
361.84,	9.0100
362.49,	8.9900
363.13,	8.9800
363.78,	8.9800
364.42,	8.9600
365.06,	8.9400
365.71,	8.9300
366.35,	8.9200
367.00,	8.9100
367.64,	8.8900
368.28,	8.8700
368.93,	8.8500
369.57,	8.8300
370.22,	8.8100
370.86,	8.7800
371.50,	8.7600
372.15,	8.7500
372.79,	8.7400
373.43,	8.7200
374.08,	8.7100
374.72,	8.7000
375.36,	8.7000
376.01,	8.7000
376.65,	8.7000
377.29,	8.6900
377.94,	8.7000
378.58,	8.6900
379.22,	8.6700
379.87,	8.6500
380.51,	8.6300
381.15,	8.6200
381.79,	8.6200
382.44,	8.6100
383.08,	8.6000
383.72,	8.5800
384.37,	8.5600
385.01,	8.5300
385.65,	8.5200
386.29,	8.5000
386.94,	8.4800
387.58,	8.4700
388.22,	8.4700
388.86,	8.4700
389.51,	8.4500
390.15,	8.4300
390.79,	8.4100
391.43,	8.4000
392.08,	8.3900
392.72,	8.3900
393.36,	8.3800
394.00,	8.3700
394.64,	8.3600
395.29,	8.3400
395.93,	8.3300
396.57,	8.3200
397.21,	8.3100
397.85,	8.3000
398.50,	8.2900
399.14,	8.2800
399.78,	8.2600
400.42,	8.2400
401.06,	8.2000
401.70,	8.1800
402.34,	8.1600
402.99,	8.1500
403.63,	8.1300
404.27,	8.1100
404.91,	8.1000
405.55,	8.0900
406.19,	8.0800
406.83,	8.0700
407.48,	8.0600
408.12,	8.0500
408.76,	8.0500
409.40,	8.0400
410.04,	8.0300
410.68,	8.0100
411.32,	8.0000
411.96,	7.9800
412.60,	7.9300
413.24,	7.9000
413.88,	7.8900
414.52,	7.8800
415.17,	7.8800
415.81,	7.8800
416.45,	7.8700
417.09,	7.8400
417.73,	7.8200
418.37,	7.8000
419.01,	7.7900
419.65,	7.7700
420.29,	7.7500
420.93,	7.7400
421.57,	7.7300
422.21,	7.7200
422.85,	7.7000
423.49,	7.6900
424.13,	7.6800
424.77,	7.6600
425.41,	7.6500
426.05,	7.6400
426.69,	7.6300
427.33,	7.6300
427.97,	7.6300
428.61,	7.6200
429.25,	7.6200
429.89,	7.6100
430.53,	7.6000
431.17,	7.5900
431.80,	7.5800
432.44,	7.5700
433.08,	7.5700
433.72,	7.5600
434.36,	7.5500
435.00,	7.5400
435.64,	7.5200
436.28,	7.5100
436.92,	7.5000
437.56,	7.4800
438.20,	7.4800
438.84,	7.4700
439.47,	7.4600
440.11,	7.4400
440.75,	7.4100
441.39,	7.3800
442.03,	7.3600
442.67,	7.3500
443.31,	7.3300
443.95,	7.3200
444.58,	7.3200
445.22,	7.3000
445.86,	7.2700
446.50,	7.2400
447.14,	7.2300
447.78,	7.2200
448.41,	7.2200
449.05,	7.2100
449.69,	7.2000
450.33,	7.2000
450.97,	7.2000
451.60,	7.1900
452.24,	7.1900
452.88,	7.1800
453.52,	7.1700
454.16,	7.1600
454.79,	7.1400
455.43,	7.1300
456.07,	7.1200
456.71,	7.1000
457.35,	7.0900
457.98,	7.0700
458.62,	7.0600
459.26,	7.0500
459.90,	7.0400
460.53,	7.0300
461.17,	7.0200
461.81,	7.0000
462.44,	6.9900
463.08,	6.9900
463.72,	6.9900
464.36,	6.9800
464.99,	6.9700
465.63,	6.9700
466.27,	6.9600
466.90,	6.9600
467.54,	6.9500
468.18,	6.9600
468.81,	6.9500
469.45,	6.9500
470.09,	6.9500
470.72,	6.9500
471.36,	6.9400
472.00,	6.9300
472.63,	6.9100
473.27,	6.9000
473.91,	6.8900
474.54,	6.8900
475.18,	6.8700
475.82,	6.8600
476.45,	6.8600
477.09,	6.8500
477.73,	6.8400
478.36,	6.8400
479.00,	6.8400
479.63,	6.8300
480.27,	6.8200
480.91,	6.8000
481.54,	6.7800
482.18,	6.7700
482.81,	6.7500
483.45,	6.7300
484.08,	6.7200
484.72,	6.7100
485.36,	6.7000
485.99,	6.6900
486.63,	6.6800
487.26,	6.6800
487.90,	6.6700
488.53,	6.6600
489.17,	6.6500
489.80,	6.6500
490.44,	6.6300
491.07,	6.6200
491.71,	6.6100
492.34,	6.5800
492.98,	6.5600
493.62,	6.5500
494.25,	6.5500
494.89,	6.5400
495.52,	6.5300
496.15,	6.5200
496.79,	6.5200
497.42,	6.5100
498.06,	6.5000
498.69,	6.5000
499.33,	6.4900
499.96,	6.4900
500.60,	6.4800
501.23,	6.4800
501.87,	6.4700
502.50,	6.4600
503.14,	6.4600
503.77,	6.4600
504.40,	6.4600
505.04,	6.4600
505.67,	6.4600
506.31,	6.4600
506.94,	6.4600
507.57,	6.4600
508.21,	6.4600
508.84,	6.4600
509.48,	6.4600
510.11,	6.4600
510.74,	6.4500
511.38,	6.4400
512.01,	6.4400
512.65,	6.4400
513.28,	6.4300
513.91,	6.4300
514.55,	6.4200
515.18,	6.4100
515.81,	6.4000
516.45,	6.3900
517.08,	6.3900
517.71,	6.3900
518.35,	6.3900
518.98,	6.3800
519.61,	6.3800
520.25,	6.3700
520.88,	6.3600
521.51,	6.3600
522.15,	6.3500
522.78,	6.3400
523.41,	6.3200
524.04,	6.2800
524.68,	6.2600
525.31,	6.2500
525.94,	6.2400
526.58,	6.2200
527.21,	6.2000
527.84,	6.1900
528.47,	6.1800
529.11,	6.1600
529.74,	6.1600
530.37,	6.1500
531.00,	6.1500
531.64,	6.1500
532.27,	6.1500
532.90,	6.1500
533.53,	6.1400
534.17,	6.1100
534.80,	6.1000
535.43,	6.0800
536.06,	6.0600
536.69,	6.0400
537.33,	6.0300
537.96,	6.0100
538.59,	5.9700
539.22,	5.9200
539.85,	5.8900
540.48,	5.8600
541.12,	5.8200
541.75,	5.7800
542.38,	5.7600
543.01,	5.7400
543.64,	5.7400
544.27,	5.7200
544.91,	5.7100
545.54,	5.7100
546.17,	5.6900
546.80,	5.6900
547.43,	5.6900
548.06,	5.6900
548.69,	5.6900
549.32,	5.7000
549.95,	5.7200
550.59,	5.7300
551.22,	5.7400
551.85,	5.7500
552.48,	5.7800
553.11,	5.8200
553.74,	5.8400
554.37,	5.8400
555.00,	5.8100
555.63,	5.7900
556.26,	5.7900
556.89,	5.8000
557.52,	5.8000
558.15,	5.8100
558.78,	5.8100
559.42,	5.8000
560.05,	5.8000
560.68,	5.8000
561.31,	5.8200
561.94,	5.8400
562.57,	5.8500
563.20,	5.8700
563.83,	5.8700
564.46,	5.8700
565.09,	5.8600
565.72,	5.8600
566.35,	5.8600
566.98,	5.8500
567.61,	5.8500
568.24,	5.8400
568.87,	5.8200
569.50,	5.7800
570.12,	5.7500
570.75,	5.7300
571.38,	5.6900
572.01,	5.6600
572.64,	5.6500
573.27,	5.6400
573.90,	5.6300
574.53,	5.6200
575.16,	5.6200
575.79,	5.6000
576.42,	5.5800
577.05,	5.5500
577.68,	5.5200
578.31,	5.5000
578.93,	5.4900
579.56,	5.4700
580.19,	5.4600
580.82,	5.4500
581.45,	5.4300
582.08,	5.4200
582.71,	5.4100
583.34,	5.3900
583.97,	5.3800
584.59,	5.3600
585.22,	5.3500
585.85,	5.3300
586.48,	5.3300
587.11,	5.3300
587.74,	5.3200
588.36,	5.3200
588.99,	5.3200
589.62,	5.3000
590.25,	5.2800
590.88,	5.2800
591.50,	5.2800
592.13,	5.2800
592.76,	5.2600
593.39,	5.2400
594.02,	5.2300
594.64,	5.2200
595.27,	5.2200
595.90,	5.2100
596.53,	5.1900
597.16,	5.1900
597.78,	5.1900
598.41,	5.1800
599.04,	5.1600
599.67,	5.1500
600.29,	5.1500
600.92,	5.1500
601.55,	5.1400
602.18,	5.1300
602.80,	5.1100
603.43,	5.0900
604.06,	5.0800
604.68,	5.0900
605.31,	5.1000
605.94,	5.1100
606.57,	5.1200
607.19,	5.1100
607.82,	5.1000
608.45,	5.1000
609.07,	5.0900
609.70,	5.0900
610.33,	5.0900
610.95,	5.0800
611.58,	5.0800
612.21,	5.0700
612.83,	5.0600
613.46,	5.0600
614.09,	5.0600
614.71,	5.0400
615.34,	5.0400
615.97,	5.0300
616.59,	5.0200
617.22,	5.0100
617.84,	4.9900
618.47,	4.9900
619.10,	4.9800
619.72,	4.9600
620.35,	4.9400
620.97,	4.9300
621.60,	4.9200
622.23,	4.9000
622.85,	4.8800
623.48,	4.8700
624.10,	4.8600
624.73,	4.8500
625.35,	4.8400
625.98,	4.8500
626.61,	4.8400
627.23,	4.8500
627.86,	4.8500
628.48,	4.8600
629.11,	4.8700
629.73,	4.8700
630.36,	4.8700
630.98,	4.8600
631.61,	4.8600
632.23,	4.8600
632.86,	4.8700
633.48,	4.8800
634.11,	4.8800
634.73,	4.8800
635.36,	4.8600
635.98,	4.8300
636.61,	4.8100
637.23,	4.8000
637.86,	4.7900
638.48,	4.7800
639.11,	4.7700
639.73,	4.7600
640.36,	4.7600
640.98,	4.7600
641.61,	4.7600
642.23,	4.7600
642.85,	4.7700
643.48,	4.7700
644.10,	4.7600
644.73,	4.7600
645.35,	4.7600
645.98,	4.7600
646.60,	4.7600
647.22,	4.7500
647.85,	4.7500
648.47,	4.7500
649.10,	4.7500
649.72,	4.7600
650.34,	4.7600
650.97,	4.7600
651.59,	4.7500
652.22,	4.7300
652.84,	4.7300
653.46,	4.7300
654.09,	4.7300
654.71,	4.7400
655.33,	4.7300
655.96,	4.7200
656.58,	4.7100
657.20,	4.7000
657.83,	4.6900
658.45,	4.6900
659.07,	4.6900
659.70,	4.6800
660.32,	4.6800
660.94,	4.6800
661.57,	4.6800
662.19,	4.6800
662.81,	4.6800
663.43,	4.6800
664.06,	4.6800
664.68,	4.6800
665.30,	4.6800
665.93,	4.6800
666.55,	4.6900
667.17,	4.6900
667.79,	4.6900
668.42,	4.6900
669.04,	4.6900
669.66,	4.6900
670.28,	4.6900
670.91,	4.7000
671.53,	4.7100
672.15,	4.7200
672.77,	4.7300
673.39,	4.7300
674.02,	4.7200
674.64,	4.7000
675.26,	4.6800
675.88,	4.6600
676.50,	4.6400
677.13,	4.6300
677.75,	4.6200
678.37,	4.6000
678.99,	4.5800
679.61,	4.5600
680.24,	4.5500
680.86,	4.5400
681.48,	4.5300
682.10,	4.5200
682.72,	4.5000
683.34,	4.4900
683.96,	4.4800
684.59,	4.4600
685.21,	4.4500
685.83,	4.4400
686.45,	4.4200
687.07,	4.4000
687.69,	4.3900
688.31,	4.3700
688.93,	4.3500
689.56,	4.3300
690.18,	4.3200
690.80,	4.3100
691.42,	4.3100
692.04,	4.3000
692.66,	4.3100
693.28,	4.3300
693.90,	4.3500
694.52,	4.3700
695.14,	4.3700
695.76,	4.3500
696.38,	4.3300
697.00,	4.3000
697.62,	4.2900
698.25,	4.2900
698.87,	4.2800
699.49,	4.2800
700.11,	4.2800
700.73,	4.2800
701.35,	4.2900
701.97,	4.2900
702.59,	4.2900
703.21,	4.2900
703.83,	4.2700
704.45,	4.2600
705.07,	4.2500
705.69,	4.2300
706.31,	4.2200
706.93,	4.2000
707.55,	4.1900
708.17,	4.1800
708.79,	4.1700
709.40,	4.1500
710.02,	4.1300
710.64,	4.1100
711.26,	4.1100
711.88,	4.1000
712.50,	4.0900
713.12,	4.0900
713.74,	4.0800
714.36,	4.0800
714.98,	4.0800
715.60,	4.0900
716.22,	4.1000
716.84,	4.0800
717.45,	4.0700
718.07,	4.0700
718.69,	4.0600
719.31,	4.0500
719.93,	4.0400
720.55,	4.0400
721.17,	4.0200
721.79,	4.0100
722.41,	4.0000
723.02,	4.0000
723.64,	3.9900
724.26,	3.9900
724.88,	4.0000
725.50,	3.9900
726.12,	3.9900
726.73,	3.9900
727.35,	3.9900
727.97,	3.9900
728.59,	3.9900
729.21,	3.9800
729.83,	3.9800
730.44,	3.9800
731.06,	3.9800
731.68,	3.9800
732.30,	3.9700
732.92,	3.9700
733.53,	3.9700
734.15,	3.9700
734.77,	3.9600
735.39,	3.9300
736.00,	3.9100
736.62,	3.8900
737.24,	3.8700
737.86,	3.8600
738.47,	3.8600
739.09,	3.8500
739.71,	3.8400
740.33,	3.8300
740.94,	3.8400
741.56,	3.8600
742.18,	3.8800
742.79,	3.8800
743.41,	3.8800
744.03,	3.8700
744.65,	3.8600
745.26,	3.8600
745.88,	3.8500
746.50,	3.8400
747.11,	3.8200
747.73,	3.8100
748.35,	3.8000
748.96,	3.8000
749.58,	3.7900
750.20,	3.7900
750.81,	3.7800
751.43,	3.7800
752.05,	3.7800
752.66,	3.7700
753.28,	3.7600
753.90,	3.7600
754.51,	3.7700
755.13,	3.7600
755.74,	3.7600
756.36,	3.7600
756.98,	3.7500
757.59,	3.7400
758.21,	3.7400
758.82,	3.7300
759.44,	3.7300
760.06,	3.7300
760.67,	3.7200
761.29,	3.7100
761.90,	3.7100
762.52,	3.7000
763.14,	3.7000
763.75,	3.6900
764.37,	3.6900
764.98,	3.6900
765.60,	3.6900
766.21,	3.6800
766.83,	3.6800
767.44,	3.6800
768.06,	3.6800
768.67,	3.6800
769.29,	3.6800
769.90,	3.6800
770.52,	3.6800
771.14,	3.6700
771.75,	3.6700
772.37,	3.6700
772.98,	3.6600
773.59,	3.6600
774.21,	3.6600
774.82,	3.6600
775.44,	3.6500
776.05,	3.6500
776.67,	3.6600
777.28,	3.6500
777.90,	3.6500
778.51,	3.6500
779.13,	3.6500
779.74,	3.6500
780.36,	3.6500
780.97,	3.6500
781.58,	3.6500
782.20,	3.6500
782.81,	3.6500
783.43,	3.6500
784.04,	3.6500
784.66,	3.6500
785.27,	3.6500
785.88,	3.6500
786.50,	3.6500
787.11,	3.6400
787.73,	3.6400
788.34,	3.6400
788.95,	3.6400
789.57,	3.6400
790.18,	3.6400
790.79,	3.6400
791.41,	3.6400
792.02,	3.6300
792.63,	3.6400
793.25,	3.6300
793.86,	3.6300
794.47,	3.6300
795.09,	3.6400
795.70,	3.6300
796.31,	3.6300
796.93,	3.6300
797.54,	3.6300
798.15,	3.6300
798.77,	3.6300
799.38,	3.6200
799.99,	3.6200
800.61,	3.6200
801.22,	3.6200
801.83,	3.6200
802.44,	3.6200
803.06,	3.6200
803.67,	3.6100
804.28,	3.6100
804.90,	3.6100
805.51,	3.6100
806.12,	3.6100
806.73,	3.6100
807.34,	3.6100
807.96,	3.6100
808.57,	3.6100
809.18,	3.6000
809.79,	3.6100
810.41,	3.6000
811.02,	3.6000
811.63,	3.6000
812.24,	3.6000
812.85,	3.5900
813.47,	3.5900
814.08,	3.5900
814.69,	3.5900
815.30,	3.5800
815.91,	3.5800
816.53,	3.5800
817.14,	3.5800
817.75,	3.5800
818.36,	3.5800
818.97,	3.5900
819.58,	3.5900
820.20,	3.6000
820.81,	3.6100
821.42,	3.6200
822.03,	3.6200
822.64,	3.6200
823.25,	3.6200
823.86,	3.6300
824.47,	3.6300
825.09,	3.6300
825.70,	3.6300
826.31,	3.6300
826.92,	3.6300
827.53,	3.6300
828.14,	3.6300
828.75,	3.6100
829.36,	3.6000
829.97,	3.5800
830.58,	3.5800
831.19,	3.5900
831.80,	3.5900
832.42,	3.6100
833.03,	3.6200
833.64,	3.6300
834.25,	3.6300
834.86,	3.6300
835.47,	3.6300
836.08,	3.6300
836.69,	3.6300
837.30,	3.6300
837.91,	3.6300
838.52,	3.6300
839.13,	3.6200
839.74,	3.6200
840.35,	3.6100
840.96,	3.6100
841.57,	3.6000
842.18,	3.6100
842.79,	3.6100
843.40,	3.6100
844.01,	3.6000
844.62,	3.5900
845.23,	3.5800
845.84,	3.5700
846.45,	3.5600
847.06,	3.5500
847.67,	3.5500
848.27,	3.5500
848.88,	3.5500
849.49,	3.5600
850.10,	3.5600
850.71,	3.5600
851.32,	3.5600
851.93,	3.5600
852.54,	3.5600
853.15,	3.5500
853.76,	3.5600
854.37,	3.5600
854.98,	3.5600
855.58,	3.5600
856.19,	3.5600
856.80,	3.5500
857.41,	3.5500
858.02,	3.5400
858.63,	3.5400
859.24,	3.5500
859.85,	3.5500
860.45,	3.5600
861.06,	3.5600
861.67,	3.5700
862.28,	3.5700
862.89,	3.5800
863.50,	3.5800
864.10,	3.5800
864.71,	3.5800
865.32,	3.5900
865.93,	3.5900
866.54,	3.5900
867.14,	3.5900
867.75,	3.5900
868.36,	3.5900
868.97,	3.5900
869.58,	3.5900
870.18,	3.5900
870.79,	3.5900
871.40,	3.5900
872.01,	3.5900
872.61,	3.5900
873.22,	3.5900
873.83,	3.5900
874.44,	3.5900
875.04,	3.5900
875.65,	3.5900
876.26,	3.5900
876.87,	3.5900
877.47,	3.5800
878.08,	3.5900
878.69,	3.5800
879.29,	3.5700
879.90,	3.5700
880.51,	3.5700
881.12,	3.5600
881.72,	3.5600
882.33,	3.5600
882.94,	3.5600
883.54,	3.5600
884.15,	3.5600
884.76,	3.5500
885.36,	3.5500
885.97,	3.5500
886.58,	3.5500
887.18,	3.5500
887.79,	3.5500
888.40,	3.5500
889.00,	3.5500
889.61,	3.5500
890.22,	3.5500
890.82,	3.5500
891.43,	3.5600
892.03,	3.5600
892.64,	3.5600
893.25,	3.5600
893.85,	3.5600
894.46,	3.5700
895.06,	3.5700
895.67,	3.5600
896.28,	3.5600
896.88,	3.5700
897.49,	3.5600
898.09,	3.5700
898.70,	3.5700
899.30,	3.5700
899.91,	3.5700
900.52,	3.5800
901.12,	3.5800
901.73,	3.5600
902.33,	3.5400
902.94,	3.5300
903.54,	3.5100
904.15,	3.5000
904.75,	3.5000
905.36,	3.4900
905.96,	3.4900
906.57,	3.4900
907.17,	3.4900
907.78,	3.4900
908.38,	3.4800
908.99,	3.4800
909.59,	3.4900
910.20,	3.5100
910.80,	3.5300
911.41,	3.5300
912.01,	3.5300
912.62,	3.5300
913.22,	3.5400
913.83,	3.5500
914.43,	3.5500
915.03,	3.5500
915.64,	3.5400
916.24,	3.5300
916.85,	3.5100
917.45,	3.5000
918.06,	3.4900
918.66,	3.4900
919.26,	3.5000
919.87,	3.5700
920.47,	5.3100
921.08,	11.9700
921.68,	16.0400
922.28,	17.3400
922.89,	18.2100
923.49,	18.8600
924.10,	19.3900
924.70,	19.8200
925.30,	20.2000
925.91,	20.5300
926.51,	20.8300
927.11,	21.1200
927.72,	27.9300
928.32,	35.5000
928.92,	35.5000
929.53,	35.5000
930.13,	35.5000
930.74,	35.5000
931.34,	35.5000
931.94,	35.5000
932.54,	35.5000
933.15,	35.5000
933.75,	35.5000
934.35,	35.5000
934.96,	35.5000
935.56,	35.5000
936.16,	35.5000
936.77,	35.5000
937.37,	35.5000
937.97,	35.5000
938.57,	35.5000
939.18,	35.5000
939.78,	35.5000
940.38,	35.5000
940.98,	35.5000
941.59,	35.5000
942.19,	35.5000
942.79,	35.5000
943.39,	35.5000
944.00,	35.5000
944.60,	35.5000
945.20,	35.5000
945.80,	35.5000
946.40,	35.5000
947.01,	35.5000
947.61,	35.5000
948.21,	35.5000
948.81,	35.5000
949.41,	35.5000
950.02,	35.5000
950.62,	35.5000
951.22,	35.5000
951.82,	35.5000
952.42,	35.5000
953.02,	35.5000
953.63,	35.5000
954.23,	35.5000
954.83,	35.5000
955.43,	35.5000
956.03,	35.5000
956.63,	35.5000
957.24,	35.5000
957.84,	35.5000
958.44,	35.5000
959.04,	35.5000
959.64,	35.5000
960.24,	35.5000
960.84,	35.5000
961.44,	35.5000
962.04,	35.5000
962.64,	35.5000
963.25,	35.5000
963.85,	35.5000
964.45,	35.5000
965.05,	35.5000
965.65,	35.5000
966.25,	35.5000
966.85,	35.5000
967.45,	35.5000
968.05,	35.5000
968.65,	35.5000
969.25,	35.5000
969.85,	35.5000
970.45,	35.5000
971.05,	35.5000
971.65,	3.9000
972.25,	-2.5200
972.85,	-2.5200
973.45,	-2.5200
974.05,	-2.5200
974.65,	-2.5200
975.25,	-2.5200
975.85,	-2.5200
976.45,	-2.5200
977.05,	-2.5200
977.65,	-2.5200
978.25,	-2.5200
978.85,	-2.5200
979.45,	-2.5200
980.05,	-2.5200
980.65,	-2.5200
981.25,	-2.5200
981.85,	-2.5200
982.45,	-2.5200
983.05,	-2.5200
983.65,	-2.5200
984.25,	-2.5200
984.85,	-2.5200
985.45,	-2.5200
986.04,	-2.5200
986.64,	-2.5200
987.24,	-2.5200
987.84,	-2.5200
988.44,	-2.5200
989.04,	-2.5200
989.64,	-2.5200
990.24,	-2.5200
990.84,	-2.5200
991.44,	-2.5200
992.03,	-2.5200
992.63,	-2.5200
993.23,	-2.5200
993.83,	-2.5200
994.43,	-2.5200
995.03,	-2.5200
995.63,	-2.5200
996.22,	-2.5200
996.82,	-2.5200
997.42,	-2.5200
998.02,	-2.5200
998.62,	-2.5200
999.21,	-2.5200
999.81,	-2.5200
1000.41,	-2.5200
