Call Sign = ZSDA,	Ship Name = SA Agulhas,	Lloyds Num = 0
Date = 12/01/2016,	Time = 12:00,	
Latitude = 34 31.66  S,	Longitude = 014 37.12  E
Instr = Sippican Deep Blue,	Card Type = Sippican MK-21,	
Wind Instr = ,	Measur Method = 
Probe Serial Num = -1,	Ship Dir = -1,	Ship Speed = -1.00
Wind Dir = 144,	Wind Speed = 6.60
Dry Bulb Temp = 17.00,	Total Water Depth = -1.00

Full Resolution Values
Depth,	 Temp
0.67,	18.7100
1.34,	18.6200
2.01,	18.5900
2.68,	18.5600
3.34,	18.5500
4.01,	18.5200
4.68,	18.5100
5.35,	18.4900
6.02,	18.4700
6.69,	18.4600
7.36,	18.4500
8.03,	18.4300
8.69,	18.4300
9.36,	18.4100
10.03,	18.4000
10.70,	18.4000
11.37,	18.4100
12.04,	18.4000
12.70,	18.4000
13.37,	18.4000
14.04,	18.3900
14.71,	18.3900
15.38,	18.3900
16.05,	18.3900
16.71,	18.3900
17.38,	18.3800
18.05,	18.3800
18.72,	18.3800
19.38,	18.3700
20.05,	18.3700
20.72,	18.3700
21.39,	18.3700
22.06,	18.3700
22.72,	18.3700
23.39,	18.3700
24.06,	18.3700
24.73,	18.3700
25.39,	18.3700
26.06,	18.3700
26.73,	18.3600
27.40,	18.3600
28.06,	18.3500
28.73,	18.3500
29.40,	18.3400
30.06,	18.3300
30.73,	18.3200
31.40,	18.3100
32.06,	18.3000
32.73,	18.2800
33.40,	18.2600
34.07,	18.2500
34.73,	18.2400
35.40,	18.2300
36.07,	18.2100
36.73,	18.2000
37.40,	18.1800
38.07,	18.1800
38.73,	18.1700
39.40,	18.1600
40.06,	18.1400
40.73,	18.1300
41.40,	18.1100
42.06,	18.0700
42.73,	18.0300
43.40,	18.0000
44.06,	17.9700
44.73,	17.9500
45.39,	17.9200
46.06,	17.9100
46.73,	17.9000
47.39,	17.9000
48.06,	17.8800
48.72,	17.8700
49.39,	17.8700
50.06,	17.8700
50.72,	17.8500
51.39,	17.8500
52.05,	17.8400
52.72,	17.8300
53.38,	17.8100
54.05,	17.8100
54.71,	17.7900
55.38,	17.7900
56.05,	17.7800
56.71,	17.7700
57.38,	17.7500
58.04,	17.7400
58.71,	17.7200
59.37,	17.7000
60.04,	17.6800
60.70,	17.6600
61.37,	17.6500
62.03,	17.6400
62.70,	17.6300
63.36,	17.6200
64.03,	17.5800
64.69,	17.5300
65.36,	17.4900
66.02,	17.4500
66.69,	17.4000
67.35,	17.3400
68.01,	17.2900
68.68,	17.2200
69.34,	17.1300
70.01,	17.0500
70.67,	16.9900
71.34,	16.9300
72.00,	16.9000
72.66,	16.8800
73.33,	16.8600
73.99,	16.8300
74.66,	16.8100
75.32,	16.8100
75.98,	16.8000
76.65,	16.7800
77.31,	16.7700
77.98,	16.7600
78.64,	16.7600
79.30,	16.7600
79.97,	16.7500
80.63,	16.7400
81.30,	16.7500
81.96,	16.7400
82.62,	16.7300
83.29,	16.7200
83.95,	16.6900
84.61,	16.6600
85.28,	16.6300
85.94,	16.6000
86.60,	16.5600
87.27,	16.5100
87.93,	16.4700
88.59,	16.4300
89.26,	16.3700
89.92,	16.2800
90.58,	16.2100
91.24,	16.1700
91.91,	16.1300
92.57,	16.0900
93.23,	16.0500
93.90,	15.9900
94.56,	15.9500
95.22,	15.9000
95.88,	15.8500
96.55,	15.8100
97.21,	15.7800
97.87,	15.7500
98.53,	15.7400
99.20,	15.7200
99.86,	15.7100
100.52,	15.7000
101.18,	15.6800
101.85,	15.6400
102.51,	15.6100
103.17,	15.5900
103.83,	15.5900
104.49,	15.5800
105.16,	15.5800
105.82,	15.5700
106.48,	15.5600
107.14,	15.5300
107.80,	15.5000
108.47,	15.4700
109.13,	15.4500
109.79,	15.4300
110.45,	15.3900
111.11,	15.3300
111.77,	15.2900
112.44,	15.2800
113.10,	15.2700
113.76,	15.2700
114.42,	15.2500
115.08,	15.2100
115.74,	15.1700
116.40,	15.1400
117.06,	15.1200
117.73,	15.1100
118.39,	15.0900
119.05,	15.0500
119.71,	15.0300
120.37,	15.0200
121.03,	15.0200
121.69,	15.0100
122.35,	15.0200
123.01,	15.0200
123.67,	15.0100
124.33,	15.0200
125.00,	15.0100
125.66,	15.0100
126.32,	15.0100
126.98,	14.9900
127.64,	14.9700
128.30,	14.9600
128.96,	14.9400
129.62,	14.9000
130.28,	14.8700
130.94,	14.8600
131.60,	14.8200
132.26,	14.7300
132.92,	14.6500
133.58,	14.6200
134.24,	14.5800
134.90,	14.5300
135.56,	14.5000
136.22,	14.4800
136.88,	14.4600
137.54,	14.4500
138.20,	14.4500
138.86,	14.4300
139.52,	14.4100
140.18,	14.4100
140.84,	14.4200
141.50,	14.4300
142.16,	14.4200
142.82,	14.4000
143.48,	14.3300
144.14,	14.2500
144.79,	14.2300
145.45,	14.2300
146.11,	14.2400
146.77,	14.2500
147.43,	14.2600
148.09,	14.2500
148.75,	14.2500
149.41,	14.2500
150.07,	14.2500
150.73,	14.2400
151.39,	14.2300
152.04,	14.2200
152.70,	14.2100
153.36,	14.1800
154.02,	14.1400
154.68,	14.1200
155.34,	14.1100
156.00,	14.1000
156.65,	14.0900
157.31,	14.0900
157.97,	14.0800
158.63,	14.0600
159.29,	14.0200
159.95,	13.9600
160.60,	13.9500
161.26,	13.9500
161.92,	13.9400
162.58,	13.9200
163.24,	13.9000
163.90,	13.8800
164.55,	13.8800
165.21,	13.8800
165.87,	13.8700
166.53,	13.8700
167.18,	13.8800
167.84,	13.8800
168.50,	13.8700
169.16,	13.8500
169.82,	13.8400
170.47,	13.8300
171.13,	13.8300
171.79,	13.8300
172.44,	13.8300
173.10,	13.8200
173.76,	13.8300
174.42,	13.8200
175.07,	13.8100
175.73,	13.8000
176.39,	13.7900
177.05,	13.7600
177.70,	13.7300
178.36,	13.7000
179.02,	13.6900
179.67,	13.6800
180.33,	13.6800
180.99,	13.6800
181.64,	13.6800
182.30,	13.6800
182.96,	13.6800
183.61,	13.6700
184.27,	13.6700
184.93,	13.6700
185.58,	13.6500
186.24,	13.6000
186.90,	13.5900
187.55,	13.5800
188.21,	13.5800
188.87,	13.5800
189.52,	13.5800
190.18,	13.5800
190.83,	13.5800
191.49,	13.5900
192.15,	13.5900
192.80,	13.5800
193.46,	13.5800
194.11,	13.5800
194.77,	13.5900
195.43,	13.6000
196.08,	13.6100
196.74,	13.6100
197.39,	13.6100
198.05,	13.6000
198.70,	13.5800
199.36,	13.5500
200.02,	13.5400
200.67,	13.5300
201.33,	13.5300
201.98,	13.5300
202.64,	13.5400
203.29,	13.5600
203.95,	13.5700
204.60,	13.5900
205.26,	13.5900
205.91,	13.5900
206.57,	13.5900
207.22,	13.5900
207.88,	13.5800
208.53,	13.5800
209.19,	13.5800
209.84,	13.5900
210.50,	13.5900
211.15,	13.6000
211.81,	13.5900
212.46,	13.6000
213.12,	13.6000
213.77,	13.6000
214.43,	13.5800
215.08,	13.5500
215.74,	13.5300
216.39,	13.5300
217.04,	13.5300
217.70,	13.5200
218.35,	13.5100
219.01,	13.4900
219.66,	13.4500
220.32,	13.4300
220.97,	13.4200
221.62,	13.4100
222.28,	13.4000
222.93,	13.3900
223.59,	13.3900
224.24,	13.3800
224.89,	13.3800
225.55,	13.3700
226.20,	13.3700
226.85,	13.3700
227.51,	13.3800
228.16,	13.3900
228.81,	13.4100
229.47,	13.4200
230.12,	13.4300
230.78,	13.4600
231.43,	13.4700
232.08,	13.4700
232.74,	13.4700
233.39,	13.4800
234.04,	13.4700
234.69,	13.4600
235.35,	13.4500
236.00,	13.4600
236.65,	13.4500
237.31,	13.4100
237.96,	13.3800
238.61,	13.3700
239.27,	13.3800
239.92,	13.3800
240.57,	13.3900
241.22,	13.3900
241.88,	13.4000
242.53,	13.4000
243.18,	13.3900
243.83,	13.3900
244.49,	13.3700
245.14,	13.3600
245.79,	13.3700
246.44,	13.3900
247.10,	13.3900
247.75,	13.3900
248.40,	13.3900
249.05,	13.3500
249.70,	13.2900
250.36,	13.2100
251.01,	13.1500
251.66,	13.1800
252.31,	13.2600
252.96,	13.3300
253.62,	13.3700
254.27,	13.3700
254.92,	13.3700
255.57,	13.3500
256.22,	13.2600
256.88,	13.1400
257.53,	13.1000
258.18,	13.1100
258.83,	13.1400
259.48,	13.1800
260.13,	13.2100
260.78,	13.2200
261.44,	13.2200
262.09,	13.2200
262.74,	13.2100
263.39,	13.1900
264.04,	13.1500
264.69,	13.1300
265.34,	13.1000
265.99,	13.0700
266.64,	13.0500
267.29,	13.0500
267.95,	13.0700
268.60,	13.0800
269.25,	13.0800
269.90,	13.0600
270.55,	13.0600
271.20,	13.0500
271.85,	13.0400
272.50,	13.0200
273.15,	12.9900
273.80,	12.9700
274.45,	12.9500
275.10,	12.9300
275.75,	12.9200
276.40,	12.9200
277.05,	12.9100
277.70,	12.9100
278.35,	12.9100
279.00,	12.9000
279.65,	12.8900
280.30,	12.8800
280.95,	12.8800
281.60,	12.8900
282.25,	12.9000
282.90,	12.9000
283.55,	12.9000
284.20,	12.9000
284.85,	12.9000
285.50,	12.9000
286.15,	12.8900
286.80,	12.8900
287.45,	12.8900
288.10,	12.9000
288.75,	12.8900
289.40,	12.8900
290.05,	12.8900
290.70,	12.8800
291.35,	12.8700
292.00,	12.8600
292.64,	12.8500
293.29,	12.8400
293.94,	12.8300
294.59,	12.8100
295.24,	12.7900
295.89,	12.7700
296.54,	12.7600
297.19,	12.7500
297.84,	12.7400
298.49,	12.7400
299.13,	12.7400
299.78,	12.7400
300.43,	12.7300
301.08,	12.7200
301.73,	12.6900
302.38,	12.6900
303.02,	12.6900
303.67,	12.6900
304.32,	12.6900
304.97,	12.6700
305.62,	12.6400
306.27,	12.6000
306.91,	12.5900
307.56,	12.6000
308.21,	12.6000
308.86,	12.5900
309.51,	12.5800
310.15,	12.5900
310.80,	12.5800
311.45,	12.5800
312.10,	12.5700
312.75,	12.5500
313.39,	12.5300
314.04,	12.5100
314.69,	12.4900
315.34,	12.4600
315.98,	12.4300
316.63,	12.4200
317.28,	12.4100
317.93,	12.4100
318.57,	12.4100
319.22,	12.4100
319.87,	12.4200
320.52,	12.4200
321.16,	12.4000
321.81,	12.3600
322.46,	12.3200
323.10,	12.2900
323.75,	12.2600
324.40,	12.2500
325.04,	12.2600
325.69,	12.2600
326.34,	12.2600
326.99,	12.2600
327.63,	12.2600
328.28,	12.2600
328.93,	12.2600
329.57,	12.2300
330.22,	12.1700
330.86,	12.1300
331.51,	12.1100
332.16,	12.0900
332.80,	12.0700
333.45,	12.0600
334.10,	12.0600
334.74,	12.0600
335.39,	12.0600
336.03,	12.0600
336.68,	12.0500
337.33,	12.0400
337.97,	12.0200
338.62,	12.0300
339.26,	12.0200
339.91,	12.0100
340.56,	12.0100
341.20,	12.0200
341.85,	12.0200
342.49,	12.0300
343.14,	12.0200
343.78,	11.9800
344.43,	11.9200
345.08,	11.8900
345.72,	11.8800
346.37,	11.8600
347.01,	11.8400
347.66,	11.8200
348.30,	11.8100
348.95,	11.8100
349.59,	11.8100
350.24,	11.8100
350.88,	11.8200
351.53,	11.8300
352.17,	11.8400
352.82,	11.8400
353.46,	11.8400
354.11,	11.8400
354.75,	11.8500
355.40,	11.8700
356.04,	11.8800
356.69,	11.9000
357.33,	11.9400
357.98,	11.9800
358.62,	12.0000
359.27,	12.0100
359.91,	12.0100
360.55,	12.0100
361.20,	12.0100
361.84,	12.0200
362.49,	12.0100
363.13,	12.0100
363.78,	12.0100
364.42,	12.0000
365.06,	11.9800
365.71,	11.9700
366.35,	11.9400
367.00,	11.9100
367.64,	11.8500
368.28,	11.7900
368.93,	11.7300
369.57,	11.7100
370.22,	11.7000
370.86,	11.6800
371.50,	11.6400
372.15,	11.6300
372.79,	11.6200
373.43,	11.6300
374.08,	11.6300
374.72,	11.6100
375.36,	11.5500
376.01,	11.4900
376.65,	11.4700
377.29,	11.4600
377.94,	11.4600
378.58,	11.4500
379.22,	11.4600
379.87,	11.4600
380.51,	11.4600
381.15,	11.4600
381.79,	11.4500
382.44,	11.4500
383.08,	11.4300
383.72,	11.4100
384.37,	11.3800
385.01,	11.3800
385.65,	11.3900
386.29,	11.3800
386.94,	11.3800
387.58,	11.3900
388.22,	11.3900
388.86,	11.3900
389.51,	11.4000
390.15,	11.4000
390.79,	11.4100
391.43,	11.4100
392.08,	11.4100
392.72,	11.4100
393.36,	11.4100
394.00,	11.4300
394.64,	11.4500
395.29,	11.4500
395.93,	11.4500
396.57,	11.4400
397.21,	11.4300
397.85,	11.4200
398.50,	11.4200
399.14,	11.4100
399.78,	11.4100
400.42,	11.4100
401.06,	11.4000
401.70,	11.3900
402.34,	11.3900
402.99,	11.3800
403.63,	11.3700
404.27,	11.3700
404.91,	11.3500
405.55,	11.3300
406.19,	11.3100
406.83,	11.2900
407.48,	11.2800
408.12,	11.2600
408.76,	11.2300
409.40,	11.2100
410.04,	11.2000
410.68,	11.2000
411.32,	11.1900
411.96,	11.1800
412.60,	11.1800
413.24,	11.1700
413.88,	11.1600
414.52,	11.1600
415.17,	11.1500
415.81,	11.1500
416.45,	11.1300
417.09,	11.1100
417.73,	11.1000
418.37,	11.0800
419.01,	11.0600
419.65,	11.0500
420.29,	11.0400
420.93,	11.0300
421.57,	11.0300
422.21,	11.0300
422.85,	11.0200
423.49,	11.0000
424.13,	10.9900
424.77,	10.9700
425.41,	10.9500
426.05,	10.9200
426.69,	10.8800
427.33,	10.8700
427.97,	10.8700
428.61,	10.8600
429.25,	10.8400
429.89,	10.8200
430.53,	10.7800
431.17,	10.7400
431.80,	10.7100
432.44,	10.6700
433.08,	10.6500
433.72,	10.6400
434.36,	10.6400
435.00,	10.6300
435.64,	10.6200
436.28,	10.5800
436.92,	10.5500
437.56,	10.5400
438.20,	10.5300
438.84,	10.5300
439.47,	10.5300
440.11,	10.5300
440.75,	10.5200
441.39,	10.5000
442.03,	10.4900
442.67,	10.5000
443.31,	10.5000
443.95,	10.5000
444.58,	10.4900
445.22,	10.4800
445.86,	10.4800
446.50,	10.4700
447.14,	10.4500
447.78,	10.4400
448.41,	10.4200
449.05,	10.4100
449.69,	10.4000
450.33,	10.3900
450.97,	10.3900
451.60,	10.4000
452.24,	10.4000
452.88,	10.3900
453.52,	10.3800
454.16,	10.3800
454.79,	10.3700
455.43,	10.3700
456.07,	10.3700
456.71,	10.3700
457.35,	10.3600
457.98,	10.3500
458.62,	10.3500
459.26,	10.3500
459.90,	10.3500
460.53,	10.3500
461.17,	10.3400
461.81,	10.3300
462.44,	10.3100
463.08,	10.2900
463.72,	10.2700
464.36,	10.2500
464.99,	10.2200
465.63,	10.2100
466.27,	10.2000
466.90,	10.1900
467.54,	10.1800
468.18,	10.1800
468.81,	10.1700
469.45,	10.1600
470.09,	10.1500
470.72,	10.1400
471.36,	10.1300
472.00,	10.1200
472.63,	10.1200
473.27,	10.1100
473.91,	10.1000
474.54,	10.0900
475.18,	10.0800
475.82,	10.0700
476.45,	10.0700
477.09,	10.0500
477.73,	10.0400
478.36,	10.0300
479.00,	10.0300
479.63,	10.0300
480.27,	10.0300
480.91,	10.0300
481.54,	10.0300
482.18,	10.0200
482.81,	10.0100
483.45,	10.0000
484.08,	9.9900
484.72,	9.9800
485.36,	9.9600
485.99,	9.9300
486.63,	9.8900
487.26,	9.8700
487.90,	9.8400
488.53,	9.8200
489.17,	9.8100
489.80,	9.7900
490.44,	9.7800
491.07,	9.7600
491.71,	9.7400
492.34,	9.7100
492.98,	9.6700
493.62,	9.6200
494.25,	9.5900
494.89,	9.5800
495.52,	9.5700
496.15,	9.5700
496.79,	9.5700
497.42,	9.5800
498.06,	9.5800
498.69,	9.5800
499.33,	9.5500
499.96,	9.5100
500.60,	9.4900
501.23,	9.4800
501.87,	9.4700
502.50,	9.4600
503.14,	9.4500
503.77,	9.4500
504.40,	9.4400
505.04,	9.4300
505.67,	9.4400
506.31,	9.4400
506.94,	9.4400
507.57,	9.4400
508.21,	9.4300
508.84,	9.4200
509.48,	9.4000
510.11,	9.3900
510.74,	9.3900
511.38,	9.3900
512.01,	9.3900
512.65,	9.3800
513.28,	9.3800
513.91,	9.3700
514.55,	9.3700
515.18,	9.3600
515.81,	9.3400
516.45,	9.3300
517.08,	9.3200
517.71,	9.3100
518.35,	9.3000
518.98,	9.3000
519.61,	9.2900
520.25,	9.2800
520.88,	9.2800
521.51,	9.2700
522.15,	9.2700
522.78,	9.2500
523.41,	9.2300
524.04,	9.2200
524.68,	9.2100
525.31,	9.2000
525.94,	9.1900
526.58,	9.1900
527.21,	9.1800
527.84,	9.1700
528.47,	9.1600
529.11,	9.1500
529.74,	9.1400
530.37,	9.1300
531.00,	9.1200
531.64,	9.1100
532.27,	9.1000
532.90,	9.0900
533.53,	9.0800
534.17,	9.0800
534.80,	9.0600
535.43,	9.0500
536.06,	9.0300
536.69,	9.0200
537.33,	9.0000
537.96,	8.9800
538.59,	8.9700
539.22,	8.9600
539.85,	8.9600
540.48,	8.9400
541.12,	8.9300
541.75,	8.9200
542.38,	8.9000
543.01,	8.8800
543.64,	8.8500
544.27,	8.8300
544.91,	8.8100
545.54,	8.8000
546.17,	8.7900
546.80,	8.7800
547.43,	8.7700
548.06,	8.7400
548.69,	8.7300
549.32,	8.7200
549.95,	8.7000
550.59,	8.6800
551.22,	8.6600
551.85,	8.6500
552.48,	8.6400
553.11,	8.6300
553.74,	8.6100
554.37,	8.6100
555.00,	8.6000
555.63,	8.6100
556.26,	8.6100
556.89,	8.6000
557.52,	8.5900
558.15,	8.5800
558.78,	8.5700
559.42,	8.5600
560.05,	8.5500
560.68,	8.5400
561.31,	8.5300
561.94,	8.5200
562.57,	8.5000
563.20,	8.4900
563.83,	8.4900
564.46,	8.4800
565.09,	8.4700
565.72,	8.4700
566.35,	8.4600
566.98,	8.4600
567.61,	8.4500
568.24,	8.4300
568.87,	8.4100
569.50,	8.3900
570.12,	8.3700
570.75,	8.3500
571.38,	8.3300
572.01,	8.3200
572.64,	8.3100
573.27,	8.2900
573.90,	8.2800
574.53,	8.2700
575.16,	8.2700
575.79,	8.2600
576.42,	8.2500
577.05,	8.2300
577.68,	8.2200
578.31,	8.2200
578.93,	8.2100
579.56,	8.1900
580.19,	8.1700
580.82,	8.1600
581.45,	8.1500
582.08,	8.1500
582.71,	8.1400
583.34,	8.1300
583.97,	8.1200
584.59,	8.1100
585.22,	8.1100
585.85,	8.1000
586.48,	8.0900
587.11,	8.0900
587.74,	8.0800
588.36,	8.0900
588.99,	8.0800
589.62,	8.0800
590.25,	8.0700
590.88,	8.0700
591.50,	8.0600
592.13,	8.0400
592.76,	8.0300
593.39,	8.0200
594.02,	8.0100
594.64,	7.9900
595.27,	7.9800
595.90,	7.9700
596.53,	7.9500
597.16,	7.9400
597.78,	7.9300
598.41,	7.9200
599.04,	7.9200
599.67,	7.9100
600.29,	7.9100
600.92,	7.9000
601.55,	7.9000
602.18,	7.8900
602.80,	7.8700
603.43,	7.8500
604.06,	7.8100
604.68,	7.7800
605.31,	7.7500
605.94,	7.7400
606.57,	7.7300
607.19,	7.7300
607.82,	7.7200
608.45,	7.7100
609.07,	7.7000
609.70,	7.6800
610.33,	7.6700
610.95,	7.6500
611.58,	7.6400
612.21,	7.6300
612.83,	7.6200
613.46,	7.6100
614.09,	7.5900
614.71,	7.5800
615.34,	7.5700
615.97,	7.5600
616.59,	7.5500
617.22,	7.5300
617.84,	7.5200
618.47,	7.5200
619.10,	7.5100
619.72,	7.5100
620.35,	7.5000
620.97,	7.4800
621.60,	7.4600
622.23,	7.4500
622.85,	7.4400
623.48,	7.4300
624.10,	7.4200
624.73,	7.4100
625.35,	7.4100
625.98,	7.4100
626.61,	7.4100
627.23,	7.4100
627.86,	7.4100
628.48,	7.4100
629.11,	7.4100
629.73,	7.4100
630.36,	7.4000
630.98,	7.4000
631.61,	7.4000
632.23,	7.3900
632.86,	7.3600
633.48,	7.3200
634.11,	7.2900
634.73,	7.2800
635.36,	7.2700
635.98,	7.2700
636.61,	7.2700
637.23,	7.2800
637.86,	7.2900
638.48,	7.2800
639.11,	7.2600
639.73,	7.2500
640.36,	7.2500
640.98,	7.2500
641.61,	7.2400
642.23,	7.2400
642.85,	7.2200
643.48,	7.2000
644.10,	7.1800
644.73,	7.1600
645.35,	7.1400
645.98,	7.1300
646.60,	7.1200
647.22,	7.1100
647.85,	7.1100
648.47,	7.1000
649.10,	7.0900
649.72,	7.0900
650.34,	7.0800
650.97,	7.0600
651.59,	7.0400
652.22,	7.0400
652.84,	7.0400
653.46,	7.0300
654.09,	7.0100
654.71,	6.9900
655.33,	6.9800
655.96,	6.9600
656.58,	6.9500
657.20,	6.9300
657.83,	6.9200
658.45,	6.9000
659.07,	6.8900
659.70,	6.8900
660.32,	6.8800
660.94,	6.8800
661.57,	6.8800
662.19,	6.8800
662.81,	6.8700
663.43,	6.8700
664.06,	6.8600
664.68,	6.8500
665.30,	6.8300
665.93,	6.8100
666.55,	6.7800
667.17,	6.7500
667.79,	6.7200
668.42,	6.7000
669.04,	6.6800
669.66,	6.6500
670.28,	6.6000
670.91,	6.5700
671.53,	6.5500
672.15,	6.5400
672.77,	6.5300
673.39,	6.5200
674.02,	6.5100
674.64,	6.5000
675.26,	6.4800
675.88,	6.4600
676.50,	6.4500
677.13,	6.4500
677.75,	6.4400
678.37,	6.4200
678.99,	6.3900
679.61,	6.3700
680.24,	6.3600
680.86,	6.3500
681.48,	6.3300
682.10,	6.3200
682.72,	6.3100
683.34,	6.2900
683.96,	6.2700
684.59,	6.2600
685.21,	6.2400
685.83,	6.2300
686.45,	6.2100
687.07,	6.1900
687.69,	6.1800
688.31,	6.1700
688.93,	6.1700
689.56,	6.1600
690.18,	6.1600
690.80,	6.1500
691.42,	6.1400
692.04,	6.1400
692.66,	6.1400
693.28,	6.1400
693.90,	6.1300
694.52,	6.1200
695.14,	6.1100
695.76,	6.0800
696.38,	6.0600
697.00,	6.0400
697.62,	6.0300
698.25,	6.0200
698.87,	6.0200
699.49,	6.0000
700.11,	5.9800
700.73,	5.9700
701.35,	5.9600
701.97,	5.9500
702.59,	5.9400
703.21,	5.9400
703.83,	5.9300
704.45,	5.9200
705.07,	5.9200
705.69,	5.9200
706.31,	5.9300
706.93,	5.9300
707.55,	5.9200
708.17,	5.9200
708.79,	5.9100
709.40,	5.9100
710.02,	5.9000
710.64,	5.9000
711.26,	5.9000
711.88,	5.9000
712.50,	5.9000
713.12,	5.8900
713.74,	5.8800
714.36,	5.8700
714.98,	5.8600
715.60,	5.8400
716.22,	5.8300
716.84,	5.8100
717.45,	5.8000
718.07,	5.7900
718.69,	5.7900
719.31,	5.7800
719.93,	5.7700
720.55,	5.7700
721.17,	5.7700
721.79,	5.7700
722.41,	5.7600
723.02,	5.7600
723.64,	5.7500
724.26,	5.7500
724.88,	5.7400
725.50,	5.7400
726.12,	5.7400
726.73,	5.7300
727.35,	5.7200
727.97,	5.7000
728.59,	5.6900
729.21,	5.6900
729.83,	5.6900
730.44,	5.6800
731.06,	5.6800
731.68,	5.6800
732.30,	5.6800
732.92,	5.6600
733.53,	5.6400
734.15,	5.6300
734.77,	5.6200
735.39,	5.6300
736.00,	5.6400
736.62,	5.6600
737.24,	5.6600
737.86,	5.6500
738.47,	5.6300
739.09,	5.6100
739.71,	5.6000
740.33,	5.6000
740.94,	5.5800
741.56,	5.5800
742.18,	5.6000
742.79,	5.6200
743.41,	5.6500
744.03,	5.6600
744.65,	5.6500
745.26,	5.6400
745.88,	5.6300
746.50,	5.6300
747.11,	5.6200
747.73,	5.6200
748.35,	5.6300
748.96,	5.6300
749.58,	5.6400
750.20,	5.6500
750.81,	5.6500
751.43,	5.6600
752.05,	5.6600
752.66,	5.6700
753.28,	5.6700
753.90,	5.6700
754.51,	5.6700
755.13,	5.6700
755.74,	5.6700
756.36,	5.6700
756.98,	5.6700
757.59,	5.6500
758.21,	5.6300
758.82,	5.6100
759.44,	5.6000
760.06,	5.5900
760.67,	5.6000
761.29,	5.6000
761.90,	5.6100
762.52,	5.6100
763.14,	5.6200
763.75,	5.6200
764.37,	5.6200
764.98,	5.6100
765.60,	5.5700
766.21,	5.5400
766.83,	5.5300
767.44,	5.5200
768.06,	5.5100
768.67,	5.5000
769.29,	5.4800
769.90,	5.4600
770.52,	5.4500
771.14,	5.4500
771.75,	5.4500
772.37,	5.4500
772.98,	5.4500
773.59,	5.4500
774.21,	5.4400
774.82,	5.4400
775.44,	5.4400
776.05,	5.4400
776.67,	5.4500
777.28,	5.4400
777.90,	5.4300
778.51,	5.4200
779.13,	5.4100
779.74,	5.4000
780.36,	5.3800
780.97,	5.3500
781.58,	5.3300
782.20,	5.3200
782.81,	5.3100
783.43,	5.3100
784.04,	5.3100
784.66,	5.3000
785.27,	5.3000
785.88,	5.3000
786.50,	5.2900
787.11,	5.2600
787.73,	5.2300
788.34,	5.2200
788.95,	5.2100
789.57,	5.2000
790.18,	5.2000
790.79,	5.1900
791.41,	5.1900
792.02,	5.1900
792.63,	5.2000
793.25,	5.2000
793.86,	5.1900
794.47,	5.1900
795.09,	5.1900
795.70,	5.1900
796.31,	5.1900
796.93,	5.1800
797.54,	5.1800
798.15,	5.1800
798.77,	5.1600
799.38,	5.1400
799.99,	5.1300
800.61,	5.1200
801.22,	5.1000
801.83,	5.0900
802.44,	5.0800
803.06,	5.0800
803.67,	5.0700
804.28,	5.0700
804.90,	5.0600
805.51,	5.0600
806.12,	5.0500
806.73,	5.0500
807.34,	5.0500
807.96,	5.0400
808.57,	5.0300
809.18,	5.0100
809.79,	5.0000
810.41,	5.0000
811.02,	4.9900
811.63,	4.9900
812.24,	4.9800
812.85,	4.9900
813.47,	4.9900
814.08,	5.0000
814.69,	5.0100
815.30,	5.0000
815.91,	4.9900
816.53,	4.9800
817.14,	4.9700
817.75,	4.9700
818.36,	4.9600
818.97,	4.9500
819.58,	4.9400
820.20,	4.9400
820.81,	4.9400
821.42,	4.9400
822.03,	4.9600
822.64,	4.9600
823.25,	4.9600
823.86,	4.9600
824.47,	4.9600
825.09,	4.9400
825.70,	4.9300
826.31,	4.8900
826.92,	4.8600
827.53,	4.8400
828.14,	4.8300
828.75,	4.8300
829.36,	4.8200
829.97,	4.8200
830.58,	4.8100
831.19,	4.8000
831.80,	4.8000
832.42,	4.8000
833.03,	4.8000
833.64,	4.7900
834.25,	4.7900
834.86,	4.7800
835.47,	4.7600
836.08,	4.7500
836.69,	4.7400
837.30,	4.7300
837.91,	4.7300
838.52,	4.7300
839.13,	4.7300
839.74,	4.7400
840.35,	4.7400
840.96,	4.7300
841.57,	4.7300
842.18,	4.7200
842.79,	4.7200
843.40,	4.7200
844.01,	4.7200
844.62,	4.7200
845.23,	4.7200
845.84,	4.7200
846.45,	4.7300
847.06,	4.7300
847.67,	4.7300
848.27,	4.7100
848.88,	4.7000
849.49,	4.6900
850.10,	4.6900
850.71,	4.6900
851.32,	4.7000
851.93,	4.7100
852.54,	4.7300
853.15,	4.7500
853.76,	4.7700
854.37,	4.7600
854.98,	4.7400
855.58,	4.7300
856.19,	4.7200
856.80,	4.6900
857.41,	4.6600
858.02,	4.6500
858.63,	4.6500
859.24,	4.6600
859.85,	4.6800
860.45,	4.7000
861.06,	4.7100
861.67,	4.7100
862.28,	4.7200
862.89,	4.7200
863.50,	4.7200
864.10,	4.7100
864.71,	4.7000
865.32,	4.7000
865.93,	4.7000
866.54,	4.6900
867.14,	4.6900
867.75,	4.6900
868.36,	4.6900
868.97,	4.6900
869.58,	4.7000
870.18,	4.7000
870.79,	4.7000
871.40,	4.7000
872.01,	4.7000
872.61,	4.7000
873.22,	4.7100
873.83,	4.7100
874.44,	4.7100
875.04,	4.7200
875.65,	4.7300
876.26,	4.7400
876.87,	4.7400
877.47,	4.7400
878.08,	4.7400
878.69,	4.7500
879.29,	4.7800
879.90,	4.8100
880.51,	4.8500
881.12,	4.8800
881.72,	4.8900
882.33,	4.9000
882.94,	4.9000
883.54,	4.9000
884.15,	4.9000
884.76,	4.9000
885.36,	4.9000
885.97,	4.9000
886.58,	4.9000
887.18,	4.9000
887.79,	4.9000
888.40,	4.9000
889.00,	4.9000
889.61,	4.9000
890.22,	4.8900
890.82,	4.8900
891.43,	4.8900
892.03,	4.8800
892.64,	4.8800
893.25,	4.8800
893.85,	4.8800
894.46,	4.8700
895.06,	4.8600
895.67,	4.8600
896.28,	4.8500
896.88,	4.8500
897.49,	4.8500
898.09,	4.8500
898.70,	4.8400
899.30,	4.8300
899.91,	4.8300
900.52,	4.8300
901.12,	4.8200
901.73,	4.8200
902.33,	4.8200
902.94,	4.8100
903.54,	4.8000
904.15,	4.8000
904.75,	4.8000
905.36,	4.8000
905.96,	4.8000
906.57,	4.8000
907.17,	4.7900
907.78,	4.7900
908.38,	4.7900
908.99,	4.7700
909.59,	4.7500
910.20,	4.7400
910.80,	4.7300
911.41,	4.7300
912.01,	4.7200
912.62,	4.7200
913.22,	4.7200
913.83,	4.7200
914.43,	4.7200
915.03,	4.7100
915.64,	4.7100
916.24,	4.7000
916.85,	4.6900
917.45,	4.6900
918.06,	4.6900
918.66,	4.6900
919.26,	4.6800
919.87,	4.6800
920.47,	4.6700
921.08,	4.6600
921.68,	4.6600
922.28,	4.6500
922.89,	4.6500
923.49,	4.6400
924.10,	4.6400
924.70,	4.6300
925.30,	4.6300
925.91,	4.6300
926.51,	4.6300
927.11,	4.6200
927.72,	4.6200
928.32,	4.6200
928.92,	4.6200
929.53,	4.6200
930.13,	4.6200
930.74,	4.6100
931.34,	4.6100
931.94,	4.6100
932.54,	4.6000
933.15,	4.6000
933.75,	4.6000
934.35,	4.6000
934.96,	4.5900
935.56,	4.5900
936.16,	4.6000
936.77,	4.5900
937.37,	4.5900
937.97,	4.5800
938.57,	4.5800
939.18,	4.5800
939.78,	4.5700
940.38,	4.5700
940.98,	4.5700
941.59,	4.5700
942.19,	4.6100
942.79,	6.1900
943.39,	12.0400
944.00,	15.6700
944.60,	16.8500
945.20,	17.6600
945.80,	18.3000
946.40,	18.8300
947.01,	19.2700
947.61,	19.6500
948.21,	19.9700
948.81,	20.2700
949.41,	20.5200
950.02,	23.4200
950.62,	35.5000
951.22,	35.5000
951.82,	35.5000
952.42,	35.5000
953.02,	35.5000
953.63,	35.5000
954.23,	35.5000
954.83,	35.5000
955.43,	35.5000
956.03,	35.5000
956.63,	35.5000
957.24,	35.5000
957.84,	35.5000
958.44,	35.5000
959.04,	35.5000
959.64,	35.5000
960.24,	35.5000
960.84,	35.5000
961.44,	35.5000
962.04,	35.5000
962.64,	35.5000
963.25,	35.5000
963.85,	35.5000
964.45,	35.5000
965.05,	35.5000
965.65,	35.5000
966.25,	35.5000
966.85,	35.5000
967.45,	35.5000
968.05,	35.5000
968.65,	35.5000
969.25,	35.5000
969.85,	35.5000
970.45,	35.5000
971.05,	35.5000
971.65,	35.5000
972.25,	35.5000
972.85,	35.5000
973.45,	35.5000
974.05,	35.5000
974.65,	35.5000
975.25,	35.5000
975.85,	35.5000
976.45,	35.5000
977.05,	35.5000
977.65,	35.5000
978.25,	35.5000
978.85,	35.5000
979.45,	35.5000
980.05,	35.5000
980.65,	35.5000
981.25,	35.5000
981.85,	35.5000
982.45,	35.5000
983.05,	35.5000
983.65,	35.5000
984.25,	35.5000
984.85,	35.5000
985.45,	35.5000
986.04,	35.5000
986.64,	35.5000
987.24,	35.5000
987.84,	35.5000
988.44,	35.5000
989.04,	35.5000
989.64,	35.5000
990.24,	35.5000
990.84,	35.5000
991.44,	35.5000
992.03,	35.5000
992.63,	35.5000
993.23,	-2.5200
993.83,	-2.5200
994.43,	-2.5200
995.03,	-2.5200
995.63,	-2.5200
996.22,	-2.5200
996.82,	-2.5200
997.42,	-2.5200
998.02,	-2.5200
998.62,	-2.5200
999.21,	-2.5200
999.81,	-2.5200
1000.41,	-2.5200
