Call Sign = ZSDA,	Ship Name = SA Agulhas,	Lloyds Num = 0
Date = 12/03/2016,	Time = 15:07,	
Latitude = 43 03.23  S,	Longitude = 084 04.08  E
Instr = Sippican Deep Blue,	Card Type = Sippican MK-21,	
Wind Instr = ,	Measur Method = 
Probe Serial Num = -1,	Ship Dir = -1,	Ship Speed = -1.00
Wind Dir = 255,	Wind Speed = 31.90
Dry Bulb Temp = 8.50,	Total Water Depth = -1.00

Full Resolution Values
Depth,	 Temp
0.67,	10.2900
1.34,	10.1900
2.01,	10.1600
2.68,	10.1700
3.34,	10.1800
4.01,	10.1700
4.68,	10.1800
5.35,	10.1700
6.02,	10.1700
6.69,	10.1700
7.36,	10.1600
8.03,	10.1600
8.69,	10.1700
9.36,	10.1700
10.03,	10.1700
10.70,	10.1700
11.37,	10.1500
12.04,	10.1500
12.70,	10.1600
13.37,	10.1500
14.04,	10.1600
14.71,	10.1600
15.38,	10.1500
16.05,	10.1400
16.71,	10.1600
17.38,	10.1500
18.05,	10.1600
18.72,	10.1700
19.38,	10.1600
20.05,	10.1600
20.72,	10.1500
21.39,	10.1500
22.06,	10.1500
22.72,	10.1600
23.39,	10.1500
24.06,	10.1500
24.73,	10.1500
25.39,	10.1400
26.06,	10.1300
26.73,	10.1400
27.40,	10.1500
28.06,	10.1500
28.73,	10.1400
29.40,	10.1400
30.06,	10.1300
30.73,	10.1200
31.40,	10.1000
32.06,	10.0800
32.73,	10.0900
33.40,	10.0800
34.07,	10.0900
34.73,	10.0900
35.40,	10.1000
36.07,	10.0700
36.73,	10.0300
37.40,	10.0100
38.07,	9.9800
38.73,	9.9700
39.40,	9.9600
40.06,	9.9300
40.73,	9.9100
41.40,	9.8900
42.06,	9.9000
42.73,	9.9000
43.40,	9.8800
44.06,	9.8800
44.73,	9.9000
45.39,	9.8800
46.06,	9.8300
46.73,	9.7500
47.39,	9.7000
48.06,	9.7000
48.72,	9.7100
49.39,	9.7100
50.06,	9.7200
50.72,	9.7100
51.39,	9.7000
52.05,	9.6900
52.72,	9.6800
53.38,	9.6600
54.05,	9.6300
54.71,	9.5700
55.38,	9.5200
56.05,	9.3900
56.71,	9.3100
57.38,	9.3000
58.04,	9.2900
58.71,	9.2900
59.37,	9.2900
60.04,	9.2700
60.70,	9.2600
61.37,	9.2500
62.03,	9.2400
62.70,	9.2000
63.36,	9.1700
64.03,	9.1500
64.69,	9.1400
65.36,	9.1200
66.02,	9.0900
66.69,	9.0800
67.35,	9.0700
68.01,	9.0700
68.68,	9.0700
69.34,	9.0500
70.01,	9.0500
70.67,	9.0500
71.34,	9.0500
72.00,	9.0400
72.66,	9.0300
73.33,	9.0200
73.99,	9.0000
74.66,	8.9900
75.32,	8.9800
75.98,	8.9700
76.65,	8.9500
77.31,	8.9400
77.98,	8.9300
78.64,	8.9300
79.30,	8.9200
79.97,	8.9200
80.63,	8.9100
81.30,	8.9100
81.96,	8.9100
82.62,	8.9000
83.29,	8.9100
83.95,	8.9100
84.61,	8.9100
85.28,	8.9100
85.94,	8.9100
86.60,	8.9200
87.27,	8.9100
87.93,	8.9200
88.59,	8.9200
89.26,	8.9300
89.92,	8.9500
90.58,	8.9600
91.24,	8.9500
91.91,	8.9400
92.57,	8.9300
93.23,	8.9200
93.90,	8.9200
94.56,	8.9100
95.22,	8.9000
95.88,	8.9000
96.55,	8.8900
97.21,	8.8900
97.87,	8.8900
98.53,	8.9000
99.20,	8.9000
99.86,	8.8900
100.52,	8.8900
101.18,	8.8800
101.85,	8.8800
102.51,	8.8700
103.17,	8.8500
103.83,	8.8500
104.49,	8.8500
105.16,	8.8500
105.82,	8.8400
106.48,	8.8400
107.14,	8.8400
107.80,	8.8300
108.47,	8.8200
109.13,	8.8200
109.79,	8.8200
110.45,	8.8200
111.11,	8.8200
111.77,	8.8200
112.44,	8.8200
113.10,	8.8300
113.76,	8.8300
114.42,	8.8300
115.08,	8.8300
115.74,	8.8300
116.40,	8.8200
117.06,	8.8200
117.73,	8.8200
118.39,	8.8200
119.05,	8.8200
119.71,	8.8200
120.37,	8.8100
121.03,	8.8100
121.69,	8.8000
122.35,	8.8000
123.01,	8.8000
123.67,	8.7900
124.33,	8.7800
125.00,	8.7800
125.66,	8.7900
126.32,	8.8100
126.98,	8.8200
127.64,	8.8100
128.30,	8.8100
128.96,	8.8000
129.62,	8.8000
130.28,	8.8000
130.94,	8.7800
131.60,	8.7700
132.26,	8.7700
132.92,	8.7700
133.58,	8.7700
134.24,	8.7700
134.90,	8.7700
135.56,	8.7700
136.22,	8.7600
136.88,	8.7600
137.54,	8.7500
138.20,	8.7300
138.86,	8.7100
139.52,	8.7000
140.18,	8.7000
140.84,	8.6700
141.50,	8.6600
142.16,	8.6600
142.82,	8.6500
143.48,	8.6300
144.14,	8.6100
144.79,	8.6000
145.45,	8.5900
146.11,	8.6000
146.77,	8.6000
147.43,	8.6100
148.09,	8.6100
148.75,	8.5900
149.41,	8.5600
150.07,	8.5500
150.73,	8.5400
151.39,	8.5300
152.04,	8.5200
152.70,	8.5000
153.36,	8.4600
154.02,	8.4200
154.68,	8.3800
155.34,	8.3500
156.00,	8.3400
156.65,	8.3500
157.31,	8.3800
157.97,	8.4100
158.63,	8.4300
159.29,	8.4300
159.95,	8.4200
160.60,	8.4100
161.26,	8.4100
161.92,	8.4000
162.58,	8.3800
163.24,	8.3500
163.90,	8.3200
164.55,	8.3100
165.21,	8.3000
165.87,	8.2800
166.53,	8.2800
167.18,	8.2700
167.84,	8.2700
168.50,	8.2700
169.16,	8.2600
169.82,	8.2600
170.47,	8.2600
171.13,	8.2600
171.79,	8.2600
172.44,	8.2500
173.10,	8.2500
173.76,	8.2500
174.42,	8.2500
175.07,	8.2400
175.73,	8.2300
176.39,	8.2200
177.05,	8.2100
177.70,	8.1900
178.36,	8.1800
179.02,	8.1800
179.67,	8.1700
180.33,	8.1600
180.99,	8.1700
181.64,	8.1700
182.30,	8.1600
182.96,	8.1500
183.61,	8.1500
184.27,	8.1500
184.93,	8.1500
185.58,	8.1400
186.24,	8.1300
186.90,	8.1300
187.55,	8.1300
188.21,	8.1200
188.87,	8.1200
189.52,	8.1200
190.18,	8.1000
190.83,	8.1000
191.49,	8.0900
192.15,	8.0900
192.80,	8.0800
193.46,	8.0800
194.11,	8.0900
194.77,	8.0800
195.43,	8.0800
196.08,	8.0800
196.74,	8.1000
197.39,	8.1100
198.05,	8.1200
198.70,	8.1200
199.36,	8.1300
200.02,	8.1400
200.67,	8.1500
201.33,	8.1500
201.98,	8.1400
202.64,	8.1100
203.29,	8.1000
203.95,	8.0800
204.60,	8.0800
205.26,	8.0700
205.91,	8.0600
206.57,	8.0600
207.22,	8.0600
207.88,	8.0600
208.53,	8.0700
209.19,	8.0900
209.84,	8.0900
210.50,	8.1000
211.15,	8.1000
211.81,	8.1000
212.46,	8.0900
213.12,	8.0700
213.77,	8.0300
214.43,	8.0100
215.08,	8.0000
215.74,	7.9700
216.39,	7.9500
217.04,	7.9200
217.70,	7.9000
218.35,	7.9000
219.01,	7.8700
219.66,	7.8700
220.32,	7.8700
220.97,	7.8600
221.62,	7.8100
222.28,	7.7900
222.93,	7.7700
223.59,	7.7600
224.24,	7.7500
224.89,	7.7500
225.55,	7.7200
226.20,	7.7100
226.85,	7.6900
227.51,	7.6600
228.16,	7.6500
228.81,	7.6500
229.47,	7.6500
230.12,	7.6500
230.78,	7.6600
231.43,	7.6600
232.08,	7.6700
232.74,	7.6700
233.39,	7.6500
234.04,	7.6200
234.69,	7.6000
235.35,	7.5700
236.00,	7.5600
236.65,	7.5500
237.31,	7.5400
237.96,	7.5200
238.61,	7.4900
239.27,	7.4500
239.92,	7.4400
240.57,	7.4400
241.22,	7.4600
241.88,	7.4700
242.53,	7.4700
243.18,	7.4700
243.83,	7.4800
244.49,	7.4700
245.14,	7.4700
245.79,	7.4700
246.44,	7.4700
247.10,	7.4700
247.75,	7.4700
248.40,	7.4700
249.05,	7.4700
249.70,	7.4700
250.36,	7.4500
251.01,	7.4200
251.66,	7.4000
252.31,	7.3900
252.96,	7.3900
253.62,	7.3900
254.27,	7.3900
254.92,	7.4000
255.57,	7.4000
256.22,	7.4100
256.88,	7.4000
257.53,	7.4000
258.18,	7.4000
258.83,	7.4000
259.48,	7.4000
260.13,	7.4000
260.78,	7.4000
261.44,	7.4000
262.09,	7.4000
262.74,	7.4000
263.39,	7.4000
264.04,	7.4100
264.69,	7.4200
265.34,	7.4300
265.99,	7.4300
266.64,	7.4400
267.29,	7.4300
267.95,	7.4300
268.60,	7.4300
269.25,	7.4300
269.90,	7.4400
270.55,	7.4400
271.20,	7.4400
271.85,	7.4500
272.50,	7.4600
273.15,	7.4600
273.80,	7.4700
274.45,	7.5100
275.10,	7.5500
275.75,	7.6000
276.40,	7.6200
277.05,	7.6300
277.70,	7.6300
278.35,	7.6200
279.00,	7.6100
279.65,	7.5900
280.30,	7.5700
280.95,	7.5600
281.60,	7.5600
282.25,	7.5500
282.90,	7.5500
283.55,	7.5600
284.20,	7.5600
284.85,	7.5700
285.50,	7.5700
286.15,	7.5700
286.80,	7.5700
287.45,	7.5600
288.10,	7.5500
288.75,	7.5400
289.40,	7.5300
290.05,	7.5300
290.70,	7.5300
291.35,	7.5300
292.00,	7.5200
292.64,	7.5100
293.29,	7.4900
293.94,	7.4900
294.59,	7.4900
295.24,	7.4900
295.89,	7.4800
296.54,	7.4500
297.19,	7.3600
297.84,	7.2900
298.49,	7.2700
299.13,	7.2300
299.78,	7.2000
300.43,	7.1800
301.08,	7.1800
301.73,	7.1800
302.38,	7.1600
303.02,	7.1200
303.67,	7.0900
304.32,	7.0900
304.97,	7.0900
305.62,	7.0900
306.27,	7.0800
306.91,	7.0700
307.56,	7.0600
308.21,	7.0400
308.86,	7.0200
309.51,	7.0000
310.15,	6.9900
310.80,	6.9800
311.45,	6.9600
312.10,	6.9500
312.75,	6.9400
313.39,	6.9200
314.04,	6.9000
314.69,	6.9000
315.34,	6.8900
315.98,	6.8700
316.63,	6.8700
317.28,	6.8600
317.93,	6.8500
318.57,	6.8500
319.22,	6.8600
319.87,	6.8600
320.52,	6.8600
321.16,	6.8600
321.81,	6.8600
322.46,	6.8500
323.10,	6.8500
323.75,	6.8600
324.40,	6.8500
325.04,	6.8400
325.69,	6.8200
326.34,	6.8100
326.99,	6.8000
327.63,	6.7800
328.28,	6.7700
328.93,	6.7500
329.57,	6.7400
330.22,	6.7400
330.86,	6.7400
331.51,	6.7400
332.16,	6.7300
332.80,	6.7200
333.45,	6.7200
334.10,	6.7200
334.74,	6.7100
335.39,	6.7200
336.03,	6.7200
336.68,	6.7100
337.33,	6.7000
337.97,	6.6900
338.62,	6.6900
339.26,	6.6800
339.91,	6.6800
340.56,	6.6700
341.20,	6.6600
341.85,	6.6500
342.49,	6.6400
343.14,	6.6200
343.78,	6.6000
344.43,	6.5800
345.08,	6.5700
345.72,	6.5500
346.37,	6.5300
347.01,	6.5200
347.66,	6.5100
348.30,	6.4900
348.95,	6.4600
349.59,	6.4400
350.24,	6.4400
350.88,	6.4300
351.53,	6.4300
352.17,	6.4400
352.82,	6.4400
353.46,	6.4300
354.11,	6.4400
354.75,	6.4600
355.40,	6.4700
356.04,	6.4700
356.69,	6.4800
357.33,	6.4800
357.98,	6.4800
358.62,	6.4900
359.27,	6.4900
359.91,	6.4900
360.55,	6.4900
361.20,	6.5000
361.84,	6.4900
362.49,	6.4900
363.13,	6.4900
363.78,	6.4900
364.42,	6.4800
365.06,	6.4800
365.71,	6.4700
366.35,	6.4700
367.00,	6.4600
367.64,	6.4400
368.28,	6.4300
368.93,	6.4300
369.57,	6.4300
370.22,	6.4200
370.86,	6.4100
371.50,	6.4100
372.15,	6.3900
372.79,	6.3600
373.43,	6.3400
374.08,	6.3300
374.72,	6.3300
375.36,	6.3300
376.01,	6.3300
376.65,	6.3200
377.29,	6.3100
377.94,	6.3000
378.58,	6.2900
379.22,	6.2800
379.87,	6.2800
380.51,	6.2700
381.15,	6.2700
381.79,	6.2700
382.44,	6.2700
383.08,	6.2700
383.72,	6.2700
384.37,	6.2800
385.01,	6.2900
385.65,	6.2900
386.29,	6.2900
386.94,	6.3000
387.58,	6.3000
388.22,	6.3000
388.86,	6.3000
389.51,	6.2800
390.15,	6.2700
390.79,	6.2600
391.43,	6.2500
392.08,	6.2300
392.72,	6.2300
393.36,	6.2200
394.00,	6.2100
394.64,	6.2000
395.29,	6.1900
395.93,	6.1900
396.57,	6.1800
397.21,	6.1700
397.85,	6.1600
398.50,	6.1600
399.14,	6.1500
399.78,	6.1500
400.42,	6.1500
401.06,	6.1500
401.70,	6.1500
402.34,	6.1400
402.99,	6.1400
403.63,	6.1300
404.27,	6.1300
404.91,	6.1300
405.55,	6.1200
406.19,	6.1100
406.83,	6.1100
407.48,	6.1000
408.12,	6.0900
408.76,	6.0900
409.40,	6.0800
410.04,	6.0700
410.68,	6.0700
411.32,	6.0600
411.96,	6.0600
412.60,	6.0600
413.24,	6.0600
413.88,	6.0500
414.52,	6.0400
415.17,	6.0200
415.81,	6.0100
416.45,	5.9800
417.09,	5.9700
417.73,	5.9600
418.37,	5.9600
419.01,	5.9400
419.65,	5.9300
420.29,	5.9200
420.93,	5.9200
421.57,	5.9100
422.21,	5.9000
422.85,	5.8800
423.49,	5.8600
424.13,	5.8600
424.77,	5.8500
425.41,	5.8600
426.05,	5.8500
426.69,	5.8400
427.33,	5.8400
427.97,	5.8400
428.61,	5.8400
429.25,	5.8400
429.89,	5.8400
430.53,	5.8400
431.17,	5.8300
431.80,	5.8100
432.44,	5.7900
433.08,	5.7700
433.72,	5.7600
434.36,	5.7500
435.00,	5.7400
435.64,	5.7300
436.28,	5.7300
436.92,	5.7200
437.56,	5.7100
438.20,	5.7100
438.84,	5.7000
439.47,	5.7000
440.11,	5.7100
440.75,	5.7100
441.39,	5.7000
442.03,	5.7000
442.67,	5.7000
443.31,	5.7000
443.95,	5.6800
444.58,	5.6600
445.22,	5.6600
445.86,	5.6500
446.50,	5.6500
447.14,	5.6400
447.78,	5.6400
448.41,	5.6400
449.05,	5.6300
449.69,	5.6400
450.33,	5.6400
450.97,	5.6500
451.60,	5.6500
452.24,	5.6400
452.88,	5.6400
453.52,	5.6400
454.16,	5.6200
454.79,	5.6100
455.43,	5.6100
456.07,	5.6100
456.71,	5.6100
457.35,	5.6200
457.98,	5.6000
458.62,	5.5800
459.26,	5.5500
459.90,	5.5400
460.53,	5.5200
461.17,	5.5100
461.81,	5.5200
462.44,	5.5200
463.08,	5.5200
463.72,	5.5200
464.36,	5.5200
464.99,	5.5100
465.63,	5.5200
466.27,	5.5100
466.90,	5.5000
467.54,	5.4900
468.18,	5.4800
468.81,	5.4800
469.45,	5.4700
470.09,	5.4600
470.72,	5.4500
471.36,	5.4400
472.00,	5.4300
472.63,	5.4100
473.27,	5.4000
473.91,	5.3800
474.54,	5.3700
475.18,	5.3600
475.82,	5.3400
476.45,	5.3300
477.09,	5.3000
477.73,	5.2900
478.36,	5.2700
479.00,	5.2600
479.63,	5.2600
480.27,	5.2600
480.91,	5.2600
481.54,	5.2600
482.18,	5.2500
482.81,	5.2400
483.45,	5.2300
484.08,	5.2200
484.72,	5.2200
485.36,	5.2200
485.99,	5.2100
486.63,	5.2100
487.26,	5.2100
487.90,	5.2000
488.53,	5.2000
489.17,	5.2000
489.80,	5.2000
490.44,	5.2000
491.07,	5.1900
491.71,	5.1900
492.34,	5.1900
492.98,	5.1800
493.62,	5.1700
494.25,	5.1600
494.89,	5.1500
495.52,	5.1500
496.15,	5.1500
496.79,	5.1400
497.42,	5.1300
498.06,	5.1200
498.69,	5.1100
499.33,	5.1100
499.96,	5.1000
500.60,	5.1000
501.23,	5.0900
501.87,	5.0900
502.50,	5.0800
503.14,	5.0700
503.77,	5.0500
504.40,	5.0300
505.04,	5.0200
505.67,	5.0200
506.31,	5.0200
506.94,	5.0100
507.57,	5.0000
508.21,	5.0000
508.84,	5.0000
509.48,	5.0000
510.11,	4.9900
510.74,	4.9800
511.38,	4.9600
512.01,	4.9300
512.65,	4.9100
513.28,	4.9000
513.91,	4.9000
514.55,	4.8900
515.18,	4.8800
515.81,	4.8800
516.45,	4.8600
517.08,	4.8500
517.71,	4.8500
518.35,	4.8400
518.98,	4.8400
519.61,	4.8300
520.25,	4.8300
520.88,	4.8200
521.51,	4.8100
522.15,	4.8000
522.78,	4.8000
523.41,	4.8000
524.04,	4.8000
524.68,	4.7900
525.31,	4.7800
525.94,	4.7700
526.58,	4.7600
527.21,	4.7600
527.84,	4.7500
528.47,	4.7300
529.11,	4.7200
529.74,	4.7100
530.37,	4.7000
531.00,	4.6900
531.64,	4.6800
532.27,	4.6700
532.90,	4.6600
533.53,	4.6600
534.17,	4.6600
534.80,	4.6500
535.43,	4.6400
536.06,	4.6400
536.69,	4.6400
537.33,	4.6400
537.96,	4.6300
538.59,	4.6300
539.22,	4.6400
539.85,	4.6300
540.48,	4.6300
541.12,	4.6200
541.75,	4.6000
542.38,	4.6000
543.01,	4.6000
543.64,	4.6000
544.27,	4.6100
544.91,	4.6100
545.54,	4.6000
546.17,	4.5900
546.80,	4.6000
547.43,	4.6000
548.06,	4.6000
548.69,	4.6000
549.32,	4.6000
549.95,	4.6000
550.59,	4.6100
551.22,	4.6100
551.85,	4.6200
552.48,	4.6200
553.11,	4.6200
553.74,	4.6200
554.37,	4.6300
555.00,	4.6300
555.63,	4.6300
556.26,	4.6300
556.89,	4.6300
557.52,	4.6300
558.15,	4.6300
558.78,	4.6300
559.42,	4.6400
560.05,	4.6400
560.68,	4.6400
561.31,	4.6400
561.94,	4.6300
562.57,	4.6300
563.20,	4.6100
563.83,	4.6000
564.46,	4.5900
565.09,	4.5900
565.72,	4.5900
566.35,	4.5800
566.98,	4.5700
567.61,	4.5700
568.24,	4.5600
568.87,	4.5600
569.50,	4.5600
570.12,	4.5600
570.75,	4.5600
571.38,	4.5600
572.01,	4.5500
572.64,	4.5500
573.27,	4.5400
573.90,	4.5300
574.53,	4.5100
575.16,	4.5000
575.79,	4.4900
576.42,	4.4900
577.05,	4.4900
577.68,	4.5000
578.31,	4.4900
578.93,	4.4900
579.56,	4.4900
580.19,	4.4900
580.82,	4.4800
581.45,	4.4800
582.08,	4.4800
582.71,	4.4700
583.34,	4.4600
583.97,	4.4600
584.59,	4.4600
585.22,	4.4600
585.85,	4.4500
586.48,	4.4400
587.11,	4.4300
587.74,	4.4300
588.36,	4.4300
588.99,	4.4300
589.62,	4.4300
590.25,	4.4200
590.88,	4.4200
591.50,	4.4000
592.13,	4.3800
592.76,	4.3700
593.39,	4.3600
594.02,	4.3600
594.64,	4.3500
595.27,	4.3500
595.90,	4.3400
596.53,	4.3500
597.16,	4.3600
597.78,	4.3600
598.41,	4.3600
599.04,	4.3600
599.67,	4.3600
600.29,	4.3600
600.92,	4.3600
601.55,	4.3600
602.18,	4.3600
602.80,	4.3600
603.43,	4.3600
604.06,	4.3500
604.68,	4.3600
605.31,	4.3500
605.94,	4.3500
606.57,	4.3500
607.19,	4.3500
607.82,	4.3600
608.45,	4.3500
609.07,	4.3600
609.70,	4.3500
610.33,	4.3500
610.95,	4.3400
611.58,	4.3400
612.21,	4.3200
612.83,	4.3000
613.46,	4.2900
614.09,	4.2800
614.71,	4.2800
615.34,	4.2900
615.97,	4.2900
616.59,	4.2900
617.22,	4.2900
617.84,	4.2900
618.47,	4.2900
619.10,	4.2900
619.72,	4.2900
620.35,	4.2900
620.97,	4.2900
621.60,	4.2900
622.23,	4.2900
622.85,	4.2900
623.48,	4.2900
624.10,	4.2900
624.73,	4.2900
625.35,	4.3000
625.98,	4.2900
626.61,	4.2900
627.23,	4.2900
627.86,	4.2900
628.48,	4.2800
629.11,	4.2800
629.73,	4.2700
630.36,	4.2700
630.98,	4.2600
631.61,	4.2600
632.23,	4.2600
632.86,	4.2600
633.48,	4.2600
634.11,	4.2600
634.73,	4.2500
635.36,	4.2600
635.98,	4.2600
636.61,	4.2600
637.23,	4.2500
637.86,	4.2400
638.48,	4.2300
639.11,	4.2200
639.73,	4.2200
640.36,	4.2100
640.98,	4.2000
641.61,	4.1900
642.23,	4.1800
642.85,	4.1700
643.48,	4.1700
644.10,	4.1700
644.73,	4.1600
645.35,	4.1600
645.98,	4.1600
646.60,	4.1600
647.22,	4.1500
647.85,	4.1400
648.47,	4.1500
649.10,	4.1500
649.72,	4.1600
650.34,	4.1600
650.97,	4.1600
651.59,	4.1500
652.22,	4.1500
652.84,	4.1300
653.46,	4.1100
654.09,	4.1100
654.71,	4.1000
655.33,	4.0900
655.96,	4.0700
656.58,	4.0600
657.20,	4.0500
657.83,	4.0400
658.45,	4.0400
659.07,	4.0400
659.70,	4.0400
660.32,	4.0300
660.94,	4.0300
661.57,	4.0300
662.19,	4.0300
662.81,	4.0300
663.43,	4.0200
664.06,	4.0200
664.68,	4.0300
665.30,	4.0100
665.93,	4.0100
666.55,	4.0000
667.17,	4.0000
667.79,	3.9900
668.42,	3.9800
669.04,	3.9800
669.66,	3.9800
670.28,	3.9800
670.91,	3.9800
671.53,	3.9800
672.15,	3.9800
672.77,	3.9800
673.39,	3.9800
674.02,	3.9800
674.64,	3.9800
675.26,	3.9700
675.88,	3.9700
676.50,	3.9600
677.13,	3.9600
677.75,	3.9600
678.37,	3.9600
678.99,	3.9700
679.61,	3.9600
680.24,	3.9600
680.86,	3.9600
681.48,	3.9600
682.10,	3.9600
682.72,	3.9500
683.34,	3.9500
683.96,	3.9500
684.59,	3.9500
685.21,	3.9400
685.83,	3.9300
686.45,	3.9300
687.07,	3.9300
687.69,	3.9300
688.31,	3.9300
688.93,	3.9200
689.56,	3.9200
690.18,	3.9200
690.80,	3.9100
691.42,	3.9000
692.04,	3.9000
692.66,	3.9000
693.28,	3.9100
693.90,	3.9200
694.52,	3.9200
695.14,	3.9200
695.76,	3.9300
696.38,	3.9300
697.00,	3.9300
697.62,	3.9300
698.25,	3.9300
698.87,	3.9200
699.49,	3.9200
700.11,	3.9100
700.73,	3.9100
701.35,	3.9100
701.97,	3.9100
702.59,	3.9100
703.21,	3.9000
703.83,	3.9100
704.45,	3.9000
705.07,	3.9000
705.69,	3.8900
706.31,	3.8900
706.93,	3.8900
707.55,	3.8800
708.17,	3.8800
708.79,	3.8800
709.40,	3.8800
710.02,	3.8700
710.64,	3.8700
711.26,	3.8700
711.88,	3.8800
712.50,	3.8700
713.12,	3.8700
713.74,	3.8700
714.36,	3.8700
714.98,	3.8700
715.60,	3.8600
716.22,	3.8500
716.84,	3.8500
717.45,	3.8400
718.07,	3.8400
718.69,	3.8400
719.31,	3.8400
719.93,	3.8400
720.55,	3.8400
721.17,	3.8400
721.79,	3.8400
722.41,	3.8400
723.02,	3.8400
723.64,	3.8400
724.26,	3.8400
724.88,	3.8400
725.50,	3.8300
726.12,	3.8300
726.73,	3.8300
727.35,	3.8400
727.97,	3.8300
728.59,	3.8300
729.21,	3.8300
729.83,	3.8400
730.44,	3.8300
731.06,	3.8300
731.68,	3.8400
732.30,	3.8400
732.92,	3.8300
733.53,	3.8300
734.15,	3.8300
734.77,	3.8300
735.39,	3.8300
736.00,	3.8300
736.62,	3.8300
737.24,	3.8300
737.86,	3.8300
738.47,	3.8300
739.09,	3.8300
739.71,	3.8300
740.33,	3.8300
740.94,	3.8300
741.56,	3.8300
742.18,	3.8200
742.79,	3.8100
743.41,	3.8100
744.03,	3.8100
744.65,	3.8100
745.26,	3.8100
745.88,	3.8100
746.50,	3.8200
747.11,	3.8100
747.73,	3.8100
748.35,	3.8000
748.96,	3.8100
749.58,	3.8100
750.20,	3.8000
750.81,	3.8000
751.43,	3.7900
752.05,	3.7700
752.66,	3.7600
753.28,	3.7500
753.90,	3.7500
754.51,	3.7500
755.13,	3.7500
755.74,	3.7400
756.36,	3.7400
756.98,	3.7400
757.59,	3.7400
758.21,	3.7400
758.82,	3.7400
759.44,	3.7300
760.06,	3.7300
760.67,	3.7300
761.29,	3.7300
761.90,	3.7300
762.52,	3.7300
763.14,	3.7300
763.75,	3.7300
764.37,	3.7300
764.98,	3.7300
765.60,	3.7300
766.21,	3.7300
766.83,	3.7200
767.44,	3.7200
768.06,	3.7100
768.67,	3.7000
769.29,	3.7000
769.90,	3.7000
770.52,	3.7000
771.14,	3.6900
771.75,	3.6900
772.37,	3.7000
772.98,	3.6900
773.59,	3.6900
774.21,	3.7000
774.82,	3.6900
775.44,	3.7000
776.05,	3.7000
776.67,	3.7100
777.28,	3.7000
777.90,	3.7000
778.51,	3.7000
779.13,	3.7000
779.74,	3.7000
780.36,	3.7000
780.97,	3.7000
781.58,	3.6900
782.20,	3.6900
782.81,	3.6900
783.43,	3.6800
784.04,	3.6800
784.66,	3.6700
785.27,	3.6700
785.88,	3.6700
786.50,	3.6600
787.11,	3.6600
787.73,	3.6600
788.34,	3.6600
788.95,	3.6500
789.57,	3.6500
790.18,	3.6400
790.79,	3.6400
791.41,	3.6400
792.02,	3.6400
792.63,	3.6300
793.25,	3.6200
793.86,	3.6100
794.47,	3.6000
795.09,	3.6000
795.70,	3.6000
796.31,	3.6000
796.93,	3.5900
797.54,	3.6000
798.15,	3.5900
798.77,	3.5900
799.38,	3.5700
799.99,	3.5600
800.61,	3.5600
801.22,	3.5600
801.83,	3.5600
802.44,	3.5600
803.06,	3.5600
803.67,	3.5700
804.28,	3.5600
804.90,	3.5600
805.51,	3.5700
806.12,	3.5600
806.73,	3.5700
807.34,	3.5600
807.96,	3.5600
808.57,	3.5700
809.18,	3.5600
809.79,	3.5600
810.41,	3.5500
811.02,	3.5500
811.63,	3.5500
812.24,	3.5500
812.85,	3.5600
813.47,	3.5600
814.08,	3.5500
814.69,	3.5400
815.30,	3.5400
815.91,	3.5400
816.53,	3.5300
817.14,	3.5300
817.75,	3.5300
818.36,	3.5400
818.97,	3.5400
819.58,	3.5400
820.20,	3.5400
820.81,	3.5400
821.42,	3.5400
822.03,	3.5400
822.64,	3.5400
823.25,	3.5300
823.86,	3.5300
824.47,	3.5200
825.09,	3.5100
825.70,	3.5000
826.31,	3.5000
826.92,	3.5000
827.53,	3.4900
828.14,	3.4800
828.75,	3.4800
829.36,	3.4800
829.97,	3.4700
830.58,	3.4700
831.19,	3.4600
831.80,	3.4600
832.42,	3.4600
833.03,	3.4600
833.64,	3.4600
834.25,	3.4600
834.86,	3.4600
835.47,	3.4600
836.08,	3.4500
836.69,	3.4500
837.30,	3.4500
837.91,	3.4500
838.52,	3.4500
839.13,	3.4500
839.74,	3.4600
840.35,	3.4500
840.96,	3.4500
841.57,	3.4500
842.18,	3.4500
842.79,	3.4600
843.40,	3.4600
844.01,	3.4500
844.62,	3.4500
845.23,	3.4600
845.84,	3.4500
846.45,	3.4500
847.06,	3.4500
847.67,	3.4400
848.27,	3.4400
848.88,	3.4400
849.49,	3.4400
850.10,	3.4400
850.71,	3.4400
851.32,	3.4400
851.93,	3.4400
852.54,	3.4400
853.15,	3.4400
853.76,	3.4400
854.37,	3.4400
854.98,	3.4400
855.58,	3.4400
856.19,	3.4400
856.80,	3.4500
857.41,	3.4500
858.02,	3.4500
858.63,	3.4500
859.24,	3.4500
859.85,	3.4500
860.45,	3.4500
861.06,	3.4600
861.67,	3.4600
862.28,	3.4600
862.89,	3.4600
863.50,	3.4600
864.10,	3.4600
864.71,	3.4600
865.32,	3.4600
865.93,	3.4400
866.54,	3.4300
867.14,	3.4300
867.75,	3.4200
868.36,	3.4200
868.97,	3.4200
869.58,	3.4100
870.18,	3.4000
870.79,	3.4000
871.40,	3.4000
872.01,	3.4000
872.61,	3.4000
873.22,	3.4000
873.83,	3.3900
874.44,	3.3900
875.04,	3.3900
875.65,	3.3800
876.26,	3.3900
876.87,	3.3900
877.47,	3.3800
878.08,	3.3800
878.69,	3.3600
879.29,	3.3600
879.90,	3.3600
880.51,	3.3600
881.12,	3.3500
881.72,	3.3500
882.33,	3.3500
882.94,	3.3500
883.54,	3.3500
884.15,	3.3400
884.76,	3.3400
885.36,	3.3400
885.97,	3.3300
886.58,	3.3300
887.18,	3.3200
887.79,	3.3200
888.40,	3.3100
889.00,	3.3100
889.61,	3.3100
890.22,	3.3000
890.82,	3.3000
891.43,	3.3000
892.03,	3.2900
892.64,	3.2900
893.25,	3.2900
893.85,	3.2900
894.46,	3.2800
895.06,	3.2700
895.67,	3.2700
896.28,	3.2700
896.88,	3.2700
897.49,	3.2700
898.09,	3.2700
898.70,	3.2700
899.30,	3.2700
899.91,	3.2800
900.52,	3.2800
901.12,	3.2700
901.73,	3.2700
902.33,	3.2700
902.94,	3.2700
903.54,	3.2700
904.15,	3.2700
904.75,	3.2700
905.36,	3.2600
905.96,	3.2600
906.57,	3.2600
907.17,	3.2600
907.78,	3.2600
908.38,	3.2600
908.99,	3.2600
909.59,	3.2600
910.20,	3.2600
910.80,	3.2600
911.41,	3.2600
912.01,	3.2600
912.62,	3.2600
913.22,	3.2600
913.83,	3.2600
914.43,	3.2600
915.03,	3.2600
915.64,	3.2500
916.24,	3.2500
916.85,	3.2500
917.45,	3.2500
918.06,	3.2700
918.66,	3.4800
919.26,	4.3400
919.87,	6.1600
920.47,	8.3800
921.08,	10.6700
921.68,	12.7200
922.28,	14.2500
922.89,	15.3100
923.49,	16.1000
924.10,	16.7200
924.70,	17.2400
925.30,	17.6900
925.91,	18.1000
926.51,	20.7300
927.11,	35.5000
927.72,	35.5000
928.32,	35.5000
928.92,	35.5000
929.53,	35.5000
930.13,	35.5000
930.74,	35.5000
931.34,	35.5000
931.94,	35.5000
932.54,	35.5000
933.15,	35.5000
933.75,	35.5000
934.35,	35.5000
934.96,	35.5000
935.56,	35.5000
936.16,	35.5000
936.77,	35.5000
937.37,	35.5000
937.97,	35.5000
938.57,	35.5000
939.18,	35.5000
939.78,	35.5000
940.38,	35.5000
940.98,	35.5000
941.59,	35.5000
942.19,	35.5000
942.79,	35.5000
943.39,	35.5000
944.00,	35.5000
944.60,	35.5000
945.20,	35.5000
945.80,	35.5000
946.40,	35.5000
947.01,	35.5000
947.61,	35.5000
948.21,	35.5000
948.81,	35.5000
949.41,	35.5000
950.02,	35.5000
950.62,	35.5000
951.22,	35.5000
951.82,	35.5000
952.42,	35.5000
953.02,	35.5000
953.63,	35.5000
954.23,	35.5000
954.83,	35.5000
955.43,	35.5000
956.03,	35.5000
956.63,	35.5000
957.24,	35.5000
957.84,	35.5000
958.44,	35.5000
959.04,	35.5000
959.64,	35.5000
960.24,	35.5000
960.84,	35.5000
961.44,	35.5000
962.04,	35.5000
962.64,	35.5000
963.25,	35.5000
963.85,	35.5000
964.45,	35.5000
965.05,	35.5000
965.65,	35.5000
966.25,	35.5000
966.85,	35.5000
967.45,	35.5000
968.05,	35.5000
968.65,	35.5000
969.25,	35.5000
969.85,	35.5000
970.45,	35.5000
971.05,	35.5000
971.65,	35.5000
972.25,	35.5000
972.85,	35.5000
973.45,	35.5000
974.05,	35.5000
974.65,	35.5000
975.25,	35.5000
975.85,	35.5000
976.45,	35.5000
977.05,	35.5000
977.65,	35.5000
978.25,	35.5000
978.85,	35.5000
979.45,	35.5000
980.05,	35.5000
980.65,	35.5000
981.25,	35.5000
981.85,	35.5000
982.45,	35.5000
983.05,	35.5000
983.65,	34.4900
984.25,	34.1700
984.85,	34.3600
985.45,	34.9600
986.04,	35.5000
986.64,	35.5000
987.24,	35.5000
987.84,	35.5000
988.44,	35.5000
989.04,	35.5000
989.64,	35.5000
990.24,	35.5000
990.84,	35.5000
991.44,	35.5000
992.03,	35.5000
992.63,	35.5000
993.23,	35.5000
993.83,	35.5000
994.43,	35.5000
995.03,	35.5000
995.63,	35.5000
996.22,	35.5000
996.82,	35.5000
997.42,	35.5000
998.02,	35.5000
998.62,	35.5000
999.21,	35.5000
999.81,	35.5000
1000.41,	35.5000
