Call Sign = ZSDA,	Ship Name = SA Agulhas,	Lloyds Num = 0
Date = 12/06/2016,	Time = 13:04,	
Latitude = 54 12.40  S,	Longitude = 000 01.52  E
Instr = Sippican Deep Blue,	Card Type = Sippican MK-21,	
Wind Instr = ,	Measur Method = 
Probe Serial Num = -1,	Ship Dir = -1,	Ship Speed = -1.00
Wind Dir = 67,	Wind Speed = 9.70
Dry Bulb Temp = -0.90,	Total Water Depth = -1.00

Full Resolution Values
Depth,	 Temp
0.67,	0.4100
1.34,	-0.0100
2.01,	-0.0900
2.68,	-0.1000
3.34,	-0.1200
4.01,	-0.1200
4.68,	-0.1300
5.35,	-0.1300
6.02,	-0.1300
6.69,	-0.1300
7.36,	-0.1400
8.03,	-0.1400
8.69,	-0.1400
9.36,	-0.1500
10.03,	-0.1700
10.70,	-0.1800
11.37,	-0.2000
12.04,	-0.2200
12.70,	-0.2400
13.37,	-0.2600
14.04,	-0.2600
14.71,	-0.2600
15.38,	-0.2700
16.05,	-0.2800
16.71,	-0.2700
17.38,	-0.2700
18.05,	-0.2600
18.72,	-0.2600
19.38,	-0.2500
20.05,	-0.2600
20.72,	-0.2700
21.39,	-0.2800
22.06,	-0.2800
22.72,	-0.2900
23.39,	-0.2900
24.06,	-0.3000
24.73,	-0.3000
25.39,	-0.3100
26.06,	-0.3100
26.73,	-0.3100
27.40,	-0.3200
28.06,	-0.3300
28.73,	-0.3500
29.40,	-0.3700
30.06,	-0.3800
30.73,	-0.3900
31.40,	-0.4000
32.06,	-0.4000
32.73,	-0.4100
33.40,	-0.4100
34.07,	-0.4100
34.73,	-0.4100
35.40,	-0.4200
36.07,	-0.4200
36.73,	-0.4200
37.40,	-0.4200
38.07,	-0.4200
38.73,	-0.4200
39.40,	-0.4200
40.06,	-0.4200
40.73,	-0.4300
41.40,	-0.4300
42.06,	-0.4300
42.73,	-0.4300
43.40,	-0.4300
44.06,	-0.4300
44.73,	-0.4400
45.39,	-0.4400
46.06,	-0.4400
46.73,	-0.4500
47.39,	-0.4600
48.06,	-0.4700
48.72,	-0.4700
49.39,	-0.4700
50.06,	-0.4800
50.72,	-0.4900
51.39,	-0.5000
52.05,	-0.5000
52.72,	-0.5100
53.38,	-0.5100
54.05,	-0.5100
54.71,	-0.5100
55.38,	-0.5200
56.05,	-0.5200
56.71,	-0.5200
57.38,	-0.5300
58.04,	-0.5400
58.71,	-0.5500
59.37,	-0.5500
60.04,	-0.5500
60.70,	-0.5600
61.37,	-0.5600
62.03,	-0.5600
62.70,	-0.5700
63.36,	-0.5800
64.03,	-0.5900
64.69,	-0.6000
65.36,	-0.6100
66.02,	-0.6100
66.69,	-0.6100
67.35,	-0.6100
68.01,	-0.6100
68.68,	-0.6200
69.34,	-0.6200
70.01,	-0.6200
70.67,	-0.6300
71.34,	-0.6300
72.00,	-0.6300
72.66,	-0.6400
73.33,	-0.6500
73.99,	-0.6600
74.66,	-0.6600
75.32,	-0.6600
75.98,	-0.6700
76.65,	-0.6800
77.31,	-0.6800
77.98,	-0.6900
78.64,	-0.7000
79.30,	-0.7100
79.97,	-0.7300
80.63,	-0.7300
81.30,	-0.7400
81.96,	-0.7400
82.62,	-0.7400
83.29,	-0.7400
83.95,	-0.7400
84.61,	-0.7400
85.28,	-0.7400
85.94,	-0.7400
86.60,	-0.7500
87.27,	-0.7500
87.93,	-0.7500
88.59,	-0.7600
89.26,	-0.7600
89.92,	-0.7700
90.58,	-0.7700
91.24,	-0.7800
91.91,	-0.7800
92.57,	-0.7900
93.23,	-0.8100
93.90,	-0.8300
94.56,	-0.8600
95.22,	-0.8800
95.88,	-0.9000
96.55,	-0.9100
97.21,	-0.9300
97.87,	-0.9400
98.53,	-0.9500
99.20,	-0.9500
99.86,	-0.9500
100.52,	-0.9400
101.18,	-0.9400
101.85,	-0.9400
102.51,	-0.9400
103.17,	-0.9400
103.83,	-0.9400
104.49,	-0.9400
105.16,	-0.9400
105.82,	-0.9400
106.48,	-0.9400
107.14,	-0.9400
107.80,	-0.9400
108.47,	-0.9400
109.13,	-0.9400
109.79,	-0.9400
110.45,	-0.9500
111.11,	-0.9400
111.77,	-0.9300
112.44,	-0.9200
113.10,	-0.9200
113.76,	-0.9200
114.42,	-0.9100
115.08,	-0.9100
115.74,	-0.9100
116.40,	-0.9100
117.06,	-0.9200
117.73,	-0.9200
118.39,	-0.9200
119.05,	-0.9200
119.71,	-0.9200
120.37,	-0.9200
121.03,	-0.9200
121.69,	-0.9200
122.35,	-0.9100
123.01,	-0.9000
123.67,	-0.8900
124.33,	-0.8900
125.00,	-0.8900
125.66,	-0.8900
126.32,	-0.8900
126.98,	-0.8900
127.64,	-0.8900
128.30,	-0.8900
128.96,	-0.8900
129.62,	-0.8900
130.28,	-0.8900
130.94,	-0.8900
131.60,	-0.8900
132.26,	-0.8800
132.92,	-0.8700
133.58,	-0.8600
134.24,	-0.8600
134.90,	-0.8600
135.56,	-0.8500
136.22,	-0.8400
136.88,	-0.8400
137.54,	-0.8300
138.20,	-0.8200
138.86,	-0.8200
139.52,	-0.8000
140.18,	-0.7800
140.84,	-0.7600
141.50,	-0.7200
142.16,	-0.6800
142.82,	-0.6500
143.48,	-0.6300
144.14,	-0.6100
144.79,	-0.5800
145.45,	-0.5600
146.11,	-0.5400
146.77,	-0.5200
147.43,	-0.5100
148.09,	-0.4600
148.75,	-0.3900
149.41,	-0.3200
150.07,	-0.2500
150.73,	-0.2100
151.39,	-0.1900
152.04,	-0.1800
152.70,	-0.1800
153.36,	-0.1800
154.02,	-0.2300
154.68,	-0.3100
155.34,	-0.3400
156.00,	-0.3500
156.65,	-0.3500
157.31,	-0.3500
157.97,	-0.3600
158.63,	-0.3600
159.29,	-0.3600
159.95,	-0.3600
160.60,	-0.3600
161.26,	-0.3600
161.92,	-0.3600
162.58,	-0.3600
163.24,	-0.3600
163.90,	-0.3600
164.55,	-0.3600
165.21,	-0.3600
165.87,	-0.3600
166.53,	-0.3600
167.18,	-0.3500
167.84,	-0.3500
168.50,	-0.3400
169.16,	-0.3300
169.82,	-0.3300
170.47,	-0.3100
171.13,	-0.3000
171.79,	-0.2900
172.44,	-0.2800
173.10,	-0.2600
173.76,	-0.2500
174.42,	-0.2400
175.07,	-0.2300
175.73,	-0.2200
176.39,	-0.2200
177.05,	-0.2100
177.70,	-0.2100
178.36,	-0.2100
179.02,	-0.2100
179.67,	-0.2100
180.33,	-0.2100
180.99,	-0.2100
181.64,	-0.2100
182.30,	-0.2100
182.96,	-0.2100
183.61,	-0.2100
184.27,	-0.2100
184.93,	-0.2100
185.58,	-0.2000
186.24,	-0.2000
186.90,	-0.1800
187.55,	-0.1200
188.21,	-0.0300
188.87,	0.0200
189.52,	0.0500
190.18,	0.1100
190.83,	0.1600
191.49,	0.1900
192.15,	0.2100
192.80,	0.2200
193.46,	0.2600
194.11,	0.2900
194.77,	0.3100
195.43,	0.3300
196.08,	0.3500
196.74,	0.3900
197.39,	0.4300
198.05,	0.4500
198.70,	0.4800
199.36,	0.5000
200.02,	0.5200
200.67,	0.5300
201.33,	0.5300
201.98,	0.5300
202.64,	0.5400
203.29,	0.5500
203.95,	0.5600
204.60,	0.5800
205.26,	0.6000
205.91,	0.6100
206.57,	0.6300
207.22,	0.6600
207.88,	0.6800
208.53,	0.6900
209.19,	0.7100
209.84,	0.7200
210.50,	0.7300
211.15,	0.7400
211.81,	0.7500
212.46,	0.7500
213.12,	0.7600
213.77,	0.7700
214.43,	0.7800
215.08,	0.7900
215.74,	0.8000
216.39,	0.8100
217.04,	0.8200
217.70,	0.8200
218.35,	0.8300
219.01,	0.8400
219.66,	0.8400
220.32,	0.8400
220.97,	0.8400
221.62,	0.8500
222.28,	0.8500
222.93,	0.8500
223.59,	0.8600
224.24,	0.8600
224.89,	0.8700
225.55,	0.8800
226.20,	0.8900
226.85,	0.8900
227.51,	0.8900
228.16,	0.9000
228.81,	0.9000
229.47,	0.9000
230.12,	0.9100
230.78,	0.9400
231.43,	0.9700
232.08,	0.9900
232.74,	1.0000
233.39,	1.0100
234.04,	1.0200
234.69,	1.0300
235.35,	1.0400
236.00,	1.0600
236.65,	1.0900
237.31,	1.1100
237.96,	1.1300
238.61,	1.1400
239.27,	1.1500
239.92,	1.1500
240.57,	1.1600
241.22,	1.1700
241.88,	1.1700
242.53,	1.1800
243.18,	1.1700
243.83,	1.1700
244.49,	1.1600
245.14,	1.1600
245.79,	1.1500
246.44,	1.1500
247.10,	1.1500
247.75,	1.1500
248.40,	1.1500
249.05,	1.1500
249.70,	1.1500
250.36,	1.1600
251.01,	1.1600
251.66,	1.1600
252.31,	1.1600
252.96,	1.1600
253.62,	1.1700
254.27,	1.1700
254.92,	1.1800
255.57,	1.1800
256.22,	1.1800
256.88,	1.1900
257.53,	1.2000
258.18,	1.2100
258.83,	1.2200
259.48,	1.2200
260.13,	1.2300
260.78,	1.2400
261.44,	1.2400
262.09,	1.2500
262.74,	1.2600
263.39,	1.2600
264.04,	1.2700
264.69,	1.2700
265.34,	1.2700
265.99,	1.2800
266.64,	1.2900
267.29,	1.2900
267.95,	1.3000
268.60,	1.3100
269.25,	1.3100
269.90,	1.3200
270.55,	1.3300
271.20,	1.3500
271.85,	1.3700
272.50,	1.3900
273.15,	1.4000
273.80,	1.4100
274.45,	1.4100
275.10,	1.4200
275.75,	1.4200
276.40,	1.4300
277.05,	1.4300
277.70,	1.4200
278.35,	1.4300
279.00,	1.4300
279.65,	1.4300
280.30,	1.4300
280.95,	1.4400
281.60,	1.4400
282.25,	1.4500
282.90,	1.4500
283.55,	1.4500
284.20,	1.4500
284.85,	1.4600
285.50,	1.4600
286.15,	1.4700
286.80,	1.4900
287.45,	1.5000
288.10,	1.5000
288.75,	1.4900
289.40,	1.5000
290.05,	1.5000
290.70,	1.5000
291.35,	1.5000
292.00,	1.5100
292.64,	1.5100
293.29,	1.5100
293.94,	1.5100
294.59,	1.5100
295.24,	1.5100
295.89,	1.5200
296.54,	1.5200
297.19,	1.5200
297.84,	1.5200
298.49,	1.5200
299.13,	1.5200
299.78,	1.5300
300.43,	1.5300
301.08,	1.5300
301.73,	1.5400
302.38,	1.5400
303.02,	1.5400
303.67,	1.5400
304.32,	1.5400
304.97,	1.5400
305.62,	1.5400
306.27,	1.5400
306.91,	1.5400
307.56,	1.5400
308.21,	1.5400
308.86,	1.5400
309.51,	1.5400
310.15,	1.5400
310.80,	1.5500
311.45,	1.5400
312.10,	1.5500
312.75,	1.5500
313.39,	1.5500
314.04,	1.5500
314.69,	1.5600
315.34,	1.5600
315.98,	1.5600
316.63,	1.5600
317.28,	1.5600
317.93,	1.5600
318.57,	1.5600
319.22,	1.5700
319.87,	1.5700
320.52,	1.5700
321.16,	1.5700
321.81,	1.5700
322.46,	1.5700
323.10,	1.5700
323.75,	1.5700
324.40,	1.5700
325.04,	1.5700
325.69,	1.5700
326.34,	1.5700
326.99,	1.5800
327.63,	1.5800
328.28,	1.5800
328.93,	1.5700
329.57,	1.5800
330.22,	1.5800
330.86,	1.5800
331.51,	1.5800
332.16,	1.5800
332.80,	1.5800
333.45,	1.5800
334.10,	1.5800
334.74,	1.5900
335.39,	1.5900
336.03,	1.5900
336.68,	1.5900
337.33,	1.5900
337.97,	1.6000
338.62,	1.6000
339.26,	1.6000
339.91,	1.6000
340.56,	1.6000
341.20,	1.6000
341.85,	1.6000
342.49,	1.6000
343.14,	1.6000
343.78,	1.6000
344.43,	1.6000
345.08,	1.6000
345.72,	1.6000
346.37,	1.6000
347.01,	1.6000
347.66,	1.6000
348.30,	1.6000
348.95,	1.6000
349.59,	1.6000
350.24,	1.6100
350.88,	1.6100
351.53,	1.6100
352.17,	1.6100
352.82,	1.6100
353.46,	1.6100
354.11,	1.6100
354.75,	1.6100
355.40,	1.6100
356.04,	1.6100
356.69,	1.6100
357.33,	1.6100
357.98,	1.6100
358.62,	1.6100
359.27,	1.6100
359.91,	1.6100
360.55,	1.6100
361.20,	1.6100
361.84,	1.6100
362.49,	1.6100
363.13,	1.6100
363.78,	1.6100
364.42,	1.6100
365.06,	1.6100
365.71,	1.6100
366.35,	1.6100
367.00,	1.6200
367.64,	1.6200
368.28,	1.6200
368.93,	1.6200
369.57,	1.6200
370.22,	1.6200
370.86,	1.6200
371.50,	1.6200
372.15,	1.6200
372.79,	1.6200
373.43,	1.6200
374.08,	1.6200
374.72,	1.6200
375.36,	1.6200
376.01,	1.6200
376.65,	1.6200
377.29,	1.6200
377.94,	1.6200
378.58,	1.6200
379.22,	1.6200
379.87,	1.6200
380.51,	1.6200
381.15,	1.6200
381.79,	1.6300
382.44,	1.6200
383.08,	1.6200
383.72,	1.6300
384.37,	1.6300
385.01,	1.6300
385.65,	1.6200
386.29,	1.6200
386.94,	1.6300
387.58,	1.6300
388.22,	1.6300
388.86,	1.6300
389.51,	1.6300
390.15,	1.6300
390.79,	1.6300
391.43,	1.6300
392.08,	1.6300
392.72,	1.6300
393.36,	1.6300
394.00,	1.6300
394.64,	1.6300
395.29,	1.6300
395.93,	1.6300
396.57,	1.6300
397.21,	1.6300
397.85,	1.6300
398.50,	1.6300
399.14,	1.6300
399.78,	1.6300
400.42,	1.6300
401.06,	1.6300
401.70,	1.6300
402.34,	1.6300
402.99,	1.6300
403.63,	1.6300
404.27,	1.6300
404.91,	1.6300
405.55,	1.6300
406.19,	1.6300
406.83,	1.6300
407.48,	1.6300
408.12,	1.6300
408.76,	1.6300
409.40,	1.6300
410.04,	1.6300
410.68,	1.6300
411.32,	1.6300
411.96,	1.6300
412.60,	1.6300
413.24,	1.6300
413.88,	1.6300
414.52,	1.6300
415.17,	1.6300
415.81,	1.6300
416.45,	1.6300
417.09,	1.6300
417.73,	1.6300
418.37,	1.6300
419.01,	1.6300
419.65,	1.6300
420.29,	1.6300
420.93,	1.6300
421.57,	1.6300
422.21,	1.6300
422.85,	1.6300
423.49,	1.6300
424.13,	1.6300
424.77,	1.6300
425.41,	1.6400
426.05,	1.6400
426.69,	1.6300
427.33,	1.6300
427.97,	1.6300
428.61,	1.6300
429.25,	1.6300
429.89,	1.6300
430.53,	1.6300
431.17,	1.6300
431.80,	1.6300
432.44,	1.6300
433.08,	1.6300
433.72,	1.6300
434.36,	1.6300
435.00,	1.6300
435.64,	1.6300
436.28,	1.6300
436.92,	1.6300
437.56,	1.6300
438.20,	1.6300
438.84,	1.6300
439.47,	1.6300
440.11,	1.6300
440.75,	1.6300
441.39,	1.6300
442.03,	1.6300
442.67,	1.6300
443.31,	1.6300
443.95,	1.6300
444.58,	1.6300
445.22,	1.6300
445.86,	1.6300
446.50,	1.6300
447.14,	1.6300
447.78,	1.6300
448.41,	1.6300
449.05,	1.6300
449.69,	1.6300
450.33,	1.6300
450.97,	1.6300
451.60,	1.6300
452.24,	1.6300
452.88,	1.6300
453.52,	1.6300
454.16,	1.6300
454.79,	1.6300
455.43,	1.6200
456.07,	1.6200
456.71,	1.6200
457.35,	1.6200
457.98,	1.6200
458.62,	1.6200
459.26,	1.6200
459.90,	1.6200
460.53,	1.6200
461.17,	1.6200
461.81,	1.6200
462.44,	1.6200
463.08,	1.6200
463.72,	1.6200
464.36,	1.6200
464.99,	1.6200
465.63,	1.6200
466.27,	1.6200
466.90,	1.6200
467.54,	1.6200
468.18,	1.6200
468.81,	1.6200
469.45,	1.6200
470.09,	1.6200
470.72,	1.6200
471.36,	1.6200
472.00,	1.6200
472.63,	1.6200
473.27,	1.6200
473.91,	1.6200
474.54,	1.6200
475.18,	1.6100
475.82,	1.6100
476.45,	1.6200
477.09,	1.6100
477.73,	1.6200
478.36,	1.6100
479.00,	1.6100
479.63,	1.6100
480.27,	1.6100
480.91,	1.6100
481.54,	1.6100
482.18,	1.6100
482.81,	1.6100
483.45,	1.6100
484.08,	1.6100
484.72,	1.6100
485.36,	1.6100
485.99,	1.6100
486.63,	1.6100
487.26,	1.6100
487.90,	1.6100
488.53,	1.6100
489.17,	1.6100
489.80,	1.6100
490.44,	1.6100
491.07,	1.6100
491.71,	1.6100
492.34,	1.6100
492.98,	1.6000
493.62,	1.6100
494.25,	1.6100
494.89,	1.6100
495.52,	1.6100
496.15,	1.6000
496.79,	1.6000
497.42,	1.6000
498.06,	1.6000
498.69,	1.6000
499.33,	1.6000
499.96,	1.6000
500.60,	1.6100
501.23,	1.6000
501.87,	1.6000
502.50,	1.6000
503.14,	1.6000
503.77,	1.6000
504.40,	1.6000
505.04,	1.6000
505.67,	1.6000
506.31,	1.6000
506.94,	1.6000
507.57,	1.6000
508.21,	1.6000
508.84,	1.6000
509.48,	1.6000
510.11,	1.6000
510.74,	1.6000
511.38,	1.6000
512.01,	1.6000
512.65,	1.6000
513.28,	1.6000
513.91,	1.6000
514.55,	1.6000
515.18,	1.6000
515.81,	1.6000
516.45,	1.6000
517.08,	1.6000
517.71,	1.6000
518.35,	1.6000
518.98,	1.6000
519.61,	1.5900
520.25,	1.5900
520.88,	1.6000
521.51,	1.6000
522.15,	1.6000
522.78,	1.6000
523.41,	1.5900
524.04,	1.5900
524.68,	1.6000
525.31,	1.6000
525.94,	1.6000
526.58,	1.6000
527.21,	1.6000
527.84,	1.6000
528.47,	1.6000
529.11,	1.6000
529.74,	1.6000
530.37,	1.6000
531.00,	1.6000
531.64,	1.6000
532.27,	1.6000
532.90,	1.6000
533.53,	1.5900
534.17,	1.5900
534.80,	1.5900
535.43,	1.5900
536.06,	1.5900
536.69,	1.5900
537.33,	1.5900
537.96,	1.5900
538.59,	1.5900
539.22,	1.5900
539.85,	1.5900
540.48,	1.5900
541.12,	1.5900
541.75,	1.5900
542.38,	1.5900
543.01,	1.5900
543.64,	1.5900
544.27,	1.5900
544.91,	1.5900
545.54,	1.5900
546.17,	1.5900
546.80,	1.5800
547.43,	1.5800
548.06,	1.5800
548.69,	1.5800
549.32,	1.5800
549.95,	1.5800
550.59,	1.5800
551.22,	1.5800
551.85,	1.5800
552.48,	1.5800
553.11,	1.5800
553.74,	1.5800
554.37,	1.5800
555.00,	1.5800
555.63,	1.5800
556.26,	1.5800
556.89,	1.5800
557.52,	1.5800
558.15,	1.5800
558.78,	1.5800
559.42,	1.5800
560.05,	1.5800
560.68,	1.5800
561.31,	1.5800
561.94,	1.5800
562.57,	1.5800
563.20,	1.5800
563.83,	1.5800
564.46,	1.5800
565.09,	1.5800
565.72,	1.5800
566.35,	1.5800
566.98,	1.5800
567.61,	1.5800
568.24,	1.5800
568.87,	1.5800
569.50,	1.5800
570.12,	1.5800
570.75,	1.5800
571.38,	1.5800
572.01,	1.5800
572.64,	1.5800
573.27,	1.5800
573.90,	1.5800
574.53,	1.5800
575.16,	1.5800
575.79,	1.5800
576.42,	1.5800
577.05,	1.5800
577.68,	1.5800
578.31,	1.5800
578.93,	1.5800
579.56,	1.5800
580.19,	1.5800
580.82,	1.5800
581.45,	1.5800
582.08,	1.5700
582.71,	1.5700
583.34,	1.5700
583.97,	1.5700
584.59,	1.5700
585.22,	1.5700
585.85,	1.5700
586.48,	1.5700
587.11,	1.5700
587.74,	1.5700
588.36,	1.5700
588.99,	1.5700
589.62,	1.5700
590.25,	1.5700
590.88,	1.5700
591.50,	1.5700
592.13,	1.5700
592.76,	1.5700
593.39,	1.5700
594.02,	1.5700
594.64,	1.5700
595.27,	1.5700
595.90,	1.5700
596.53,	1.5700
597.16,	1.5600
597.78,	1.5600
598.41,	1.5600
599.04,	1.5600
599.67,	1.5600
600.29,	1.5600
600.92,	1.5600
601.55,	1.5600
602.18,	1.5600
602.80,	1.5600
603.43,	1.5600
604.06,	1.5600
604.68,	1.5600
605.31,	1.5600
605.94,	1.5600
606.57,	1.5500
607.19,	1.5500
607.82,	1.5500
608.45,	1.5500
609.07,	1.5500
609.70,	1.5500
610.33,	1.5500
610.95,	1.5500
611.58,	1.5500
612.21,	1.5500
612.83,	1.5500
613.46,	1.5500
614.09,	1.5500
614.71,	1.5500
615.34,	1.5500
615.97,	1.5500
616.59,	1.5500
617.22,	1.5500
617.84,	1.5500
618.47,	1.5500
619.10,	1.5500
619.72,	1.5500
620.35,	1.5500
620.97,	1.5400
621.60,	1.5400
622.23,	1.5400
622.85,	1.5400
623.48,	1.5400
624.10,	1.5400
624.73,	1.5400
625.35,	1.5400
625.98,	1.5400
626.61,	1.5400
627.23,	1.5400
627.86,	1.5400
628.48,	1.5400
629.11,	1.5400
629.73,	1.5400
630.36,	1.5400
630.98,	1.5300
631.61,	1.5300
632.23,	1.5400
632.86,	1.5400
633.48,	1.5400
634.11,	1.5400
634.73,	1.5400
635.36,	1.5400
635.98,	1.5300
636.61,	1.5300
637.23,	1.5300
637.86,	1.5300
638.48,	1.5300
639.11,	1.5300
639.73,	1.5300
640.36,	1.5300
640.98,	1.5300
641.61,	1.5300
642.23,	1.5300
642.85,	1.5300
643.48,	1.5300
644.10,	1.5300
644.73,	1.5300
645.35,	1.5300
645.98,	1.5300
646.60,	1.5300
647.22,	1.5200
647.85,	1.5200
648.47,	1.5300
649.10,	1.5300
649.72,	1.5300
650.34,	1.5200
650.97,	1.5200
651.59,	1.5200
652.22,	1.5200
652.84,	1.5200
653.46,	1.5200
654.09,	1.5200
654.71,	1.5200
655.33,	1.5200
655.96,	1.5200
656.58,	1.5200
657.20,	1.5200
657.83,	1.5200
658.45,	1.5200
659.07,	1.5200
659.70,	1.5200
660.32,	1.5200
660.94,	1.5200
661.57,	1.5100
662.19,	1.5200
662.81,	1.5200
663.43,	1.5200
664.06,	1.5200
664.68,	1.5200
665.30,	1.5200
665.93,	1.5100
666.55,	1.5200
667.17,	1.5200
667.79,	1.5200
668.42,	1.5100
669.04,	1.5100
669.66,	1.5100
670.28,	1.5100
670.91,	1.5100
671.53,	1.5100
672.15,	1.5000
672.77,	1.5100
673.39,	1.5000
674.02,	1.5000
674.64,	1.5000
675.26,	1.5000
675.88,	1.5000
676.50,	1.5000
677.13,	1.5000
677.75,	1.5000
678.37,	1.5000
678.99,	1.5000
679.61,	1.5000
680.24,	1.5000
680.86,	1.5000
681.48,	1.5000
682.10,	1.4900
682.72,	1.4900
683.34,	1.4900
683.96,	1.4900
684.59,	1.4900
685.21,	1.4900
685.83,	1.4900
686.45,	1.4900
687.07,	1.4900
687.69,	1.4900
688.31,	1.4900
688.93,	1.4900
689.56,	1.4900
690.18,	1.4900
690.80,	1.4800
691.42,	1.4800
692.04,	1.4900
692.66,	1.4800
693.28,	1.4800
693.90,	1.4800
694.52,	1.4800
695.14,	1.4800
695.76,	1.4800
696.38,	1.4800
697.00,	1.4800
697.62,	1.4800
698.25,	1.4800
698.87,	1.4800
699.49,	1.4800
700.11,	1.4800
700.73,	1.4800
701.35,	1.4800
701.97,	1.4800
702.59,	1.4800
703.21,	1.4700
703.83,	1.4700
704.45,	1.4700
705.07,	1.4700
705.69,	1.4700
706.31,	1.4700
706.93,	1.4700
707.55,	1.4700
708.17,	1.4700
708.79,	1.4700
709.40,	1.4700
710.02,	1.4700
710.64,	1.4700
711.26,	1.4700
711.88,	1.4700
712.50,	1.4700
713.12,	1.4700
713.74,	1.4700
714.36,	1.4600
714.98,	1.4600
715.60,	1.4600
716.22,	1.4700
716.84,	1.4700
717.45,	1.4600
718.07,	1.4600
718.69,	1.4700
719.31,	1.4700
719.93,	1.4700
720.55,	1.4700
721.17,	1.4700
721.79,	1.4600
722.41,	1.4700
723.02,	1.4600
723.64,	1.4600
724.26,	1.4600
724.88,	1.4600
725.50,	1.4600
726.12,	1.4600
726.73,	1.4600
727.35,	1.4600
727.97,	1.4600
728.59,	1.4600
729.21,	1.4600
729.83,	1.4500
730.44,	1.4500
731.06,	1.4500
731.68,	1.4500
732.30,	1.4500
732.92,	1.4500
733.53,	1.4500
734.15,	1.4500
734.77,	1.4500
735.39,	1.4500
736.00,	1.4500
736.62,	1.4500
737.24,	1.4500
737.86,	1.4500
738.47,	1.4500
739.09,	1.4500
739.71,	1.4500
740.33,	1.4500
740.94,	1.4500
741.56,	1.4500
742.18,	1.4500
742.79,	1.4500
743.41,	1.4400
744.03,	1.4400
744.65,	1.4400
745.26,	1.4500
745.88,	1.4500
746.50,	1.4500
747.11,	1.4500
747.73,	1.4400
748.35,	1.4400
748.96,	1.4400
749.58,	1.4400
750.20,	1.4400
750.81,	1.4400
751.43,	1.4400
752.05,	1.4400
752.66,	1.4400
753.28,	1.4300
753.90,	1.4400
754.51,	1.4400
755.13,	1.4400
755.74,	1.4300
756.36,	1.4300
756.98,	1.4300
757.59,	1.4300
758.21,	1.4400
758.82,	1.4300
759.44,	1.4300
760.06,	1.4300
760.67,	1.4300
761.29,	1.4300
761.90,	1.4300
762.52,	1.4300
763.14,	1.4300
763.75,	1.4300
764.37,	1.4300
764.98,	1.4300
765.60,	1.4300
766.21,	1.4200
766.83,	1.4200
767.44,	1.4200
768.06,	1.4200
768.67,	1.4200
769.29,	1.4200
769.90,	1.4200
770.52,	1.4200
771.14,	1.4200
771.75,	1.4200
772.37,	1.4100
772.98,	1.4100
773.59,	1.4100
774.21,	1.4100
774.82,	1.4100
775.44,	1.4000
776.05,	1.4000
776.67,	1.4000
777.28,	1.4000
777.90,	1.4100
778.51,	1.4000
779.13,	1.4000
779.74,	1.4000
780.36,	1.4000
780.97,	1.4000
781.58,	1.4000
782.20,	1.4000
782.81,	1.4000
783.43,	1.4000
784.04,	1.4000
784.66,	1.4000
785.27,	1.4000
785.88,	1.4000
786.50,	1.4000
787.11,	1.4000
787.73,	1.4000
788.34,	1.4000
788.95,	1.4000
789.57,	1.4000
790.18,	1.4000
790.79,	1.4000
791.41,	1.4000
792.02,	1.4000
792.63,	1.4000
793.25,	1.4000
793.86,	1.4000
794.47,	1.4000
795.09,	1.4000
795.70,	1.4000
796.31,	1.4000
796.93,	1.4000
797.54,	1.4000
798.15,	1.4000
798.77,	1.4000
799.38,	1.4000
799.99,	1.3900
800.61,	1.3900
801.22,	1.4000
801.83,	1.3900
802.44,	1.3900
803.06,	1.3900
803.67,	1.3900
804.28,	1.3900
804.90,	1.3900
805.51,	1.3800
806.12,	1.3800
806.73,	1.3800
807.34,	1.3800
807.96,	1.3800
808.57,	1.3800
809.18,	1.3800
809.79,	1.3800
810.41,	1.3700
811.02,	1.3700
811.63,	1.3700
812.24,	1.3600
812.85,	1.3700
813.47,	1.3600
814.08,	1.3600
814.69,	1.3600
815.30,	1.3600
815.91,	1.3600
816.53,	1.3700
817.14,	1.3600
817.75,	1.3600
818.36,	1.3600
818.97,	1.3600
819.58,	1.3600
820.20,	1.3600
820.81,	1.3600
821.42,	1.3600
822.03,	1.3600
822.64,	1.3600
823.25,	1.3600
823.86,	1.3600
824.47,	1.3600
825.09,	1.3500
825.70,	1.3500
826.31,	1.3500
826.92,	1.3500
827.53,	1.3500
828.14,	1.3500
828.75,	1.3500
829.36,	1.3400
829.97,	1.3500
830.58,	1.3400
831.19,	1.3400
831.80,	1.3400
832.42,	1.3400
833.03,	1.3400
833.64,	1.3400
834.25,	1.3400
834.86,	1.3500
835.47,	1.3400
836.08,	1.3400
836.69,	1.3400
837.30,	1.3400
837.91,	1.3400
838.52,	1.3500
839.13,	1.3500
839.74,	1.3400
840.35,	1.3400
840.96,	1.3400
841.57,	1.3400
842.18,	1.3400
842.79,	1.3400
843.40,	1.3400
844.01,	1.3400
844.62,	1.3400
845.23,	1.3400
845.84,	1.3400
846.45,	1.3400
847.06,	1.3400
847.67,	1.3300
848.27,	1.3400
848.88,	1.3400
849.49,	1.3400
850.10,	1.3400
850.71,	1.3300
851.32,	1.3300
851.93,	1.3300
852.54,	1.3300
853.15,	1.3300
853.76,	1.3300
854.37,	1.3300
854.98,	1.3300
855.58,	1.3300
856.19,	1.3300
856.80,	1.3300
857.41,	1.3300
858.02,	1.3300
858.63,	1.3300
859.24,	1.3300
859.85,	1.3300
860.45,	1.3200
861.06,	1.3200
861.67,	1.3200
862.28,	1.3200
862.89,	1.3200
863.50,	1.3200
864.10,	1.3200
864.71,	1.3200
865.32,	1.3100
865.93,	1.3100
866.54,	1.3100
867.14,	1.3100
867.75,	1.3100
868.36,	1.3100
868.97,	1.3100
869.58,	1.3100
870.18,	1.3100
870.79,	1.3100
871.40,	1.3100
872.01,	1.3100
872.61,	1.3100
873.22,	1.3100
873.83,	1.3100
874.44,	1.3100
875.04,	1.3100
875.65,	1.3100
876.26,	1.3000
876.87,	1.3000
877.47,	1.3100
878.08,	1.3000
878.69,	1.3100
879.29,	1.3100
879.90,	1.3000
880.51,	1.3000
881.12,	1.3000
881.72,	1.3000
882.33,	1.3000
882.94,	1.3000
883.54,	1.3000
884.15,	1.3000
884.76,	1.3000
885.36,	1.3000
885.97,	1.3000
886.58,	1.3000
887.18,	1.3000
887.79,	1.3000
888.40,	1.3000
889.00,	1.3000
889.61,	1.3000
890.22,	1.3000
890.82,	1.3000
891.43,	1.3000
892.03,	1.3000
892.64,	1.3000
893.25,	1.3000
893.85,	1.3000
894.46,	1.3000
895.06,	1.3000
895.67,	1.3000
896.28,	1.3000
896.88,	1.3000
897.49,	1.3000
898.09,	1.3000
898.70,	1.3000
899.30,	1.3000
899.91,	1.3000
900.52,	1.3000
901.12,	1.3000
901.73,	1.2900
902.33,	1.2900
902.94,	1.2900
903.54,	1.2900
904.15,	1.2900
904.75,	1.2900
905.36,	1.2800
905.96,	1.2800
906.57,	1.2700
907.17,	1.2700
907.78,	1.2700
908.38,	1.2700
908.99,	1.2700
909.59,	1.2700
910.20,	1.2700
910.80,	1.2700
911.41,	1.2700
912.01,	1.2700
912.62,	1.2700
913.22,	1.2700
913.83,	1.2700
914.43,	1.2700
915.03,	1.2700
915.64,	1.2700
916.24,	1.2700
916.85,	1.2700
917.45,	1.2600
918.06,	1.2600
918.66,	1.2600
919.26,	1.2600
919.87,	1.2600
920.47,	1.2600
921.08,	1.2600
921.68,	1.2600
922.28,	1.2600
922.89,	1.2600
923.49,	1.2600
924.10,	1.2600
924.70,	1.2600
925.30,	1.2500
925.91,	1.2500
926.51,	1.2500
927.11,	1.2500
927.72,	1.2500
928.32,	1.2500
928.92,	1.2500
929.53,	1.2500
930.13,	1.2700
930.74,	1.5100
931.34,	2.7600
931.94,	6.0300
932.54,	10.0900
933.15,	13.1400
933.75,	14.6900
934.35,	15.6500
934.96,	16.4300
935.56,	17.1500
936.16,	23.6400
936.77,	35.5000
937.37,	35.5000
937.97,	35.5000
938.57,	35.5000
939.18,	35.5000
939.78,	35.5000
940.38,	35.5000
940.98,	35.5000
941.59,	35.5000
942.19,	35.5000
942.79,	35.5000
943.39,	35.5000
944.00,	35.5000
944.60,	35.5000
945.20,	35.5000
945.80,	35.5000
946.40,	35.5000
947.01,	35.5000
947.61,	35.5000
948.21,	35.5000
948.81,	35.5000
949.41,	35.5000
950.02,	35.5000
950.62,	35.5000
951.22,	35.5000
951.82,	35.5000
952.42,	35.5000
953.02,	35.5000
953.63,	35.5000
954.23,	35.5000
954.83,	35.5000
955.43,	35.5000
956.03,	35.5000
956.63,	35.5000
957.24,	35.5000
957.84,	-2.5200
958.44,	-2.5200
959.04,	-2.5200
959.64,	-2.5200
960.24,	-2.5200
960.84,	-2.5200
961.44,	-2.5200
962.04,	-2.5200
962.64,	-2.5200
963.25,	-2.5200
963.85,	-2.5200
964.45,	-2.5200
965.05,	-2.5200
965.65,	-2.5200
966.25,	-2.5200
966.85,	-2.5200
967.45,	-2.5200
968.05,	-2.5200
968.65,	-2.5200
969.25,	-2.5200
969.85,	-2.5200
970.45,	-2.5200
971.05,	-2.5200
971.65,	-2.5200
972.25,	-2.5200
972.85,	-2.5200
973.45,	-2.5200
974.05,	-2.5200
974.65,	-2.5200
975.25,	-2.5200
975.85,	-2.5200
976.45,	-2.5200
977.05,	-2.5200
977.65,	-2.5200
978.25,	-2.5200
978.85,	-2.5200
979.45,	-2.5200
980.05,	-2.5200
980.65,	-2.5200
981.25,	-2.5200
981.85,	-2.5200
982.45,	-2.5200
983.05,	-2.5200
983.65,	-2.5200
984.25,	-2.5200
984.85,	-2.5200
985.45,	-2.5200
986.04,	-2.5200
986.64,	-2.5200
987.24,	-2.5200
987.84,	-2.5200
988.44,	-2.5200
989.04,	-2.5200
989.64,	-2.5200
990.24,	-2.5200
990.84,	-2.5200
991.44,	-2.5200
992.03,	-2.5200
992.63,	-2.5200
993.23,	-2.5200
993.83,	-2.5200
994.43,	-2.5200
995.03,	-2.5200
995.63,	-2.5200
996.22,	-2.5200
996.82,	-2.5200
997.42,	-2.5200
998.02,	-2.5200
998.62,	-2.5200
999.21,	-2.5200
999.81,	-2.5200
1000.41,	-2.5200
