Call Sign = ZSDA,	Ship Name = SA Agulhas,	Lloyds Num = 0
Date = 12/01/2016,	Time = 05:03,	
Latitude = 34 29.81  S,	Longitude = 016 27.46  E
Instr = Sippican Deep Blue,	Card Type = Sippican MK-21,	
Wind Instr = ,	Measur Method = 
Probe Serial Num = -1,	Ship Dir = -1,	Ship Speed = -1.00
Wind Dir = 147,	Wind Speed = 19.00
Dry Bulb Temp = 19.00,	Total Water Depth = -1.00

Full Resolution Values
Depth,	 Temp
0.67,	20.5900
1.34,	20.7500
2.01,	20.7800
2.68,	20.7800
3.34,	20.7900
4.01,	20.7900
4.68,	20.7900
5.35,	20.7900
6.02,	20.7900
6.69,	20.7900
7.36,	20.7900
8.03,	20.7800
8.69,	20.7700
9.36,	20.7600
10.03,	20.7600
10.70,	20.7500
11.37,	20.7200
12.04,	20.6700
12.70,	20.6100
13.37,	20.5000
14.04,	20.4000
14.71,	20.3100
15.38,	20.2200
16.05,	20.1400
16.71,	20.0700
17.38,	20.0200
18.05,	19.9600
18.72,	19.9000
19.38,	19.8400
20.05,	19.7900
20.72,	19.7400
21.39,	19.7100
22.06,	19.6600
22.72,	19.6000
23.39,	19.5400
24.06,	19.5000
24.73,	19.4700
25.39,	19.4400
26.06,	19.4200
26.73,	19.3700
27.40,	19.3500
28.06,	19.3300
28.73,	19.2800
29.40,	19.1800
30.06,	19.0200
30.73,	18.7600
31.40,	18.4900
32.06,	18.3300
32.73,	18.1900
33.40,	18.0800
34.07,	18.0100
34.73,	17.9800
35.40,	17.9400
36.07,	17.9100
36.73,	17.8900
37.40,	17.8700
38.07,	17.8400
38.73,	17.7900
39.40,	17.7500
40.06,	17.7100
40.73,	17.6800
41.40,	17.6600
42.06,	17.6100
42.73,	17.5000
43.40,	17.4100
44.06,	17.3700
44.73,	17.3500
45.39,	17.3000
46.06,	17.2400
46.73,	17.2100
47.39,	17.1800
48.06,	17.1300
48.72,	17.0700
49.39,	17.0200
50.06,	16.9900
50.72,	16.9600
51.39,	16.9400
52.05,	16.9100
52.72,	16.8900
53.38,	16.8400
54.05,	16.7800
54.71,	16.6900
55.38,	16.5300
56.05,	16.4300
56.71,	16.3900
57.38,	16.3900
58.04,	16.3800
58.71,	16.3700
59.37,	16.3400
60.04,	16.3000
60.70,	16.2700
61.37,	16.2200
62.03,	16.1800
62.70,	16.1400
63.36,	16.1200
64.03,	16.0800
64.69,	16.0400
65.36,	15.9700
66.02,	15.8700
66.69,	15.7600
67.35,	15.6500
68.01,	15.5800
68.68,	15.5300
69.34,	15.4700
70.01,	15.4100
70.67,	15.3300
71.34,	15.2300
72.00,	15.1800
72.66,	15.1600
73.33,	15.1500
73.99,	15.1400
74.66,	15.1300
75.32,	15.1100
75.98,	15.0600
76.65,	15.0100
77.31,	14.9800
77.98,	14.9500
78.64,	14.9400
79.30,	14.9300
79.97,	14.8900
80.63,	14.8200
81.30,	14.7800
81.96,	14.7400
82.62,	14.6500
83.29,	14.5800
83.95,	14.5300
84.61,	14.4900
85.28,	14.4500
85.94,	14.4100
86.60,	14.3700
87.27,	14.3200
87.93,	14.2800
88.59,	14.2700
89.26,	14.2600
89.92,	14.2500
90.58,	14.2300
91.24,	14.2200
91.91,	14.2200
92.57,	14.2300
93.23,	14.2300
93.90,	14.2200
94.56,	14.2000
95.22,	14.1800
95.88,	14.1800
96.55,	14.1700
97.21,	14.1400
97.87,	14.1000
98.53,	14.0700
99.20,	14.0500
99.86,	14.0300
100.52,	14.0200
101.18,	14.0200
101.85,	14.0200
102.51,	13.9900
103.17,	13.9400
103.83,	13.9100
104.49,	13.8900
105.16,	13.8700
105.82,	13.8700
106.48,	13.8400
107.14,	13.8300
107.80,	13.8200
108.47,	13.8100
109.13,	13.8100
109.79,	13.8100
110.45,	13.8200
111.11,	13.8300
111.77,	13.8300
112.44,	13.8200
113.10,	13.8000
113.76,	13.7200
114.42,	13.6000
115.08,	13.5300
115.74,	13.5000
116.40,	13.4800
117.06,	13.4300
117.73,	13.3700
118.39,	13.2700
119.05,	13.1700
119.71,	13.1100
120.37,	13.0400
121.03,	12.9400
121.69,	12.9000
122.35,	12.8800
123.01,	12.8800
123.67,	12.8700
124.33,	12.8600
125.00,	12.8500
125.66,	12.8300
126.32,	12.8200
126.98,	12.8300
127.64,	12.8500
128.30,	12.8600
128.96,	12.8700
129.62,	12.8800
130.28,	12.8800
130.94,	12.8700
131.60,	12.8700
132.26,	12.8600
132.92,	12.8400
133.58,	12.8100
134.24,	12.7900
134.90,	12.7700
135.56,	12.7600
136.22,	12.7400
136.88,	12.7400
137.54,	12.7300
138.20,	12.7000
138.86,	12.6800
139.52,	12.6800
140.18,	12.6800
140.84,	12.6900
141.50,	12.6800
142.16,	12.6800
142.82,	12.6700
143.48,	12.6700
144.14,	12.6700
144.79,	12.6600
145.45,	12.6500
146.11,	12.6500
146.77,	12.6300
147.43,	12.6200
148.09,	12.6100
148.75,	12.6000
149.41,	12.5900
150.07,	12.5900
150.73,	12.5900
151.39,	12.5700
152.04,	12.5600
152.70,	12.5400
153.36,	12.5300
154.02,	12.5300
154.68,	12.5200
155.34,	12.4900
156.00,	12.4400
156.65,	12.3800
157.31,	12.3300
157.97,	12.2600
158.63,	12.1900
159.29,	12.1400
159.95,	12.1300
160.60,	12.1300
161.26,	12.1200
161.92,	12.1000
162.58,	12.0900
163.24,	12.0700
163.90,	12.0600
164.55,	12.0500
165.21,	12.0300
165.87,	12.0100
166.53,	11.9900
167.18,	11.9800
167.84,	11.9700
168.50,	11.9600
169.16,	11.9500
169.82,	11.9500
170.47,	11.9400
171.13,	11.9300
171.79,	11.9200
172.44,	11.8800
173.10,	11.8400
173.76,	11.8100
174.42,	11.8000
175.07,	11.7900
175.73,	11.7900
176.39,	11.8200
177.05,	11.8200
177.70,	11.8100
178.36,	11.7800
179.02,	11.7500
179.67,	11.7300
180.33,	11.7400
180.99,	11.7300
181.64,	11.7200
182.30,	11.6900
182.96,	11.6600
183.61,	11.6400
184.27,	11.6300
184.93,	11.6200
185.58,	11.5700
186.24,	11.5000
186.90,	11.4600
187.55,	11.4400
188.21,	11.4200
188.87,	11.4100
189.52,	11.3800
190.18,	11.3600
190.83,	11.3300
191.49,	11.3100
192.15,	11.2900
192.80,	11.2700
193.46,	11.2600
194.11,	11.2500
194.77,	11.2400
195.43,	11.2300
196.08,	11.2200
196.74,	11.2100
197.39,	11.2100
198.05,	11.2000
198.70,	11.1700
199.36,	11.1600
200.02,	11.1300
200.67,	11.0900
201.33,	11.0700
201.98,	11.0600
202.64,	11.0400
203.29,	11.0100
203.95,	10.9600
204.60,	10.9500
205.26,	10.9500
205.91,	10.9600
206.57,	10.9500
207.22,	10.9300
207.88,	10.9100
208.53,	10.9100
209.19,	10.9000
209.84,	10.8800
210.50,	10.8500
211.15,	10.8400
211.81,	10.8200
212.46,	10.7800
213.12,	10.7300
213.77,	10.7100
214.43,	10.6900
215.08,	10.6800
215.74,	10.6700
216.39,	10.6700
217.04,	10.6700
217.70,	10.6700
218.35,	10.6700
219.01,	10.6600
219.66,	10.6600
220.32,	10.6700
220.97,	10.6700
221.62,	10.6600
222.28,	10.6600
222.93,	10.6600
223.59,	10.6600
224.24,	10.6600
224.89,	10.6600
225.55,	10.6300
226.20,	10.5900
226.85,	10.5700
227.51,	10.5500
228.16,	10.5300
228.81,	10.5300
229.47,	10.5200
230.12,	10.5100
230.78,	10.5000
231.43,	10.4900
232.08,	10.4800
232.74,	10.4700
233.39,	10.4600
234.04,	10.4600
234.69,	10.4600
235.35,	10.4600
236.00,	10.4600
236.65,	10.4900
237.31,	10.5100
237.96,	10.5200
238.61,	10.5300
239.27,	10.5400
239.92,	10.5500
240.57,	10.5600
241.22,	10.5600
241.88,	10.5600
242.53,	10.5100
243.18,	10.4600
243.83,	10.4400
244.49,	10.4400
245.14,	10.4500
245.79,	10.4800
246.44,	10.4900
247.10,	10.4800
247.75,	10.4800
248.40,	10.4800
249.05,	10.4800
249.70,	10.4700
250.36,	10.4400
251.01,	10.4000
251.66,	10.3800
252.31,	10.3700
252.96,	10.3700
253.62,	10.3700
254.27,	10.3700
254.92,	10.3700
255.57,	10.3600
256.22,	10.3500
256.88,	10.3200
257.53,	10.2500
258.18,	10.1700
258.83,	10.1300
259.48,	10.1100
260.13,	10.0900
260.78,	10.0800
261.44,	10.0600
262.09,	10.0200
262.74,	9.9800
263.39,	9.9400
264.04,	9.9000
264.69,	9.8900
265.34,	9.8800
265.99,	9.8800
266.64,	9.8900
267.29,	9.9000
267.95,	9.9000
268.60,	9.9000
269.25,	9.9000
269.90,	9.9100
270.55,	9.9200
271.20,	9.9200
271.85,	9.9100
272.50,	9.9000
273.15,	9.8900
273.80,	9.8800
274.45,	9.8700
275.10,	9.8600
275.75,	9.8700
276.40,	9.8600
277.05,	9.8500
277.70,	9.8500
278.35,	9.8400
279.00,	9.8300
279.65,	9.8300
280.30,	9.8100
280.95,	9.8000
281.60,	9.7800
282.25,	9.7700
282.90,	9.7600
283.55,	9.7500
284.20,	9.7300
284.85,	9.7200
285.50,	9.7100
286.15,	9.7100
286.80,	9.7100
287.45,	9.7100
288.10,	9.7200
288.75,	9.7100
289.40,	9.6900
290.05,	9.6700
290.70,	9.6600
291.35,	9.6600
292.00,	9.6700
292.64,	9.6900
293.29,	9.6900
293.94,	9.6800
294.59,	9.6500
295.24,	9.6200
295.89,	9.6200
296.54,	9.6300
297.19,	9.6300
297.84,	9.6200
298.49,	9.6100
299.13,	9.6100
299.78,	9.6000
300.43,	9.6000
301.08,	9.5900
301.73,	9.5800
302.38,	9.5800
303.02,	9.5800
303.67,	9.5700
304.32,	9.5500
304.97,	9.5400
305.62,	9.5300
306.27,	9.5300
306.91,	9.5200
307.56,	9.4900
308.21,	9.4700
308.86,	9.4600
309.51,	9.4500
310.15,	9.4500
310.80,	9.4500
311.45,	9.4400
312.10,	9.4400
312.75,	9.4300
313.39,	9.4200
314.04,	9.4000
314.69,	9.3700
315.34,	9.3500
315.98,	9.3400
316.63,	9.3300
317.28,	9.3200
317.93,	9.3100
318.57,	9.3000
319.22,	9.3000
319.87,	9.2900
320.52,	9.2700
321.16,	9.2600
321.81,	9.2600
322.46,	9.2500
323.10,	9.2400
323.75,	9.2300
324.40,	9.2200
325.04,	9.2000
325.69,	9.1900
326.34,	9.1800
326.99,	9.1600
327.63,	9.1500
328.28,	9.1400
328.93,	9.1400
329.57,	9.1400
330.22,	9.1300
330.86,	9.1300
331.51,	9.1300
332.16,	9.1100
332.80,	9.1000
333.45,	9.0800
334.10,	9.0700
334.74,	9.0600
335.39,	9.0500
336.03,	9.0400
336.68,	9.0300
337.33,	9.0100
337.97,	8.9900
338.62,	8.9700
339.26,	8.9600
339.91,	8.9500
340.56,	8.9500
341.20,	8.9400
341.85,	8.9400
342.49,	8.9300
343.14,	8.9000
343.78,	8.8700
344.43,	8.8600
345.08,	8.8400
345.72,	8.8300
346.37,	8.8200
347.01,	8.8100
347.66,	8.7900
348.30,	8.7800
348.95,	8.7700
349.59,	8.7500
350.24,	8.7400
350.88,	8.7200
351.53,	8.6900
352.17,	8.6700
352.82,	8.6700
353.46,	8.6600
354.11,	8.6400
354.75,	8.6300
355.40,	8.6200
356.04,	8.6100
356.69,	8.5900
357.33,	8.5600
357.98,	8.5300
358.62,	8.5100
359.27,	8.4900
359.91,	8.4700
360.55,	8.4600
361.20,	8.4600
361.84,	8.4600
362.49,	8.4500
363.13,	8.4300
363.78,	8.4200
364.42,	8.4000
365.06,	8.3900
365.71,	8.3900
366.35,	8.3800
367.00,	8.3500
367.64,	8.3100
368.28,	8.2800
368.93,	8.2700
369.57,	8.2600
370.22,	8.2500
370.86,	8.2300
371.50,	8.2200
372.15,	8.1900
372.79,	8.1700
373.43,	8.1500
374.08,	8.1400
374.72,	8.1300
375.36,	8.1300
376.01,	8.1300
376.65,	8.1300
377.29,	8.1300
377.94,	8.1300
378.58,	8.1300
379.22,	8.1300
379.87,	8.1200
380.51,	8.1100
381.15,	8.1000
381.79,	8.0800
382.44,	8.0600
383.08,	8.0500
383.72,	8.0400
384.37,	8.0400
385.01,	8.0300
385.65,	8.0200
386.29,	8.0200
386.94,	8.0000
387.58,	7.9900
388.22,	7.9900
388.86,	7.9800
389.51,	7.9700
390.15,	7.9600
390.79,	7.9600
391.43,	7.9500
392.08,	7.9400
392.72,	7.9300
393.36,	7.9200
394.00,	7.9100
394.64,	7.8900
395.29,	7.8700
395.93,	7.8500
396.57,	7.8400
397.21,	7.8100
397.85,	7.7700
398.50,	7.7500
399.14,	7.7500
399.78,	7.7500
400.42,	7.7400
401.06,	7.7300
401.70,	7.7300
402.34,	7.7200
402.99,	7.7100
403.63,	7.7100
404.27,	7.7000
404.91,	7.6900
405.55,	7.6800
406.19,	7.6500
406.83,	7.6300
407.48,	7.6000
408.12,	7.5800
408.76,	7.5600
409.40,	7.5600
410.04,	7.5400
410.68,	7.5300
411.32,	7.5200
411.96,	7.5200
412.60,	7.5200
413.24,	7.5200
413.88,	7.5200
414.52,	7.5100
415.17,	7.5000
415.81,	7.4800
416.45,	7.4700
417.09,	7.4600
417.73,	7.4500
418.37,	7.4200
419.01,	7.4000
419.65,	7.3900
420.29,	7.3800
420.93,	7.3700
421.57,	7.3600
422.21,	7.3500
422.85,	7.3500
423.49,	7.3400
424.13,	7.3300
424.77,	7.3100
425.41,	7.3000
426.05,	7.2800
426.69,	7.2700
427.33,	7.2600
427.97,	7.2500
428.61,	7.2400
429.25,	7.2300
429.89,	7.2200
430.53,	7.1900
431.17,	7.1600
431.80,	7.1500
432.44,	7.1400
433.08,	7.1300
433.72,	7.1200
434.36,	7.1100
435.00,	7.1100
435.64,	7.1000
436.28,	7.1000
436.92,	7.1000
437.56,	7.1000
438.20,	7.0900
438.84,	7.0800
439.47,	7.0600
440.11,	7.0500
440.75,	7.0400
441.39,	7.0400
442.03,	7.0300
442.67,	7.0300
443.31,	7.0200
443.95,	7.0100
444.58,	7.0100
445.22,	7.0100
445.86,	7.0000
446.50,	7.0100
447.14,	7.0000
447.78,	7.0000
448.41,	7.0000
449.05,	7.0000
449.69,	7.0000
450.33,	7.0000
450.97,	6.9900
451.60,	6.9700
452.24,	6.9500
452.88,	6.9300
453.52,	6.9300
454.16,	6.9200
454.79,	6.9200
455.43,	6.9100
456.07,	6.9000
456.71,	6.8900
457.35,	6.8900
457.98,	6.8900
458.62,	6.8900
459.26,	6.8800
459.90,	6.8800
460.53,	6.8700
461.17,	6.8700
461.81,	6.8600
462.44,	6.8500
463.08,	6.8400
463.72,	6.8400
464.36,	6.8400
464.99,	6.8400
465.63,	6.8300
466.27,	6.8300
466.90,	6.8200
467.54,	6.8100
468.18,	6.8000
468.81,	6.7900
469.45,	6.7900
470.09,	6.7800
470.72,	6.7800
471.36,	6.7700
472.00,	6.7600
472.63,	6.7500
473.27,	6.7400
473.91,	6.7100
474.54,	6.6900
475.18,	6.6700
475.82,	6.6600
476.45,	6.6600
477.09,	6.6500
477.73,	6.6400
478.36,	6.6300
479.00,	6.6300
479.63,	6.6200
480.27,	6.6200
480.91,	6.6100
481.54,	6.6100
482.18,	6.6000
482.81,	6.5900
483.45,	6.5800
484.08,	6.5600
484.72,	6.5400
485.36,	6.5200
485.99,	6.5000
486.63,	6.4900
487.26,	6.4700
487.90,	6.4600
488.53,	6.4500
489.17,	6.4400
489.80,	6.4400
490.44,	6.4300
491.07,	6.4300
491.71,	6.4200
492.34,	6.4200
492.98,	6.4100
493.62,	6.4100
494.25,	6.3900
494.89,	6.3700
495.52,	6.3500
496.15,	6.3400
496.79,	6.3400
497.42,	6.3300
498.06,	6.3300
498.69,	6.3300
499.33,	6.3300
499.96,	6.3200
500.60,	6.3200
501.23,	6.3100
501.87,	6.3000
502.50,	6.3000
503.14,	6.2900
503.77,	6.2900
504.40,	6.2800
505.04,	6.2800
505.67,	6.2600
506.31,	6.2500
506.94,	6.2400
507.57,	6.2300
508.21,	6.2200
508.84,	6.2100
509.48,	6.2100
510.11,	6.2100
510.74,	6.2000
511.38,	6.2000
512.01,	6.1900
512.65,	6.1800
513.28,	6.1600
513.91,	6.1600
514.55,	6.1500
515.18,	6.1400
515.81,	6.1300
516.45,	6.1200
517.08,	6.1100
517.71,	6.1100
518.35,	6.1000
518.98,	6.1000
519.61,	6.1000
520.25,	6.1100
520.88,	6.1100
521.51,	6.1000
522.15,	6.1000
522.78,	6.1000
523.41,	6.0900
524.04,	6.0900
524.68,	6.0800
525.31,	6.0800
525.94,	6.0800
526.58,	6.0700
527.21,	6.0600
527.84,	6.0600
528.47,	6.0500
529.11,	6.0500
529.74,	6.0600
530.37,	6.0600
531.00,	6.0500
531.64,	6.0500
532.27,	6.0500
532.90,	6.0500
533.53,	6.0500
534.17,	6.0300
534.80,	6.0200
535.43,	6.0000
536.06,	6.0000
536.69,	5.9900
537.33,	5.9800
537.96,	5.9800
538.59,	5.9700
539.22,	5.9600
539.85,	5.9500
540.48,	5.9400
541.12,	5.9400
541.75,	5.9300
542.38,	5.9100
543.01,	5.8900
543.64,	5.8600
544.27,	5.8500
544.91,	5.8400
545.54,	5.8400
546.17,	5.8300
546.80,	5.8300
547.43,	5.8300
548.06,	5.8200
548.69,	5.8000
549.32,	5.7900
549.95,	5.7900
550.59,	5.7800
551.22,	5.7900
551.85,	5.7900
552.48,	5.7900
553.11,	5.7900
553.74,	5.7900
554.37,	5.7900
555.00,	5.7900
555.63,	5.7700
556.26,	5.7500
556.89,	5.7400
557.52,	5.7300
558.15,	5.7300
558.78,	5.7300
559.42,	5.7100
560.05,	5.7000
560.68,	5.7000
561.31,	5.7000
561.94,	5.6900
562.57,	5.6900
563.20,	5.6700
563.83,	5.6500
564.46,	5.6400
565.09,	5.6400
565.72,	5.6400
566.35,	5.6400
566.98,	5.6300
567.61,	5.6300
568.24,	5.6200
568.87,	5.6000
569.50,	5.5700
570.12,	5.5300
570.75,	5.5000
571.38,	5.4900
572.01,	5.4900
572.64,	5.4900
573.27,	5.4900
573.90,	5.4600
574.53,	5.4000
575.16,	5.3600
575.79,	5.3300
576.42,	5.3200
577.05,	5.3000
577.68,	5.2800
578.31,	5.2600
578.93,	5.2400
579.56,	5.2300
580.19,	5.2100
580.82,	5.2000
581.45,	5.1900
582.08,	5.1900
582.71,	5.1800
583.34,	5.1600
583.97,	5.1600
584.59,	5.1500
585.22,	5.1400
585.85,	5.1300
586.48,	5.1000
587.11,	5.0800
587.74,	5.0700
588.36,	5.0500
588.99,	5.0400
589.62,	5.0200
590.25,	5.0200
590.88,	5.0100
591.50,	5.0100
592.13,	5.0000
592.76,	4.9900
593.39,	4.9800
594.02,	4.9700
594.64,	4.9700
595.27,	4.9600
595.90,	4.9400
596.53,	4.9300
597.16,	4.9200
597.78,	4.9300
598.41,	4.9600
599.04,	4.9700
599.67,	4.9700
600.29,	5.0000
600.92,	5.0000
601.55,	5.0000
602.18,	4.9900
602.80,	5.0000
603.43,	5.0300
604.06,	5.0700
604.68,	5.1000
605.31,	5.1200
605.94,	5.1200
606.57,	5.1300
607.19,	5.1400
607.82,	5.1500
608.45,	5.1600
609.07,	5.1700
609.70,	5.1800
610.33,	5.1800
610.95,	5.1700
611.58,	5.1700
612.21,	5.1600
612.83,	5.1500
613.46,	5.1300
614.09,	5.1200
614.71,	5.1100
615.34,	5.1100
615.97,	5.1000
616.59,	5.1000
617.22,	5.1100
617.84,	5.1200
618.47,	5.1300
619.10,	5.1400
619.72,	5.1300
620.35,	5.1200
620.97,	5.1100
621.60,	5.1000
622.23,	5.0900
622.85,	5.0800
623.48,	5.0700
624.10,	5.0700
624.73,	5.0600
625.35,	5.0600
625.98,	5.0600
626.61,	5.0500
627.23,	5.0500
627.86,	5.0500
628.48,	5.0500
629.11,	5.0500
629.73,	5.0400
630.36,	5.0500
630.98,	5.0500
631.61,	5.0600
632.23,	5.0600
632.86,	5.0600
633.48,	5.0500
634.11,	5.0400
634.73,	5.0200
635.36,	5.0000
635.98,	4.9900
636.61,	4.9400
637.23,	4.8700
637.86,	4.8200
638.48,	4.8000
639.11,	4.8000
639.73,	4.8100
640.36,	4.8000
640.98,	4.7600
641.61,	4.7300
642.23,	4.7100
642.85,	4.7100
643.48,	4.7000
644.10,	4.6900
644.73,	4.6800
645.35,	4.6700
645.98,	4.6700
646.60,	4.6700
647.22,	4.6600
647.85,	4.6500
648.47,	4.6300
649.10,	4.6200
649.72,	4.6000
650.34,	4.5700
650.97,	4.5600
651.59,	4.5500
652.22,	4.5400
652.84,	4.5300
653.46,	4.5300
654.09,	4.5300
654.71,	4.5300
655.33,	4.5300
655.96,	4.5400
656.58,	4.5500
657.20,	4.5600
657.83,	4.5700
658.45,	4.5700
659.07,	4.6000
659.70,	4.6200
660.32,	4.6100
660.94,	4.5400
661.57,	4.4600
662.19,	4.4400
662.81,	4.4400
663.43,	4.4400
664.06,	4.4300
664.68,	4.4300
665.30,	4.4200
665.93,	4.4200
666.55,	4.4200
667.17,	4.4100
667.79,	4.4000
668.42,	4.4000
669.04,	4.4000
669.66,	4.4000
670.28,	4.3900
670.91,	4.3800
671.53,	4.3800
672.15,	4.3700
672.77,	4.3700
673.39,	4.3700
674.02,	4.3700
674.64,	4.3700
675.26,	4.3700
675.88,	4.3600
676.50,	4.3500
677.13,	4.3500
677.75,	4.3300
678.37,	4.3100
678.99,	4.2900
679.61,	4.2600
680.24,	4.2500
680.86,	4.2300
681.48,	4.2200
682.10,	4.2000
682.72,	4.1800
683.34,	4.1700
683.96,	4.1600
684.59,	4.1500
685.21,	4.1500
685.83,	4.1400
686.45,	4.1400
687.07,	4.1500
687.69,	4.1400
688.31,	4.1400
688.93,	4.1400
689.56,	4.1300
690.18,	4.1300
690.80,	4.1300
691.42,	4.1400
692.04,	4.1400
692.66,	4.1400
693.28,	4.1400
693.90,	4.1300
694.52,	4.1200
695.14,	4.1200
695.76,	4.1100
696.38,	4.1100
697.00,	4.1100
697.62,	4.1000
698.25,	4.1000
698.87,	4.1000
699.49,	4.1000
700.11,	4.0900
700.73,	4.0900
701.35,	4.0900
701.97,	4.0900
702.59,	4.0900
703.21,	4.0900
703.83,	4.0800
704.45,	4.0800
705.07,	4.0600
705.69,	4.0500
706.31,	4.0300
706.93,	4.0300
707.55,	4.0300
708.17,	4.0200
708.79,	4.0000
709.40,	3.9800
710.02,	3.9600
710.64,	3.9500
711.26,	3.9400
711.88,	3.9300
712.50,	3.9200
713.12,	3.9200
713.74,	3.9400
714.36,	3.9500
714.98,	3.9600
715.60,	3.9500
716.22,	3.9300
716.84,	3.9200
717.45,	3.9100
718.07,	3.9100
718.69,	3.9100
719.31,	3.9200
719.93,	3.9300
720.55,	3.9400
721.17,	3.9500
721.79,	3.9500
722.41,	3.9500
723.02,	3.9500
723.64,	3.9400
724.26,	3.9300
724.88,	3.9100
725.50,	3.8800
726.12,	3.8500
726.73,	3.8400
727.35,	3.8300
727.97,	3.8300
728.59,	3.8300
729.21,	3.8200
729.83,	3.8200
730.44,	3.8300
731.06,	3.8200
731.68,	3.8200
732.30,	3.8100
732.92,	3.8100
733.53,	3.8100
734.15,	3.8100
734.77,	3.8100
735.39,	3.8000
736.00,	3.8000
736.62,	3.8000
737.24,	3.8000
737.86,	3.8000
738.47,	3.8000
739.09,	3.8000
739.71,	3.7900
740.33,	3.7900
740.94,	3.7900
741.56,	3.7900
742.18,	3.7900
742.79,	3.7900
743.41,	3.7900
744.03,	3.7900
744.65,	3.7900
745.26,	3.7900
745.88,	3.7800
746.50,	3.7800
747.11,	3.7800
747.73,	3.7800
748.35,	3.7800
748.96,	3.7700
749.58,	3.7700
750.20,	3.7700
750.81,	3.7600
751.43,	3.7600
752.05,	3.7500
752.66,	3.7500
753.28,	3.7500
753.90,	3.7500
754.51,	3.7500
755.13,	3.7500
755.74,	3.7400
756.36,	3.7400
756.98,	3.7400
757.59,	3.7400
758.21,	3.7300
758.82,	3.7300
759.44,	3.7200
760.06,	3.7200
760.67,	3.7200
761.29,	3.7200
761.90,	3.7100
762.52,	3.7100
763.14,	3.7100
763.75,	3.7100
764.37,	3.7100
764.98,	3.7100
765.60,	3.7000
766.21,	3.6900
766.83,	3.6900
767.44,	3.6900
768.06,	3.6900
768.67,	3.6800
769.29,	3.6800
769.90,	3.6800
770.52,	3.6800
771.14,	3.6700
771.75,	3.6800
772.37,	3.6700
772.98,	3.6600
773.59,	3.6600
774.21,	3.6600
774.82,	3.6500
775.44,	3.6500
776.05,	3.6500
776.67,	3.6500
777.28,	3.6500
777.90,	3.6500
778.51,	3.6500
779.13,	3.6500
779.74,	3.6500
780.36,	3.6500
780.97,	3.6500
781.58,	3.6400
782.20,	3.6400
782.81,	3.6300
783.43,	3.6300
784.04,	3.6300
784.66,	3.6200
785.27,	3.6200
785.88,	3.6200
786.50,	3.6100
787.11,	3.6100
787.73,	3.6100
788.34,	3.6100
788.95,	3.6100
789.57,	3.6100
790.18,	3.6100
790.79,	3.6100
791.41,	3.6100
792.02,	3.6100
792.63,	3.6100
793.25,	3.6000
793.86,	3.6000
794.47,	3.6000
795.09,	3.6000
795.70,	3.6000
796.31,	3.6000
796.93,	3.6000
797.54,	3.6000
798.15,	3.6000
798.77,	3.6100
799.38,	3.6100
799.99,	3.6200
800.61,	3.6500
801.22,	3.6500
801.83,	3.6500
802.44,	3.6400
803.06,	3.6300
803.67,	3.6100
804.28,	3.6000
804.90,	3.6000
805.51,	3.5900
806.12,	3.5800
806.73,	3.5700
807.34,	3.5500
807.96,	3.5400
808.57,	3.5400
809.18,	3.5400
809.79,	3.5400
810.41,	3.5300
811.02,	3.5200
811.63,	3.5200
812.24,	3.5100
812.85,	3.5100
813.47,	3.5200
814.08,	3.5200
814.69,	3.5200
815.30,	3.5100
815.91,	3.5200
816.53,	3.5100
817.14,	3.5200
817.75,	3.5200
818.36,	3.5200
818.97,	3.5200
819.58,	3.5300
820.20,	3.5300
820.81,	3.5300
821.42,	3.5400
822.03,	3.5500
822.64,	3.5700
823.25,	3.5800
823.86,	3.5900
824.47,	3.6000
825.09,	3.6000
825.70,	3.6000
826.31,	3.6100
826.92,	3.6100
827.53,	3.6000
828.14,	3.6000
828.75,	3.6000
829.36,	3.6000
829.97,	3.5900
830.58,	3.5800
831.19,	3.5700
831.80,	3.5700
832.42,	3.5700
833.03,	3.5500
833.64,	3.5400
834.25,	3.5300
834.86,	3.5200
835.47,	3.5100
836.08,	3.5100
836.69,	3.5000
837.30,	3.4900
837.91,	3.4800
838.52,	3.4600
839.13,	3.4500
839.74,	3.4500
840.35,	3.4400
840.96,	3.4300
841.57,	3.4200
842.18,	3.4100
842.79,	3.4200
843.40,	3.4100
844.01,	3.4100
844.62,	3.4100
845.23,	3.4100
845.84,	3.4100
846.45,	3.4100
847.06,	3.4100
847.67,	3.4100
848.27,	3.4100
848.88,	3.4200
849.49,	3.4300
850.10,	3.4500
850.71,	3.4700
851.32,	3.4800
851.93,	3.4900
852.54,	3.4900
853.15,	3.4900
853.76,	3.4900
854.37,	3.5000
854.98,	3.5100
855.58,	3.5300
856.19,	3.5500
856.80,	3.5700
857.41,	3.6200
858.02,	3.7100
858.63,	3.7500
859.24,	3.7700
859.85,	3.7700
860.45,	3.7600
861.06,	3.7600
861.67,	3.7400
862.28,	3.7400
862.89,	3.7400
863.50,	3.7400
864.10,	3.7700
864.71,	3.8200
865.32,	3.8500
865.93,	3.8600
866.54,	3.8800
867.14,	3.8800
867.75,	3.8800
868.36,	3.8700
868.97,	3.8600
869.58,	3.8600
870.18,	3.8700
870.79,	3.8800
871.40,	3.8800
872.01,	3.8800
872.61,	3.8800
873.22,	3.8800
873.83,	3.8800
874.44,	3.8800
875.04,	3.8700
875.65,	3.8700
876.26,	3.8700
876.87,	3.8700
877.47,	3.8600
878.08,	3.8700
878.69,	3.8700
879.29,	3.8700
879.90,	3.8700
880.51,	3.8700
881.12,	3.8700
881.72,	3.8700
882.33,	3.8700
882.94,	3.8700
883.54,	3.8600
884.15,	3.8600
884.76,	3.8600
885.36,	3.8500
885.97,	3.8500
886.58,	3.8400
887.18,	3.8400
887.79,	3.8300
888.40,	3.8300
889.00,	3.8300
889.61,	3.8300
890.22,	3.8300
890.82,	3.8200
891.43,	3.8200
892.03,	3.8000
892.64,	3.8000
893.25,	3.7900
893.85,	3.7800
894.46,	3.7900
895.06,	3.7900
895.67,	3.8100
896.28,	3.8400
896.88,	3.8500
897.49,	3.8600
898.09,	3.8600
898.70,	3.8600
899.30,	3.8600
899.91,	3.8600
900.52,	3.8500
901.12,	3.8500
901.73,	3.8400
902.33,	3.8300
902.94,	3.8100
903.54,	3.8000
904.15,	3.8000
904.75,	3.7900
905.36,	3.7800
905.96,	3.7700
906.57,	3.7700
907.17,	3.7700
907.78,	3.7800
908.38,	3.7800
908.99,	3.7800
909.59,	3.7700
910.20,	3.7600
910.80,	3.7500
911.41,	3.7400
912.01,	3.7300
912.62,	3.7300
913.22,	3.7300
913.83,	3.7200
914.43,	3.7300
915.03,	3.7300
915.64,	3.7200
916.24,	3.7200
916.85,	3.7300
917.45,	3.7400
918.06,	3.7800
918.66,	4.0400
919.26,	5.3100
919.87,	8.1400
920.47,	11.5700
921.08,	13.8500
921.68,	14.9600
922.28,	18.9200
922.89,	35.5000
923.49,	35.5000
924.10,	35.5000
924.70,	35.5000
925.30,	35.5000
925.91,	35.5000
926.51,	35.5000
927.11,	35.5000
927.72,	35.5000
928.32,	35.5000
928.92,	35.5000
929.53,	35.5000
930.13,	35.5000
930.74,	35.5000
931.34,	35.5000
931.94,	35.5000
932.54,	35.5000
933.15,	35.5000
933.75,	35.5000
934.35,	35.5000
934.96,	35.5000
935.56,	35.5000
936.16,	35.5000
936.77,	35.5000
937.37,	35.5000
937.97,	35.5000
938.57,	35.5000
939.18,	35.5000
939.78,	35.5000
940.38,	35.5000
940.98,	35.5000
941.59,	35.5000
942.19,	35.5000
942.79,	35.5000
943.39,	35.5000
944.00,	35.5000
944.60,	35.5000
945.20,	35.5000
945.80,	35.5000
946.40,	35.5000
947.01,	35.5000
947.61,	35.5000
948.21,	35.5000
948.81,	35.5000
949.41,	35.5000
950.02,	35.5000
950.62,	35.5000
951.22,	35.5000
951.82,	35.5000
952.42,	35.5000
953.02,	35.5000
953.63,	35.5000
954.23,	35.5000
954.83,	35.5000
955.43,	35.5000
956.03,	35.5000
956.63,	35.5000
957.24,	35.5000
957.84,	35.5000
958.44,	35.5000
959.04,	35.5000
959.64,	35.5000
960.24,	35.5000
960.84,	35.5000
961.44,	35.5000
962.04,	35.5000
962.64,	35.5000
963.25,	35.5000
963.85,	35.5000
964.45,	35.5000
965.05,	35.5000
965.65,	35.5000
966.25,	35.5000
966.85,	35.5000
967.45,	35.5000
968.05,	35.5000
968.65,	35.5000
969.25,	35.5000
969.85,	35.5000
970.45,	35.5000
971.05,	35.5000
971.65,	35.5000
972.25,	35.5000
972.85,	35.5000
973.45,	35.5000
974.05,	35.5000
974.65,	35.5000
975.25,	35.5000
975.85,	35.5000
976.45,	35.5000
977.05,	35.5000
977.65,	35.5000
978.25,	35.5000
978.85,	35.5000
979.45,	35.5000
980.05,	35.5000
980.65,	35.5000
981.25,	35.5000
981.85,	35.5000
982.45,	35.5000
983.05,	35.5000
983.65,	35.5000
984.25,	35.5000
984.85,	35.5000
985.45,	35.5000
986.04,	35.5000
986.64,	35.5000
987.24,	31.3700
987.84,	-2.5200
988.44,	-2.5200
989.04,	-2.5200
989.64,	-2.5200
990.24,	-2.5200
990.84,	-2.5200
991.44,	-2.5200
992.03,	-2.5200
992.63,	-2.5200
993.23,	-2.5200
993.83,	-2.5200
994.43,	-2.5200
995.03,	-2.5200
995.63,	-2.5200
996.22,	-2.5200
996.82,	-2.5200
997.42,	-2.5200
998.02,	-2.5200
998.62,	-2.5200
999.21,	-2.5200
999.81,	-2.5200
1000.41,	-2.5200
