Call Sign = ZSDA,	Ship Name = SA Agulhas,	Lloyds Num = 0
Date = 12/06/2016,	Time = 16:02,	
Latitude = 45 46.56  S,	Longitude = 000 02.49  E
Instr = Sippican Deep Blue,	Card Type = Sippican MK-21,	
Wind Instr = ,	Measur Method = 
Probe Serial Num = -1,	Ship Dir = -1,	Ship Speed = -1.00
Wind Dir = 119,	Wind Speed = 16.30
Dry Bulb Temp = -0.50,	Total Water Depth = -1.00

Full Resolution Values
Depth,	 Temp
0.67,	0.5600
1.34,	-0.2200
2.01,	-0.4500
2.68,	-0.5500
3.34,	-0.5900
4.01,	-0.6100
4.68,	-0.6100
5.35,	-0.6300
6.02,	-0.6600
6.69,	-0.7000
7.36,	-0.7200
8.03,	-0.7300
8.69,	-0.7400
9.36,	-0.7400
10.03,	-0.7600
10.70,	-0.7700
11.37,	-0.7700
12.04,	-0.7800
12.70,	-0.7900
13.37,	-0.7900
14.04,	-0.8000
14.71,	-0.8000
15.38,	-0.8000
16.05,	-0.8100
16.71,	-0.8100
17.38,	-0.8100
18.05,	-0.8200
18.72,	-0.8300
19.38,	-0.8500
20.05,	-0.8700
20.72,	-0.8800
21.39,	-0.8900
22.06,	-0.9000
22.72,	-0.9100
23.39,	-0.9100
24.06,	-0.9100
24.73,	-0.9100
25.39,	-0.9200
26.06,	-0.9300
26.73,	-0.9300
27.40,	-0.9300
28.06,	-0.9300
28.73,	-0.9300
29.40,	-0.9300
30.06,	-0.9300
30.73,	-0.9400
31.40,	-0.9400
32.06,	-0.9500
32.73,	-0.9600
33.40,	-0.9700
34.07,	-0.9800
34.73,	-0.9800
35.40,	-0.9800
36.07,	-0.9900
36.73,	-1.0100
37.40,	-1.0200
38.07,	-1.0300
38.73,	-1.0300
39.40,	-1.0300
40.06,	-1.0400
40.73,	-1.0400
41.40,	-1.0400
42.06,	-1.0400
42.73,	-1.0500
43.40,	-1.0600
44.06,	-1.0700
44.73,	-1.0800
45.39,	-1.0800
46.06,	-1.0800
46.73,	-1.0800
47.39,	-1.0900
48.06,	-1.0900
48.72,	-1.0900
49.39,	-1.0900
50.06,	-1.0900
50.72,	-1.0900
51.39,	-1.1000
52.05,	-1.1100
52.72,	-1.1100
53.38,	-1.1200
54.05,	-1.1300
54.71,	-1.1300
55.38,	-1.1400
56.05,	-1.1400
56.71,	-1.1300
57.38,	-1.1300
58.04,	-1.1400
58.71,	-1.1600
59.37,	-1.1900
60.04,	-1.2200
60.70,	-1.2400
61.37,	-1.2500
62.03,	-1.2600
62.70,	-1.2600
63.36,	-1.2600
64.03,	-1.2600
64.69,	-1.2600
65.36,	-1.2600
66.02,	-1.2600
66.69,	-1.2600
67.35,	-1.2600
68.01,	-1.2600
68.68,	-1.2600
69.34,	-1.2800
70.01,	-1.2900
70.67,	-1.3000
71.34,	-1.3000
72.00,	-1.3000
72.66,	-1.3000
73.33,	-1.3000
73.99,	-1.3000
74.66,	-1.3100
75.32,	-1.3100
75.98,	-1.3200
76.65,	-1.3200
77.31,	-1.3100
77.98,	-1.3100
78.64,	-1.3100
79.30,	-1.3000
79.97,	-1.2900
80.63,	-1.2800
81.30,	-1.2800
81.96,	-1.2800
82.62,	-1.2800
83.29,	-1.2800
83.95,	-1.2800
84.61,	-1.2800
85.28,	-1.2800
85.94,	-1.2700
86.60,	-1.2700
87.27,	-1.2700
87.93,	-1.2700
88.59,	-1.2600
89.26,	-1.2600
89.92,	-1.2500
90.58,	-1.2300
91.24,	-1.1800
91.91,	-1.1500
92.57,	-1.1300
93.23,	-1.1200
93.90,	-1.1100
94.56,	-1.1000
95.22,	-1.1000
95.88,	-1.0800
96.55,	-1.0700
97.21,	-1.0500
97.87,	-1.0400
98.53,	-1.0200
99.20,	-1.0200
99.86,	-1.0100
100.52,	-1.0000
101.18,	-0.9800
101.85,	-0.9500
102.51,	-0.8800
103.17,	-0.8200
103.83,	-0.7800
104.49,	-0.7300
105.16,	-0.6900
105.82,	-0.6700
106.48,	-0.6600
107.14,	-0.6600
107.80,	-0.6600
108.47,	-0.6500
109.13,	-0.6500
109.79,	-0.6500
110.45,	-0.6400
111.11,	-0.6500
111.77,	-0.6500
112.44,	-0.6400
113.10,	-0.6400
113.76,	-0.6400
114.42,	-0.6400
115.08,	-0.6400
115.74,	-0.6300
116.40,	-0.6200
117.06,	-0.6000
117.73,	-0.5700
118.39,	-0.5500
119.05,	-0.5200
119.71,	-0.5100
120.37,	-0.5000
121.03,	-0.4900
121.69,	-0.4600
122.35,	-0.4200
123.01,	-0.3800
123.67,	-0.3600
124.33,	-0.3500
125.00,	-0.3400
125.66,	-0.3400
126.32,	-0.3300
126.98,	-0.3300
127.64,	-0.3200
128.30,	-0.3200
128.96,	-0.3200
129.62,	-0.3100
130.28,	-0.3000
130.94,	-0.3000
131.60,	-0.2900
132.26,	-0.2800
132.92,	-0.2800
133.58,	-0.2800
134.24,	-0.2700
134.90,	-0.2500
135.56,	-0.1900
136.22,	-0.0800
136.88,	0.0000
137.54,	0.0800
138.20,	0.1500
138.86,	0.2000
139.52,	0.2600
140.18,	0.3100
140.84,	0.3300
141.50,	0.3400
142.16,	0.3500
142.82,	0.3700
143.48,	0.3900
144.14,	0.3900
144.79,	0.4100
145.45,	0.4300
146.11,	0.4400
146.77,	0.4400
147.43,	0.4600
148.09,	0.4900
148.75,	0.5200
149.41,	0.5500
150.07,	0.5900
150.73,	0.6400
151.39,	0.6800
152.04,	0.7000
152.70,	0.7400
153.36,	0.7700
154.02,	0.7800
154.68,	0.8100
155.34,	0.8400
156.00,	0.8500
156.65,	0.8700
157.31,	0.8800
157.97,	0.8900
158.63,	0.8900
159.29,	0.9000
159.95,	0.9200
160.60,	0.9300
161.26,	0.9400
161.92,	0.9500
162.58,	0.9600
163.24,	0.9700
163.90,	0.9800
164.55,	0.9900
165.21,	1.0000
165.87,	1.0200
166.53,	1.0400
167.18,	1.0600
167.84,	1.0700
168.50,	1.0800
169.16,	1.0800
169.82,	1.0800
170.47,	1.0900
171.13,	1.0900
171.79,	1.0900
172.44,	1.1000
173.10,	1.1100
173.76,	1.1100
174.42,	1.1200
175.07,	1.1200
175.73,	1.1200
176.39,	1.1200
177.05,	1.1300
177.70,	1.1300
178.36,	1.1300
179.02,	1.1300
179.67,	1.1400
180.33,	1.1500
180.99,	1.1500
181.64,	1.1600
182.30,	1.1700
182.96,	1.1600
183.61,	1.1700
184.27,	1.1800
184.93,	1.1900
185.58,	1.2000
186.24,	1.2000
186.90,	1.2000
187.55,	1.2000
188.21,	1.2000
188.87,	1.2000
189.52,	1.2000
190.18,	1.2000
190.83,	1.2000
191.49,	1.2000
192.15,	1.2100
192.80,	1.2100
193.46,	1.2200
194.11,	1.2200
194.77,	1.2300
195.43,	1.2400
196.08,	1.2500
196.74,	1.2700
197.39,	1.2900
198.05,	1.3200
198.70,	1.3500
199.36,	1.3800
200.02,	1.4000
200.67,	1.4100
201.33,	1.4200
201.98,	1.4200
202.64,	1.4300
203.29,	1.4500
203.95,	1.4700
204.60,	1.4800
205.26,	1.5000
205.91,	1.5200
206.57,	1.5300
207.22,	1.5400
207.88,	1.5600
208.53,	1.5800
209.19,	1.5900
209.84,	1.5900
210.50,	1.6000
211.15,	1.6200
211.81,	1.6300
212.46,	1.6500
213.12,	1.6700
213.77,	1.6800
214.43,	1.6800
215.08,	1.7000
215.74,	1.7100
216.39,	1.7200
217.04,	1.7300
217.70,	1.7300
218.35,	1.7400
219.01,	1.7400
219.66,	1.7500
220.32,	1.7500
220.97,	1.7500
221.62,	1.7500
222.28,	1.7500
222.93,	1.7500
223.59,	1.7500
224.24,	1.7500
224.89,	1.7600
225.55,	1.7800
226.20,	1.8000
226.85,	1.8100
227.51,	1.8300
228.16,	1.8500
228.81,	1.8600
229.47,	1.8600
230.12,	1.8700
230.78,	1.8700
231.43,	1.8700
232.08,	1.8700
232.74,	1.8700
233.39,	1.8700
234.04,	1.8700
234.69,	1.8800
235.35,	1.8800
236.00,	1.8800
236.65,	1.8700
237.31,	1.8700
237.96,	1.8700
238.61,	1.8800
239.27,	1.8800
239.92,	1.8800
240.57,	1.8800
241.22,	1.8900
241.88,	1.8800
242.53,	1.8800
243.18,	1.8900
243.83,	1.8900
244.49,	1.8800
245.14,	1.8900
245.79,	1.8900
246.44,	1.8900
247.10,	1.8900
247.75,	1.8900
248.40,	1.9000
249.05,	1.9000
249.70,	1.9000
250.36,	1.9000
251.01,	1.9000
251.66,	1.9000
252.31,	1.9000
252.96,	1.9000
253.62,	1.9100
254.27,	1.9100
254.92,	1.9100
255.57,	1.9000
256.22,	1.9100
256.88,	1.9100
257.53,	1.9100
258.18,	1.9100
258.83,	1.9100
259.48,	1.9100
260.13,	1.9100
260.78,	1.9200
261.44,	1.9200
262.09,	1.9200
262.74,	1.9300
263.39,	1.9300
264.04,	1.9300
264.69,	1.9300
265.34,	1.9400
265.99,	1.9300
266.64,	1.9300
267.29,	1.9300
267.95,	1.9300
268.60,	1.9300
269.25,	1.9300
269.90,	1.9300
270.55,	1.9300
271.20,	1.9300
271.85,	1.9300
272.50,	1.9300
273.15,	1.9300
273.80,	1.9400
274.45,	1.9400
275.10,	1.9400
275.75,	1.9300
276.40,	1.9300
277.05,	1.9300
277.70,	1.9400
278.35,	1.9400
279.00,	1.9400
279.65,	1.9400
280.30,	1.9400
280.95,	1.9300
281.60,	1.9400
282.25,	1.9400
282.90,	1.9400
283.55,	1.9400
284.20,	1.9400
284.85,	1.9400
285.50,	1.9400
286.15,	1.9400
286.80,	1.9400
287.45,	1.9500
288.10,	1.9500
288.75,	1.9500
289.40,	1.9500
290.05,	1.9500
290.70,	1.9500
291.35,	1.9500
292.00,	1.9500
292.64,	1.9500
293.29,	1.9500
293.94,	1.9500
294.59,	1.9500
295.24,	1.9500
295.89,	1.9500
296.54,	1.9500
297.19,	1.9500
297.84,	1.9500
298.49,	1.9500
299.13,	1.9500
299.78,	1.9500
300.43,	1.9500
301.08,	1.9500
301.73,	1.9500
302.38,	1.9500
303.02,	1.9600
303.67,	1.9500
304.32,	1.9600
304.97,	1.9600
305.62,	1.9600
306.27,	1.9600
306.91,	1.9600
307.56,	1.9500
308.21,	1.9600
308.86,	1.9600
309.51,	1.9600
310.15,	1.9600
310.80,	1.9600
311.45,	1.9500
312.10,	1.9500
312.75,	1.9500
313.39,	1.9500
314.04,	1.9600
314.69,	1.9500
315.34,	1.9500
315.98,	1.9600
316.63,	1.9500
317.28,	1.9500
317.93,	1.9500
318.57,	1.9500
319.22,	1.9500
319.87,	1.9500
320.52,	1.9500
321.16,	1.9500
321.81,	1.9500
322.46,	1.9500
323.10,	1.9500
323.75,	1.9600
324.40,	1.9600
325.04,	1.9700
325.69,	1.9600
326.34,	1.9600
326.99,	1.9600
327.63,	1.9600
328.28,	1.9600
328.93,	1.9600
329.57,	1.9600
330.22,	1.9600
330.86,	1.9600
331.51,	1.9600
332.16,	1.9600
332.80,	1.9600
333.45,	1.9600
334.10,	1.9600
334.74,	1.9600
335.39,	1.9600
336.03,	1.9600
336.68,	1.9600
337.33,	1.9600
337.97,	1.9600
338.62,	1.9600
339.26,	1.9600
339.91,	1.9600
340.56,	1.9600
341.20,	1.9600
341.85,	1.9600
342.49,	1.9600
343.14,	1.9600
343.78,	1.9500
344.43,	1.9500
345.08,	1.9600
345.72,	1.9600
346.37,	1.9600
347.01,	1.9600
347.66,	1.9600
348.30,	1.9600
348.95,	1.9600
349.59,	1.9600
350.24,	1.9700
350.88,	1.9700
351.53,	1.9700
352.17,	1.9700
352.82,	1.9700
353.46,	1.9700
354.11,	1.9700
354.75,	1.9700
355.40,	1.9700
356.04,	1.9700
356.69,	1.9700
357.33,	1.9700
357.98,	1.9700
358.62,	1.9700
359.27,	1.9700
359.91,	1.9700
360.55,	1.9700
361.20,	1.9700
361.84,	1.9700
362.49,	1.9800
363.13,	1.9800
363.78,	1.9800
364.42,	1.9800
365.06,	1.9800
365.71,	1.9800
366.35,	1.9800
367.00,	1.9800
367.64,	1.9800
368.28,	1.9700
368.93,	1.9800
369.57,	1.9800
370.22,	1.9800
370.86,	1.9800
371.50,	1.9800
372.15,	1.9800
372.79,	1.9800
373.43,	1.9800
374.08,	1.9800
374.72,	1.9800
375.36,	1.9800
376.01,	1.9800
376.65,	1.9800
377.29,	1.9800
377.94,	1.9800
378.58,	1.9800
379.22,	1.9800
379.87,	1.9800
380.51,	1.9800
381.15,	1.9800
381.79,	1.9800
382.44,	1.9800
383.08,	1.9800
383.72,	1.9800
384.37,	1.9800
385.01,	1.9800
385.65,	1.9800
386.29,	1.9800
386.94,	1.9800
387.58,	1.9700
388.22,	1.9700
388.86,	1.9700
389.51,	1.9700
390.15,	1.9700
390.79,	1.9700
391.43,	1.9700
392.08,	1.9700
392.72,	1.9700
393.36,	1.9700
394.00,	1.9600
394.64,	1.9600
395.29,	1.9600
395.93,	1.9600
396.57,	1.9600
397.21,	1.9600
397.85,	1.9500
398.50,	1.9600
399.14,	1.9600
399.78,	1.9600
400.42,	1.9600
401.06,	1.9700
401.70,	1.9600
402.34,	1.9600
402.99,	1.9600
403.63,	1.9600
404.27,	1.9600
404.91,	1.9500
405.55,	1.9600
406.19,	1.9500
406.83,	1.9500
407.48,	1.9500
408.12,	1.9600
408.76,	1.9600
409.40,	1.9600
410.04,	1.9600
410.68,	1.9600
411.32,	1.9600
411.96,	1.9500
412.60,	1.9500
413.24,	1.9500
413.88,	1.9500
414.52,	1.9500
415.17,	1.9500
415.81,	1.9500
416.45,	1.9400
417.09,	1.9400
417.73,	1.9400
418.37,	1.9400
419.01,	1.9400
419.65,	1.9500
420.29,	1.9500
420.93,	1.9500
421.57,	1.9400
422.21,	1.9400
422.85,	1.9400
423.49,	1.9400
424.13,	1.9400
424.77,	1.9400
425.41,	1.9400
426.05,	1.9300
426.69,	1.9300
427.33,	1.9300
427.97,	1.9200
428.61,	1.9200
429.25,	1.9200
429.89,	1.9200
430.53,	1.9200
431.17,	1.9200
431.80,	1.9200
432.44,	1.9200
433.08,	1.9200
433.72,	1.9200
434.36,	1.9200
435.00,	1.9200
435.64,	1.9100
436.28,	1.9100
436.92,	1.9200
437.56,	1.9200
438.20,	1.9200
438.84,	1.9100
439.47,	1.9100
440.11,	1.9100
440.75,	1.9100
441.39,	1.9000
442.03,	1.9100
442.67,	1.9100
443.31,	1.9100
443.95,	1.9100
444.58,	1.9100
445.22,	1.9000
445.86,	1.9000
446.50,	1.9100
447.14,	1.9000
447.78,	1.9000
448.41,	1.9100
449.05,	1.9100
449.69,	1.9000
450.33,	1.9000
450.97,	1.9000
451.60,	1.9000
452.24,	1.9000
452.88,	1.9000
453.52,	1.9000
454.16,	1.9000
454.79,	1.9000
455.43,	1.9000
456.07,	1.9000
456.71,	1.9000
457.35,	1.9100
457.98,	1.9100
458.62,	1.9100
459.26,	1.9000
459.90,	1.9000
460.53,	1.9100
461.17,	1.9100
461.81,	1.9100
462.44,	1.9100
463.08,	1.9100
463.72,	1.9100
464.36,	1.9000
464.99,	1.9000
465.63,	1.9000
466.27,	1.9100
466.90,	1.9000
467.54,	1.9000
468.18,	1.9100
468.81,	1.9100
469.45,	1.9100
470.09,	1.9100
470.72,	1.9100
471.36,	1.9100
472.00,	1.9100
472.63,	1.9100
473.27,	1.9000
473.91,	1.9000
474.54,	1.9000
475.18,	1.9000
475.82,	1.9000
476.45,	1.9000
477.09,	1.9000
477.73,	1.9000
478.36,	1.9000
479.00,	1.9000
479.63,	1.9000
480.27,	1.9000
480.91,	1.9000
481.54,	1.9000
482.18,	1.9000
482.81,	1.9000
483.45,	1.8900
484.08,	1.8900
484.72,	1.8900
485.36,	1.8900
485.99,	1.8800
486.63,	1.8700
487.26,	1.8700
487.90,	1.8700
488.53,	1.8600
489.17,	1.8600
489.80,	1.8600
490.44,	1.8500
491.07,	1.8500
491.71,	1.8500
492.34,	1.8600
492.98,	1.8500
493.62,	1.8500
494.25,	1.8500
494.89,	1.8400
495.52,	1.8400
496.15,	1.8400
496.79,	1.8400
497.42,	1.8400
498.06,	1.8400
498.69,	1.8400
499.33,	1.8400
499.96,	1.8400
500.60,	1.8400
501.23,	1.8300
501.87,	1.8300
502.50,	1.8300
503.14,	1.8400
503.77,	1.8400
504.40,	1.8300
505.04,	1.8300
505.67,	1.8300
506.31,	1.8300
506.94,	1.8400
507.57,	1.8400
508.21,	1.8400
508.84,	1.8400
509.48,	1.8400
510.11,	1.8300
510.74,	1.8400
511.38,	1.8400
512.01,	1.8300
512.65,	1.8300
513.28,	1.8300
513.91,	1.8400
514.55,	1.8300
515.18,	1.8300
515.81,	1.8300
516.45,	1.8300
517.08,	1.8300
517.71,	1.8300
518.35,	1.8400
518.98,	1.8300
519.61,	1.8300
520.25,	1.8300
520.88,	1.8300
521.51,	1.8300
522.15,	1.8300
522.78,	1.8300
523.41,	1.8300
524.04,	1.8200
524.68,	1.8200
525.31,	1.8300
525.94,	1.8200
526.58,	1.8200
527.21,	1.8200
527.84,	1.8100
528.47,	1.8100
529.11,	1.8200
529.74,	1.8200
530.37,	1.8200
531.00,	1.8200
531.64,	1.8300
532.27,	1.8200
532.90,	1.8200
533.53,	1.8300
534.17,	1.8300
534.80,	1.8200
535.43,	1.8200
536.06,	1.8200
536.69,	1.8300
537.33,	1.8300
537.96,	1.8300
538.59,	1.8300
539.22,	1.8200
539.85,	1.8200
540.48,	1.8100
541.12,	1.8100
541.75,	1.8100
542.38,	1.8100
543.01,	1.8100
543.64,	1.8000
544.27,	1.7900
544.91,	1.7900
545.54,	1.7900
546.17,	1.7900
546.80,	1.7900
547.43,	1.7900
548.06,	1.7900
548.69,	1.7900
549.32,	1.7900
549.95,	1.7900
550.59,	1.7900
551.22,	1.7900
551.85,	1.7900
552.48,	1.7900
553.11,	1.7900
553.74,	1.8000
554.37,	1.7900
555.00,	1.7900
555.63,	1.7900
556.26,	1.7800
556.89,	1.7800
557.52,	1.7800
558.15,	1.7800
558.78,	1.7900
559.42,	1.7900
560.05,	1.7900
560.68,	1.7900
561.31,	1.7900
561.94,	1.7900
562.57,	1.7800
563.20,	1.7800
563.83,	1.7800
564.46,	1.7800
565.09,	1.7800
565.72,	1.7900
566.35,	1.7800
566.98,	1.7900
567.61,	1.7900
568.24,	1.7900
568.87,	1.7900
569.50,	1.7900
570.12,	1.7900
570.75,	1.7900
571.38,	1.7900
572.01,	1.7900
572.64,	1.7900
573.27,	1.7900
573.90,	1.7900
574.53,	1.7900
575.16,	1.8000
575.79,	1.7900
576.42,	1.7900
577.05,	1.7800
577.68,	1.7800
578.31,	1.7800
578.93,	1.7800
579.56,	1.7800
580.19,	1.7900
580.82,	1.7800
581.45,	1.7800
582.08,	1.7800
582.71,	1.7800
583.34,	1.7800
583.97,	1.7800
584.59,	1.7800
585.22,	1.7800
585.85,	1.7800
586.48,	1.7800
587.11,	1.7800
587.74,	1.7800
588.36,	1.7800
588.99,	1.7800
589.62,	1.7800
590.25,	1.7700
590.88,	1.7800
591.50,	1.7800
592.13,	1.7800
592.76,	1.7800
593.39,	1.7800
594.02,	1.7800
594.64,	1.7800
595.27,	1.7800
595.90,	1.7800
596.53,	1.7800
597.16,	1.7800
597.78,	1.7800
598.41,	1.7800
599.04,	1.7800
599.67,	1.7800
600.29,	1.7800
600.92,	1.7800
601.55,	1.7800
602.18,	1.7700
602.80,	1.7700
603.43,	1.7800
604.06,	1.7800
604.68,	1.7800
605.31,	1.7800
605.94,	1.7800
606.57,	1.7800
607.19,	1.7800
607.82,	1.7800
608.45,	1.7900
609.07,	1.7900
609.70,	1.7900
610.33,	1.7900
610.95,	1.7900
611.58,	1.7900
612.21,	1.7900
612.83,	1.7900
613.46,	1.7900
614.09,	1.7900
614.71,	1.7900
615.34,	1.7900
615.97,	1.7900
616.59,	1.7900
617.22,	1.7900
617.84,	1.7900
618.47,	1.7900
619.10,	1.7900
619.72,	1.7900
620.35,	1.7900
620.97,	1.8000
621.60,	1.8000
622.23,	1.8000
622.85,	1.8000
623.48,	1.8000
624.10,	1.8000
624.73,	1.8000
625.35,	1.8000
625.98,	1.8000
626.61,	1.8000
627.23,	1.8000
627.86,	1.8000
628.48,	1.8000
629.11,	1.8000
629.73,	1.8000
630.36,	1.8000
630.98,	1.8100
631.61,	1.8100
632.23,	1.8100
632.86,	1.8100
633.48,	1.8100
634.11,	1.8100
634.73,	1.8100
635.36,	1.8000
635.98,	1.8000
636.61,	1.8000
637.23,	1.8000
637.86,	1.8000
638.48,	1.8000
639.11,	1.8000
639.73,	1.8000
640.36,	1.8000
640.98,	1.8000
641.61,	1.8000
642.23,	1.8000
642.85,	1.7900
643.48,	1.7900
644.10,	1.7900
644.73,	1.7900
645.35,	1.7900
645.98,	1.7900
646.60,	1.7900
647.22,	1.7900
647.85,	1.7900
648.47,	1.7800
649.10,	1.7900
649.72,	1.7900
650.34,	1.7900
650.97,	1.7900
651.59,	1.7900
652.22,	1.7900
652.84,	1.7900
653.46,	1.7800
654.09,	1.7800
654.71,	1.7800
655.33,	1.7800
655.96,	1.7800
656.58,	1.7800
657.20,	1.7700
657.83,	1.7800
658.45,	1.7800
659.07,	1.7800
659.70,	1.7700
660.32,	1.7800
660.94,	1.7800
661.57,	1.7800
662.19,	1.7800
662.81,	1.7800
663.43,	1.7800
664.06,	1.7700
664.68,	1.7800
665.30,	1.7800
665.93,	1.7700
666.55,	1.7700
667.17,	1.7800
667.79,	1.7800
668.42,	1.7700
669.04,	1.7700
669.66,	1.7800
670.28,	1.7700
670.91,	1.7700
671.53,	1.7700
672.15,	1.7800
672.77,	1.7800
673.39,	1.7700
674.02,	1.7700
674.64,	1.7700
675.26,	1.7600
675.88,	1.7600
676.50,	1.7600
677.13,	1.7600
677.75,	1.7600
678.37,	1.7500
678.99,	1.7500
679.61,	1.7500
680.24,	1.7500
680.86,	1.7400
681.48,	1.7400
682.10,	1.7400
682.72,	1.7400
683.34,	1.7400
683.96,	1.7300
684.59,	1.7300
685.21,	1.7300
685.83,	1.7300
686.45,	1.7300
687.07,	1.7300
687.69,	1.7300
688.31,	1.7400
688.93,	1.7400
689.56,	1.7400
690.18,	1.7400
690.80,	1.7400
691.42,	1.7400
692.04,	1.7400
692.66,	1.7400
693.28,	1.7400
693.90,	1.7400
694.52,	1.7300
695.14,	1.7300
695.76,	1.7400
696.38,	1.7400
697.00,	1.7300
697.62,	1.7400
698.25,	1.7400
698.87,	1.7400
699.49,	1.7300
700.11,	1.7300
700.73,	1.7400
701.35,	1.7300
701.97,	1.7300
702.59,	1.7300
703.21,	1.7300
703.83,	1.7300
704.45,	1.7300
705.07,	1.7300
705.69,	1.7300
706.31,	1.7300
706.93,	1.7300
707.55,	1.7200
708.17,	1.7200
708.79,	1.7200
709.40,	1.7200
710.02,	1.7200
710.64,	1.7200
711.26,	1.7200
711.88,	1.7200
712.50,	1.7200
713.12,	1.7100
713.74,	1.7100
714.36,	1.7100
714.98,	1.7200
715.60,	1.7200
716.22,	1.7200
716.84,	1.7200
717.45,	1.7100
718.07,	1.7100
718.69,	1.7100
719.31,	1.7100
719.93,	1.7100
720.55,	1.7100
721.17,	1.7100
721.79,	1.7100
722.41,	1.7100
723.02,	1.7100
723.64,	1.7100
724.26,	1.7100
724.88,	1.7100
725.50,	1.7100
726.12,	1.7100
726.73,	1.7100
727.35,	1.7100
727.97,	1.7100
728.59,	1.7100
729.21,	1.7100
729.83,	1.7100
730.44,	1.7100
731.06,	1.7100
731.68,	1.7100
732.30,	1.7100
732.92,	1.7100
733.53,	1.7000
734.15,	1.7000
734.77,	1.7000
735.39,	1.7000
736.00,	1.6900
736.62,	1.6900
737.24,	1.6900
737.86,	1.7000
738.47,	1.7000
739.09,	1.7000
739.71,	1.7000
740.33,	1.7000
740.94,	1.7000
741.56,	1.6900
742.18,	1.6900
742.79,	1.6900
743.41,	1.6900
744.03,	1.6800
744.65,	1.6900
745.26,	1.6900
745.88,	1.6900
746.50,	1.6800
747.11,	1.6800
747.73,	1.6800
748.35,	1.6800
748.96,	1.6800
749.58,	1.6800
750.20,	1.6800
750.81,	1.6800
751.43,	1.6800
752.05,	1.6800
752.66,	1.6800
753.28,	1.6800
753.90,	1.6800
754.51,	1.6800
755.13,	1.6800
755.74,	1.6800
756.36,	1.6700
756.98,	1.6700
757.59,	1.6700
758.21,	1.6700
758.82,	1.6700
759.44,	1.6700
760.06,	1.6700
760.67,	1.6700
761.29,	1.6700
761.90,	1.6700
762.52,	1.6700
763.14,	1.6700
763.75,	1.6700
764.37,	1.6700
764.98,	1.6700
765.60,	1.6600
766.21,	1.6600
766.83,	1.6600
767.44,	1.6600
768.06,	1.6600
768.67,	1.6600
769.29,	1.6600
769.90,	1.6600
770.52,	1.6600
771.14,	1.6600
771.75,	1.6600
772.37,	1.6600
772.98,	1.6600
773.59,	1.6700
774.21,	1.6600
774.82,	1.6600
775.44,	1.6600
776.05,	1.6600
776.67,	1.6600
777.28,	1.6600
777.90,	1.6600
778.51,	1.6500
779.13,	1.6500
779.74,	1.6500
780.36,	1.6500
780.97,	1.6500
781.58,	1.6500
782.20,	1.6500
782.81,	1.6500
783.43,	1.6500
784.04,	1.6500
784.66,	1.6500
785.27,	1.6500
785.88,	1.6500
786.50,	1.6600
787.11,	1.6600
787.73,	1.6600
788.34,	1.6600
788.95,	1.6600
789.57,	1.6600
790.18,	1.6600
790.79,	1.6600
791.41,	1.6600
792.02,	1.6600
792.63,	1.6600
793.25,	1.6600
793.86,	1.6600
794.47,	1.6600
795.09,	1.6600
795.70,	1.6600
796.31,	1.6600
796.93,	1.6600
797.54,	1.6600
798.15,	1.6600
798.77,	1.6600
799.38,	1.6600
799.99,	1.6600
800.61,	1.6500
801.22,	1.6500
801.83,	1.6500
802.44,	1.6600
803.06,	1.6500
803.67,	1.6500
804.28,	1.6500
804.90,	1.6500
805.51,	1.6500
806.12,	1.6500
806.73,	1.6500
807.34,	1.6500
807.96,	1.6500
808.57,	1.6500
809.18,	1.6500
809.79,	1.6500
810.41,	1.6500
811.02,	1.6500
811.63,	1.6500
812.24,	1.6500
812.85,	1.6500
813.47,	1.6600
814.08,	1.6600
814.69,	1.6600
815.30,	1.6500
815.91,	1.6600
816.53,	1.6600
817.14,	1.6500
817.75,	1.6500
818.36,	1.6500
818.97,	1.6500
819.58,	1.6500
820.20,	1.6500
820.81,	1.6500
821.42,	1.6500
822.03,	1.6500
822.64,	1.6500
823.25,	1.6500
823.86,	1.6500
824.47,	1.6500
825.09,	1.6500
825.70,	1.6500
826.31,	1.6500
826.92,	1.6500
827.53,	1.6500
828.14,	1.6500
828.75,	1.6500
829.36,	1.6500
829.97,	1.6500
830.58,	1.6500
831.19,	1.6500
831.80,	1.6400
832.42,	1.6500
833.03,	1.6500
833.64,	1.6500
834.25,	1.6500
834.86,	1.6500
835.47,	1.6400
836.08,	1.6400
836.69,	1.6500
837.30,	1.6500
837.91,	1.6400
838.52,	1.6500
839.13,	1.6500
839.74,	1.6500
840.35,	1.6400
840.96,	1.6400
841.57,	1.6400
842.18,	1.6400
842.79,	1.6400
843.40,	1.6500
844.01,	1.6400
844.62,	1.6400
845.23,	1.6400
845.84,	1.6400
846.45,	1.6400
847.06,	1.6400
847.67,	1.6400
848.27,	1.6400
848.88,	1.6400
849.49,	1.6400
850.10,	1.6400
850.71,	1.6300
851.32,	1.6300
851.93,	1.6300
852.54,	1.6200
853.15,	1.6200
853.76,	1.6200
854.37,	1.6200
854.98,	1.6200
855.58,	1.6200
856.19,	1.6200
856.80,	1.6100
857.41,	1.6100
858.02,	1.6100
858.63,	1.6100
859.24,	1.6100
859.85,	1.6100
860.45,	1.6100
861.06,	1.6100
861.67,	1.6100
862.28,	1.6100
862.89,	1.6200
863.50,	1.6200
864.10,	1.6200
864.71,	1.6200
865.32,	1.6200
865.93,	1.6200
866.54,	1.6200
867.14,	1.6200
867.75,	1.6200
868.36,	1.6200
868.97,	1.6200
869.58,	1.6200
870.18,	1.6200
870.79,	1.6200
871.40,	1.6200
872.01,	1.6300
872.61,	1.6300
873.22,	1.6300
873.83,	1.6300
874.44,	1.6200
875.04,	1.6200
875.65,	1.6200
876.26,	1.6200
876.87,	1.6200
877.47,	1.6200
878.08,	1.6200
878.69,	1.6200
879.29,	1.6200
879.90,	1.6200
880.51,	1.6200
881.12,	1.6200
881.72,	1.6200
882.33,	1.6200
882.94,	1.6200
883.54,	1.6200
884.15,	1.6200
884.76,	1.6200
885.36,	1.6200
885.97,	1.6200
886.58,	1.6200
887.18,	1.6200
887.79,	1.6200
888.40,	1.6200
889.00,	1.6200
889.61,	1.6100
890.22,	1.6100
890.82,	1.6100
891.43,	1.6100
892.03,	1.6100
892.64,	1.6100
893.25,	1.6100
893.85,	1.6100
894.46,	1.6000
895.06,	1.6000
895.67,	1.6000
896.28,	1.6000
896.88,	1.6000
897.49,	1.6000
898.09,	1.6000
898.70,	1.6000
899.30,	1.6000
899.91,	1.6000
900.52,	1.6000
901.12,	1.6000
901.73,	1.6200
902.33,	2.4400
902.94,	7.6200
903.54,	13.3300
904.15,	15.1500
904.75,	16.2600
905.36,	17.2500
905.96,	18.1400
906.57,	18.9600
907.17,	19.7000
907.78,	20.3700
908.38,	20.9800
908.99,	21.5300
909.59,	22.0300
910.20,	22.5000
910.80,	22.9200
911.41,	23.3100
912.01,	23.6900
912.62,	24.0400
913.22,	24.3700
913.83,	24.6700
914.43,	24.9600
915.03,	25.2400
915.64,	25.5200
916.24,	25.7800
916.85,	26.0300
917.45,	26.2800
918.06,	28.5900
918.66,	35.5000
919.26,	35.5000
919.87,	35.5000
920.47,	35.5000
921.08,	35.5000
921.68,	35.5000
922.28,	35.5000
922.89,	35.5000
923.49,	35.5000
924.10,	35.5000
924.70,	35.5000
925.30,	35.5000
925.91,	35.5000
926.51,	35.5000
927.11,	35.5000
927.72,	35.5000
928.32,	35.5000
928.92,	35.5000
929.53,	35.5000
930.13,	35.5000
930.74,	35.5000
931.34,	35.5000
931.94,	35.5000
932.54,	35.5000
933.15,	35.5000
933.75,	35.5000
934.35,	35.5000
934.96,	35.5000
935.56,	35.5000
936.16,	35.5000
936.77,	35.5000
937.37,	35.5000
937.97,	35.5000
938.57,	35.5000
939.18,	35.5000
939.78,	35.5000
940.38,	35.5000
940.98,	35.5000
941.59,	35.5000
942.19,	35.5000
942.79,	35.5000
943.39,	35.5000
944.00,	35.5000
944.60,	35.5000
945.20,	35.5000
945.80,	35.5000
946.40,	35.5000
947.01,	35.5000
947.61,	35.5000
948.21,	35.5000
948.81,	35.5000
949.41,	35.5000
950.02,	35.5000
950.62,	35.5000
951.22,	35.5000
951.82,	35.5000
952.42,	35.5000
953.02,	35.5000
953.63,	35.5000
954.23,	35.5000
954.83,	35.5000
955.43,	35.5000
956.03,	35.5000
956.63,	35.5000
957.24,	35.5000
957.84,	35.5000
958.44,	35.5000
959.04,	35.5000
959.64,	35.5000
960.24,	35.5000
960.84,	35.5000
961.44,	35.5000
962.04,	35.5000
962.64,	35.5000
963.25,	35.5000
963.85,	35.5000
964.45,	35.5000
965.05,	35.5000
965.65,	35.5000
966.25,	35.5000
966.85,	35.5000
967.45,	35.5000
968.05,	35.5000
968.65,	35.5000
969.25,	35.5000
969.85,	35.5000
970.45,	35.5000
971.05,	35.5000
971.65,	35.5000
972.25,	35.5000
972.85,	35.5000
973.45,	35.5000
974.05,	35.5000
974.65,	35.5000
975.25,	35.5000
975.85,	35.5000
976.45,	35.5000
977.05,	35.5000
977.65,	35.5000
978.25,	35.5000
978.85,	35.5000
979.45,	35.5000
980.05,	35.5000
980.65,	35.5000
981.25,	35.5000
981.85,	35.5000
982.45,	35.5000
983.05,	35.5000
983.65,	35.5000
984.25,	35.5000
984.85,	35.5000
985.45,	35.5000
986.04,	35.5000
986.64,	35.5000
987.24,	35.5000
987.84,	35.5000
988.44,	35.5000
989.04,	35.5000
989.64,	35.5000
990.24,	35.5000
990.84,	35.5000
991.44,	35.5000
992.03,	35.5000
992.63,	35.5000
993.23,	35.5000
993.83,	35.5000
994.43,	35.5000
995.03,	35.5000
995.63,	35.5000
996.22,	35.5000
996.82,	35.5000
997.42,	35.5000
998.02,	35.5000
998.62,	35.5000
999.21,	35.5000
999.81,	35.5000
1000.41,	35.5000
