Call Sign = ZSDA,	Ship Name = SA Agulhas,	Lloyds Num = 0
Date = 12/02/2016,	Time = 04:00,	
Latitude = 37 34.94  S,	Longitude = 012 24.60  E
Instr = Sippican Deep Blue,	Card Type = Sippican MK-21,	
Wind Instr = ,	Measur Method = 
Probe Serial Num = -1,	Ship Dir = -1,	Ship Speed = -1.00
Wind Dir = 332,	Wind Speed = 20.60
Dry Bulb Temp = 15.50,	Total Water Depth = -1.00

Full Resolution Values
Depth,	 Temp
0.67,	17.5500
1.34,	17.4800
2.01,	17.5100
2.68,	17.5200
3.34,	17.5100
4.01,	17.5100
4.68,	17.5100
5.35,	17.5100
6.02,	17.5100
6.69,	17.5100
7.36,	17.5100
8.03,	17.5000
8.69,	17.5000
9.36,	17.5000
10.03,	17.5000
10.70,	17.5000
11.37,	17.5000
12.04,	17.4900
12.70,	17.4900
13.37,	17.4800
14.04,	17.4800
14.71,	17.4800
15.38,	17.4700
16.05,	17.4500
16.71,	17.4400
17.38,	17.4300
18.05,	17.4300
18.72,	17.4300
19.38,	17.4300
20.05,	17.4200
20.72,	17.4200
21.39,	17.4100
22.06,	17.4200
22.72,	17.4300
23.39,	17.4200
24.06,	17.4200
24.73,	17.4200
25.39,	17.4200
26.06,	17.4200
26.73,	17.4200
27.40,	17.4100
28.06,	17.4100
28.73,	17.4100
29.40,	17.4000
30.06,	17.4000
30.73,	17.4000
31.40,	17.4000
32.06,	17.4000
32.73,	17.3900
33.40,	17.3800
34.07,	17.3900
34.73,	17.3900
35.40,	17.3900
36.07,	17.3900
36.73,	17.3900
37.40,	17.3900
38.07,	17.3900
38.73,	17.3900
39.40,	17.3800
40.06,	17.3800
40.73,	17.3800
41.40,	17.3700
42.06,	17.3600
42.73,	17.3600
43.40,	17.3500
44.06,	17.3500
44.73,	17.3500
45.39,	17.3400
46.06,	17.3400
46.73,	17.3300
47.39,	17.3200
48.06,	17.3100
48.72,	17.2800
49.39,	17.2600
50.06,	17.2500
50.72,	17.2200
51.39,	17.1900
52.05,	17.1600
52.72,	17.1500
53.38,	17.1300
54.05,	17.0800
54.71,	17.0300
55.38,	16.9800
56.05,	16.9300
56.71,	16.8900
57.38,	16.8700
58.04,	16.8400
58.71,	16.8000
59.37,	16.7500
60.04,	16.7000
60.70,	16.6300
61.37,	16.5700
62.03,	16.5500
62.70,	16.5400
63.36,	16.5100
64.03,	16.5000
64.69,	16.5000
65.36,	16.5000
66.02,	16.5000
66.69,	16.4900
67.35,	16.4800
68.01,	16.4800
68.68,	16.4800
69.34,	16.4800
70.01,	16.4800
70.67,	16.4700
71.34,	16.4700
72.00,	16.4700
72.66,	16.4600
73.33,	16.4500
73.99,	16.4400
74.66,	16.4300
75.32,	16.4100
75.98,	16.4000
76.65,	16.3800
77.31,	16.3700
77.98,	16.3500
78.64,	16.3400
79.30,	16.3300
79.97,	16.3100
80.63,	16.2900
81.30,	16.2800
81.96,	16.2600
82.62,	16.2300
83.29,	16.1900
83.95,	16.1100
84.61,	16.0200
85.28,	15.9600
85.94,	15.9000
86.60,	15.8400
87.27,	15.7600
87.93,	15.6300
88.59,	15.4400
89.26,	15.3100
89.92,	15.2000
90.58,	15.1500
91.24,	15.1100
91.91,	15.1000
92.57,	15.0700
93.23,	15.0600
93.90,	15.0400
94.56,	15.0200
95.22,	14.9600
95.88,	14.8800
96.55,	14.8300
97.21,	14.7900
97.87,	14.7600
98.53,	14.7100
99.20,	14.6400
99.86,	14.5800
100.52,	14.5600
101.18,	14.5700
101.85,	14.5900
102.51,	14.5900
103.17,	14.6000
103.83,	14.6100
104.49,	14.6400
105.16,	14.6600
105.82,	14.6600
106.48,	14.6600
107.14,	14.6500
107.80,	14.6300
108.47,	14.5600
109.13,	14.4100
109.79,	14.2800
110.45,	14.1800
111.11,	14.0900
111.77,	14.0300
112.44,	13.9700
113.10,	13.9200
113.76,	13.9000
114.42,	13.8800
115.08,	13.8800
115.74,	13.9000
116.40,	13.9200
117.06,	13.9500
117.73,	13.9800
118.39,	13.9900
119.05,	14.0100
119.71,	14.0400
120.37,	14.0700
121.03,	14.1200
121.69,	14.1500
122.35,	14.1400
123.01,	14.1000
123.67,	14.0700
124.33,	14.0600
125.00,	14.0600
125.66,	14.0600
126.32,	14.0700
126.98,	14.0700
127.64,	14.0600
128.30,	14.0000
128.96,	13.9200
129.62,	13.8500
130.28,	13.7900
130.94,	13.7300
131.60,	13.6300
132.26,	13.5300
132.92,	13.4400
133.58,	13.3600
134.24,	13.3300
134.90,	13.3200
135.56,	13.3200
136.22,	13.3200
136.88,	13.3200
137.54,	13.3200
138.20,	13.3400
138.86,	13.3700
139.52,	13.4000
140.18,	13.4100
140.84,	13.3900
141.50,	13.3600
142.16,	13.2900
142.82,	13.1600
143.48,	13.0100
144.14,	12.9200
144.79,	12.8900
145.45,	12.8500
146.11,	12.7800
146.77,	12.7200
147.43,	12.7000
148.09,	12.6800
148.75,	12.6800
149.41,	12.6800
150.07,	12.6900
150.73,	12.7300
151.39,	12.7600
152.04,	12.8000
152.70,	12.8200
153.36,	12.8000
154.02,	12.7300
154.68,	12.6500
155.34,	12.6300
156.00,	12.6000
156.65,	12.5800
157.31,	12.5800
157.97,	12.5800
158.63,	12.5800
159.29,	12.5900
159.95,	12.6000
160.60,	12.6000
161.26,	12.6200
161.92,	12.6600
162.58,	12.7000
163.24,	12.7200
163.90,	12.7700
164.55,	12.8300
165.21,	12.8900
165.87,	12.9600
166.53,	12.9900
167.18,	13.0000
167.84,	13.0100
168.50,	13.0000
169.16,	13.0100
169.82,	13.0600
170.47,	13.1200
171.13,	13.1400
171.79,	13.1400
172.44,	13.1400
173.10,	13.1300
173.76,	13.1300
174.42,	13.1300
175.07,	13.1200
175.73,	13.1200
176.39,	13.1200
177.05,	13.1200
177.70,	13.1100
178.36,	13.0900
179.02,	13.0800
179.67,	13.0800
180.33,	13.0800
180.99,	13.0900
181.64,	13.0900
182.30,	13.0900
182.96,	13.1000
183.61,	13.1000
184.27,	13.1000
184.93,	13.0800
185.58,	13.0700
186.24,	13.0700
186.90,	13.0600
187.55,	13.0600
188.21,	13.0500
188.87,	13.0300
189.52,	13.0200
190.18,	13.0100
190.83,	13.0000
191.49,	12.9800
192.15,	12.9800
192.80,	12.9600
193.46,	12.9300
194.11,	12.9100
194.77,	12.9000
195.43,	12.8900
196.08,	12.8900
196.74,	12.8900
197.39,	12.8800
198.05,	12.8600
198.70,	12.8400
199.36,	12.8300
200.02,	12.8400
200.67,	12.8500
201.33,	12.8600
201.98,	12.8600
202.64,	12.8600
203.29,	12.8500
203.95,	12.8400
204.60,	12.8300
205.26,	12.8100
205.91,	12.7900
206.57,	12.7800
207.22,	12.7700
207.88,	12.7700
208.53,	12.7700
209.19,	12.7800
209.84,	12.7800
210.50,	12.7700
211.15,	12.7400
211.81,	12.7100
212.46,	12.7000
213.12,	12.7000
213.77,	12.6800
214.43,	12.6400
215.08,	12.6300
215.74,	12.6100
216.39,	12.6000
217.04,	12.6100
217.70,	12.6100
218.35,	12.5800
219.01,	12.5500
219.66,	12.5300
220.32,	12.5200
220.97,	12.5100
221.62,	12.5100
222.28,	12.5000
222.93,	12.4900
223.59,	12.4600
224.24,	12.4300
224.89,	12.4100
225.55,	12.4000
226.20,	12.4000
226.85,	12.3800
227.51,	12.3600
228.16,	12.3500
228.81,	12.3500
229.47,	12.3400
230.12,	12.3200
230.78,	12.3000
231.43,	12.2800
232.08,	12.2500
232.74,	12.2300
233.39,	12.2200
234.04,	12.2100
234.69,	12.2000
235.35,	12.2000
236.00,	12.1900
236.65,	12.1900
237.31,	12.1800
237.96,	12.1800
238.61,	12.1900
239.27,	12.1800
239.92,	12.1800
240.57,	12.1800
241.22,	12.1900
241.88,	12.1900
242.53,	12.1800
243.18,	12.1600
243.83,	12.1600
244.49,	12.1600
245.14,	12.1600
245.79,	12.1600
246.44,	12.1600
247.10,	12.1600
247.75,	12.1600
248.40,	12.1600
249.05,	12.1500
249.70,	12.1400
250.36,	12.1400
251.01,	12.1300
251.66,	12.1300
252.31,	12.1200
252.96,	12.1200
253.62,	12.1100
254.27,	12.1000
254.92,	12.1100
255.57,	12.1000
256.22,	12.1000
256.88,	12.1000
257.53,	12.0900
258.18,	12.0900
258.83,	12.0800
259.48,	12.0500
260.13,	12.0000
260.78,	11.9400
261.44,	11.9000
262.09,	11.8700
262.74,	11.8400
263.39,	11.8300
264.04,	11.8200
264.69,	11.8200
265.34,	11.8200
265.99,	11.8200
266.64,	11.8000
267.29,	11.7900
267.95,	11.7700
268.60,	11.7700
269.25,	11.7600
269.90,	11.7400
270.55,	11.7300
271.20,	11.7200
271.85,	11.7100
272.50,	11.7000
273.15,	11.6900
273.80,	11.6900
274.45,	11.6900
275.10,	11.6900
275.75,	11.6900
276.40,	11.6800
277.05,	11.6800
277.70,	11.6800
278.35,	11.6700
279.00,	11.6500
279.65,	11.6200
280.30,	11.6100
280.95,	11.6000
281.60,	11.5900
282.25,	11.5800
282.90,	11.5800
283.55,	11.5600
284.20,	11.5400
284.85,	11.5000
285.50,	11.4800
286.15,	11.4700
286.80,	11.4600
287.45,	11.4500
288.10,	11.4400
288.75,	11.4200
289.40,	11.4100
290.05,	11.4000
290.70,	11.4000
291.35,	11.4000
292.00,	11.4000
292.64,	11.3900
293.29,	11.3900
293.94,	11.3800
294.59,	11.3500
295.24,	11.3300
295.89,	11.3200
296.54,	11.3100
297.19,	11.3100
297.84,	11.3100
298.49,	11.3000
299.13,	11.3000
299.78,	11.2800
300.43,	11.2600
301.08,	11.2400
301.73,	11.2200
302.38,	11.2000
303.02,	11.1800
303.67,	11.1700
304.32,	11.1600
304.97,	11.1600
305.62,	11.1400
306.27,	11.1300
306.91,	11.1100
307.56,	11.1000
308.21,	11.0800
308.86,	11.0700
309.51,	11.0600
310.15,	11.0600
310.80,	11.0600
311.45,	11.0600
312.10,	11.0500
312.75,	11.0500
313.39,	11.0600
314.04,	11.0600
314.69,	11.0600
315.34,	11.0500
315.98,	11.0300
316.63,	11.0100
317.28,	10.9900
317.93,	10.9800
318.57,	10.9700
319.22,	10.9600
319.87,	10.9700
320.52,	10.9700
321.16,	10.9700
321.81,	10.9700
322.46,	10.9700
323.10,	10.9600
323.75,	10.9300
324.40,	10.9000
325.04,	10.8900
325.69,	10.8800
326.34,	10.8600
326.99,	10.8500
327.63,	10.8400
328.28,	10.8300
328.93,	10.8300
329.57,	10.8200
330.22,	10.8200
330.86,	10.8200
331.51,	10.8300
332.16,	10.8500
332.80,	10.8600
333.45,	10.8500
334.10,	10.8500
334.74,	10.8600
335.39,	10.8600
336.03,	10.8600
336.68,	10.8600
337.33,	10.8600
337.97,	10.8600
338.62,	10.8600
339.26,	10.8600
339.91,	10.8600
340.56,	10.8500
341.20,	10.8600
341.85,	10.8500
342.49,	10.8500
343.14,	10.8500
343.78,	10.8500
344.43,	10.8500
345.08,	10.8400
345.72,	10.8100
346.37,	10.8000
347.01,	10.7800
347.66,	10.7600
348.30,	10.7300
348.95,	10.7100
349.59,	10.6900
350.24,	10.6700
350.88,	10.6500
351.53,	10.6400
352.17,	10.6400
352.82,	10.6300
353.46,	10.6300
354.11,	10.6200
354.75,	10.6100
355.40,	10.6000
356.04,	10.6000
356.69,	10.5900
357.33,	10.5800
357.98,	10.5700
358.62,	10.5600
359.27,	10.5600
359.91,	10.5500
360.55,	10.5600
361.20,	10.5700
361.84,	10.5700
362.49,	10.5600
363.13,	10.5600
363.78,	10.5600
364.42,	10.5600
365.06,	10.5500
365.71,	10.5600
366.35,	10.5700
367.00,	10.5800
367.64,	10.5800
368.28,	10.5800
368.93,	10.5700
369.57,	10.5600
370.22,	10.5500
370.86,	10.5400
371.50,	10.5400
372.15,	10.5400
372.79,	10.5400
373.43,	10.5400
374.08,	10.5400
374.72,	10.5300
375.36,	10.5300
376.01,	10.5200
376.65,	10.5200
377.29,	10.5200
377.94,	10.5100
378.58,	10.5100
379.22,	10.5000
379.87,	10.5000
380.51,	10.5000
381.15,	10.5000
381.79,	10.4800
382.44,	10.4700
383.08,	10.4500
383.72,	10.4400
384.37,	10.4400
385.01,	10.4400
385.65,	10.4300
386.29,	10.4200
386.94,	10.4200
387.58,	10.4100
388.22,	10.3900
388.86,	10.3600
389.51,	10.3300
390.15,	10.3100
390.79,	10.3000
391.43,	10.3000
392.08,	10.3000
392.72,	10.3000
393.36,	10.2900
394.00,	10.2800
394.64,	10.2800
395.29,	10.2800
395.93,	10.2700
396.57,	10.2700
397.21,	10.2700
397.85,	10.2500
398.50,	10.2400
399.14,	10.2300
399.78,	10.2200
400.42,	10.2200
401.06,	10.2100
401.70,	10.1900
402.34,	10.1700
402.99,	10.1700
403.63,	10.1600
404.27,	10.1500
404.91,	10.1400
405.55,	10.1300
406.19,	10.1300
406.83,	10.1200
407.48,	10.1200
408.12,	10.1200
408.76,	10.1200
409.40,	10.1100
410.04,	10.1100
410.68,	10.1100
411.32,	10.1000
411.96,	10.0900
412.60,	10.0700
413.24,	10.0500
413.88,	10.0400
414.52,	10.0300
415.17,	10.0100
415.81,	9.9700
416.45,	9.9400
417.09,	9.9300
417.73,	9.9200
418.37,	9.9200
419.01,	9.9200
419.65,	9.9300
420.29,	9.9200
420.93,	9.9100
421.57,	9.8900
422.21,	9.8800
422.85,	9.8600
423.49,	9.8600
424.13,	9.8600
424.77,	9.8600
425.41,	9.8500
426.05,	9.8500
426.69,	9.8400
427.33,	9.8400
427.97,	9.8300
428.61,	9.8300
429.25,	9.8300
429.89,	9.8300
430.53,	9.8200
431.17,	9.8200
431.80,	9.8300
432.44,	9.8200
433.08,	9.8100
433.72,	9.8100
434.36,	9.8000
435.00,	9.8000
435.64,	9.8000
436.28,	9.8000
436.92,	9.7900
437.56,	9.7700
438.20,	9.7500
438.84,	9.7300
439.47,	9.7200
440.11,	9.7100
440.75,	9.6900
441.39,	9.6700
442.03,	9.6600
442.67,	9.6500
443.31,	9.6400
443.95,	9.6300
444.58,	9.6200
445.22,	9.6100
445.86,	9.6000
446.50,	9.6000
447.14,	9.5900
447.78,	9.5800
448.41,	9.5500
449.05,	9.5300
449.69,	9.5100
450.33,	9.4900
450.97,	9.4800
451.60,	9.4800
452.24,	9.4800
452.88,	9.4700
453.52,	9.4600
454.16,	9.4500
454.79,	9.4400
455.43,	9.4400
456.07,	9.4300
456.71,	9.4100
457.35,	9.3900
457.98,	9.3700
458.62,	9.3500
459.26,	9.3300
459.90,	9.3200
460.53,	9.3100
461.17,	9.3000
461.81,	9.3000
462.44,	9.2900
463.08,	9.2800
463.72,	9.2800
464.36,	9.2700
464.99,	9.2700
465.63,	9.2700
466.27,	9.2600
466.90,	9.2600
467.54,	9.2600
468.18,	9.2500
468.81,	9.2500
469.45,	9.2500
470.09,	9.2400
470.72,	9.2300
471.36,	9.2100
472.00,	9.2000
472.63,	9.1900
473.27,	9.1800
473.91,	9.1700
474.54,	9.1500
475.18,	9.1300
475.82,	9.1100
476.45,	9.0800
477.09,	9.0600
477.73,	9.0400
478.36,	9.0200
479.00,	9.0100
479.63,	8.9800
480.27,	8.9600
480.91,	8.9500
481.54,	8.9500
482.18,	8.9300
482.81,	8.9200
483.45,	8.9200
484.08,	8.9200
484.72,	8.9100
485.36,	8.9000
485.99,	8.8900
486.63,	8.8800
487.26,	8.8700
487.90,	8.8600
488.53,	8.8600
489.17,	8.8600
489.80,	8.8600
490.44,	8.8600
491.07,	8.8500
491.71,	8.8400
492.34,	8.8300
492.98,	8.8200
493.62,	8.8000
494.25,	8.7700
494.89,	8.7600
495.52,	8.7400
496.15,	8.7100
496.79,	8.6700
497.42,	8.6400
498.06,	8.6100
498.69,	8.5900
499.33,	8.5800
499.96,	8.5700
500.60,	8.5500
501.23,	8.5500
501.87,	8.5400
502.50,	8.5400
503.14,	8.5300
503.77,	8.5300
504.40,	8.5300
505.04,	8.5200
505.67,	8.5100
506.31,	8.4700
506.94,	8.4400
507.57,	8.4300
508.21,	8.4300
508.84,	8.4300
509.48,	8.4300
510.11,	8.4200
510.74,	8.4000
511.38,	8.3700
512.01,	8.3600
512.65,	8.3500
513.28,	8.3400
513.91,	8.3200
514.55,	8.3000
515.18,	8.2800
515.81,	8.2700
516.45,	8.2500
517.08,	8.2400
517.71,	8.2200
518.35,	8.2000
518.98,	8.1800
519.61,	8.1500
520.25,	8.1300
520.88,	8.1100
521.51,	8.0900
522.15,	8.0800
522.78,	8.0700
523.41,	8.0700
524.04,	8.0600
524.68,	8.0200
525.31,	7.9800
525.94,	7.9600
526.58,	7.9500
527.21,	7.9300
527.84,	7.9200
528.47,	7.9100
529.11,	7.9000
529.74,	7.8900
530.37,	7.8900
531.00,	7.8800
531.64,	7.8600
532.27,	7.8300
532.90,	7.7900
533.53,	7.7500
534.17,	7.7100
534.80,	7.6900
535.43,	7.6800
536.06,	7.6700
536.69,	7.6400
537.33,	7.6600
537.96,	7.7100
538.59,	7.7500
539.22,	7.7700
539.85,	7.7800
540.48,	7.7800
541.12,	7.7800
541.75,	7.7800
542.38,	7.7700
543.01,	7.7700
543.64,	7.7800
544.27,	7.7800
544.91,	7.7800
545.54,	7.7800
546.17,	7.7700
546.80,	7.7600
547.43,	7.7500
548.06,	7.7400
548.69,	7.7200
549.32,	7.7100
549.95,	7.7000
550.59,	7.6700
551.22,	7.6500
551.85,	7.6400
552.48,	7.6400
553.11,	7.6300
553.74,	7.6200
554.37,	7.6200
555.00,	7.6200
555.63,	7.6100
556.26,	7.5900
556.89,	7.5800
557.52,	7.5700
558.15,	7.5500
558.78,	7.5200
559.42,	7.5000
560.05,	7.4700
560.68,	7.4400
561.31,	7.4400
561.94,	7.4400
562.57,	7.4300
563.20,	7.4300
563.83,	7.4300
564.46,	7.4200
565.09,	7.4200
565.72,	7.3800
566.35,	7.3400
566.98,	7.3100
567.61,	7.2900
568.24,	7.2700
568.87,	7.2400
569.50,	7.2000
570.12,	7.1700
570.75,	7.1700
571.38,	7.1700
572.01,	7.1700
572.64,	7.1700
573.27,	7.1800
573.90,	7.1800
574.53,	7.1800
575.16,	7.1700
575.79,	7.1300
576.42,	7.0600
577.05,	6.9500
577.68,	6.8900
578.31,	6.8800
578.93,	6.8700
579.56,	6.8600
580.19,	6.8400
580.82,	6.8100
581.45,	6.8000
582.08,	6.8000
582.71,	6.8000
583.34,	6.8100
583.97,	6.8200
584.59,	6.8100
585.22,	6.7800
585.85,	6.7500
586.48,	6.7100
587.11,	6.6700
587.74,	6.6500
588.36,	6.6300
588.99,	6.6100
589.62,	6.5800
590.25,	6.5600
590.88,	6.5300
591.50,	6.4900
592.13,	6.4600
592.76,	6.4500
593.39,	6.4500
594.02,	6.4400
594.64,	6.4400
595.27,	6.4300
595.90,	6.4200
596.53,	6.4000
597.16,	6.3900
597.78,	6.3900
598.41,	6.3800
599.04,	6.3700
599.67,	6.3600
600.29,	6.3400
600.92,	6.3200
601.55,	6.3100
602.18,	6.3000
602.80,	6.3000
603.43,	6.2900
604.06,	6.2800
604.68,	6.2700
605.31,	6.2700
605.94,	6.2600
606.57,	6.2500
607.19,	6.2300
607.82,	6.2200
608.45,	6.2100
609.07,	6.1900
609.70,	6.1800
610.33,	6.1800
610.95,	6.1800
611.58,	6.1800
612.21,	6.1900
612.83,	6.2100
613.46,	6.2200
614.09,	6.2300
614.71,	6.2300
615.34,	6.2300
615.97,	6.2400
616.59,	6.2400
617.22,	6.2400
617.84,	6.2400
618.47,	6.2400
619.10,	6.2400
619.72,	6.2000
620.35,	6.1700
620.97,	6.1500
621.60,	6.1400
622.23,	6.1200
622.85,	6.0900
623.48,	6.0500
624.10,	6.0200
624.73,	6.0100
625.35,	6.0000
625.98,	6.0000
626.61,	6.0000
627.23,	6.0000
627.86,	6.0000
628.48,	5.9900
629.11,	5.9800
629.73,	5.9800
630.36,	5.9700
630.98,	5.9300
631.61,	5.9000
632.23,	5.8700
632.86,	5.8300
633.48,	5.8000
634.11,	5.7700
634.73,	5.7400
635.36,	5.6900
635.98,	5.6600
636.61,	5.6500
637.23,	5.6400
637.86,	5.6300
638.48,	5.6300
639.11,	5.6300
639.73,	5.6300
640.36,	5.6100
640.98,	5.5900
641.61,	5.5700
642.23,	5.5600
642.85,	5.5400
643.48,	5.5200
644.10,	5.4900
644.73,	5.4700
645.35,	5.4400
645.98,	5.4200
646.60,	5.4000
647.22,	5.4000
647.85,	5.4100
648.47,	5.4200
649.10,	5.4400
649.72,	5.4400
650.34,	5.4400
650.97,	5.4300
651.59,	5.4200
652.22,	5.4200
652.84,	5.4200
653.46,	5.4200
654.09,	5.3900
654.71,	5.3600
655.33,	5.3400
655.96,	5.3400
656.58,	5.3400
657.20,	5.3500
657.83,	5.3600
658.45,	5.3700
659.07,	5.3900
659.70,	5.4100
660.32,	5.4200
660.94,	5.4200
661.57,	5.4200
662.19,	5.4200
662.81,	5.4100
663.43,	5.4200
664.06,	5.4100
664.68,	5.4100
665.30,	5.4100
665.93,	5.4000
666.55,	5.3900
667.17,	5.3900
667.79,	5.3800
668.42,	5.3800
669.04,	5.3700
669.66,	5.3600
670.28,	5.3600
670.91,	5.3500
671.53,	5.3500
672.15,	5.3400
672.77,	5.3400
673.39,	5.3300
674.02,	5.3100
674.64,	5.3000
675.26,	5.2900
675.88,	5.2800
676.50,	5.2800
677.13,	5.2700
677.75,	5.2700
678.37,	5.2600
678.99,	5.2500
679.61,	5.2500
680.24,	5.2400
680.86,	5.2400
681.48,	5.2200
682.10,	5.2100
682.72,	5.2000
683.34,	5.2000
683.96,	5.1900
684.59,	5.1900
685.21,	5.1900
685.83,	5.1900
686.45,	5.1900
687.07,	5.1900
687.69,	5.1900
688.31,	5.1900
688.93,	5.1900
689.56,	5.2000
690.18,	5.2000
690.80,	5.2100
691.42,	5.2400
692.04,	5.2600
692.66,	5.2800
693.28,	5.2800
693.90,	5.2800
694.52,	5.2900
695.14,	5.2900
695.76,	5.2800
696.38,	5.2700
697.00,	5.2700
697.62,	5.2700
698.25,	5.2700
698.87,	5.2700
699.49,	5.2600
700.11,	5.2600
700.73,	5.2500
701.35,	5.2300
701.97,	5.2200
702.59,	5.2100
703.21,	5.1800
703.83,	5.1700
704.45,	5.1500
705.07,	5.1400
705.69,	5.1400
706.31,	5.1300
706.93,	5.1300
707.55,	5.1300
708.17,	5.1300
708.79,	5.1300
709.40,	5.1300
710.02,	5.1300
710.64,	5.1300
711.26,	5.1300
711.88,	5.1300
712.50,	5.1200
713.12,	5.1100
713.74,	5.1100
714.36,	5.1000
714.98,	5.0900
715.60,	5.0800
716.22,	5.0700
716.84,	5.0700
717.45,	5.0700
718.07,	5.0600
718.69,	5.0400
719.31,	5.0300
719.93,	5.0200
720.55,	5.0200
721.17,	5.0100
721.79,	5.0100
722.41,	5.0100
723.02,	5.0000
723.64,	5.0000
724.26,	4.9900
724.88,	4.9900
725.50,	4.9800
726.12,	4.9700
726.73,	4.9600
727.35,	4.9500
727.97,	4.9400
728.59,	4.9400
729.21,	4.9400
729.83,	4.9400
730.44,	4.9300
731.06,	4.9200
731.68,	4.9300
732.30,	4.9200
732.92,	4.9200
733.53,	4.9200
734.15,	4.9100
734.77,	4.9100
735.39,	4.9000
736.00,	4.9000
736.62,	4.9000
737.24,	4.9000
737.86,	4.8900
738.47,	4.8900
739.09,	4.8900
739.71,	4.8900
740.33,	4.8800
740.94,	4.8800
741.56,	4.8800
742.18,	4.8800
742.79,	4.8800
743.41,	4.8800
744.03,	4.8800
744.65,	4.8800
745.26,	4.8800
745.88,	4.8900
746.50,	4.8900
747.11,	4.9000
747.73,	4.9000
748.35,	4.9100
748.96,	4.9100
749.58,	4.9100
750.20,	4.9000
750.81,	4.9000
751.43,	4.8900
752.05,	4.8900
752.66,	4.9000
753.28,	4.9000
753.90,	4.9100
754.51,	4.9100
755.13,	4.9100
755.74,	4.9200
756.36,	4.9100
756.98,	4.9000
757.59,	4.8900
758.21,	4.8900
758.82,	4.8900
759.44,	4.8900
760.06,	4.8900
760.67,	4.8900
761.29,	4.8900
761.90,	4.8900
762.52,	4.8800
763.14,	4.8900
763.75,	4.8900
764.37,	4.8800
764.98,	4.8800
765.60,	4.8800
766.21,	4.8800
766.83,	4.8800
767.44,	4.8800
768.06,	4.8800
768.67,	4.8800
769.29,	4.8800
769.90,	4.8800
770.52,	4.8700
771.14,	4.8700
771.75,	4.8600
772.37,	4.8600
772.98,	4.8600
773.59,	4.8500
774.21,	4.8400
774.82,	4.8400
775.44,	4.8400
776.05,	4.8400
776.67,	4.8400
777.28,	4.8300
777.90,	4.8200
778.51,	4.8000
779.13,	4.7700
779.74,	4.7400
780.36,	4.7200
780.97,	4.7100
781.58,	4.7100
782.20,	4.7100
782.81,	4.7100
783.43,	4.7300
784.04,	4.7700
784.66,	4.7900
785.27,	4.7900
785.88,	4.7900
786.50,	4.7800
787.11,	4.7800
787.73,	4.7600
788.34,	4.7400
788.95,	4.7200
789.57,	4.7200
790.18,	4.7200
790.79,	4.7300
791.41,	4.7300
792.02,	4.7400
792.63,	4.7400
793.25,	4.7300
793.86,	4.7200
794.47,	4.7100
795.09,	4.7000
795.70,	4.7000
796.31,	4.7000
796.93,	4.7100
797.54,	4.7100
798.15,	4.7100
798.77,	4.7200
799.38,	4.7200
799.99,	4.7100
800.61,	4.7000
801.22,	4.6900
801.83,	4.6900
802.44,	4.6800
803.06,	4.6800
803.67,	4.6800
804.28,	4.6800
804.90,	4.6800
805.51,	4.6700
806.12,	4.6700
806.73,	4.6600
807.34,	4.6500
807.96,	4.6400
808.57,	4.6300
809.18,	4.6200
809.79,	4.6200
810.41,	4.6100
811.02,	4.6000
811.63,	4.6000
812.24,	4.5900
812.85,	4.5700
813.47,	4.5600
814.08,	4.5600
814.69,	4.5700
815.30,	4.5600
815.91,	4.5700
816.53,	4.5700
817.14,	4.5700
817.75,	4.5600
818.36,	4.5500
818.97,	4.5600
819.58,	4.5500
820.20,	4.5500
820.81,	4.5500
821.42,	4.5400
822.03,	4.5400
822.64,	4.5300
823.25,	4.5100
823.86,	4.5200
824.47,	4.5300
825.09,	4.5500
825.70,	4.5600
826.31,	4.5600
826.92,	4.5600
827.53,	4.5600
828.14,	4.5600
828.75,	4.5700
829.36,	4.5700
829.97,	4.5700
830.58,	4.5700
831.19,	4.5700
831.80,	4.5700
832.42,	4.5600
833.03,	4.5600
833.64,	4.5500
834.25,	4.5400
834.86,	4.5400
835.47,	4.5400
836.08,	4.5400
836.69,	4.5300
837.30,	4.5300
837.91,	4.5300
838.52,	4.5300
839.13,	4.5200
839.74,	4.5100
840.35,	4.5000
840.96,	4.5000
841.57,	4.4900
842.18,	4.4800
842.79,	4.4700
843.40,	4.4600
844.01,	4.4500
844.62,	4.4500
845.23,	4.4500
845.84,	4.4500
846.45,	4.4500
847.06,	4.4400
847.67,	4.4400
848.27,	4.4500
848.88,	4.4400
849.49,	4.4400
850.10,	4.4300
850.71,	4.4200
851.32,	4.4100
851.93,	4.4100
852.54,	4.4100
853.15,	4.4100
853.76,	4.4100
854.37,	4.4100
854.98,	4.4200
855.58,	4.4200
856.19,	4.4400
856.80,	4.4600
857.41,	4.4700
858.02,	4.4700
858.63,	4.4700
859.24,	4.4700
859.85,	4.4700
860.45,	4.4700
861.06,	4.4700
861.67,	4.4700
862.28,	4.4600
862.89,	4.4600
863.50,	4.4600
864.10,	4.4500
864.71,	4.4400
865.32,	4.4400
865.93,	4.4300
866.54,	4.4200
867.14,	4.4100
867.75,	4.3900
868.36,	4.3900
868.97,	4.3800
869.58,	4.3800
870.18,	4.3700
870.79,	4.3600
871.40,	4.3500
872.01,	4.3500
872.61,	4.3500
873.22,	4.3400
873.83,	4.3400
874.44,	4.3300
875.04,	4.3200
875.65,	4.3100
876.26,	4.3000
876.87,	4.3000
877.47,	4.3100
878.08,	4.3100
878.69,	4.3100
879.29,	4.3100
879.90,	4.3100
880.51,	4.3100
881.12,	4.3100
881.72,	4.3000
882.33,	4.3100
882.94,	4.3200
883.54,	4.7100
884.15,	7.7500
884.76,	12.5400
885.36,	14.6800
885.97,	15.5700
886.58,	16.3700
887.18,	27.1200
887.79,	35.5000
888.40,	35.5000
889.00,	35.5000
889.61,	35.5000
890.22,	35.5000
890.82,	35.5000
891.43,	35.5000
892.03,	35.5000
892.64,	35.5000
893.25,	35.5000
893.85,	35.5000
894.46,	35.5000
895.06,	35.5000
895.67,	35.5000
896.28,	35.5000
896.88,	35.5000
897.49,	35.5000
898.09,	35.5000
898.70,	35.5000
899.30,	35.5000
899.91,	35.5000
900.52,	35.5000
901.12,	35.5000
901.73,	35.5000
902.33,	35.5000
902.94,	35.5000
903.54,	35.5000
904.15,	35.5000
904.75,	35.5000
905.36,	35.5000
905.96,	35.5000
906.57,	35.5000
907.17,	35.5000
907.78,	35.5000
908.38,	35.5000
908.99,	35.5000
909.59,	35.5000
910.20,	35.5000
910.80,	35.5000
911.41,	35.5000
912.01,	35.5000
912.62,	35.5000
913.22,	35.5000
913.83,	35.5000
914.43,	35.5000
915.03,	35.5000
915.64,	35.5000
916.24,	35.5000
916.85,	35.5000
917.45,	35.5000
918.06,	35.5000
918.66,	35.5000
919.26,	35.5000
919.87,	35.5000
920.47,	35.5000
921.08,	35.5000
921.68,	35.5000
922.28,	35.5000
922.89,	35.5000
923.49,	35.5000
924.10,	35.5000
924.70,	35.5000
925.30,	35.5000
925.91,	35.5000
926.51,	35.5000
927.11,	35.5000
927.72,	35.5000
928.32,	35.5000
928.92,	35.5000
929.53,	35.5000
930.13,	35.5000
930.74,	35.5000
931.34,	35.5000
931.94,	35.5000
932.54,	35.5000
933.15,	35.5000
933.75,	35.5000
934.35,	35.5000
934.96,	35.5000
935.56,	35.5000
936.16,	35.5000
936.77,	35.5000
937.37,	35.5000
937.97,	35.5000
938.57,	35.5000
939.18,	35.5000
939.78,	35.5000
940.38,	35.5000
940.98,	35.5000
941.59,	35.5000
942.19,	35.5000
942.79,	35.5000
943.39,	35.5000
944.00,	35.5000
944.60,	35.5000
945.20,	35.5000
945.80,	35.5000
946.40,	35.5000
947.01,	35.5000
947.61,	35.5000
948.21,	35.5000
948.81,	35.5000
949.41,	35.5000
950.02,	35.5000
950.62,	35.5000
951.22,	35.5000
951.82,	35.5000
952.42,	35.5000
953.02,	35.5000
953.63,	35.5000
954.23,	35.5000
954.83,	35.5000
955.43,	35.5000
956.03,	35.5000
956.63,	35.5000
957.24,	35.5000
957.84,	35.5000
958.44,	35.5000
959.04,	35.5000
959.64,	35.5000
960.24,	35.5000
960.84,	35.5000
961.44,	35.5000
962.04,	35.5000
962.64,	35.5000
963.25,	35.5000
963.85,	35.5000
964.45,	35.5000
965.05,	35.5000
965.65,	35.5000
966.25,	35.5000
966.85,	35.5000
967.45,	35.5000
968.05,	35.5000
968.65,	35.5000
969.25,	35.5000
969.85,	35.5000
970.45,	35.5000
971.05,	35.5000
971.65,	35.5000
972.25,	35.5000
972.85,	35.5000
973.45,	35.5000
974.05,	35.5000
974.65,	35.5000
975.25,	35.5000
975.85,	35.5000
976.45,	35.5000
977.05,	35.5000
977.65,	35.5000
978.25,	35.5000
978.85,	35.5000
979.45,	35.5000
980.05,	35.5000
980.65,	35.5000
981.25,	35.5000
981.85,	35.5000
982.45,	35.5000
983.05,	35.5000
983.65,	35.5000
984.25,	35.5000
984.85,	35.5000
985.45,	35.5000
986.04,	35.5000
986.64,	35.5000
987.24,	35.5000
987.84,	35.5000
988.44,	35.5000
989.04,	35.5000
989.64,	35.5000
990.24,	35.5000
990.84,	35.5000
991.44,	35.5000
992.03,	35.5000
992.63,	35.5000
993.23,	35.5000
993.83,	35.5000
994.43,	35.5000
995.03,	35.5000
995.63,	35.5000
996.22,	35.5000
996.82,	35.5000
997.42,	35.5000
998.02,	35.5000
998.62,	35.5000
999.21,	35.5000
999.81,	35.5000
1000.41,	35.5000
