Call Sign = ZSDA,	Ship Name = SA Agulhas,	Lloyds Num = 0
Date = 12/09/2016,	Time = 13:01,	
Latitude = 65 53.78  S,	Longitude = 001 01.39  E
Instr = Sippican Deep Blue,	Card Type = Sippican MK-21,	
Wind Instr = ,	Measur Method = 
Probe Serial Num = -1,	Ship Dir = -1,	Ship Speed = -1.00
Wind Dir = 223,	Wind Speed = 14.60
Dry Bulb Temp = -0.50,	Total Water Depth = -1.00

Full Resolution Values
Depth,	 Temp
0.67,	0.3900
1.34,	-0.2200
2.01,	-0.3500
2.68,	-0.3900
3.34,	-0.3900
4.01,	-0.4000
4.68,	-0.4000
5.35,	-0.4000
6.02,	-0.4000
6.69,	-0.4000
7.36,	-0.4000
8.03,	-0.3900
8.69,	-0.3900
9.36,	-0.3900
10.03,	-0.3900
10.70,	-0.3900
11.37,	-0.3800
12.04,	-0.3900
12.70,	-0.4000
13.37,	-0.4600
14.04,	-0.4200
14.71,	-0.4200
15.38,	-0.4300
16.05,	-0.4400
16.71,	-0.4500
17.38,	-0.4500
18.05,	-0.4600
18.72,	-0.4900
19.38,	-0.5300
20.05,	-0.6100
20.72,	-0.7500
21.39,	-0.8400
22.06,	-0.9400
22.72,	-1.0700
23.39,	-1.1800
24.06,	-1.2500
24.73,	-1.3000
25.39,	-1.3300
26.06,	-1.3500
26.73,	-1.3700
27.40,	-1.3900
28.06,	-1.4000
28.73,	-1.4200
29.40,	-1.4400
30.06,	-1.4500
30.73,	-1.4700
31.40,	-1.4900
32.06,	-1.5000
32.73,	-1.5100
33.40,	-1.5200
34.07,	-1.5300
34.73,	-1.5400
35.40,	-1.5500
36.07,	-1.5700
36.73,	-1.5700
37.40,	-1.5800
38.07,	-1.5900
38.73,	-1.6000
39.40,	-1.6100
40.06,	-1.6100
40.73,	-1.6100
41.40,	-1.6300
42.06,	-1.6400
42.73,	-1.6400
43.40,	-1.6400
44.06,	-1.6400
44.73,	-1.6500
45.39,	-1.6500
46.06,	-1.6500
46.73,	-1.6500
47.39,	-1.6600
48.06,	-1.6600
48.72,	-1.6600
49.39,	-1.6600
50.06,	-1.6700
50.72,	-1.6700
51.39,	-1.6800
52.05,	-1.6800
52.72,	-1.6800
53.38,	-1.6900
54.05,	-1.7000
54.71,	-1.7000
55.38,	-1.7000
56.05,	-1.7000
56.71,	-1.7000
57.38,	-1.7000
58.04,	-1.7000
58.71,	-1.7100
59.37,	-1.7100
60.04,	-1.7100
60.70,	-1.7100
61.37,	-1.7200
62.03,	-1.7200
62.70,	-1.7200
63.36,	-1.7200
64.03,	-1.7200
64.69,	-1.7100
65.36,	-1.7100
66.02,	-1.7100
66.69,	-1.7100
67.35,	-1.7000
68.01,	-1.7100
68.68,	-1.7000
69.34,	-1.7000
70.01,	-1.7000
70.67,	-1.6900
71.34,	-1.6800
72.00,	-1.6800
72.66,	-1.6800
73.33,	-1.6800
73.99,	-1.6800
74.66,	-1.6900
75.32,	-1.7100
75.98,	-1.7100
76.65,	-1.7200
77.31,	-1.7100
77.98,	-1.7000
78.64,	-1.6700
79.30,	-1.6400
79.97,	-1.6200
80.63,	-1.5900
81.30,	-1.5500
81.96,	-1.5200
82.62,	-1.5100
83.29,	-1.4600
83.95,	-1.4200
84.61,	-1.3800
85.28,	-1.3200
85.94,	-1.2800
86.60,	-1.2300
87.27,	-1.1800
87.93,	-1.1400
88.59,	-1.1100
89.26,	-1.1000
89.92,	-1.0900
90.58,	-1.0600
91.24,	-1.0400
91.91,	-1.0200
92.57,	-1.0000
93.23,	-0.9700
93.90,	-0.9300
94.56,	-0.8700
95.22,	-0.8000
95.88,	-0.7700
96.55,	-0.7400
97.21,	-0.6200
97.87,	-0.4500
98.53,	-0.3100
99.20,	0.0000
99.86,	0.2300
100.52,	0.2700
101.18,	0.2800
101.85,	0.2900
102.51,	0.2900
103.17,	0.3000
103.83,	0.4000
104.49,	0.5300
105.16,	0.5700
105.82,	0.5700
106.48,	0.5700
107.14,	0.5700
107.80,	0.5700
108.47,	0.5700
109.13,	0.5700
109.79,	0.5700
110.45,	0.5700
111.11,	0.5800
111.77,	0.5700
112.44,	0.5700
113.10,	0.5700
113.76,	0.5800
114.42,	0.5900
115.08,	0.5900
115.74,	0.5900
116.40,	0.5900
117.06,	0.5900
117.73,	0.6000
118.39,	0.6100
119.05,	0.6100
119.71,	0.6100
120.37,	0.6200
121.03,	0.6200
121.69,	0.6200
122.35,	0.6200
123.01,	0.6100
123.67,	0.6100
124.33,	0.6100
125.00,	0.6100
125.66,	0.6200
126.32,	0.6300
126.98,	0.6300
127.64,	0.6300
128.30,	0.6200
128.96,	0.6100
129.62,	0.6100
130.28,	0.6000
130.94,	0.6000
131.60,	0.5900
132.26,	0.5600
132.92,	0.5400
133.58,	0.5400
134.24,	0.5400
134.90,	0.5400
135.56,	0.5400
136.22,	0.5500
136.88,	0.5600
137.54,	0.5700
138.20,	0.5800
138.86,	0.5800
139.52,	0.5800
140.18,	0.5700
140.84,	0.5700
141.50,	0.5800
142.16,	0.5900
142.82,	0.5900
143.48,	0.5900
144.14,	0.6000
144.79,	0.6100
145.45,	0.6200
146.11,	0.6200
146.77,	0.6200
147.43,	0.6200
148.09,	0.6100
148.75,	0.6100
149.41,	0.6200
150.07,	0.6300
150.73,	0.6200
151.39,	0.6200
152.04,	0.6300
152.70,	0.6300
153.36,	0.6400
154.02,	0.6400
154.68,	0.6500
155.34,	0.6500
156.00,	0.6400
156.65,	0.6400
157.31,	0.6500
157.97,	0.6400
158.63,	0.6400
159.29,	0.6400
159.95,	0.6300
160.60,	0.6300
161.26,	0.6300
161.92,	0.6300
162.58,	0.6200
163.24,	0.6100
163.90,	0.6000
164.55,	0.5900
165.21,	0.6000
165.87,	0.6200
166.53,	0.6400
167.18,	0.6500
167.84,	0.6500
168.50,	0.6500
169.16,	0.6500
169.82,	0.6500
170.47,	0.6600
171.13,	0.6700
171.79,	0.6800
172.44,	0.6700
173.10,	0.6800
173.76,	0.6700
174.42,	0.6700
175.07,	0.6700
175.73,	0.6400
176.39,	0.6200
177.05,	0.6000
177.70,	0.5800
178.36,	0.5800
179.02,	0.5800
179.67,	0.5800
180.33,	0.5800
180.99,	0.5600
181.64,	0.5400
182.30,	0.5200
182.96,	0.5000
183.61,	0.4800
184.27,	0.4700
184.93,	0.4600
185.58,	0.4500
186.24,	0.4300
186.90,	0.4100
187.55,	0.4000
188.21,	0.3900
188.87,	0.3900
189.52,	0.4000
190.18,	0.4000
190.83,	0.4000
191.49,	0.4000
192.15,	0.4000
192.80,	0.4100
193.46,	0.4100
194.11,	0.4200
194.77,	0.4300
195.43,	0.4500
196.08,	0.4700
196.74,	0.4700
197.39,	0.4800
198.05,	0.5000
198.70,	0.5200
199.36,	0.5200
200.02,	0.5200
200.67,	0.5300
201.33,	0.5400
201.98,	0.5400
202.64,	0.5400
203.29,	0.5400
203.95,	0.5500
204.60,	0.5400
205.26,	0.5400
205.91,	0.5400
206.57,	0.5400
207.22,	0.5400
207.88,	0.5300
208.53,	0.5400
209.19,	0.5400
209.84,	0.5400
210.50,	0.5400
211.15,	0.5400
211.81,	0.5400
212.46,	0.5400
213.12,	0.5400
213.77,	0.5300
214.43,	0.5300
215.08,	0.5300
215.74,	0.5300
216.39,	0.5300
217.04,	0.5300
217.70,	0.5300
218.35,	0.5300
219.01,	0.5300
219.66,	0.5300
220.32,	0.5300
220.97,	0.5400
221.62,	0.5500
222.28,	0.5500
222.93,	0.5500
223.59,	0.5400
224.24,	0.5300
224.89,	0.5300
225.55,	0.5400
226.20,	0.5400
226.85,	0.5500
227.51,	0.5500
228.16,	0.5500
228.81,	0.5400
229.47,	0.5500
230.12,	0.5500
230.78,	0.5500
231.43,	0.5500
232.08,	0.5500
232.74,	0.5500
233.39,	0.5600
234.04,	0.5600
234.69,	0.5600
235.35,	0.5700
236.00,	0.5700
236.65,	0.5700
237.31,	0.5700
237.96,	0.5700
238.61,	0.5700
239.27,	0.5700
239.92,	0.5800
240.57,	0.5700
241.22,	0.5800
241.88,	0.5700
242.53,	0.5700
243.18,	0.5700
243.83,	0.5800
244.49,	0.5700
245.14,	0.5700
245.79,	0.5600
246.44,	0.5700
247.10,	0.5700
247.75,	0.5700
248.40,	0.5600
249.05,	0.5600
249.70,	0.5600
250.36,	0.5600
251.01,	0.5600
251.66,	0.5600
252.31,	0.5600
252.96,	0.5600
253.62,	0.5600
254.27,	0.5600
254.92,	0.5600
255.57,	0.5600
256.22,	0.5800
256.88,	0.5900
257.53,	0.5900
258.18,	0.5900
258.83,	0.5900
259.48,	0.5900
260.13,	0.5800
260.78,	0.5800
261.44,	0.5900
262.09,	0.5900
262.74,	0.5800
263.39,	0.5700
264.04,	0.5700
264.69,	0.5700
265.34,	0.5700
265.99,	0.5700
266.64,	0.5700
267.29,	0.5700
267.95,	0.5800
268.60,	0.5700
269.25,	0.5700
269.90,	0.5700
270.55,	0.5700
271.20,	0.5700
271.85,	0.5600
272.50,	0.5600
273.15,	0.5500
273.80,	0.5500
274.45,	0.5500
275.10,	0.5500
275.75,	0.5500
276.40,	0.5400
277.05,	0.5400
277.70,	0.5400
278.35,	0.5400
279.00,	0.5400
279.65,	0.5400
280.30,	0.5400
280.95,	0.5300
281.60,	0.5300
282.25,	0.5300
282.90,	0.5400
283.55,	0.5300
284.20,	0.5300
284.85,	0.5300
285.50,	0.5200
286.15,	0.5000
286.80,	0.4900
287.45,	0.4900
288.10,	0.4900
288.75,	0.4900
289.40,	0.4900
290.05,	0.4800
290.70,	0.4800
291.35,	0.4800
292.00,	0.4800
292.64,	0.4700
293.29,	0.4800
293.94,	0.4700
294.59,	0.4700
295.24,	0.4700
295.89,	0.4700
296.54,	0.4700
297.19,	0.4700
297.84,	0.4700
298.49,	0.4700
299.13,	0.4700
299.78,	0.4700
300.43,	0.4700
301.08,	0.4800
301.73,	0.4700
302.38,	0.4700
303.02,	0.4700
303.67,	0.4700
304.32,	0.4700
304.97,	0.4700
305.62,	0.4700
306.27,	0.4800
306.91,	0.4700
307.56,	0.4700
308.21,	0.4700
308.86,	0.4700
309.51,	0.4700
310.15,	0.4700
310.80,	0.4700
311.45,	0.4700
312.10,	0.4600
312.75,	0.4700
313.39,	0.4600
314.04,	0.4600
314.69,	0.4700
315.34,	0.4700
315.98,	0.4600
316.63,	0.4700
317.28,	0.4700
317.93,	0.4700
318.57,	0.4800
319.22,	0.4800
319.87,	0.4800
320.52,	0.4900
321.16,	0.5000
321.81,	0.4900
322.46,	0.4900
323.10,	0.5000
323.75,	0.5100
324.40,	0.5100
325.04,	0.5000
325.69,	0.5000
326.34,	0.5000
326.99,	0.5100
327.63,	0.5100
328.28,	0.5000
328.93,	0.5100
329.57,	0.5100
330.22,	0.5200
330.86,	0.5300
331.51,	0.5400
332.16,	0.5400
332.80,	0.5400
333.45,	0.5500
334.10,	0.5500
334.74,	0.5400
335.39,	0.5500
336.03,	0.5500
336.68,	0.5600
337.33,	0.5500
337.97,	0.5600
338.62,	0.5600
339.26,	0.5600
339.91,	0.5600
340.56,	0.5600
341.20,	0.5600
341.85,	0.5600
342.49,	0.5600
343.14,	0.5600
343.78,	0.5600
344.43,	0.5600
345.08,	0.5600
345.72,	0.5500
346.37,	0.5600
347.01,	0.5600
347.66,	0.5600
348.30,	0.5600
348.95,	0.5600
349.59,	0.5600
350.24,	0.5700
350.88,	0.5700
351.53,	0.5700
352.17,	0.5700
352.82,	0.5700
353.46,	0.5700
354.11,	0.5800
354.75,	0.5800
355.40,	0.5800
356.04,	0.5800
356.69,	0.5800
357.33,	0.5800
357.98,	0.5800
358.62,	0.5900
359.27,	0.5800
359.91,	0.5700
360.55,	0.5700
361.20,	0.5800
361.84,	0.5800
362.49,	0.5800
363.13,	0.5800
363.78,	0.5800
364.42,	0.5800
365.06,	0.5900
365.71,	0.5800
366.35,	0.5700
367.00,	0.5700
367.64,	0.5700
368.28,	0.5700
368.93,	0.5700
369.57,	0.5700
370.22,	0.5700
370.86,	0.5800
371.50,	0.5800
372.15,	0.5700
372.79,	0.5700
373.43,	0.5700
374.08,	0.5700
374.72,	0.5700
375.36,	0.5700
376.01,	0.5700
376.65,	0.5700
377.29,	0.5700
377.94,	0.5700
378.58,	0.5600
379.22,	0.5500
379.87,	0.5500
380.51,	0.5600
381.15,	0.5600
381.79,	0.5700
382.44,	0.5600
383.08,	0.5500
383.72,	0.5500
384.37,	0.5500
385.01,	0.5500
385.65,	0.5500
386.29,	0.5400
386.94,	0.5400
387.58,	0.5400
388.22,	0.5500
388.86,	0.5500
389.51,	0.5500
390.15,	0.5400
390.79,	0.5400
391.43,	0.5300
392.08,	0.5300
392.72,	0.5400
393.36,	0.5400
394.00,	0.5400
394.64,	0.5500
395.29,	0.5500
395.93,	0.5400
396.57,	0.5400
397.21,	0.5400
397.85,	0.5500
398.50,	0.5500
399.14,	0.5400
399.78,	0.5500
400.42,	0.5500
401.06,	0.5500
401.70,	0.5500
402.34,	0.5600
402.99,	0.5700
403.63,	0.5700
404.27,	0.5700
404.91,	0.5700
405.55,	0.5700
406.19,	0.5700
406.83,	0.5700
407.48,	0.5700
408.12,	0.5700
408.76,	0.5700
409.40,	0.5700
410.04,	0.5600
410.68,	0.5700
411.32,	0.5700
411.96,	0.5600
412.60,	0.5700
413.24,	0.5600
413.88,	0.5700
414.52,	0.5700
415.17,	0.5700
415.81,	0.5700
416.45,	0.5700
417.09,	0.5700
417.73,	0.5700
418.37,	0.5700
419.01,	0.5700
419.65,	0.5700
420.29,	0.5700
420.93,	0.5700
421.57,	0.5700
422.21,	0.5700
422.85,	0.5700
423.49,	0.5800
424.13,	0.5800
424.77,	0.5700
425.41,	0.5700
426.05,	0.5700
426.69,	0.5800
427.33,	0.5800
427.97,	0.5700
428.61,	0.5600
429.25,	0.5600
429.89,	0.5600
430.53,	0.5500
431.17,	0.5400
431.80,	0.5500
432.44,	0.5700
433.08,	0.5800
433.72,	0.5800
434.36,	0.5700
435.00,	0.5700
435.64,	0.5700
436.28,	0.5800
436.92,	0.5700
437.56,	0.5600
438.20,	0.5600
438.84,	0.5600
439.47,	0.5700
440.11,	0.5700
440.75,	0.5700
441.39,	0.5600
442.03,	0.5700
442.67,	0.5600
443.31,	0.5600
443.95,	0.5500
444.58,	0.5500
445.22,	0.5500
445.86,	0.5500
446.50,	0.5400
447.14,	0.5500
447.78,	0.5500
448.41,	0.5500
449.05,	0.5400
449.69,	0.5400
450.33,	0.5400
450.97,	0.5400
451.60,	0.5400
452.24,	0.5500
452.88,	0.5600
453.52,	0.5700
454.16,	0.5700
454.79,	0.5600
455.43,	0.5700
456.07,	0.5700
456.71,	0.5600
457.35,	0.5600
457.98,	0.5600
458.62,	0.5500
459.26,	0.5300
459.90,	0.5200
460.53,	0.5200
461.17,	0.5300
461.81,	0.5200
462.44,	0.5200
463.08,	0.5100
463.72,	0.5100
464.36,	0.5000
464.99,	0.5100
465.63,	0.5100
466.27,	0.5100
466.90,	0.5000
467.54,	0.5000
468.18,	0.5000
468.81,	0.5100
469.45,	0.5100
470.09,	0.5100
470.72,	0.5100
471.36,	0.5000
472.00,	0.5000
472.63,	0.5000
473.27,	0.5000
473.91,	0.5000
474.54,	0.5100
475.18,	0.5100
475.82,	0.5100
476.45,	0.5200
477.09,	0.5200
477.73,	0.5200
478.36,	0.5200
479.00,	0.5200
479.63,	0.5300
480.27,	0.5400
480.91,	0.5400
481.54,	0.5500
482.18,	0.5500
482.81,	0.5600
483.45,	0.5600
484.08,	0.5500
484.72,	0.5500
485.36,	0.5500
485.99,	0.5500
486.63,	0.5400
487.26,	0.5400
487.90,	0.5300
488.53,	0.5200
489.17,	0.5200
489.80,	0.5200
490.44,	0.5200
491.07,	0.5100
491.71,	0.5100
492.34,	0.5100
492.98,	0.5100
493.62,	0.5100
494.25,	0.5100
494.89,	0.5100
495.52,	0.5100
496.15,	0.5100
496.79,	0.5100
497.42,	0.5100
498.06,	0.5100
498.69,	0.5100
499.33,	0.5100
499.96,	0.5000
500.60,	0.5000
501.23,	0.5000
501.87,	0.5000
502.50,	0.5000
503.14,	0.4900
503.77,	0.4900
504.40,	0.4900
505.04,	0.4800
505.67,	0.4800
506.31,	0.4800
506.94,	0.4800
507.57,	0.4800
508.21,	0.4800
508.84,	0.4800
509.48,	0.4800
510.11,	0.4800
510.74,	0.4900
511.38,	0.4900
512.01,	0.4900
512.65,	0.4900
513.28,	0.4900
513.91,	0.4900
514.55,	0.4900
515.18,	0.4900
515.81,	0.4900
516.45,	0.5000
517.08,	0.5000
517.71,	0.4900
518.35,	0.4900
518.98,	0.4900
519.61,	0.4900
520.25,	0.5000
520.88,	0.5100
521.51,	0.5100
522.15,	0.5000
522.78,	0.5000
523.41,	0.5000
524.04,	0.4900
524.68,	0.4900
525.31,	0.4800
525.94,	0.4900
526.58,	0.4900
527.21,	0.4800
527.84,	0.4800
528.47,	0.4900
529.11,	0.4900
529.74,	0.4900
530.37,	0.4900
531.00,	0.4900
531.64,	0.4900
532.27,	0.4900
532.90,	0.4900
533.53,	0.4900
534.17,	0.4900
534.80,	0.4900
535.43,	0.4900
536.06,	0.4900
536.69,	0.4900
537.33,	0.4900
537.96,	0.4900
538.59,	0.5000
539.22,	0.4900
539.85,	0.4900
540.48,	0.4900
541.12,	0.4900
541.75,	0.5000
542.38,	0.4900
543.01,	0.5000
543.64,	0.4900
544.27,	0.4800
544.91,	0.4800
545.54,	0.4800
546.17,	0.4800
546.80,	0.4800
547.43,	0.4900
548.06,	0.4900
548.69,	0.5000
549.32,	0.5000
549.95,	0.4900
550.59,	0.4900
551.22,	0.4800
551.85,	0.4800
552.48,	0.4800
553.11,	0.4800
553.74,	0.4900
554.37,	0.4900
555.00,	0.4900
555.63,	0.4900
556.26,	0.4800
556.89,	0.4800
557.52,	0.4900
558.15,	0.4900
558.78,	0.4900
559.42,	0.4900
560.05,	0.4800
560.68,	0.4800
561.31,	0.4800
561.94,	0.4800
562.57,	0.4800
563.20,	0.4800
563.83,	0.4800
564.46,	0.4800
565.09,	0.4800
565.72,	0.4800
566.35,	0.4900
566.98,	0.4900
567.61,	0.4900
568.24,	0.4800
568.87,	0.4800
569.50,	0.4800
570.12,	0.4800
570.75,	0.4800
571.38,	0.4800
572.01,	0.4800
572.64,	0.4800
573.27,	0.4800
573.90,	0.4800
574.53,	0.4700
575.16,	0.4800
575.79,	0.4800
576.42,	0.4900
577.05,	0.4900
577.68,	0.4900
578.31,	0.4900
578.93,	0.4800
579.56,	0.4800
580.19,	0.4900
580.82,	0.4800
581.45,	0.4800
582.08,	0.4800
582.71,	0.4800
583.34,	0.4900
583.97,	0.5000
584.59,	0.4900
585.22,	0.4900
585.85,	0.4900
586.48,	0.4900
587.11,	0.4800
587.74,	0.4800
588.36,	0.4800
588.99,	0.4900
589.62,	0.4900
590.25,	0.4900
590.88,	0.4900
591.50,	0.4900
592.13,	0.4800
592.76,	0.4800
593.39,	0.4800
594.02,	0.4800
594.64,	0.4800
595.27,	0.4800
595.90,	0.4800
596.53,	0.4900
597.16,	0.4900
597.78,	0.4900
598.41,	0.4900
599.04,	0.5000
599.67,	0.4900
600.29,	0.4900
600.92,	0.4900
601.55,	0.4900
602.18,	0.4900
602.80,	0.5000
603.43,	0.4900
604.06,	0.4900
604.68,	0.5000
605.31,	0.5000
605.94,	0.4900
606.57,	0.5000
607.19,	0.4900
607.82,	0.4800
608.45,	0.4800
609.07,	0.4800
609.70,	0.4800
610.33,	0.4800
610.95,	0.4800
611.58,	0.4800
612.21,	0.4800
612.83,	0.4800
613.46,	0.4800
614.09,	0.4800
614.71,	0.4800
615.34,	0.4900
615.97,	0.4900
616.59,	0.4900
617.22,	0.4800
617.84,	0.4800
618.47,	0.4700
619.10,	0.4700
619.72,	0.4700
620.35,	0.4800
620.97,	0.4800
621.60,	0.4900
622.23,	0.4900
622.85,	0.4900
623.48,	0.4900
624.10,	0.4900
624.73,	0.4900
625.35,	0.4800
625.98,	0.4800
626.61,	0.4900
627.23,	0.5000
627.86,	0.5000
628.48,	0.5000
629.11,	0.4900
629.73,	0.4900
630.36,	0.4900
630.98,	0.4900
631.61,	0.4900
632.23,	0.5000
632.86,	0.4900
633.48,	0.4900
634.11,	0.4900
634.73,	0.4900
635.36,	0.5000
635.98,	0.5000
636.61,	0.4900
637.23,	0.4900
637.86,	0.4900
638.48,	0.4800
639.11,	0.4900
639.73,	0.4900
640.36,	0.4900
640.98,	0.5000
641.61,	0.5000
642.23,	0.5000
642.85,	0.5000
643.48,	0.5000
644.10,	0.4900
644.73,	0.5000
645.35,	0.5000
645.98,	0.4900
646.60,	0.4800
647.22,	0.4800
647.85,	0.4800
648.47,	0.4900
649.10,	0.5000
649.72,	0.5000
650.34,	0.5000
650.97,	0.5000
651.59,	0.4900
652.22,	0.5000
652.84,	0.5000
653.46,	0.5000
654.09,	0.5000
654.71,	0.5000
655.33,	0.4900
655.96,	0.4900
656.58,	0.4900
657.20,	0.4900
657.83,	0.4900
658.45,	0.4900
659.07,	0.4900
659.70,	0.4900
660.32,	0.4900
660.94,	0.4900
661.57,	0.4900
662.19,	0.4900
662.81,	0.4900
663.43,	0.4900
664.06,	0.4900
664.68,	0.4900
665.30,	0.4900
665.93,	0.5000
666.55,	0.5000
667.17,	0.5000
667.79,	0.5000
668.42,	0.5000
669.04,	0.5100
669.66,	0.5200
670.28,	0.5100
670.91,	0.5000
671.53,	0.4900
672.15,	0.4900
672.77,	0.4900
673.39,	0.5000
674.02,	0.5100
674.64,	0.5000
675.26,	0.5000
675.88,	0.4900
676.50,	0.4900
677.13,	0.4900
677.75,	0.4900
678.37,	0.4900
678.99,	0.5000
679.61,	0.5000
680.24,	0.5000
680.86,	0.4900
681.48,	0.5000
682.10,	0.5000
682.72,	0.4900
683.34,	0.4900
683.96,	0.4900
684.59,	0.4800
685.21,	0.4900
685.83,	0.4900
686.45,	0.4900
687.07,	0.5000
687.69,	0.5100
688.31,	0.5100
688.93,	0.5000
689.56,	0.5000
690.18,	0.4900
690.80,	0.4900
691.42,	0.5000
692.04,	0.5000
692.66,	0.4900
693.28,	0.4800
693.90,	0.4800
694.52,	0.4800
695.14,	0.4800
695.76,	0.4800
696.38,	0.4800
697.00,	0.4900
697.62,	0.4900
698.25,	0.4900
698.87,	0.4900
699.49,	0.4900
700.11,	0.4900
700.73,	0.4900
701.35,	0.5000
701.97,	0.4900
702.59,	0.4900
703.21,	0.5000
703.83,	0.4900
704.45,	0.4800
705.07,	0.4800
705.69,	0.4800
706.31,	0.4900
706.93,	0.4900
707.55,	0.5000
708.17,	0.5000
708.79,	0.5000
709.40,	0.5000
710.02,	0.5000
710.64,	0.5000
711.26,	0.5000
711.88,	0.5000
712.50,	0.5000
713.12,	0.4900
713.74,	0.4900
714.36,	0.4900
714.98,	0.4900
715.60,	0.4900
716.22,	0.4900
716.84,	0.5000
717.45,	0.5000
718.07,	0.5000
718.69,	0.5000
719.31,	0.5000
719.93,	0.4900
720.55,	0.5000
721.17,	0.5100
721.79,	0.5100
722.41,	0.5100
723.02,	0.5000
723.64,	0.5000
724.26,	0.5000
724.88,	0.5100
725.50,	0.5100
726.12,	0.5000
726.73,	0.5000
727.35,	0.5000
727.97,	0.4900
728.59,	0.5000
729.21,	0.4900
729.83,	0.4900
730.44,	0.4900
731.06,	0.4900
731.68,	0.4900
732.30,	0.4900
732.92,	0.4900
733.53,	0.4900
734.15,	0.4800
734.77,	0.4800
735.39,	0.4900
736.00,	0.5000
736.62,	0.5000
737.24,	0.4900
737.86,	0.4900
738.47,	0.5000
739.09,	0.5000
739.71,	0.5000
740.33,	0.5000
740.94,	0.5000
741.56,	0.5000
742.18,	0.4900
742.79,	0.4900
743.41,	0.4900
744.03,	0.4900
744.65,	0.4900
745.26,	0.4900
745.88,	0.4900
746.50,	0.5000
747.11,	0.5000
747.73,	0.4900
748.35,	0.5000
748.96,	0.5000
749.58,	0.4900
750.20,	0.4900
750.81,	0.4900
751.43,	0.4900
752.05,	0.4800
752.66,	0.4800
753.28,	0.4900
753.90,	0.4900
754.51,	0.4900
755.13,	0.4900
755.74,	0.4800
756.36,	0.4800
756.98,	0.4900
757.59,	0.4900
758.21,	0.4800
758.82,	0.4900
759.44,	0.4900
760.06,	0.4900
760.67,	0.4900
761.29,	0.4900
761.90,	0.4900
762.52,	0.4900
763.14,	0.4900
763.75,	0.4900
764.37,	0.4700
764.98,	0.4700
765.60,	0.4800
766.21,	0.4900
766.83,	0.5000
767.44,	0.4900
768.06,	0.4800
768.67,	0.4900
769.29,	0.4900
769.90,	0.4900
770.52,	0.4800
771.14,	0.4900
771.75,	0.4800
772.37,	0.4800
772.98,	0.4900
773.59,	0.4800
774.21,	0.4800
774.82,	0.4800
775.44,	0.4800
776.05,	0.4900
776.67,	0.4900
777.28,	0.4800
777.90,	0.4800
778.51,	0.4800
779.13,	0.4800
779.74,	0.4800
780.36,	0.4800
780.97,	0.4800
781.58,	0.4800
782.20,	0.4800
782.81,	0.4700
783.43,	0.4800
784.04,	0.4900
784.66,	0.4900
785.27,	0.4900
785.88,	0.4900
786.50,	0.4900
787.11,	0.4900
787.73,	0.4900
788.34,	0.5000
788.95,	0.4900
789.57,	0.4900
790.18,	0.4800
790.79,	0.4800
791.41,	0.4900
792.02,	0.4900
792.63,	0.4900
793.25,	0.4900
793.86,	0.4800
794.47,	0.4900
795.09,	0.5000
795.70,	0.5000
796.31,	0.4900
796.93,	0.4900
797.54,	0.4900
798.15,	0.4800
798.77,	0.4900
799.38,	0.4900
799.99,	0.4800
800.61,	0.4800
801.22,	0.4900
801.83,	0.4900
802.44,	0.5000
803.06,	0.5000
803.67,	0.5000
804.28,	0.5000
804.90,	0.4900
805.51,	0.4900
806.12,	0.4900
806.73,	0.4900
807.34,	0.4900
807.96,	0.5000
808.57,	0.5000
809.18,	0.5000
809.79,	0.4900
810.41,	0.5000
811.02,	0.5000
811.63,	0.4900
812.24,	0.5000
812.85,	0.5000
813.47,	0.5000
814.08,	0.4900
814.69,	0.4900
815.30,	0.5000
815.91,	0.4900
816.53,	0.4900
817.14,	0.4900
817.75,	0.4900
818.36,	0.4900
818.97,	0.4900
819.58,	0.4900
820.20,	0.4900
820.81,	0.4900
821.42,	0.4900
822.03,	0.4900
822.64,	0.4800
823.25,	0.4800
823.86,	0.4900
824.47,	0.5000
825.09,	0.4900
825.70,	0.4900
826.31,	0.4900
826.92,	0.4900
827.53,	0.4900
828.14,	0.4900
828.75,	0.4900
829.36,	0.5000
829.97,	0.5000
830.58,	0.4900
831.19,	0.4900
831.80,	0.4900
832.42,	0.4800
833.03,	0.4800
833.64,	0.4800
834.25,	0.4900
834.86,	0.4800
835.47,	0.4900
836.08,	0.4900
836.69,	0.5000
837.30,	0.5000
837.91,	0.4900
838.52,	0.4900
839.13,	0.4900
839.74,	0.4900
840.35,	0.5000
840.96,	0.5000
841.57,	0.4900
842.18,	0.4900
842.79,	0.4800
843.40,	0.4800
844.01,	0.4900
844.62,	0.4900
845.23,	0.4900
845.84,	0.5000
846.45,	0.5000
847.06,	0.5000
847.67,	0.4900
848.27,	0.5000
848.88,	0.5000
849.49,	0.4900
850.10,	0.4900
850.71,	0.4900
851.32,	0.4900
851.93,	0.4900
852.54,	0.4900
853.15,	0.4900
853.76,	0.4900
854.37,	0.4900
854.98,	0.4800
855.58,	0.4800
856.19,	0.4900
856.80,	0.4900
857.41,	0.4900
858.02,	0.4900
858.63,	0.4900
859.24,	0.4900
859.85,	0.4800
860.45,	0.4800
861.06,	0.4800
861.67,	0.4800
862.28,	0.4700
862.89,	0.4700
863.50,	0.4700
864.10,	0.4800
864.71,	0.4800
865.32,	0.4800
865.93,	0.4800
866.54,	0.4800
867.14,	0.4700
867.75,	0.4700
868.36,	0.4700
868.97,	0.4800
869.58,	0.4800
870.18,	0.4800
870.79,	0.4800
871.40,	0.4800
872.01,	0.4800
872.61,	0.4800
873.22,	0.4800
873.83,	0.4800
874.44,	0.4800
875.04,	0.4700
875.65,	0.4700
876.26,	0.4700
876.87,	0.4700
877.47,	0.4700
878.08,	0.4700
878.69,	0.4700
879.29,	0.4700
879.90,	0.4700
880.51,	0.4800
881.12,	0.4900
881.72,	0.4900
882.33,	0.4800
882.94,	0.4800
883.54,	0.4700
884.15,	0.4700
884.76,	0.4700
885.36,	0.4700
885.97,	0.4600
886.58,	0.4600
887.18,	0.4700
887.79,	0.4700
888.40,	0.4700
889.00,	0.4700
889.61,	0.4700
890.22,	0.4600
890.82,	0.4600
891.43,	0.4700
892.03,	0.4700
892.64,	0.4700
893.25,	0.4700
893.85,	0.4600
894.46,	0.4600
895.06,	0.4600
895.67,	0.4600
896.28,	0.4600
896.88,	0.4700
897.49,	0.4700
898.09,	0.4700
898.70,	0.4700
899.30,	0.4700
899.91,	0.4700
900.52,	0.4700
901.12,	0.4600
901.73,	0.4600
902.33,	0.4700
902.94,	0.4700
903.54,	0.4700
904.15,	0.4700
904.75,	0.4700
905.36,	0.4700
905.96,	0.4600
906.57,	0.4600
907.17,	0.4500
907.78,	0.4500
908.38,	0.4600
908.99,	0.4600
909.59,	0.4600
910.20,	0.4600
910.80,	0.4600
911.41,	0.4600
912.01,	0.4600
912.62,	0.4600
913.22,	0.4600
913.83,	0.4500
914.43,	0.4600
915.03,	0.4500
915.64,	0.4600
916.24,	0.4600
916.85,	0.4600
917.45,	0.4600
918.06,	0.4600
918.66,	0.4600
919.26,	0.4600
919.87,	0.4600
920.47,	0.4600
921.08,	0.4600
921.68,	0.4600
922.28,	0.4600
922.89,	0.4600
923.49,	0.4600
924.10,	0.4600
924.70,	0.4600
925.30,	0.4500
925.91,	0.4500
926.51,	0.4600
927.11,	0.4600
927.72,	0.4600
928.32,	0.4600
928.92,	0.4600
929.53,	0.4500
930.13,	0.4500
930.74,	0.4600
931.34,	0.4500
931.94,	0.4500
932.54,	0.4400
933.15,	0.4500
933.75,	0.4500
934.35,	0.4600
934.96,	0.4600
935.56,	0.4500
936.16,	0.4500
936.77,	0.4400
937.37,	0.4500
937.97,	0.4800
938.57,	1.3200
939.18,	5.8400
939.78,	12.9500
940.38,	16.4300
940.98,	17.9100
941.59,	19.0700
942.19,	20.1200
942.79,	21.0900
943.39,	21.9800
944.00,	22.8000
944.60,	23.5500
945.20,	24.2400
945.80,	24.8700
946.40,	25.4400
947.01,	25.9500
947.61,	26.3800
948.21,	26.7000
948.81,	26.9600
949.41,	27.1700
950.02,	27.3900
950.62,	27.6200
951.22,	30.1800
951.82,	35.5000
952.42,	35.5000
953.02,	35.5000
953.63,	35.5000
954.23,	35.5000
954.83,	35.5000
955.43,	35.5000
956.03,	35.5000
956.63,	35.5000
957.24,	35.5000
957.84,	35.5000
958.44,	35.5000
959.04,	35.5000
959.64,	35.5000
960.24,	35.5000
960.84,	35.5000
961.44,	35.5000
962.04,	35.5000
962.64,	35.5000
963.25,	35.5000
963.85,	35.5000
964.45,	35.5000
965.05,	35.5000
965.65,	35.5000
966.25,	35.5000
966.85,	35.5000
967.45,	35.5000
968.05,	35.5000
968.65,	35.5000
969.25,	35.5000
969.85,	35.5000
970.45,	35.5000
971.05,	35.5000
971.65,	35.5000
972.25,	35.5000
972.85,	35.5000
973.45,	35.5000
974.05,	35.5000
974.65,	35.5000
975.25,	35.5000
975.85,	35.5000
976.45,	35.5000
977.05,	35.5000
977.65,	-2.5200
978.25,	-2.5200
978.85,	-2.5200
979.45,	-2.5200
980.05,	-2.5200
980.65,	-2.5200
981.25,	-2.5200
981.85,	-2.5200
982.45,	-2.5200
983.05,	-2.5200
983.65,	-2.5200
984.25,	-2.5200
984.85,	-2.5200
985.45,	-2.5200
986.04,	-2.5200
986.64,	-2.5200
987.24,	-2.5200
987.84,	-2.5200
988.44,	-2.5200
989.04,	-2.5200
989.64,	-2.5200
990.24,	-2.5200
990.84,	-2.5200
991.44,	-2.5200
992.03,	-2.5200
992.63,	-2.5200
993.23,	-2.5200
993.83,	-2.5200
994.43,	-2.5200
995.03,	-2.5200
995.63,	-2.5200
996.22,	-2.5200
996.82,	-2.5200
997.42,	-2.5200
998.02,	-2.5200
998.62,	-2.5200
999.21,	-2.5200
999.81,	-2.5200
1000.41,	-2.5200
