Call Sign = ZSDA,	Ship Name = SA Agulhas,	Lloyds Num = 0
Date = 12/04/2016,	Time = 11:01,	
Latitude = 45 29.02  S,	Longitude = 006 06.79  E
Instr = Sippican Deep Blue,	Card Type = Sippican MK-21,	
Wind Instr = ,	Measur Method = 
Probe Serial Num = -1,	Ship Dir = -1,	Ship Speed = -1.00
Wind Dir = 290,	Wind Speed = 37.50
Dry Bulb Temp = 8.30,	Total Water Depth = -1.00

Full Resolution Values
Depth,	 Temp
0.67,	5.3900
1.34,	5.2100
2.01,	5.1700
2.68,	5.1600
3.34,	5.1400
4.01,	5.1200
4.68,	5.1100
5.35,	5.1000
6.02,	5.0900
6.69,	5.1100
7.36,	5.1400
8.03,	5.1400
8.69,	5.1400
9.36,	5.1300
10.03,	5.1300
10.70,	5.1200
11.37,	5.1200
12.04,	5.1200
12.70,	5.1200
13.37,	5.1200
14.04,	5.1200
14.71,	5.1200
15.38,	5.1300
16.05,	5.1200
16.71,	5.1200
17.38,	5.1200
18.05,	5.1300
18.72,	5.1200
19.38,	5.1200
20.05,	5.1200
20.72,	5.1200
21.39,	5.1200
22.06,	5.1200
22.72,	5.1200
23.39,	5.1200
24.06,	5.1200
24.73,	5.1200
25.39,	5.1200
26.06,	5.1200
26.73,	5.1100
27.40,	5.1200
28.06,	5.1200
28.73,	5.1100
29.40,	5.1100
30.06,	5.1100
30.73,	5.1100
31.40,	5.1100
32.06,	5.1100
32.73,	5.1100
33.40,	5.1100
34.07,	5.1100
34.73,	5.1200
35.40,	5.1100
36.07,	5.1100
36.73,	5.1100
37.40,	5.1200
38.07,	5.1200
38.73,	5.1100
39.40,	5.1100
40.06,	5.1200
40.73,	5.1100
41.40,	5.1100
42.06,	5.1100
42.73,	5.1100
43.40,	5.1100
44.06,	5.1100
44.73,	5.1000
45.39,	5.0900
46.06,	5.0900
46.73,	5.0900
47.39,	5.0900
48.06,	5.0800
48.72,	5.0800
49.39,	5.0900
50.06,	5.0900
50.72,	5.0900
51.39,	5.0800
52.05,	5.0700
52.72,	5.0600
53.38,	5.0600
54.05,	5.0700
54.71,	5.0700
55.38,	5.0600
56.05,	5.0600
56.71,	5.0600
57.38,	5.0700
58.04,	5.0700
58.71,	5.0700
59.37,	5.0800
60.04,	5.0700
60.70,	5.0700
61.37,	5.0700
62.03,	5.0600
62.70,	5.0500
63.36,	5.0400
64.03,	5.0500
64.69,	5.0500
65.36,	5.0400
66.02,	5.0200
66.69,	5.0100
67.35,	5.0100
68.01,	4.9900
68.68,	4.9500
69.34,	4.9000
70.01,	4.8700
70.67,	4.8400
71.34,	4.8100
72.00,	4.7500
72.66,	4.7000
73.33,	4.6700
73.99,	4.6500
74.66,	4.6000
75.32,	4.5000
75.98,	4.3700
76.65,	4.2700
77.31,	4.2200
77.98,	4.2000
78.64,	4.1900
79.30,	4.1700
79.97,	4.1600
80.63,	4.1600
81.30,	4.1600
81.96,	4.1600
82.62,	4.1500
83.29,	4.1500
83.95,	4.1500
84.61,	4.1500
85.28,	4.1500
85.94,	4.1500
86.60,	4.1400
87.27,	4.1300
87.93,	4.1200
88.59,	4.1100
89.26,	4.1100
89.92,	4.1000
90.58,	4.0900
91.24,	4.0700
91.91,	4.0700
92.57,	4.0500
93.23,	4.0400
93.90,	4.0300
94.56,	4.0300
95.22,	4.0200
95.88,	4.0100
96.55,	4.0000
97.21,	3.9900
97.87,	3.9900
98.53,	3.9900
99.20,	3.9800
99.86,	3.9700
100.52,	3.9700
101.18,	3.9600
101.85,	3.9500
102.51,	3.9400
103.17,	3.9300
103.83,	3.9300
104.49,	3.9200
105.16,	3.9200
105.82,	3.9100
106.48,	3.9000
107.14,	3.8800
107.80,	3.8700
108.47,	3.8600
109.13,	3.8500
109.79,	3.8400
110.45,	3.8400
111.11,	3.8300
111.77,	3.8300
112.44,	3.8200
113.10,	3.8100
113.76,	3.8100
114.42,	3.8000
115.08,	3.8000
115.74,	3.8000
116.40,	3.7900
117.06,	3.7800
117.73,	3.7700
118.39,	3.7700
119.05,	3.7600
119.71,	3.7600
120.37,	3.7600
121.03,	3.7500
121.69,	3.7500
122.35,	3.7500
123.01,	3.7500
123.67,	3.7500
124.33,	3.7500
125.00,	3.7500
125.66,	3.7500
126.32,	3.7500
126.98,	3.7500
127.64,	3.7500
128.30,	3.7500
128.96,	3.7500
129.62,	3.7500
130.28,	3.7500
130.94,	3.7500
131.60,	3.7500
132.26,	3.7500
132.92,	3.7500
133.58,	3.7500
134.24,	3.7500
134.90,	3.7400
135.56,	3.7400
136.22,	3.7400
136.88,	3.7400
137.54,	3.7400
138.20,	3.7400
138.86,	3.7300
139.52,	3.7300
140.18,	3.7300
140.84,	3.7300
141.50,	3.7300
142.16,	3.7300
142.82,	3.7300
143.48,	3.7300
144.14,	3.7300
144.79,	3.7300
145.45,	3.7300
146.11,	3.7200
146.77,	3.7000
147.43,	3.6900
148.09,	3.6800
148.75,	3.6700
149.41,	3.6700
150.07,	3.6700
150.73,	3.6700
151.39,	3.6700
152.04,	3.6600
152.70,	3.6600
153.36,	3.6600
154.02,	3.6600
154.68,	3.6600
155.34,	3.6700
156.00,	3.6700
156.65,	3.6700
157.31,	3.6700
157.97,	3.6700
158.63,	3.6700
159.29,	3.6700
159.95,	3.6600
160.60,	3.6500
161.26,	3.6400
161.92,	3.6100
162.58,	3.5800
163.24,	3.5700
163.90,	3.5600
164.55,	3.5500
165.21,	3.5500
165.87,	3.5400
166.53,	3.5400
167.18,	3.5400
167.84,	3.5400
168.50,	3.5300
169.16,	3.5300
169.82,	3.5300
170.47,	3.5200
171.13,	3.5200
171.79,	3.5200
172.44,	3.5100
173.10,	3.5100
173.76,	3.5100
174.42,	3.5100
175.07,	3.5100
175.73,	3.5100
176.39,	3.5100
177.05,	3.5000
177.70,	3.5000
178.36,	3.5000
179.02,	3.5000
179.67,	3.4800
180.33,	3.4700
180.99,	3.4600
181.64,	3.4500
182.30,	3.4400
182.96,	3.4300
183.61,	3.4200
184.27,	3.4200
184.93,	3.4100
185.58,	3.4100
186.24,	3.4100
186.90,	3.3900
187.55,	3.3800
188.21,	3.3700
188.87,	3.3700
189.52,	3.3600
190.18,	3.3600
190.83,	3.3500
191.49,	3.3500
192.15,	3.3500
192.80,	3.3500
193.46,	3.3500
194.11,	3.3400
194.77,	3.3500
195.43,	3.3400
196.08,	3.3400
196.74,	3.3300
197.39,	3.3300
198.05,	3.3300
198.70,	3.3300
199.36,	3.3200
200.02,	3.3200
200.67,	3.3100
201.33,	3.3100
201.98,	3.3000
202.64,	3.3000
203.29,	3.2900
203.95,	3.2900
204.60,	3.2900
205.26,	3.2900
205.91,	3.2900
206.57,	3.2900
207.22,	3.2900
207.88,	3.2900
208.53,	3.2800
209.19,	3.2800
209.84,	3.2900
210.50,	3.2900
211.15,	3.2900
211.81,	3.2900
212.46,	3.2900
213.12,	3.2900
213.77,	3.2900
214.43,	3.2800
215.08,	3.2800
215.74,	3.2800
216.39,	3.2800
217.04,	3.2700
217.70,	3.2800
218.35,	3.2700
219.01,	3.2700
219.66,	3.2700
220.32,	3.2600
220.97,	3.2500
221.62,	3.2400
222.28,	3.2200
222.93,	3.2000
223.59,	3.1900
224.24,	3.1800
224.89,	3.1800
225.55,	3.1700
226.20,	3.1600
226.85,	3.1500
227.51,	3.1600
228.16,	3.1600
228.81,	3.1600
229.47,	3.1600
230.12,	3.1500
230.78,	3.1500
231.43,	3.1500
232.08,	3.1500
232.74,	3.1600
233.39,	3.1700
234.04,	3.1900
234.69,	3.2000
235.35,	3.2100
236.00,	3.2100
236.65,	3.2200
237.31,	3.2200
237.96,	3.2300
238.61,	3.2300
239.27,	3.2300
239.92,	3.2300
240.57,	3.2300
241.22,	3.2400
241.88,	3.2400
242.53,	3.2400
243.18,	3.2400
243.83,	3.2400
244.49,	3.2500
245.14,	3.2600
245.79,	3.2600
246.44,	3.2600
247.10,	3.2700
247.75,	3.2700
248.40,	3.2700
249.05,	3.2700
249.70,	3.2700
250.36,	3.2700
251.01,	3.2700
251.66,	3.2800
252.31,	3.3100
252.96,	3.3600
253.62,	3.3900
254.27,	3.4100
254.92,	3.4200
255.57,	3.4300
256.22,	3.4200
256.88,	3.4200
257.53,	3.4100
258.18,	3.4200
258.83,	3.4200
259.48,	3.4200
260.13,	3.4300
260.78,	3.4300
261.44,	3.4200
262.09,	3.4100
262.74,	3.4000
263.39,	3.3800
264.04,	3.3600
264.69,	3.3400
265.34,	3.3400
265.99,	3.3300
266.64,	3.3300
267.29,	3.3100
267.95,	3.3000
268.60,	3.2800
269.25,	3.2800
269.90,	3.3200
270.55,	3.3400
271.20,	3.3100
271.85,	3.2800
272.50,	3.2700
273.15,	3.2600
273.80,	3.2500
274.45,	3.2400
275.10,	3.2400
275.75,	3.2300
276.40,	3.2300
277.05,	3.2300
277.70,	3.2300
278.35,	3.2300
279.00,	3.2200
279.65,	3.2100
280.30,	3.2000
280.95,	3.1800
281.60,	3.1600
282.25,	3.1400
282.90,	3.1300
283.55,	3.1200
284.20,	3.1300
284.85,	3.1300
285.50,	3.1300
286.15,	3.1300
286.80,	3.1300
287.45,	3.1300
288.10,	3.1300
288.75,	3.1300
289.40,	3.1300
290.05,	3.1300
290.70,	3.1400
291.35,	3.1400
292.00,	3.1400
292.64,	3.1400
293.29,	3.1400
293.94,	3.1400
294.59,	3.1400
295.24,	3.1400
295.89,	3.1400
296.54,	3.1400
297.19,	3.1400
297.84,	3.1400
298.49,	3.1500
299.13,	3.1500
299.78,	3.1500
300.43,	3.1600
301.08,	3.1800
301.73,	3.1900
302.38,	3.1900
303.02,	3.1900
303.67,	3.1900
304.32,	3.2000
304.97,	3.2000
305.62,	3.2100
306.27,	3.2100
306.91,	3.2200
307.56,	3.2100
308.21,	3.2200
308.86,	3.2200
309.51,	3.2200
310.15,	3.2200
310.80,	3.2200
311.45,	3.2200
312.10,	3.2200
312.75,	3.2300
313.39,	3.2300
314.04,	3.2300
314.69,	3.2300
315.34,	3.2300
315.98,	3.2400
316.63,	3.2400
317.28,	3.2400
317.93,	3.2400
318.57,	3.2400
319.22,	3.2500
319.87,	3.2600
320.52,	3.2700
321.16,	3.2700
321.81,	3.2700
322.46,	3.2800
323.10,	3.2800
323.75,	3.2800
324.40,	3.2800
325.04,	3.2800
325.69,	3.2800
326.34,	3.2700
326.99,	3.2700
327.63,	3.2600
328.28,	3.2600
328.93,	3.2600
329.57,	3.2600
330.22,	3.2500
330.86,	3.2500
331.51,	3.2400
332.16,	3.2400
332.80,	3.2400
333.45,	3.2400
334.10,	3.2500
334.74,	3.2500
335.39,	3.2400
336.03,	3.2400
336.68,	3.2500
337.33,	3.2500
337.97,	3.2400
338.62,	3.2300
339.26,	3.2300
339.91,	3.2300
340.56,	3.2400
341.20,	3.2400
341.85,	3.2400
342.49,	3.2400
343.14,	3.2400
343.78,	3.2400
344.43,	3.2400
345.08,	3.2400
345.72,	3.2400
346.37,	3.2400
347.01,	3.2400
347.66,	3.2300
348.30,	3.2300
348.95,	3.2300
349.59,	3.2300
350.24,	3.2300
350.88,	3.2300
351.53,	3.2300
352.17,	3.2300
352.82,	3.2300
353.46,	3.2300
354.11,	3.2300
354.75,	3.2300
355.40,	3.2200
356.04,	3.2200
356.69,	3.2200
357.33,	3.2200
357.98,	3.2200
358.62,	3.2200
359.27,	3.2200
359.91,	3.2200
360.55,	3.2200
361.20,	3.2100
361.84,	3.2100
362.49,	3.2100
363.13,	3.2100
363.78,	3.2000
364.42,	3.2000
365.06,	3.2000
365.71,	3.1900
366.35,	3.1900
367.00,	3.1800
367.64,	3.1800
368.28,	3.1700
368.93,	3.1600
369.57,	3.1600
370.22,	3.1500
370.86,	3.1500
371.50,	3.1400
372.15,	3.1400
372.79,	3.1300
373.43,	3.1300
374.08,	3.1300
374.72,	3.1300
375.36,	3.1300
376.01,	3.1200
376.65,	3.1200
377.29,	3.1200
377.94,	3.1200
378.58,	3.1200
379.22,	3.1200
379.87,	3.1200
380.51,	3.1200
381.15,	3.1200
381.79,	3.1200
382.44,	3.1100
383.08,	3.1100
383.72,	3.1000
384.37,	3.1000
385.01,	3.0900
385.65,	3.0800
386.29,	3.0700
386.94,	3.0600
387.58,	3.0500
388.22,	3.0500
388.86,	3.0400
389.51,	3.0300
390.15,	3.0300
390.79,	3.0300
391.43,	3.0200
392.08,	3.0200
392.72,	3.0200
393.36,	3.0100
394.00,	3.0100
394.64,	3.0100
395.29,	3.0100
395.93,	3.0000
396.57,	3.0000
397.21,	2.9900
397.85,	2.9800
398.50,	2.9700
399.14,	2.9600
399.78,	2.9600
400.42,	2.9600
401.06,	2.9600
401.70,	2.9600
402.34,	2.9600
402.99,	2.9600
403.63,	2.9600
404.27,	2.9500
404.91,	2.9500
405.55,	2.9500
406.19,	2.9500
406.83,	2.9500
407.48,	2.9500
408.12,	2.9500
408.76,	2.9500
409.40,	2.9500
410.04,	2.9500
410.68,	2.9500
411.32,	2.9500
411.96,	2.9500
412.60,	2.9500
413.24,	2.9400
413.88,	2.9400
414.52,	2.9400
415.17,	2.9400
415.81,	2.9400
416.45,	2.9400
417.09,	2.9400
417.73,	2.9400
418.37,	2.9400
419.01,	2.9400
419.65,	2.9400
420.29,	2.9400
420.93,	2.9400
421.57,	2.9300
422.21,	2.9300
422.85,	2.9200
423.49,	2.9200
424.13,	2.9200
424.77,	2.9200
425.41,	2.9200
426.05,	2.9200
426.69,	2.9100
427.33,	2.9100
427.97,	2.9100
428.61,	2.9100
429.25,	2.9100
429.89,	2.9100
430.53,	2.9100
431.17,	2.9100
431.80,	2.9100
432.44,	2.9100
433.08,	2.9100
433.72,	2.9100
434.36,	2.9100
435.00,	2.9100
435.64,	2.9100
436.28,	2.9100
436.92,	2.9100
437.56,	2.9000
438.20,	2.9000
438.84,	2.9000
439.47,	2.9000
440.11,	2.9000
440.75,	2.8900
441.39,	2.8900
442.03,	2.8900
442.67,	2.8800
443.31,	2.8800
443.95,	2.8800
444.58,	2.8700
445.22,	2.8600
445.86,	2.8600
446.50,	2.8600
447.14,	2.8700
447.78,	2.8600
448.41,	2.8600
449.05,	2.8600
449.69,	2.8500
450.33,	2.8500
450.97,	2.8500
451.60,	2.8500
452.24,	2.8500
452.88,	2.8500
453.52,	2.8500
454.16,	2.8500
454.79,	2.8500
455.43,	2.8500
456.07,	2.8500
456.71,	2.8500
457.35,	2.8500
457.98,	2.8400
458.62,	2.8400
459.26,	2.8400
459.90,	2.8300
460.53,	2.8400
461.17,	2.8300
461.81,	2.8300
462.44,	2.8300
463.08,	2.8300
463.72,	2.8300
464.36,	2.8300
464.99,	2.8200
465.63,	2.8200
466.27,	2.8200
466.90,	2.8200
467.54,	2.8200
468.18,	2.8200
468.81,	2.8200
469.45,	2.8200
470.09,	2.8200
470.72,	2.8200
471.36,	2.8100
472.00,	2.8100
472.63,	2.8200
473.27,	2.8100
473.91,	2.8100
474.54,	2.8100
475.18,	2.8100
475.82,	2.8100
476.45,	2.8100
477.09,	2.8100
477.73,	2.8200
478.36,	2.8100
479.00,	2.8100
479.63,	2.8100
480.27,	2.8100
480.91,	2.8100
481.54,	2.8100
482.18,	2.8100
482.81,	2.8100
483.45,	2.8100
484.08,	2.8100
484.72,	2.8000
485.36,	2.8000
485.99,	2.8000
486.63,	2.8000
487.26,	2.7900
487.90,	2.7900
488.53,	2.7900
489.17,	2.7900
489.80,	2.7800
490.44,	2.7800
491.07,	2.7800
491.71,	2.7800
492.34,	2.7800
492.98,	2.7800
493.62,	2.7800
494.25,	2.7700
494.89,	2.7700
495.52,	2.7600
496.15,	2.7600
496.79,	2.7600
497.42,	2.7600
498.06,	2.7500
498.69,	2.7500
499.33,	2.7500
499.96,	2.7500
500.60,	2.7500
501.23,	2.7500
501.87,	2.7500
502.50,	2.7500
503.14,	2.7400
503.77,	2.7400
504.40,	2.7400
505.04,	2.7400
505.67,	2.7400
506.31,	2.7400
506.94,	2.7300
507.57,	2.7300
508.21,	2.7300
508.84,	2.7300
509.48,	2.7300
510.11,	2.7300
510.74,	2.7300
511.38,	2.7300
512.01,	2.7300
512.65,	2.7300
513.28,	2.7300
513.91,	2.7300
514.55,	2.7300
515.18,	2.7300
515.81,	2.7300
516.45,	2.7300
517.08,	2.7300
517.71,	2.7300
518.35,	2.7300
518.98,	2.7300
519.61,	2.7300
520.25,	2.7300
520.88,	2.7300
521.51,	2.7300
522.15,	2.7300
522.78,	2.7300
523.41,	2.7300
524.04,	2.7300
524.68,	2.7300
525.31,	2.7300
525.94,	2.7300
526.58,	2.7300
527.21,	2.7300
527.84,	2.7300
528.47,	2.7300
529.11,	2.7300
529.74,	2.7300
530.37,	2.7300
531.00,	2.7300
531.64,	2.7300
532.27,	2.7200
532.90,	2.7100
533.53,	2.7000
534.17,	2.7000
534.80,	2.7000
535.43,	2.6900
536.06,	2.6900
536.69,	2.6900
537.33,	2.6900
537.96,	2.6900
538.59,	2.6900
539.22,	2.6900
539.85,	2.6900
540.48,	2.6900
541.12,	2.6900
541.75,	2.6900
542.38,	2.6900
543.01,	2.6800
543.64,	2.6800
544.27,	2.6800
544.91,	2.6800
545.54,	2.6800
546.17,	2.6800
546.80,	2.6800
547.43,	2.6800
548.06,	2.6800
548.69,	2.6800
549.32,	2.6800
549.95,	2.6800
550.59,	2.6700
551.22,	2.6700
551.85,	2.6700
552.48,	2.6700
553.11,	2.6700
553.74,	2.6600
554.37,	2.6700
555.00,	2.6600
555.63,	2.6600
556.26,	2.6600
556.89,	2.6600
557.52,	2.6600
558.15,	2.6600
558.78,	2.6600
559.42,	2.6600
560.05,	2.6600
560.68,	2.6600
561.31,	2.6600
561.94,	2.6700
562.57,	2.6600
563.20,	2.6600
563.83,	2.6600
564.46,	2.6600
565.09,	2.6600
565.72,	2.6500
566.35,	2.6500
566.98,	2.6500
567.61,	2.6500
568.24,	2.6500
568.87,	2.6500
569.50,	2.6500
570.12,	2.6500
570.75,	2.6500
571.38,	2.6500
572.01,	2.6500
572.64,	2.6500
573.27,	2.6500
573.90,	2.6600
574.53,	2.6600
575.16,	2.6600
575.79,	2.6600
576.42,	2.6600
577.05,	2.6600
577.68,	2.6500
578.31,	2.6600
578.93,	2.6600
579.56,	2.6500
580.19,	2.6500
580.82,	2.6500
581.45,	2.6500
582.08,	2.6500
582.71,	2.6500
583.34,	2.6500
583.97,	2.6500
584.59,	2.6500
585.22,	2.6500
585.85,	2.6400
586.48,	2.6400
587.11,	2.6500
587.74,	2.6400
588.36,	2.6500
588.99,	2.6500
589.62,	2.6500
590.25,	2.6500
590.88,	2.6500
591.50,	2.6500
592.13,	2.6400
592.76,	2.6400
593.39,	2.6400
594.02,	2.6400
594.64,	2.6400
595.27,	2.6400
595.90,	2.6400
596.53,	2.6500
597.16,	2.6400
597.78,	2.6400
598.41,	2.6400
599.04,	2.6400
599.67,	2.6400
600.29,	2.6400
600.92,	2.6400
601.55,	2.6400
602.18,	2.6400
602.80,	2.6400
603.43,	2.6400
604.06,	2.6400
604.68,	2.6400
605.31,	2.6400
605.94,	2.6400
606.57,	2.6400
607.19,	2.6400
607.82,	2.6400
608.45,	2.6400
609.07,	2.6400
609.70,	2.6400
610.33,	2.6400
610.95,	2.6400
611.58,	2.6400
612.21,	2.6400
612.83,	2.6400
613.46,	2.6400
614.09,	2.6400
614.71,	2.6400
615.34,	2.6300
615.97,	2.6300
616.59,	2.6300
617.22,	2.6300
617.84,	2.6300
618.47,	2.6300
619.10,	2.6300
619.72,	2.6300
620.35,	2.6300
620.97,	2.6300
621.60,	2.6300
622.23,	2.6300
622.85,	2.6300
623.48,	2.6300
624.10,	2.6300
624.73,	2.6300
625.35,	2.6300
625.98,	2.6300
626.61,	2.6300
627.23,	2.6300
627.86,	2.6300
628.48,	2.6300
629.11,	2.6300
629.73,	2.6300
630.36,	2.6300
630.98,	2.6300
631.61,	2.6300
632.23,	2.6300
632.86,	2.6300
633.48,	2.6300
634.11,	2.6300
634.73,	2.6300
635.36,	2.6300
635.98,	2.6300
636.61,	2.6300
637.23,	2.6300
637.86,	2.6300
638.48,	2.6300
639.11,	2.6300
639.73,	2.6300
640.36,	2.6300
640.98,	2.6300
641.61,	2.6300
642.23,	2.6300
642.85,	2.6300
643.48,	2.6200
644.10,	2.6200
644.73,	2.6200
645.35,	2.6200
645.98,	2.6200
646.60,	2.6200
647.22,	2.6200
647.85,	2.6200
648.47,	2.6200
649.10,	2.6200
649.72,	2.6200
650.34,	2.6200
650.97,	2.6100
651.59,	2.6100
652.22,	2.6100
652.84,	2.6100
653.46,	2.6100
654.09,	2.6100
654.71,	2.6100
655.33,	2.6100
655.96,	2.6100
656.58,	2.6100
657.20,	2.6100
657.83,	2.6100
658.45,	2.6100
659.07,	2.6100
659.70,	2.6100
660.32,	2.6100
660.94,	2.6100
661.57,	2.6000
662.19,	2.6000
662.81,	2.6000
663.43,	2.6000
664.06,	2.6000
664.68,	2.6000
665.30,	2.6000
665.93,	2.6000
666.55,	2.6000
667.17,	2.6000
667.79,	2.6000
668.42,	2.6000
669.04,	2.6000
669.66,	2.6000
670.28,	2.6000
670.91,	2.6000
671.53,	2.6000
672.15,	2.5900
672.77,	2.6000
673.39,	2.5900
674.02,	2.6000
674.64,	2.5900
675.26,	2.5900
675.88,	2.5900
676.50,	2.5900
677.13,	2.5900
677.75,	2.5900
678.37,	2.5900
678.99,	2.5900
679.61,	2.5900
680.24,	2.5900
680.86,	2.5900
681.48,	2.5900
682.10,	2.6000
682.72,	2.5900
683.34,	2.5900
683.96,	2.5900
684.59,	2.5900
685.21,	2.5800
685.83,	2.5800
686.45,	2.5800
687.07,	2.5800
687.69,	2.5800
688.31,	2.5800
688.93,	2.5800
689.56,	2.5800
690.18,	2.5800
690.80,	2.5800
691.42,	2.5800
692.04,	2.5800
692.66,	2.5800
693.28,	2.5800
693.90,	2.5800
694.52,	2.5800
695.14,	2.5800
695.76,	2.5800
696.38,	2.5800
697.00,	2.5800
697.62,	2.5800
698.25,	2.5800
698.87,	2.5800
699.49,	2.5800
700.11,	2.5800
700.73,	2.5800
701.35,	2.5800
701.97,	2.5800
702.59,	2.5800
703.21,	2.5800
703.83,	2.5800
704.45,	2.5800
705.07,	2.5800
705.69,	2.5800
706.31,	2.5800
706.93,	2.5800
707.55,	2.5800
708.17,	2.5800
708.79,	2.5800
709.40,	2.5800
710.02,	2.5800
710.64,	2.5800
711.26,	2.5800
711.88,	2.5800
712.50,	2.5800
713.12,	2.5800
713.74,	2.5800
714.36,	2.5800
714.98,	2.5800
715.60,	2.5800
716.22,	2.5800
716.84,	2.5800
717.45,	2.5800
718.07,	2.5800
718.69,	2.5800
719.31,	2.5700
719.93,	2.5700
720.55,	2.5800
721.17,	2.5800
721.79,	2.5700
722.41,	2.5700
723.02,	2.5800
723.64,	2.5700
724.26,	2.5700
724.88,	2.5700
725.50,	2.5800
726.12,	2.5800
726.73,	2.5800
727.35,	2.5800
727.97,	2.5800
728.59,	2.5800
729.21,	2.5800
729.83,	2.5800
730.44,	2.5800
731.06,	2.5800
731.68,	2.5700
732.30,	2.5700
732.92,	2.5700
733.53,	2.5800
734.15,	2.5700
734.77,	2.5700
735.39,	2.5700
736.00,	2.5800
736.62,	2.5700
737.24,	2.5800
737.86,	2.5700
738.47,	2.5700
739.09,	2.5700
739.71,	2.5700
740.33,	2.5700
740.94,	2.5700
741.56,	2.5700
742.18,	2.5800
742.79,	2.5900
743.41,	2.5900
744.03,	2.6000
744.65,	2.6100
745.26,	2.6200
745.88,	2.6200
746.50,	2.6200
747.11,	2.6500
747.73,	2.7200
748.35,	2.7900
748.96,	2.8300
749.58,	2.8500
750.20,	2.8500
750.81,	2.8600
751.43,	2.8700
752.05,	2.8700
752.66,	2.8700
753.28,	2.8700
753.90,	2.8600
754.51,	2.8600
755.13,	2.8600
755.74,	2.8600
756.36,	2.8600
756.98,	2.8600
757.59,	2.8700
758.21,	2.9000
758.82,	2.9900
759.44,	3.0800
760.06,	3.1200
760.67,	3.1500
761.29,	3.1600
761.90,	3.1600
762.52,	3.1500
763.14,	3.1400
763.75,	3.1400
764.37,	3.1300
764.98,	3.1200
765.60,	3.1100
766.21,	3.1000
766.83,	3.1000
767.44,	3.0900
768.06,	3.0900
768.67,	3.0800
769.29,	3.0700
769.90,	3.0500
770.52,	3.0500
771.14,	3.0500
771.75,	3.0400
772.37,	3.0400
772.98,	3.0500
773.59,	3.0500
774.21,	3.0600
774.82,	3.0500
775.44,	3.0400
776.05,	3.0400
776.67,	3.0300
777.28,	3.0300
777.90,	3.0200
778.51,	3.0200
779.13,	3.0200
779.74,	3.0100
780.36,	3.0100
780.97,	3.0100
781.58,	3.0100
782.20,	3.0100
782.81,	3.0100
783.43,	3.0200
784.04,	3.0300
784.66,	3.0500
785.27,	3.0500
785.88,	3.0600
786.50,	3.0800
787.11,	3.0900
787.73,	3.1000
788.34,	3.1000
788.95,	3.1100
789.57,	3.1300
790.18,	3.1300
790.79,	3.1300
791.41,	3.1200
792.02,	3.1200
792.63,	3.1100
793.25,	3.1100
793.86,	3.1100
794.47,	3.1100
795.09,	3.1200
795.70,	3.1300
796.31,	3.1400
796.93,	3.1600
797.54,	3.1700
798.15,	3.1700
798.77,	3.1800
799.38,	3.1800
799.99,	3.1800
800.61,	3.1800
801.22,	3.1700
801.83,	3.1600
802.44,	3.1600
803.06,	3.1500
803.67,	3.1500
804.28,	3.1500
804.90,	3.1400
805.51,	3.1400
806.12,	3.1600
806.73,	3.1900
807.34,	3.2300
807.96,	3.3000
808.57,	3.3700
809.18,	3.4100
809.79,	3.3900
810.41,	3.3700
811.02,	3.3800
811.63,	3.3800
812.24,	3.3700
812.85,	3.3500
813.47,	3.3300
814.08,	3.3100
814.69,	3.3000
815.30,	3.2800
815.91,	3.2700
816.53,	3.2500
817.14,	3.2400
817.75,	3.2300
818.36,	3.2200
818.97,	3.2100
819.58,	3.2000
820.20,	3.1900
820.81,	3.1900
821.42,	3.1800
822.03,	3.1700
822.64,	3.1700
823.25,	3.1600
823.86,	3.1600
824.47,	3.1500
825.09,	3.1500
825.70,	3.1400
826.31,	3.1400
826.92,	3.1300
827.53,	3.1300
828.14,	3.1200
828.75,	3.1200
829.36,	3.1200
829.97,	3.1200
830.58,	3.1100
831.19,	3.1100
831.80,	3.1000
832.42,	3.1000
833.03,	3.1000
833.64,	3.1000
834.25,	3.0900
834.86,	3.0900
835.47,	3.0800
836.08,	3.0800
836.69,	3.0700
837.30,	3.0700
837.91,	3.0600
838.52,	3.0600
839.13,	3.0500
839.74,	3.0500
840.35,	3.0500
840.96,	3.0400
841.57,	3.0400
842.18,	3.0400
842.79,	3.0300
843.40,	3.0400
844.01,	3.0300
844.62,	3.0300
845.23,	3.0300
845.84,	3.0300
846.45,	3.0300
847.06,	3.0300
847.67,	3.0300
848.27,	3.0400
848.88,	3.0400
849.49,	3.0500
850.10,	3.0500
850.71,	3.0500
851.32,	3.0500
851.93,	3.0500
852.54,	3.0400
853.15,	3.0400
853.76,	3.0400
854.37,	3.0300
854.98,	3.0300
855.58,	3.0300
856.19,	3.0300
856.80,	3.0300
857.41,	3.0200
858.02,	3.0200
858.63,	3.0200
859.24,	3.0200
859.85,	3.0200
860.45,	3.0200
861.06,	3.0200
861.67,	3.0200
862.28,	3.0200
862.89,	3.0200
863.50,	3.0200
864.10,	3.0200
864.71,	3.0100
865.32,	3.0100
865.93,	3.0100
866.54,	3.0100
867.14,	3.0000
867.75,	3.0000
868.36,	3.0000
868.97,	2.9900
869.58,	2.9900
870.18,	2.9900
870.79,	2.9900
871.40,	2.9800
872.01,	2.9800
872.61,	2.9800
873.22,	2.9800
873.83,	2.9800
874.44,	2.9800
875.04,	2.9700
875.65,	2.9700
876.26,	2.9700
876.87,	2.9700
877.47,	2.9700
878.08,	2.9700
878.69,	2.9700
879.29,	2.9700
879.90,	2.9700
880.51,	2.9700
881.12,	2.9700
881.72,	2.9600
882.33,	2.9600
882.94,	2.9600
883.54,	2.9600
884.15,	2.9600
884.76,	2.9600
885.36,	2.9600
885.97,	2.9500
886.58,	2.9500
887.18,	2.9600
887.79,	2.9500
888.40,	2.9500
889.00,	2.9500
889.61,	2.9500
890.22,	2.9500
890.82,	2.9500
891.43,	2.9400
892.03,	2.9400
892.64,	2.9400
893.25,	2.9300
893.85,	2.9300
894.46,	2.9300
895.06,	2.9200
895.67,	2.9200
896.28,	2.9200
896.88,	2.9200
897.49,	2.9800
898.09,	3.1000
898.70,	3.2600
899.30,	3.4200
899.91,	3.5600
900.52,	3.5300
901.12,	3.4700
901.73,	3.4100
902.33,	3.3500
902.94,	3.3100
903.54,	3.2900
904.15,	3.2700
904.75,	3.2500
905.36,	3.2400
905.96,	3.2200
906.57,	3.2100
907.17,	3.2000
907.78,	3.1900
908.38,	3.1800
908.99,	3.1800
909.59,	3.1700
910.20,	3.1600
910.80,	3.1500
911.41,	3.1400
912.01,	3.1300
912.62,	3.1300
913.22,	3.1200
913.83,	3.1100
914.43,	3.1100
915.03,	3.1100
915.64,	3.1000
916.24,	3.0900
916.85,	3.0900
917.45,	3.0800
918.06,	3.0800
918.66,	3.0700
919.26,	3.0700
919.87,	3.0700
920.47,	3.0600
921.08,	3.0700
921.68,	3.9300
922.28,	9.5800
922.89,	14.9900
923.49,	16.5300
924.10,	17.4400
924.70,	18.1800
925.30,	18.8000
925.91,	19.3400
926.51,	19.8200
927.11,	20.2600
927.72,	20.6600
928.32,	21.0200
928.92,	21.3500
929.53,	24.4900
930.13,	35.5000
930.74,	35.5000
931.34,	35.5000
931.94,	35.5000
932.54,	35.5000
933.15,	35.5000
933.75,	35.5000
934.35,	35.5000
934.96,	35.5000
935.56,	35.5000
936.16,	35.5000
936.77,	35.5000
937.37,	35.5000
937.97,	35.5000
938.57,	35.5000
939.18,	35.5000
939.78,	35.5000
940.38,	35.5000
940.98,	35.5000
941.59,	35.5000
942.19,	35.5000
942.79,	35.5000
943.39,	35.5000
944.00,	35.5000
944.60,	35.5000
945.20,	35.5000
945.80,	35.5000
946.40,	35.5000
947.01,	35.5000
947.61,	35.5000
948.21,	35.5000
948.81,	35.5000
949.41,	35.5000
950.02,	35.5000
950.62,	35.5000
951.22,	35.5000
951.82,	35.5000
952.42,	35.5000
953.02,	35.5000
953.63,	35.5000
954.23,	35.5000
954.83,	35.5000
955.43,	35.5000
956.03,	35.5000
956.63,	35.5000
957.24,	35.5000
957.84,	35.5000
958.44,	35.5000
959.04,	35.5000
959.64,	35.5000
960.24,	35.5000
960.84,	35.5000
961.44,	35.5000
962.04,	35.5000
962.64,	35.5000
963.25,	35.5000
963.85,	35.5000
964.45,	35.5000
965.05,	35.5000
965.65,	35.5000
966.25,	35.5000
966.85,	35.5000
967.45,	35.5000
968.05,	35.5000
968.65,	35.5000
969.25,	35.5000
969.85,	35.5000
970.45,	35.5000
971.05,	35.5000
971.65,	35.5000
972.25,	35.5000
972.85,	35.5000
973.45,	35.5000
974.05,	35.5000
974.65,	35.5000
975.25,	35.5000
975.85,	35.5000
976.45,	35.5000
977.05,	35.5000
977.65,	35.5000
978.25,	35.5000
978.85,	35.5000
979.45,	35.5000
980.05,	35.5000
980.65,	35.5000
981.25,	35.5000
981.85,	35.5000
982.45,	35.5000
983.05,	35.5000
983.65,	35.5000
984.25,	35.5000
984.85,	35.5000
985.45,	35.5000
986.04,	35.5000
986.64,	35.5000
987.24,	35.5000
987.84,	35.5000
988.44,	35.5000
989.04,	35.5000
989.64,	35.5000
990.24,	35.5000
990.84,	35.5000
991.44,	35.5000
992.03,	35.5000
992.63,	35.5000
993.23,	35.5000
993.83,	35.5000
994.43,	35.5000
995.03,	35.5000
995.63,	35.5000
996.22,	35.5000
996.82,	35.5000
997.42,	35.5000
998.02,	35.5000
998.62,	35.5000
999.21,	35.5000
999.81,	35.5000
1000.41,	35.5000
