Call Sign = ZSDA,	Ship Name = SA Agulhas,	Lloyds Num = 0
Date = 12/03/2016,	Time = 00:00,	
Latitude = 41 30.62  S,	Longitude = 009 44.38  E
Instr = Sippican Deep Blue,	Card Type = Sippican MK-21,	
Wind Instr = ,	Measur Method = 
Probe Serial Num = -1,	Ship Dir = -1,	Ship Speed = -1.00
Wind Dir = 12,	Wind Speed = 25.10
Dry Bulb Temp = 11.00,	Total Water Depth = -1.00

Full Resolution Values
Depth,	 Temp
0.67,	12.1900
1.34,	11.1700
2.01,	10.8800
2.68,	10.7900
3.34,	10.7600
4.01,	10.8000
4.68,	10.8100
5.35,	10.8000
6.02,	10.7900
6.69,	10.7900
7.36,	10.7700
8.03,	10.7400
8.69,	10.7200
9.36,	10.7000
10.03,	10.6800
10.70,	10.6400
11.37,	10.6100
12.04,	10.5700
12.70,	10.5200
13.37,	10.4500
14.04,	10.4100
14.71,	10.3900
15.38,	10.3600
16.05,	10.3400
16.71,	10.3400
17.38,	10.3400
18.05,	10.3300
18.72,	10.3200
19.38,	10.3100
20.05,	10.3000
20.72,	10.2900
21.39,	10.2900
22.06,	10.2800
22.72,	10.2800
23.39,	10.2700
24.06,	10.2600
24.73,	10.2700
25.39,	10.2600
26.06,	10.2500
26.73,	10.2400
27.40,	10.2300
28.06,	10.2200
28.73,	10.2000
29.40,	10.1800
30.06,	10.1800
30.73,	10.1700
31.40,	10.1700
32.06,	10.1700
32.73,	10.1600
33.40,	10.1500
34.07,	10.1400
34.73,	10.1300
35.40,	10.1200
36.07,	10.1200
36.73,	10.1100
37.40,	10.1000
38.07,	10.0900
38.73,	10.0800
39.40,	10.0400
40.06,	9.9900
40.73,	9.9500
41.40,	9.9200
42.06,	9.8900
42.73,	9.8500
43.40,	9.7700
44.06,	9.7100
44.73,	9.6500
45.39,	9.5900
46.06,	9.5200
46.73,	9.4800
47.39,	9.4400
48.06,	9.4200
48.72,	9.3900
49.39,	9.3600
50.06,	9.3300
50.72,	9.3000
51.39,	9.2500
52.05,	9.2000
52.72,	9.1500
53.38,	9.1200
54.05,	9.0900
54.71,	9.0600
55.38,	9.0100
56.05,	8.9600
56.71,	8.9100
57.38,	8.8500
58.04,	8.8100
58.71,	8.7800
59.37,	8.7500
60.04,	8.7300
60.70,	8.7200
61.37,	8.7200
62.03,	8.7100
62.70,	8.6900
63.36,	8.6700
64.03,	8.6500
64.69,	8.6500
65.36,	8.6400
66.02,	8.6300
66.69,	8.6200
67.35,	8.6200
68.01,	8.6000
68.68,	8.5900
69.34,	8.5700
70.01,	8.5300
70.67,	8.5000
71.34,	8.4800
72.00,	8.4600
72.66,	8.4500
73.33,	8.4400
73.99,	8.4400
74.66,	8.4400
75.32,	8.4300
75.98,	8.4300
76.65,	8.4200
77.31,	8.4100
77.98,	8.3900
78.64,	8.3700
79.30,	8.3500
79.97,	8.3400
80.63,	8.3300
81.30,	8.3200
81.96,	8.3300
82.62,	8.3300
83.29,	8.3200
83.95,	8.3300
84.61,	8.3200
85.28,	8.3200
85.94,	8.3100
86.60,	8.3000
87.27,	8.3000
87.93,	8.2900
88.59,	8.2800
89.26,	8.2700
89.92,	8.2700
90.58,	8.2500
91.24,	8.2500
91.91,	8.2400
92.57,	8.2400
93.23,	8.2200
93.90,	8.2000
94.56,	8.1700
95.22,	8.1500
95.88,	8.1400
96.55,	8.1300
97.21,	8.1200
97.87,	8.1100
98.53,	8.1200
99.20,	8.1100
99.86,	8.1100
100.52,	8.1000
101.18,	8.0900
101.85,	8.0600
102.51,	8.0600
103.17,	8.0600
103.83,	8.0700
104.49,	8.0700
105.16,	8.0700
105.82,	8.0600
106.48,	8.0700
107.14,	8.0700
107.80,	8.0700
108.47,	8.0600
109.13,	8.0500
109.79,	8.0500
110.45,	8.0500
111.11,	8.0500
111.77,	8.0400
112.44,	8.0400
113.10,	8.0400
113.76,	8.0300
114.42,	8.0200
115.08,	8.0300
115.74,	8.0300
116.40,	8.0300
117.06,	8.0300
117.73,	8.0300
118.39,	8.0500
119.05,	8.0600
119.71,	8.0500
120.37,	8.0300
121.03,	7.9900
121.69,	7.9500
122.35,	7.9400
123.01,	7.9300
123.67,	7.9300
124.33,	7.9400
125.00,	7.9600
125.66,	7.9700
126.32,	7.9700
126.98,	7.9700
127.64,	7.9600
128.30,	7.9400
128.96,	7.9000
129.62,	7.8700
130.28,	7.8500
130.94,	7.8400
131.60,	7.8300
132.26,	7.8200
132.92,	7.8100
133.58,	7.8100
134.24,	7.8100
134.90,	7.8100
135.56,	7.8100
136.22,	7.8000
136.88,	7.7900
137.54,	7.7800
138.20,	7.7800
138.86,	7.7700
139.52,	7.7800
140.18,	7.7700
140.84,	7.7900
141.50,	7.8000
142.16,	7.8100
142.82,	7.8200
143.48,	7.8300
144.14,	7.8500
144.79,	7.8600
145.45,	7.8600
146.11,	7.8600
146.77,	7.8600
147.43,	7.8500
148.09,	7.8600
148.75,	7.8600
149.41,	7.8500
150.07,	7.8500
150.73,	7.8400
151.39,	7.8300
152.04,	7.8300
152.70,	7.8200
153.36,	7.8100
154.02,	7.8100
154.68,	7.8000
155.34,	7.8000
156.00,	7.8000
156.65,	7.7900
157.31,	7.7900
157.97,	7.7900
158.63,	7.7800
159.29,	7.7700
159.95,	7.7500
160.60,	7.7400
161.26,	7.7400
161.92,	7.7400
162.58,	7.7400
163.24,	7.7400
163.90,	7.7400
164.55,	7.7300
165.21,	7.7200
165.87,	7.7100
166.53,	7.7000
167.18,	7.6900
167.84,	7.6700
168.50,	7.6600
169.16,	7.6500
169.82,	7.6400
170.47,	7.6300
171.13,	7.6300
171.79,	7.6200
172.44,	7.6200
173.10,	7.6000
173.76,	7.5800
174.42,	7.5800
175.07,	7.5800
175.73,	7.5700
176.39,	7.5700
177.05,	7.5600
177.70,	7.5700
178.36,	7.5600
179.02,	7.5500
179.67,	7.5500
180.33,	7.5400
180.99,	7.5300
181.64,	7.5300
182.30,	7.5200
182.96,	7.5200
183.61,	7.5100
184.27,	7.5000
184.93,	7.4900
185.58,	7.4900
186.24,	7.4800
186.90,	7.4800
187.55,	7.4800
188.21,	7.4700
188.87,	7.4800
189.52,	7.4900
190.18,	7.4900
190.83,	7.4900
191.49,	7.4900
192.15,	7.4800
192.80,	7.4700
193.46,	7.4700
194.11,	7.4700
194.77,	7.4600
195.43,	7.4600
196.08,	7.4600
196.74,	7.4600
197.39,	7.4600
198.05,	7.4600
198.70,	7.4500
199.36,	7.4500
200.02,	7.4500
200.67,	7.4500
201.33,	7.4500
201.98,	7.4500
202.64,	7.4500
203.29,	7.4400
203.95,	7.4400
204.60,	7.4200
205.26,	7.4200
205.91,	7.4000
206.57,	7.4000
207.22,	7.3900
207.88,	7.3900
208.53,	7.3900
209.19,	7.3900
209.84,	7.3900
210.50,	7.3900
211.15,	7.4000
211.81,	7.4200
212.46,	7.4300
213.12,	7.4400
213.77,	7.4500
214.43,	7.4600
215.08,	7.4600
215.74,	7.4600
216.39,	7.4600
217.04,	7.4600
217.70,	7.4600
218.35,	7.4500
219.01,	7.4500
219.66,	7.4400
220.32,	7.4400
220.97,	7.4400
221.62,	7.4300
222.28,	7.4300
222.93,	7.4200
223.59,	7.4200
224.24,	7.4300
224.89,	7.4300
225.55,	7.4200
226.20,	7.4100
226.85,	7.4100
227.51,	7.4100
228.16,	7.4000
228.81,	7.4100
229.47,	7.4100
230.12,	7.4000
230.78,	7.4000
231.43,	7.4000
232.08,	7.4000
232.74,	7.3900
233.39,	7.3900
234.04,	7.3800
234.69,	7.3900
235.35,	7.3900
236.00,	7.3800
236.65,	7.3800
237.31,	7.3800
237.96,	7.3600
238.61,	7.3500
239.27,	7.3400
239.92,	7.3300
240.57,	7.3300
241.22,	7.3300
241.88,	7.3100
242.53,	7.2900
243.18,	7.2800
243.83,	7.2700
244.49,	7.2700
245.14,	7.2700
245.79,	7.2700
246.44,	7.2600
247.10,	7.2500
247.75,	7.2400
248.40,	7.2300
249.05,	7.2300
249.70,	7.2100
250.36,	7.2000
251.01,	7.1900
251.66,	7.1800
252.31,	7.1600
252.96,	7.1600
253.62,	7.1500
254.27,	7.1400
254.92,	7.1200
255.57,	7.1100
256.22,	7.1000
256.88,	7.0900
257.53,	7.0800
258.18,	7.0700
258.83,	7.0700
259.48,	7.0700
260.13,	7.0800
260.78,	7.0800
261.44,	7.0900
262.09,	7.0900
262.74,	7.0800
263.39,	7.0600
264.04,	7.0300
264.69,	7.0000
265.34,	6.9300
265.99,	6.8800
266.64,	6.8500
267.29,	6.8500
267.95,	6.8500
268.60,	6.8400
269.25,	6.8300
269.90,	6.8200
270.55,	6.8100
271.20,	6.8200
271.85,	6.8300
272.50,	6.8300
273.15,	6.8300
273.80,	6.8100
274.45,	6.7800
275.10,	6.7600
275.75,	6.7400
276.40,	6.7300
277.05,	6.7200
277.70,	6.7200
278.35,	6.7100
279.00,	6.7000
279.65,	6.6700
280.30,	6.6300
280.95,	6.5900
281.60,	6.5700
282.25,	6.5500
282.90,	6.5400
283.55,	6.5300
284.20,	6.5100
284.85,	6.5000
285.50,	6.5000
286.15,	6.4900
286.80,	6.4900
287.45,	6.4800
288.10,	6.4800
288.75,	6.4800
289.40,	6.4600
290.05,	6.4500
290.70,	6.4400
291.35,	6.4300
292.00,	6.4200
292.64,	6.4100
293.29,	6.4100
293.94,	6.4100
294.59,	6.4100
295.24,	6.3900
295.89,	6.3800
296.54,	6.3600
297.19,	6.3400
297.84,	6.3300
298.49,	6.3300
299.13,	6.3200
299.78,	6.3200
300.43,	6.3200
301.08,	6.3200
301.73,	6.3200
302.38,	6.3200
303.02,	6.3100
303.67,	6.3100
304.32,	6.3100
304.97,	6.3100
305.62,	6.3200
306.27,	6.3200
306.91,	6.3200
307.56,	6.3200
308.21,	6.3200
308.86,	6.3200
309.51,	6.3100
310.15,	6.3100
310.80,	6.3000
311.45,	6.3000
312.10,	6.3000
312.75,	6.3000
313.39,	6.3100
314.04,	6.3100
314.69,	6.3200
315.34,	6.3500
315.98,	6.3800
316.63,	6.3900
317.28,	6.3900
317.93,	6.3800
318.57,	6.3900
319.22,	6.3900
319.87,	6.3800
320.52,	6.3800
321.16,	6.3800
321.81,	6.3600
322.46,	6.3500
323.10,	6.3500
323.75,	6.3300
324.40,	6.3200
325.04,	6.3500
325.69,	6.3900
326.34,	6.4000
326.99,	6.3700
327.63,	6.3200
328.28,	6.2700
328.93,	6.2400
329.57,	6.2200
330.22,	6.2000
330.86,	6.2000
331.51,	6.2000
332.16,	6.2100
332.80,	6.2500
333.45,	6.2600
334.10,	6.2700
334.74,	6.2700
335.39,	6.2800
336.03,	6.3000
336.68,	6.3300
337.33,	6.3400
337.97,	6.3500
338.62,	6.3400
339.26,	6.3400
339.91,	6.3400
340.56,	6.3400
341.20,	6.3400
341.85,	6.3500
342.49,	6.3500
343.14,	6.3500
343.78,	6.3700
344.43,	6.4000
345.08,	6.4200
345.72,	6.4100
346.37,	6.3900
347.01,	6.3600
347.66,	6.3400
348.30,	6.3300
348.95,	6.3400
349.59,	6.3800
350.24,	6.4200
350.88,	6.4400
351.53,	6.4400
352.17,	6.4300
352.82,	6.4200
353.46,	6.4200
354.11,	6.4200
354.75,	6.4200
355.40,	6.4100
356.04,	6.3800
356.69,	6.3600
357.33,	6.3500
357.98,	6.3400
358.62,	6.3400
359.27,	6.3400
359.91,	6.3300
360.55,	6.3200
361.20,	6.3000
361.84,	6.2700
362.49,	6.2400
363.13,	6.2100
363.78,	6.2000
364.42,	6.1800
365.06,	6.1800
365.71,	6.1700
366.35,	6.1700
367.00,	6.1700
367.64,	6.1700
368.28,	6.1700
368.93,	6.1800
369.57,	6.1900
370.22,	6.2000
370.86,	6.2100
371.50,	6.2100
372.15,	6.2200
372.79,	6.2200
373.43,	6.2300
374.08,	6.2400
374.72,	6.2400
375.36,	6.2400
376.01,	6.2300
376.65,	6.2200
377.29,	6.2100
377.94,	6.2000
378.58,	6.1600
379.22,	6.1400
379.87,	6.1000
380.51,	6.0700
381.15,	6.0600
381.79,	6.0600
382.44,	6.0600
383.08,	6.0600
383.72,	6.0500
384.37,	6.0500
385.01,	6.0300
385.65,	6.0100
386.29,	6.0000
386.94,	5.9900
387.58,	5.9800
388.22,	6.0000
388.86,	6.0100
389.51,	6.0000
390.15,	5.9900
390.79,	5.9800
391.43,	5.9700
392.08,	5.9800
392.72,	5.9900
393.36,	5.9800
394.00,	5.9800
394.64,	5.9800
395.29,	5.9800
395.93,	5.9700
396.57,	5.9600
397.21,	5.9400
397.85,	5.9300
398.50,	5.9200
399.14,	5.9100
399.78,	5.9100
400.42,	5.9000
401.06,	5.8900
401.70,	5.8800
402.34,	5.8700
402.99,	5.8600
403.63,	5.8400
404.27,	5.8400
404.91,	5.8300
405.55,	5.8300
406.19,	5.8100
406.83,	5.7800
407.48,	5.7500
408.12,	5.7300
408.76,	5.7100
409.40,	5.7000
410.04,	5.6800
410.68,	5.6700
411.32,	5.6700
411.96,	5.6700
412.60,	5.6700
413.24,	5.6500
413.88,	5.6300
414.52,	5.6200
415.17,	5.6100
415.81,	5.5900
416.45,	5.5800
417.09,	5.5700
417.73,	5.5700
418.37,	5.5700
419.01,	5.5700
419.65,	5.5600
420.29,	5.5500
420.93,	5.5500
421.57,	5.5400
422.21,	5.5300
422.85,	5.5100
423.49,	5.5000
424.13,	5.4900
424.77,	5.4900
425.41,	5.4900
426.05,	5.4900
426.69,	5.5000
427.33,	5.4900
427.97,	5.4900
428.61,	5.4900
429.25,	5.4900
429.89,	5.4800
430.53,	5.4700
431.17,	5.4700
431.80,	5.4700
432.44,	5.4600
433.08,	5.4400
433.72,	5.4400
434.36,	5.4300
435.00,	5.4300
435.64,	5.4300
436.28,	5.4200
436.92,	5.4000
437.56,	5.3900
438.20,	5.3800
438.84,	5.3600
439.47,	5.3600
440.11,	5.3500
440.75,	5.3400
441.39,	5.3300
442.03,	5.3300
442.67,	5.3300
443.31,	5.3300
443.95,	5.3200
444.58,	5.3100
445.22,	5.3100
445.86,	5.2900
446.50,	5.2600
447.14,	5.2200
447.78,	5.2000
448.41,	5.1900
449.05,	5.1900
449.69,	5.1900
450.33,	5.1900
450.97,	5.1900
451.60,	5.1900
452.24,	5.1800
452.88,	5.1700
453.52,	5.1500
454.16,	5.1400
454.79,	5.1400
455.43,	5.1400
456.07,	5.1300
456.71,	5.1100
457.35,	5.1000
457.98,	5.0900
458.62,	5.0900
459.26,	5.0800
459.90,	5.0800
460.53,	5.0800
461.17,	5.0800
461.81,	5.0800
462.44,	5.0800
463.08,	5.0700
463.72,	5.0500
464.36,	5.0500
464.99,	5.0400
465.63,	5.0400
466.27,	5.0300
466.90,	5.0300
467.54,	5.0300
468.18,	5.0300
468.81,	5.0400
469.45,	5.0300
470.09,	5.0300
470.72,	5.0300
471.36,	5.0300
472.00,	5.0200
472.63,	5.0200
473.27,	5.0200
473.91,	5.0100
474.54,	5.0100
475.18,	4.9900
475.82,	4.9800
476.45,	4.9700
477.09,	4.9600
477.73,	4.9600
478.36,	4.9500
479.00,	4.9500
479.63,	4.9400
480.27,	4.9400
480.91,	4.9300
481.54,	4.9200
482.18,	4.9100
482.81,	4.9100
483.45,	4.8900
484.08,	4.8800
484.72,	4.8700
485.36,	4.8600
485.99,	4.8200
486.63,	4.7900
487.26,	4.7800
487.90,	4.7800
488.53,	4.7700
489.17,	4.7600
489.80,	4.7500
490.44,	4.7500
491.07,	4.7400
491.71,	4.7500
492.34,	4.7500
492.98,	4.7400
493.62,	4.7400
494.25,	4.7400
494.89,	4.7400
495.52,	4.7400
496.15,	4.7400
496.79,	4.7400
497.42,	4.7300
498.06,	4.7000
498.69,	4.6700
499.33,	4.6500
499.96,	4.6400
500.60,	4.6400
501.23,	4.6300
501.87,	4.6300
502.50,	4.6200
503.14,	4.6100
503.77,	4.6000
504.40,	4.5900
505.04,	4.5900
505.67,	4.5900
506.31,	4.5800
506.94,	4.5800
507.57,	4.5800
508.21,	4.5800
508.84,	4.5800
509.48,	4.5800
510.11,	4.5800
510.74,	4.5800
511.38,	4.5700
512.01,	4.5700
512.65,	4.5500
513.28,	4.5200
513.91,	4.5200
514.55,	4.5100
515.18,	4.5100
515.81,	4.5100
516.45,	4.5000
517.08,	4.4900
517.71,	4.4900
518.35,	4.4900
518.98,	4.4900
519.61,	4.4900
520.25,	4.5000
520.88,	4.5100
521.51,	4.5100
522.15,	4.5100
522.78,	4.5100
523.41,	4.5100
524.04,	4.5100
524.68,	4.5100
525.31,	4.5100
525.94,	4.5100
526.58,	4.5100
527.21,	4.5000
527.84,	4.5000
528.47,	4.5000
529.11,	4.4900
529.74,	4.4900
530.37,	4.4900
531.00,	4.4900
531.64,	4.4900
532.27,	4.4800
532.90,	4.4700
533.53,	4.4700
534.17,	4.4700
534.80,	4.4700
535.43,	4.4800
536.06,	4.4600
536.69,	4.4600
537.33,	4.4500
537.96,	4.4400
538.59,	4.4400
539.22,	4.4400
539.85,	4.4300
540.48,	4.4200
541.12,	4.4300
541.75,	4.4200
542.38,	4.4200
543.01,	4.4100
543.64,	4.4100
544.27,	4.4100
544.91,	4.4100
545.54,	4.4000
546.17,	4.4000
546.80,	4.3900
547.43,	4.3900
548.06,	4.3900
548.69,	4.3900
549.32,	4.3900
549.95,	4.3800
550.59,	4.3700
551.22,	4.3600
551.85,	4.3500
552.48,	4.3500
553.11,	4.3500
553.74,	4.3500
554.37,	4.3500
555.00,	4.3500
555.63,	4.3400
556.26,	4.3400
556.89,	4.3400
557.52,	4.3300
558.15,	4.3300
558.78,	4.3200
559.42,	4.3200
560.05,	4.3200
560.68,	4.3100
561.31,	4.3000
561.94,	4.3000
562.57,	4.2900
563.20,	4.2900
563.83,	4.2900
564.46,	4.2900
565.09,	4.2800
565.72,	4.2700
566.35,	4.2600
566.98,	4.2500
567.61,	4.2500
568.24,	4.2500
568.87,	4.2300
569.50,	4.2200
570.12,	4.2200
570.75,	4.2200
571.38,	4.2300
572.01,	4.2200
572.64,	4.2200
573.27,	4.2200
573.90,	4.2200
574.53,	4.2200
575.16,	4.2100
575.79,	4.2100
576.42,	4.2000
577.05,	4.2000
577.68,	4.2000
578.31,	4.2000
578.93,	4.2000
579.56,	4.1900
580.19,	4.1900
580.82,	4.1800
581.45,	4.1800
582.08,	4.1700
582.71,	4.1700
583.34,	4.1600
583.97,	4.1600
584.59,	4.1600
585.22,	4.1600
585.85,	4.1600
586.48,	4.1500
587.11,	4.1500
587.74,	4.1400
588.36,	4.1200
588.99,	4.1100
589.62,	4.1000
590.25,	4.0900
590.88,	4.0800
591.50,	4.0700
592.13,	4.0600
592.76,	4.0600
593.39,	4.0600
594.02,	4.0600
594.64,	4.0500
595.27,	4.0500
595.90,	4.0400
596.53,	4.0400
597.16,	4.0300
597.78,	4.0300
598.41,	4.0200
599.04,	4.0100
599.67,	4.0100
600.29,	4.0100
600.92,	4.0100
601.55,	4.0100
602.18,	4.0100
602.80,	4.0000
603.43,	4.0000
604.06,	4.0000
604.68,	4.0000
605.31,	4.0000
605.94,	4.0000
606.57,	4.0000
607.19,	4.0000
607.82,	4.0000
608.45,	4.0000
609.07,	4.0000
609.70,	3.9900
610.33,	3.9900
610.95,	3.9800
611.58,	3.9800
612.21,	3.9700
612.83,	3.9700
613.46,	3.9600
614.09,	3.9600
614.71,	3.9500
615.34,	3.9400
615.97,	3.9300
616.59,	3.9300
617.22,	3.9300
617.84,	3.9300
618.47,	3.9300
619.10,	3.9300
619.72,	3.9300
620.35,	3.9200
620.97,	3.9300
621.60,	3.9300
622.23,	3.9200
622.85,	3.9200
623.48,	3.9100
624.10,	3.9100
624.73,	3.9100
625.35,	3.9100
625.98,	3.9200
626.61,	3.9200
627.23,	3.9100
627.86,	3.9100
628.48,	3.9100
629.11,	3.9000
629.73,	3.9000
630.36,	3.8900
630.98,	3.8900
631.61,	3.8800
632.23,	3.8800
632.86,	3.8800
633.48,	3.8700
634.11,	3.8700
634.73,	3.8800
635.36,	3.8800
635.98,	3.8700
636.61,	3.8700
637.23,	3.8600
637.86,	3.8600
638.48,	3.8600
639.11,	3.8600
639.73,	3.8500
640.36,	3.8500
640.98,	3.8500
641.61,	3.8500
642.23,	3.8500
642.85,	3.8500
643.48,	3.8500
644.10,	3.8400
644.73,	3.8400
645.35,	3.8400
645.98,	3.8300
646.60,	3.8300
647.22,	3.8300
647.85,	3.8300
648.47,	3.8300
649.10,	3.8300
649.72,	3.8200
650.34,	3.8200
650.97,	3.8200
651.59,	3.8200
652.22,	3.8200
652.84,	3.8200
653.46,	3.8100
654.09,	3.8100
654.71,	3.8000
655.33,	3.8000
655.96,	3.8000
656.58,	3.8000
657.20,	3.8000
657.83,	3.8000
658.45,	3.8100
659.07,	3.8000
659.70,	3.8000
660.32,	3.8000
660.94,	3.8000
661.57,	3.8000
662.19,	3.7900
662.81,	3.7900
663.43,	3.7900
664.06,	3.7900
664.68,	3.7800
665.30,	3.7800
665.93,	3.7700
666.55,	3.7600
667.17,	3.7600
667.79,	3.7600
668.42,	3.7500
669.04,	3.7500
669.66,	3.7500
670.28,	3.7500
670.91,	3.7500
671.53,	3.7500
672.15,	3.7500
672.77,	3.7500
673.39,	3.7500
674.02,	3.7400
674.64,	3.7400
675.26,	3.7400
675.88,	3.7400
676.50,	3.7400
677.13,	3.7500
677.75,	3.7400
678.37,	3.7400
678.99,	3.7400
679.61,	3.7400
680.24,	3.7400
680.86,	3.7300
681.48,	3.7300
682.10,	3.7300
682.72,	3.7300
683.34,	3.7300
683.96,	3.7300
684.59,	3.7200
685.21,	3.7100
685.83,	3.7100
686.45,	3.7000
687.07,	3.7000
687.69,	3.7000
688.31,	3.7000
688.93,	3.7000
689.56,	3.7000
690.18,	3.7000
690.80,	3.7000
691.42,	3.6900
692.04,	3.6900
692.66,	3.6900
693.28,	3.6900
693.90,	3.6900
694.52,	3.6900
695.14,	3.6800
695.76,	3.6700
696.38,	3.6700
697.00,	3.6700
697.62,	3.6700
698.25,	3.6600
698.87,	3.6600
699.49,	3.6500
700.11,	3.6400
700.73,	3.6400
701.35,	3.6300
701.97,	3.6300
702.59,	3.6300
703.21,	3.6300
703.83,	3.6300
704.45,	3.6200
705.07,	3.6100
705.69,	3.6100
706.31,	3.6200
706.93,	3.6100
707.55,	3.6100
708.17,	3.6100
708.79,	3.6100
709.40,	3.6000
710.02,	3.6000
710.64,	3.6000
711.26,	3.6000
711.88,	3.6000
712.50,	3.5900
713.12,	3.5900
713.74,	3.5900
714.36,	3.5800
714.98,	3.5800
715.60,	3.5700
716.22,	3.5700
716.84,	3.5600
717.45,	3.5600
718.07,	3.5600
718.69,	3.5600
719.31,	3.5500
719.93,	3.5500
720.55,	3.5500
721.17,	3.5500
721.79,	3.5500
722.41,	3.5500
723.02,	3.5600
723.64,	3.5500
724.26,	3.5600
724.88,	3.5500
725.50,	3.5500
726.12,	3.5500
726.73,	3.5500
727.35,	3.5500
727.97,	3.5500
728.59,	3.5500
729.21,	3.5500
729.83,	3.5500
730.44,	3.5400
731.06,	3.5300
731.68,	3.5300
732.30,	3.5200
732.92,	3.5100
733.53,	3.5100
734.15,	3.5000
734.77,	3.5000
735.39,	3.5000
736.00,	3.4900
736.62,	3.4900
737.24,	3.4900
737.86,	3.4800
738.47,	3.4800
739.09,	3.4800
739.71,	3.4700
740.33,	3.4600
740.94,	3.4500
741.56,	3.4500
742.18,	3.4400
742.79,	3.4500
743.41,	3.4500
744.03,	3.4500
744.65,	3.4500
745.26,	3.4400
745.88,	3.4400
746.50,	3.4400
747.11,	3.4400
747.73,	3.4300
748.35,	3.4200
748.96,	3.4200
749.58,	3.4200
750.20,	3.4200
750.81,	3.4200
751.43,	3.4100
752.05,	3.4100
752.66,	3.4100
753.28,	3.4100
753.90,	3.4000
754.51,	3.4000
755.13,	3.4000
755.74,	3.3900
756.36,	3.3900
756.98,	3.3900
757.59,	3.3900
758.21,	3.3900
758.82,	3.3900
759.44,	3.3900
760.06,	3.3800
760.67,	3.3900
761.29,	3.3800
761.90,	3.3800
762.52,	3.3800
763.14,	3.3800
763.75,	3.3800
764.37,	3.3800
764.98,	3.3800
765.60,	3.3700
766.21,	3.3700
766.83,	3.3700
767.44,	3.3700
768.06,	3.3700
768.67,	3.3600
769.29,	3.3600
769.90,	3.3600
770.52,	3.3600
771.14,	3.3500
771.75,	3.3500
772.37,	3.3500
772.98,	3.3500
773.59,	3.3500
774.21,	3.3500
774.82,	3.3500
775.44,	3.3500
776.05,	3.3500
776.67,	3.3500
777.28,	3.3500
777.90,	3.3500
778.51,	3.3500
779.13,	3.3500
779.74,	3.3500
780.36,	3.3500
780.97,	3.3500
781.58,	3.3500
782.20,	3.3500
782.81,	3.3500
783.43,	3.3500
784.04,	3.3500
784.66,	3.3500
785.27,	3.3500
785.88,	3.3400
786.50,	3.3400
787.11,	3.3400
787.73,	3.3300
788.34,	3.3300
788.95,	3.3300
789.57,	3.3300
790.18,	3.3200
790.79,	3.3200
791.41,	3.3200
792.02,	3.3200
792.63,	3.3200
793.25,	3.3200
793.86,	3.3200
794.47,	3.3100
795.09,	3.3100
795.70,	3.3100
796.31,	3.3100
796.93,	3.3100
797.54,	3.3100
798.15,	3.3100
798.77,	3.3100
799.38,	3.3100
799.99,	3.3000
800.61,	3.3000
801.22,	3.3000
801.83,	3.3000
802.44,	3.2900
803.06,	3.2900
803.67,	3.2900
804.28,	3.2900
804.90,	3.2900
805.51,	3.2900
806.12,	3.2900
806.73,	3.2900
807.34,	3.2900
807.96,	3.2900
808.57,	3.2900
809.18,	3.2900
809.79,	3.2900
810.41,	3.2900
811.02,	3.2900
811.63,	3.2900
812.24,	3.3000
812.85,	3.3100
813.47,	3.3100
814.08,	3.3100
814.69,	3.3000
815.30,	3.2900
815.91,	3.2900
816.53,	3.2800
817.14,	3.2800
817.75,	3.2800
818.36,	3.2700
818.97,	3.2600
819.58,	3.2600
820.20,	3.2600
820.81,	3.2600
821.42,	3.2600
822.03,	3.2500
822.64,	3.2500
823.25,	3.2500
823.86,	3.2400
824.47,	3.2400
825.09,	3.2400
825.70,	3.2400
826.31,	3.2400
826.92,	3.2400
827.53,	3.2300
828.14,	3.2400
828.75,	3.2400
829.36,	3.2300
829.97,	3.2300
830.58,	3.2300
831.19,	3.2300
831.80,	3.2300
832.42,	3.2200
833.03,	3.2300
833.64,	3.2300
834.25,	3.2300
834.86,	3.2300
835.47,	3.2200
836.08,	3.2300
836.69,	3.2300
837.30,	3.2200
837.91,	3.2200
838.52,	3.2200
839.13,	3.2100
839.74,	3.2100
840.35,	3.2100
840.96,	3.2100
841.57,	3.2100
842.18,	3.2100
842.79,	3.2100
843.40,	3.2100
844.01,	3.2100
844.62,	3.2100
845.23,	3.2100
845.84,	3.2100
846.45,	3.2100
847.06,	3.2100
847.67,	3.2100
848.27,	3.2100
848.88,	3.2100
849.49,	3.2100
850.10,	3.2100
850.71,	3.2100
851.32,	3.2200
851.93,	3.2200
852.54,	3.2200
853.15,	3.2200
853.76,	3.2200
854.37,	3.2200
854.98,	3.2300
855.58,	3.2200
856.19,	3.2200
856.80,	3.2200
857.41,	3.2200
858.02,	3.2200
858.63,	3.2300
859.24,	3.2300
859.85,	3.2300
860.45,	3.2300
861.06,	3.2300
861.67,	3.2400
862.28,	3.2300
862.89,	3.2300
863.50,	3.2300
864.10,	3.2300
864.71,	3.2300
865.32,	3.2300
865.93,	3.2300
866.54,	3.2200
867.14,	3.2300
867.75,	3.2300
868.36,	3.2200
868.97,	3.2200
869.58,	3.2200
870.18,	3.2200
870.79,	3.2200
871.40,	3.2200
872.01,	3.2200
872.61,	3.2200
873.22,	3.2200
873.83,	3.2200
874.44,	3.2200
875.04,	3.2200
875.65,	3.2200
876.26,	3.2200
876.87,	3.2200
877.47,	3.2200
878.08,	3.2100
878.69,	3.2000
879.29,	3.2000
879.90,	3.1900
880.51,	3.1900
881.12,	3.1900
881.72,	3.1900
882.33,	3.1900
882.94,	3.1900
883.54,	3.1900
884.15,	3.1900
884.76,	3.1900
885.36,	3.1900
885.97,	3.1900
886.58,	3.1900
887.18,	3.1900
887.79,	3.1900
888.40,	3.1800
889.00,	3.1900
889.61,	3.1800
890.22,	3.1800
890.82,	3.1800
891.43,	3.1800
892.03,	3.1700
892.64,	3.1700
893.25,	3.1700
893.85,	3.1700
894.46,	3.1600
895.06,	3.1500
895.67,	3.1500
896.28,	3.1500
896.88,	3.1400
897.49,	3.1400
898.09,	3.1500
898.70,	3.1600
899.30,	3.1600
899.91,	3.1600
900.52,	3.1600
901.12,	3.1600
901.73,	3.1600
902.33,	3.1600
902.94,	3.1700
903.54,	3.2300
904.15,	3.4500
904.75,	4.7900
905.36,	8.6200
905.96,	13.0500
906.57,	15.1200
907.17,	16.5800
907.78,	33.2800
908.38,	35.5000
908.99,	35.5000
909.59,	35.5000
910.20,	35.5000
910.80,	35.5000
911.41,	35.5000
912.01,	35.5000
912.62,	35.5000
913.22,	35.5000
913.83,	35.5000
914.43,	35.5000
915.03,	35.5000
915.64,	35.5000
916.24,	35.5000
916.85,	35.5000
917.45,	35.5000
918.06,	35.5000
918.66,	35.5000
919.26,	35.5000
919.87,	35.5000
920.47,	35.5000
921.08,	35.5000
921.68,	35.5000
922.28,	35.5000
922.89,	35.5000
923.49,	35.5000
924.10,	35.5000
924.70,	35.5000
925.30,	35.5000
925.91,	35.5000
926.51,	35.5000
927.11,	35.5000
927.72,	35.5000
928.32,	35.5000
928.92,	35.5000
929.53,	35.5000
930.13,	35.5000
930.74,	35.5000
931.34,	35.5000
931.94,	35.5000
932.54,	35.5000
933.15,	35.5000
933.75,	35.5000
934.35,	35.5000
934.96,	35.5000
935.56,	35.5000
936.16,	35.5000
936.77,	35.5000
937.37,	35.5000
937.97,	35.5000
938.57,	35.5000
939.18,	35.5000
939.78,	35.5000
940.38,	35.5000
940.98,	35.5000
941.59,	35.5000
942.19,	35.5000
942.79,	35.5000
943.39,	35.5000
944.00,	35.5000
944.60,	35.5000
945.20,	35.5000
945.80,	35.5000
946.40,	35.5000
947.01,	35.5000
947.61,	35.5000
948.21,	35.5000
948.81,	35.5000
949.41,	35.5000
950.02,	35.5000
950.62,	35.5000
951.22,	35.5000
951.82,	35.5000
952.42,	35.5000
953.02,	35.5000
953.63,	35.5000
954.23,	35.5000
954.83,	35.5000
955.43,	35.5000
956.03,	35.5000
956.63,	35.5000
957.24,	35.5000
957.84,	35.5000
958.44,	35.5000
959.04,	35.5000
959.64,	35.5000
960.24,	35.5000
960.84,	35.5000
961.44,	35.5000
962.04,	35.5000
962.64,	35.5000
963.25,	35.5000
963.85,	35.5000
964.45,	35.5000
965.05,	35.5000
965.65,	35.5000
966.25,	35.5000
966.85,	35.5000
967.45,	35.5000
968.05,	35.5000
968.65,	35.5000
969.25,	35.5000
969.85,	35.5000
970.45,	35.5000
971.05,	35.5000
971.65,	35.5000
972.25,	35.5000
972.85,	35.5000
973.45,	35.5000
974.05,	35.5000
974.65,	35.5000
975.25,	35.5000
975.85,	35.5000
976.45,	35.5000
977.05,	35.5000
977.65,	35.5000
978.25,	35.5000
978.85,	35.5000
979.45,	35.5000
980.05,	35.5000
980.65,	35.5000
981.25,	35.5000
981.85,	35.5000
982.45,	35.5000
983.05,	35.5000
983.65,	35.5000
984.25,	35.5000
984.85,	35.5000
985.45,	35.5000
986.04,	35.5000
986.64,	35.5000
987.24,	35.5000
987.84,	35.5000
988.44,	35.5000
989.04,	35.5000
989.64,	35.5000
990.24,	35.5000
990.84,	35.5000
991.44,	35.5000
992.03,	35.5000
992.63,	-2.5200
993.23,	-2.5200
993.83,	-2.5200
994.43,	-2.5200
995.03,	-2.5200
995.63,	-2.5200
996.22,	-2.5200
996.82,	-2.5200
997.42,	-2.5200
998.02,	-2.5200
998.62,	-2.5200
999.21,	-2.5200
999.81,	-2.5200
1000.41,	-2.5200
