Call Sign = ZSDA,	Ship Name = SA Agulhas,	Lloyds Num = 0
Date = 12/03/2016,	Time = 13:00,	
Latitude = 43 01.71  S,	Longitude = 008 46.77  E
Instr = Sippican Deep Blue,	Card Type = Sippican MK-21,	
Wind Instr = ,	Measur Method = 
Probe Serial Num = -1,	Ship Dir = -1,	Ship Speed = -1.00
Wind Dir = 249,	Wind Speed = 34.80
Dry Bulb Temp = 8.80,	Total Water Depth = -1.00

Full Resolution Values
Depth,	 Temp
0.67,	10.4300
1.34,	10.2900
2.01,	10.2600
2.68,	10.2400
3.34,	10.2400
4.01,	10.2600
4.68,	10.2700
5.35,	10.2600
6.02,	10.2600
6.69,	10.2600
7.36,	10.2700
8.03,	10.2700
8.69,	10.2600
9.36,	10.2600
10.03,	10.2600
10.70,	10.2600
11.37,	10.2600
12.04,	10.2600
12.70,	10.2600
13.37,	10.2600
14.04,	10.2600
14.71,	10.2500
15.38,	10.2600
16.05,	10.2600
16.71,	10.2600
17.38,	10.2600
18.05,	10.2400
18.72,	10.2500
19.38,	10.2600
20.05,	10.2500
20.72,	10.2500
21.39,	10.2400
22.06,	10.2500
22.72,	10.2500
23.39,	10.2500
24.06,	10.2500
24.73,	10.2500
25.39,	10.2600
26.06,	10.2600
26.73,	10.2500
27.40,	10.2600
28.06,	10.2600
28.73,	10.2600
29.40,	10.2600
30.06,	10.2500
30.73,	10.2500
31.40,	10.2500
32.06,	10.2400
32.73,	10.2400
33.40,	10.2400
34.07,	10.2300
34.73,	10.2400
35.40,	10.2400
36.07,	10.2300
36.73,	10.2100
37.40,	10.2000
38.07,	10.2000
38.73,	10.2000
39.40,	10.2000
40.06,	10.2000
40.73,	10.1900
41.40,	10.1800
42.06,	10.1600
42.73,	10.1300
43.40,	10.1400
44.06,	10.1600
44.73,	10.1600
45.39,	10.1300
46.06,	10.0700
46.73,	9.9900
47.39,	9.8900
48.06,	9.8200
48.72,	9.7800
49.39,	9.7700
50.06,	9.7400
50.72,	9.7000
51.39,	9.6700
52.05,	9.6400
52.72,	9.6000
53.38,	9.5700
54.05,	9.5500
54.71,	9.5500
55.38,	9.5300
56.05,	9.5000
56.71,	9.4900
57.38,	9.4900
58.04,	9.4900
58.71,	9.4900
59.37,	9.4900
60.04,	9.4800
60.70,	9.4500
61.37,	9.4400
62.03,	9.4000
62.70,	9.3700
63.36,	9.3600
64.03,	9.3500
64.69,	9.3400
65.36,	9.3300
66.02,	9.3200
66.69,	9.3100
67.35,	9.3100
68.01,	9.3100
68.68,	9.3000
69.34,	9.2800
70.01,	9.2700
70.67,	9.2500
71.34,	9.2400
72.00,	9.2400
72.66,	9.2300
73.33,	9.2200
73.99,	9.2100
74.66,	9.2100
75.32,	9.2100
75.98,	9.2100
76.65,	9.2000
77.31,	9.2000
77.98,	9.2000
78.64,	9.1800
79.30,	9.1800
79.97,	9.1700
80.63,	9.1600
81.30,	9.1500
81.96,	9.1400
82.62,	9.1300
83.29,	9.1300
83.95,	9.1200
84.61,	9.1200
85.28,	9.1100
85.94,	9.1100
86.60,	9.1100
87.27,	9.1100
87.93,	9.1200
88.59,	9.1200
89.26,	9.1100
89.92,	9.1000
90.58,	9.0800
91.24,	9.0700
91.91,	9.0500
92.57,	9.0300
93.23,	9.0200
93.90,	9.0300
94.56,	9.0400
95.22,	9.0300
95.88,	9.0200
96.55,	9.0100
97.21,	9.0000
97.87,	9.0100
98.53,	9.0200
99.20,	9.0300
99.86,	9.0300
100.52,	9.0300
101.18,	9.0300
101.85,	9.0200
102.51,	9.0300
103.17,	9.0300
103.83,	9.0300
104.49,	9.0300
105.16,	9.0300
105.82,	9.0300
106.48,	9.0300
107.14,	9.0300
107.80,	9.0200
108.47,	9.0200
109.13,	9.0200
109.79,	9.0200
110.45,	9.0100
111.11,	9.0100
111.77,	9.0000
112.44,	8.9900
113.10,	8.9700
113.76,	8.9700
114.42,	8.9600
115.08,	8.9400
115.74,	8.9200
116.40,	8.9100
117.06,	8.9000
117.73,	8.8800
118.39,	8.8600
119.05,	8.8200
119.71,	8.7800
120.37,	8.7500
121.03,	8.7300
121.69,	8.7200
122.35,	8.7200
123.01,	8.7200
123.67,	8.7200
124.33,	8.7200
125.00,	8.7200
125.66,	8.7200
126.32,	8.7100
126.98,	8.7100
127.64,	8.7100
128.30,	8.7000
128.96,	8.6900
129.62,	8.6800
130.28,	8.6600
130.94,	8.6300
131.60,	8.5900
132.26,	8.5600
132.92,	8.5500
133.58,	8.5500
134.24,	8.5500
134.90,	8.5400
135.56,	8.5400
136.22,	8.5300
136.88,	8.5200
137.54,	8.5200
138.20,	8.5000
138.86,	8.4700
139.52,	8.4500
140.18,	8.4400
140.84,	8.4400
141.50,	8.4500
142.16,	8.4600
142.82,	8.4600
143.48,	8.4700
144.14,	8.4700
144.79,	8.4800
145.45,	8.5000
146.11,	8.5000
146.77,	8.5000
147.43,	8.5000
148.09,	8.5000
148.75,	8.5000
149.41,	8.5000
150.07,	8.5000
150.73,	8.5000
151.39,	8.5000
152.04,	8.5000
152.70,	8.5000
153.36,	8.5200
154.02,	8.5300
154.68,	8.5400
155.34,	8.5600
156.00,	8.5900
156.65,	8.6100
157.31,	8.6200
157.97,	8.6200
158.63,	8.6400
159.29,	8.6600
159.95,	8.6700
160.60,	8.6700
161.26,	8.6600
161.92,	8.6500
162.58,	8.6500
163.24,	8.6400
163.90,	8.6300
164.55,	8.6000
165.21,	8.5600
165.87,	8.5200
166.53,	8.5000
167.18,	8.4900
167.84,	8.4800
168.50,	8.4600
169.16,	8.4500
169.82,	8.4400
170.47,	8.4300
171.13,	8.4000
171.79,	8.3600
172.44,	8.3100
173.10,	8.2300
173.76,	8.1100
174.42,	8.0100
175.07,	7.9600
175.73,	7.9500
176.39,	7.9600
177.05,	7.9500
177.70,	7.9600
178.36,	7.9500
179.02,	7.9100
179.67,	7.8500
180.33,	7.8100
180.99,	7.7700
181.64,	7.7300
182.30,	7.7000
182.96,	7.7000
183.61,	7.7000
184.27,	7.7000
184.93,	7.7000
185.58,	7.7000
186.24,	7.6900
186.90,	7.6800
187.55,	7.6800
188.21,	7.6700
188.87,	7.6700
189.52,	7.6600
190.18,	7.6400
190.83,	7.6200
191.49,	7.6100
192.15,	7.6100
192.80,	7.6100
193.46,	7.6100
194.11,	7.6000
194.77,	7.6000
195.43,	7.5900
196.08,	7.5900
196.74,	7.6000
197.39,	7.6000
198.05,	7.6000
198.70,	7.6000
199.36,	7.5900
200.02,	7.5900
200.67,	7.5900
201.33,	7.5900
201.98,	7.6100
202.64,	7.6400
203.29,	7.6600
203.95,	7.6600
204.60,	7.6700
205.26,	7.6700
205.91,	7.6700
206.57,	7.6800
207.22,	7.6800
207.88,	7.6700
208.53,	7.6700
209.19,	7.6700
209.84,	7.6600
210.50,	7.6500
211.15,	7.6500
211.81,	7.6500
212.46,	7.6500
213.12,	7.6400
213.77,	7.6300
214.43,	7.6300
215.08,	7.6200
215.74,	7.6200
216.39,	7.6200
217.04,	7.6200
217.70,	7.6100
218.35,	7.6000
219.01,	7.6000
219.66,	7.6000
220.32,	7.6000
220.97,	7.6000
221.62,	7.5900
222.28,	7.5800
222.93,	7.5700
223.59,	7.5700
224.24,	7.5700
224.89,	7.5700
225.55,	7.5700
226.20,	7.5700
226.85,	7.5700
227.51,	7.5600
228.16,	7.5600
228.81,	7.5500
229.47,	7.5400
230.12,	7.5500
230.78,	7.5400
231.43,	7.5400
232.08,	7.5400
232.74,	7.5400
233.39,	7.5300
234.04,	7.5300
234.69,	7.5300
235.35,	7.5400
236.00,	7.5300
236.65,	7.5200
237.31,	7.5100
237.96,	7.5000
238.61,	7.5000
239.27,	7.5000
239.92,	7.5000
240.57,	7.5000
241.22,	7.5000
241.88,	7.4900
242.53,	7.4900
243.18,	7.4900
243.83,	7.4900
244.49,	7.4800
245.14,	7.4600
245.79,	7.4600
246.44,	7.4600
247.10,	7.4500
247.75,	7.4500
248.40,	7.4500
249.05,	7.4500
249.70,	7.4400
250.36,	7.4400
251.01,	7.4300
251.66,	7.4300
252.31,	7.4300
252.96,	7.4300
253.62,	7.4300
254.27,	7.4300
254.92,	7.4300
255.57,	7.4200
256.22,	7.4200
256.88,	7.4200
257.53,	7.4200
258.18,	7.4100
258.83,	7.4100
259.48,	7.4000
260.13,	7.4000
260.78,	7.4000
261.44,	7.4000
262.09,	7.4000
262.74,	7.4000
263.39,	7.4000
264.04,	7.4000
264.69,	7.3800
265.34,	7.3800
265.99,	7.3700
266.64,	7.3600
267.29,	7.3600
267.95,	7.3600
268.60,	7.3600
269.25,	7.3900
269.90,	7.4400
270.55,	7.4800
271.20,	7.4900
271.85,	7.4900
272.50,	7.4900
273.15,	7.4900
273.80,	7.4800
274.45,	7.4700
275.10,	7.4600
275.75,	7.4600
276.40,	7.4600
277.05,	7.4700
277.70,	7.4700
278.35,	7.4700
279.00,	7.4700
279.65,	7.4600
280.30,	7.4500
280.95,	7.4300
281.60,	7.4200
282.25,	7.4100
282.90,	7.4000
283.55,	7.3800
284.20,	7.3700
284.85,	7.3600
285.50,	7.3600
286.15,	7.3500
286.80,	7.3400
287.45,	7.3400
288.10,	7.3300
288.75,	7.3300
289.40,	7.3300
290.05,	7.3200
290.70,	7.3200
291.35,	7.3100
292.00,	7.3100
292.64,	7.3100
293.29,	7.3000
293.94,	7.2900
294.59,	7.2700
295.24,	7.2500
295.89,	7.2200
296.54,	7.1900
297.19,	7.1900
297.84,	7.1800
298.49,	7.1700
299.13,	7.1600
299.78,	7.1600
300.43,	7.1600
301.08,	7.1600
301.73,	7.1500
302.38,	7.1500
303.02,	7.1400
303.67,	7.1300
304.32,	7.1100
304.97,	7.0900
305.62,	7.0700
306.27,	7.0500
306.91,	7.0400
307.56,	7.0400
308.21,	7.0300
308.86,	7.0100
309.51,	7.0000
310.15,	7.0000
310.80,	6.9900
311.45,	6.9700
312.10,	6.9500
312.75,	6.9400
313.39,	6.9400
314.04,	6.9400
314.69,	6.9400
315.34,	6.9400
315.98,	6.9400
316.63,	6.9400
317.28,	6.9200
317.93,	6.9200
318.57,	6.9200
319.22,	6.9000
319.87,	6.8900
320.52,	6.8600
321.16,	6.8400
321.81,	6.8300
322.46,	6.8300
323.10,	6.8200
323.75,	6.8100
324.40,	6.8100
325.04,	6.8100
325.69,	6.8100
326.34,	6.8000
326.99,	6.8000
327.63,	6.8000
328.28,	6.7900
328.93,	6.8000
329.57,	6.7900
330.22,	6.7900
330.86,	6.7900
331.51,	6.7900
332.16,	6.7900
332.80,	6.7900
333.45,	6.7900
334.10,	6.7900
334.74,	6.7900
335.39,	6.7800
336.03,	6.7700
336.68,	6.7500
337.33,	6.7400
337.97,	6.7300
338.62,	6.7100
339.26,	6.6900
339.91,	6.6700
340.56,	6.6600
341.20,	6.6600
341.85,	6.6500
342.49,	6.6400
343.14,	6.6400
343.78,	6.6300
344.43,	6.6300
345.08,	6.6200
345.72,	6.6200
346.37,	6.6200
347.01,	6.6100
347.66,	6.6100
348.30,	6.6000
348.95,	6.5800
349.59,	6.5700
350.24,	6.5800
350.88,	6.6400
351.53,	6.6800
352.17,	6.7000
352.82,	6.7200
353.46,	6.7600
354.11,	6.8800
354.75,	6.9700
355.40,	7.0000
356.04,	7.0300
356.69,	7.1100
357.33,	7.1400
357.98,	7.1700
358.62,	7.2100
359.27,	7.2100
359.91,	7.2000
360.55,	7.2000
361.20,	7.2300
361.84,	7.2300
362.49,	7.2200
363.13,	7.1900
363.78,	7.1900
364.42,	7.1700
365.06,	7.1600
365.71,	7.1400
366.35,	7.1200
367.00,	7.1100
367.64,	7.0900
368.28,	7.0800
368.93,	7.0700
369.57,	7.0500
370.22,	7.0400
370.86,	7.0300
371.50,	7.0200
372.15,	7.0000
372.79,	6.9900
373.43,	6.9800
374.08,	6.9700
374.72,	6.9600
375.36,	6.9600
376.01,	6.9600
376.65,	6.9600
377.29,	6.9700
377.94,	7.0100
378.58,	7.0700
379.22,	7.1500
379.87,	7.2400
380.51,	7.2600
381.15,	7.2800
381.79,	7.2700
382.44,	7.2600
383.08,	7.2600
383.72,	7.2400
384.37,	7.2200
385.01,	7.1900
385.65,	7.1800
386.29,	7.1600
386.94,	7.1400
387.58,	7.1200
388.22,	7.1000
388.86,	7.0800
389.51,	7.0600
390.15,	7.0400
390.79,	7.0300
391.43,	7.0200
392.08,	7.0100
392.72,	7.0000
393.36,	6.9800
394.00,	6.9700
394.64,	6.9700
395.29,	6.9600
395.93,	6.9500
396.57,	6.9400
397.21,	6.9300
397.85,	6.9300
398.50,	6.9200
399.14,	6.9200
399.78,	6.9100
400.42,	6.9100
401.06,	6.8900
401.70,	6.8700
402.34,	6.8500
402.99,	6.8300
403.63,	6.8200
404.27,	6.8100
404.91,	6.7900
405.55,	6.7700
406.19,	6.7600
406.83,	6.7500
407.48,	6.7400
408.12,	6.7400
408.76,	6.7300
409.40,	6.7300
410.04,	6.7200
410.68,	6.7100
411.32,	6.7100
411.96,	6.7000
412.60,	6.6900
413.24,	6.6800
413.88,	6.6700
414.52,	6.6400
415.17,	6.6200
415.81,	6.6000
416.45,	6.5900
417.09,	6.5800
417.73,	6.5600
418.37,	6.5600
419.01,	6.5500
419.65,	6.5300
420.29,	6.5200
420.93,	6.5200
421.57,	6.5200
422.21,	6.5100
422.85,	6.5200
423.49,	6.5200
424.13,	6.5200
424.77,	6.5200
425.41,	6.5100
426.05,	6.5100
426.69,	6.5200
427.33,	6.5100
427.97,	6.5100
428.61,	6.5000
429.25,	6.4800
429.89,	6.4800
430.53,	6.4700
431.17,	6.4500
431.80,	6.4500
432.44,	6.4500
433.08,	6.4400
433.72,	6.4400
434.36,	6.4300
435.00,	6.4200
435.64,	6.4200
436.28,	6.4100
436.92,	6.4100
437.56,	6.4100
438.20,	6.4100
438.84,	6.4000
439.47,	6.3900
440.11,	6.3900
440.75,	6.3900
441.39,	6.3800
442.03,	6.3700
442.67,	6.3600
443.31,	6.3500
443.95,	6.3400
444.58,	6.3400
445.22,	6.3300
445.86,	6.3000
446.50,	6.2500
447.14,	6.2400
447.78,	6.2900
448.41,	6.2800
449.05,	6.2600
449.69,	6.2500
450.33,	6.2400
450.97,	6.2300
451.60,	6.2300
452.24,	6.2200
452.88,	6.2100
453.52,	6.2000
454.16,	6.1800
454.79,	6.1700
455.43,	6.1700
456.07,	6.1900
456.71,	6.2400
457.35,	6.3200
457.98,	6.4100
458.62,	6.4700
459.26,	6.5100
459.90,	6.5500
460.53,	6.5800
461.17,	6.6000
461.81,	6.6200
462.44,	6.6100
463.08,	6.6100
463.72,	6.6100
464.36,	6.6100
464.99,	6.5900
465.63,	6.5800
466.27,	6.5600
466.90,	6.5400
467.54,	6.5200
468.18,	6.4900
468.81,	6.4700
469.45,	6.4600
470.09,	6.4300
470.72,	6.4100
471.36,	6.3800
472.00,	6.3600
472.63,	6.3400
473.27,	6.3300
473.91,	6.3100
474.54,	6.3000
475.18,	6.2600
475.82,	6.2300
476.45,	6.2100
477.09,	6.2000
477.73,	6.1800
478.36,	6.1700
479.00,	6.1500
479.63,	6.1300
480.27,	6.1100
480.91,	6.0900
481.54,	6.0700
482.18,	6.0600
482.81,	6.0400
483.45,	6.0200
484.08,	6.0000
484.72,	5.9900
485.36,	5.9800
485.99,	5.9600
486.63,	5.9400
487.26,	5.9300
487.90,	5.9300
488.53,	5.9100
489.17,	5.9000
489.80,	5.8900
490.44,	5.8800
491.07,	5.8600
491.71,	5.8400
492.34,	5.8400
492.98,	5.8300
493.62,	5.8200
494.25,	5.8100
494.89,	5.8000
495.52,	5.7800
496.15,	5.7700
496.79,	5.7500
497.42,	5.7400
498.06,	5.7400
498.69,	5.7300
499.33,	5.7200
499.96,	5.7200
500.60,	5.7200
501.23,	5.7200
501.87,	5.7100
502.50,	5.7100
503.14,	5.7000
503.77,	5.7000
504.40,	5.6900
505.04,	5.6800
505.67,	5.6700
506.31,	5.6700
506.94,	5.6700
507.57,	5.6600
508.21,	5.6600
508.84,	5.6500
509.48,	5.6400
510.11,	5.6400
510.74,	5.6300
511.38,	5.6100
512.01,	5.6000
512.65,	5.5900
513.28,	5.5900
513.91,	5.5900
514.55,	5.5800
515.18,	5.5800
515.81,	5.5700
516.45,	5.5700
517.08,	5.5700
517.71,	5.5700
518.35,	5.5700
518.98,	5.5800
519.61,	5.5900
520.25,	5.5900
520.88,	5.5900
521.51,	5.5800
522.15,	5.5700
522.78,	5.5600
523.41,	5.5500
524.04,	5.5500
524.68,	5.5300
525.31,	5.5200
525.94,	5.5100
526.58,	5.5100
527.21,	5.5000
527.84,	5.4900
528.47,	5.4800
529.11,	5.4600
529.74,	5.4500
530.37,	5.4400
531.00,	5.4300
531.64,	5.4200
532.27,	5.4100
532.90,	5.4000
533.53,	5.3900
534.17,	5.3800
534.80,	5.3800
535.43,	5.3800
536.06,	5.3700
536.69,	5.3600
537.33,	5.3600
537.96,	5.3600
538.59,	5.3600
539.22,	5.3500
539.85,	5.3500
540.48,	5.3400
541.12,	5.3400
541.75,	5.3300
542.38,	5.3300
543.01,	5.3200
543.64,	5.3100
544.27,	5.3000
544.91,	5.3000
545.54,	5.3000
546.17,	5.3000
546.80,	5.3000
547.43,	5.3000
548.06,	5.3000
548.69,	5.3000
549.32,	5.2900
549.95,	5.2900
550.59,	5.2700
551.22,	5.2700
551.85,	5.2700
552.48,	5.2600
553.11,	5.2500
553.74,	5.2500
554.37,	5.2500
555.00,	5.2500
555.63,	5.2500
556.26,	5.2500
556.89,	5.2500
557.52,	5.2400
558.15,	5.2300
558.78,	5.2200
559.42,	5.2200
560.05,	5.2100
560.68,	5.2100
561.31,	5.2100
561.94,	5.1900
562.57,	5.1700
563.20,	5.1500
563.83,	5.1400
564.46,	5.1300
565.09,	5.1300
565.72,	5.1300
566.35,	5.1300
566.98,	5.1200
567.61,	5.1200
568.24,	5.1100
568.87,	5.1000
569.50,	5.1000
570.12,	5.1000
570.75,	5.1000
571.38,	5.0900
572.01,	5.0800
572.64,	5.0800
573.27,	5.0700
573.90,	5.0700
574.53,	5.0600
575.16,	5.0600
575.79,	5.0500
576.42,	5.0500
577.05,	5.0400
577.68,	5.0400
578.31,	5.0300
578.93,	5.0300
579.56,	5.0200
580.19,	5.0200
580.82,	5.0100
581.45,	5.0100
582.08,	5.0000
582.71,	5.0000
583.34,	4.9900
583.97,	4.9800
584.59,	4.9700
585.22,	4.9600
585.85,	4.9500
586.48,	4.9500
587.11,	4.9600
587.74,	4.9600
588.36,	4.9700
588.99,	4.9800
589.62,	4.9900
590.25,	5.0000
590.88,	5.0100
591.50,	5.0100
592.13,	5.0100
592.76,	5.0100
593.39,	5.0000
594.02,	5.0000
594.64,	4.9900
595.27,	4.9900
595.90,	4.9800
596.53,	4.9700
597.16,	4.9700
597.78,	4.9700
598.41,	4.9600
599.04,	4.9600
599.67,	4.9600
600.29,	4.9600
600.92,	4.9500
601.55,	4.9500
602.18,	4.9400
602.80,	4.9400
603.43,	4.9400
604.06,	4.9400
604.68,	4.9300
605.31,	4.9300
605.94,	4.9300
606.57,	4.9300
607.19,	4.9300
607.82,	4.9200
608.45,	4.9100
609.07,	4.9100
609.70,	4.9000
610.33,	4.9000
610.95,	4.8900
611.58,	4.8900
612.21,	4.8900
612.83,	4.8900
613.46,	4.8800
614.09,	4.8800
614.71,	4.8800
615.34,	4.8700
615.97,	4.8700
616.59,	4.8700
617.22,	4.8700
617.84,	4.8600
618.47,	4.8600
619.10,	4.8500
619.72,	4.8500
620.35,	4.8500
620.97,	4.8500
621.60,	4.8500
622.23,	4.8500
622.85,	4.8500
623.48,	4.8600
624.10,	4.8600
624.73,	4.8600
625.35,	4.8600
625.98,	4.8600
626.61,	4.8600
627.23,	4.8600
627.86,	4.8600
628.48,	4.8500
629.11,	4.8500
629.73,	4.8500
630.36,	4.8500
630.98,	4.8400
631.61,	4.8400
632.23,	4.8300
632.86,	4.8300
633.48,	4.8200
634.11,	4.8200
634.73,	4.8100
635.36,	4.8100
635.98,	4.8000
636.61,	4.8000
637.23,	4.8000
637.86,	4.7900
638.48,	4.7900
639.11,	4.7800
639.73,	4.7800
640.36,	4.7700
640.98,	4.7700
641.61,	4.7700
642.23,	4.7700
642.85,	4.7600
643.48,	4.7600
644.10,	4.7500
644.73,	4.7400
645.35,	4.7300
645.98,	4.7200
646.60,	4.7100
647.22,	4.7200
647.85,	4.7100
648.47,	4.7000
649.10,	4.6900
649.72,	4.6900
650.34,	4.6900
650.97,	4.6900
651.59,	4.6800
652.22,	4.6800
652.84,	4.6800
653.46,	4.6700
654.09,	4.6700
654.71,	4.6700
655.33,	4.6600
655.96,	4.6500
656.58,	4.6500
657.20,	4.6500
657.83,	4.6500
658.45,	4.6500
659.07,	4.6400
659.70,	4.6300
660.32,	4.6200
660.94,	4.6200
661.57,	4.6200
662.19,	4.6100
662.81,	4.6100
663.43,	4.6000
664.06,	4.5900
664.68,	4.5900
665.30,	4.5900
665.93,	4.5900
666.55,	4.5800
667.17,	4.5800
667.79,	4.5700
668.42,	4.5700
669.04,	4.5700
669.66,	4.5700
670.28,	4.5700
670.91,	4.5700
671.53,	4.5700
672.15,	4.5600
672.77,	4.5600
673.39,	4.5600
674.02,	4.5500
674.64,	4.5500
675.26,	4.5400
675.88,	4.5300
676.50,	4.5300
677.13,	4.5200
677.75,	4.5200
678.37,	4.5100
678.99,	4.5000
679.61,	4.5000
680.24,	4.5000
680.86,	4.4900
681.48,	4.4900
682.10,	4.4900
682.72,	4.4900
683.34,	4.4900
683.96,	4.4800
684.59,	4.4700
685.21,	4.4800
685.83,	4.4800
686.45,	4.5000
687.07,	4.5100
687.69,	4.5100
688.31,	4.5100
688.93,	4.5100
689.56,	4.5100
690.18,	4.5300
690.80,	4.5700
691.42,	4.6000
692.04,	4.6100
692.66,	4.6200
693.28,	4.6200
693.90,	4.6200
694.52,	4.6200
695.14,	4.6200
695.76,	4.6200
696.38,	4.6100
697.00,	4.6100
697.62,	4.6000
698.25,	4.6000
698.87,	4.6000
699.49,	4.6000
700.11,	4.5900
700.73,	4.6000
701.35,	4.6100
701.97,	4.6300
702.59,	4.7600
703.21,	4.8900
703.83,	4.9200
704.45,	4.9100
705.07,	4.8900
705.69,	4.8800
706.31,	4.8600
706.93,	4.8400
707.55,	4.8200
708.17,	4.8000
708.79,	4.7800
709.40,	4.7700
710.02,	4.7500
710.64,	4.7500
711.26,	4.7600
711.88,	4.7600
712.50,	4.7400
713.12,	4.7300
713.74,	4.7200
714.36,	4.7100
714.98,	4.7000
715.60,	4.7000
716.22,	4.6900
716.84,	4.6800
717.45,	4.6700
718.07,	4.6700
718.69,	4.6600
719.31,	4.6500
719.93,	4.6400
720.55,	4.6300
721.17,	4.6200
721.79,	4.6100
722.41,	4.6000
723.02,	4.6000
723.64,	4.5900
724.26,	4.5800
724.88,	4.5800
725.50,	4.5800
726.12,	4.5800
726.73,	4.5800
727.35,	4.5700
727.97,	4.5700
728.59,	4.5600
729.21,	4.5500
729.83,	4.5400
730.44,	4.5200
731.06,	4.5100
731.68,	4.5100
732.30,	4.5000
732.92,	4.5000
733.53,	4.4900
734.15,	4.4900
734.77,	4.4900
735.39,	4.4800
736.00,	4.4800
736.62,	4.4700
737.24,	4.4600
737.86,	4.4600
738.47,	4.4500
739.09,	4.4500
739.71,	4.4400
740.33,	4.4300
740.94,	4.4200
741.56,	4.4200
742.18,	4.4200
742.79,	4.4200
743.41,	4.4200
744.03,	4.4100
744.65,	4.4000
745.26,	4.4000
745.88,	4.4000
746.50,	4.4000
747.11,	4.4000
747.73,	4.3900
748.35,	4.3900
748.96,	4.3900
749.58,	4.3900
750.20,	4.3800
750.81,	4.3800
751.43,	4.3800
752.05,	4.3800
752.66,	4.3700
753.28,	4.3700
753.90,	4.3700
754.51,	4.3700
755.13,	4.3600
755.74,	4.3600
756.36,	4.3600
756.98,	4.3400
757.59,	4.3400
758.21,	4.3400
758.82,	4.3400
759.44,	4.3300
760.06,	4.3300
760.67,	4.3300
761.29,	4.3300
761.90,	4.3300
762.52,	4.3300
763.14,	4.3300
763.75,	4.3300
764.37,	4.3300
764.98,	4.3300
765.60,	4.3300
766.21,	4.3200
766.83,	4.3100
767.44,	4.3200
768.06,	4.3200
768.67,	4.3100
769.29,	4.3100
769.90,	4.3100
770.52,	4.3000
771.14,	4.2900
771.75,	4.2900
772.37,	4.2800
772.98,	4.2800
773.59,	4.2700
774.21,	4.2700
774.82,	4.2700
775.44,	4.2600
776.05,	4.2600
776.67,	4.2700
777.28,	4.2600
777.90,	4.2600
778.51,	4.2500
779.13,	4.2500
779.74,	4.2500
780.36,	4.2500
780.97,	4.2500
781.58,	4.2400
782.20,	4.2400
782.81,	4.2300
783.43,	4.2300
784.04,	4.2300
784.66,	4.2200
785.27,	4.2200
785.88,	4.2200
786.50,	4.2200
787.11,	4.2200
787.73,	4.2200
788.34,	4.2100
788.95,	4.2100
789.57,	4.2100
790.18,	4.2100
790.79,	4.2100
791.41,	4.2100
792.02,	4.2000
792.63,	4.2000
793.25,	4.2000
793.86,	4.2000
794.47,	4.2000
795.09,	4.2000
795.70,	4.2100
796.31,	4.2000
796.93,	4.2000
797.54,	4.2000
798.15,	4.2000
798.77,	4.2000
799.38,	4.2000
799.99,	4.1900
800.61,	4.1900
801.22,	4.1900
801.83,	4.1900
802.44,	4.1900
803.06,	4.1900
803.67,	4.1800
804.28,	4.1900
804.90,	4.1800
805.51,	4.1800
806.12,	4.1800
806.73,	4.1800
807.34,	4.1700
807.96,	4.1700
808.57,	4.1700
809.18,	4.1700
809.79,	4.1700
810.41,	4.1700
811.02,	4.1700
811.63,	4.1600
812.24,	4.1600
812.85,	4.1600
813.47,	4.1600
814.08,	4.1600
814.69,	4.1600
815.30,	4.1500
815.91,	4.1500
816.53,	4.1500
817.14,	4.1500
817.75,	4.1500
818.36,	4.1500
818.97,	4.1500
819.58,	4.1500
820.20,	4.1500
820.81,	4.1600
821.42,	4.1800
822.03,	4.2000
822.64,	4.2300
823.25,	4.2500
823.86,	4.2600
824.47,	4.2600
825.09,	4.2700
825.70,	4.2700
826.31,	4.2800
826.92,	4.2900
827.53,	4.3000
828.14,	4.2900
828.75,	4.2900
829.36,	4.2900
829.97,	4.2900
830.58,	4.2800
831.19,	4.2700
831.80,	4.2500
832.42,	4.2400
833.03,	4.2200
833.64,	4.2100
834.25,	4.2000
834.86,	4.2000
835.47,	4.1900
836.08,	4.1900
836.69,	4.1900
837.30,	4.1900
837.91,	4.1900
838.52,	4.1900
839.13,	4.1900
839.74,	4.1800
840.35,	4.1800
840.96,	4.1800
841.57,	4.1800
842.18,	4.1800
842.79,	4.1800
843.40,	4.1800
844.01,	4.1800
844.62,	4.1800
845.23,	4.1800
845.84,	4.1700
846.45,	4.1700
847.06,	4.1600
847.67,	4.1500
848.27,	4.1400
848.88,	4.1400
849.49,	4.1300
850.10,	4.1300
850.71,	4.1300
851.32,	4.1200
851.93,	4.1200
852.54,	4.1200
853.15,	4.1200
853.76,	4.1200
854.37,	4.1200
854.98,	4.1200
855.58,	4.1200
856.19,	4.1100
856.80,	4.1100
857.41,	4.1100
858.02,	4.1100
858.63,	4.1100
859.24,	4.1200
859.85,	4.1400
860.45,	4.1400
861.06,	4.1500
861.67,	4.1500
862.28,	4.1500
862.89,	4.1500
863.50,	4.1600
864.10,	4.1600
864.71,	4.1600
865.32,	4.1600
865.93,	4.1600
866.54,	4.1600
867.14,	4.1600
867.75,	4.1600
868.36,	4.1500
868.97,	4.1500
869.58,	4.1500
870.18,	4.1500
870.79,	4.1500
871.40,	4.1400
872.01,	4.1300
872.61,	4.1300
873.22,	4.1200
873.83,	4.1100
874.44,	4.1000
875.04,	4.0900
875.65,	4.0900
876.26,	4.0900
876.87,	4.0900
877.47,	4.0900
878.08,	4.0900
878.69,	4.0800
879.29,	4.0900
879.90,	4.0800
880.51,	4.0900
881.12,	4.0800
881.72,	4.0800
882.33,	4.0800
882.94,	4.0800
883.54,	4.0700
884.15,	4.0600
884.76,	4.0500
885.36,	4.0400
885.97,	4.0400
886.58,	4.0300
887.18,	4.0200
887.79,	4.0200
888.40,	4.0200
889.00,	4.0100
889.61,	4.0100
890.22,	4.0100
890.82,	4.0100
891.43,	4.0100
892.03,	4.0000
892.64,	4.0000
893.25,	4.0000
893.85,	4.0000
894.46,	4.0000
895.06,	3.9900
895.67,	3.9900
896.28,	3.9900
896.88,	3.9900
897.49,	3.9900
898.09,	3.9900
898.70,	3.9800
899.30,	3.9800
899.91,	3.9700
900.52,	3.9600
901.12,	3.9500
901.73,	3.9500
902.33,	3.9400
902.94,	3.9400
903.54,	3.9400
904.15,	3.9400
904.75,	3.9400
905.36,	3.9400
905.96,	3.9300
906.57,	3.9300
907.17,	3.9300
907.78,	3.9300
908.38,	3.9300
908.99,	3.9200
909.59,	3.9200
910.20,	3.9200
910.80,	3.9200
911.41,	3.9100
912.01,	3.9100
912.62,	3.9000
913.22,	3.9000
913.83,	3.8900
914.43,	3.8900
915.03,	3.8900
915.64,	3.8800
916.24,	3.8900
916.85,	3.8900
917.45,	3.8900
918.06,	3.8900
918.66,	3.8900
919.26,	3.8900
919.87,	3.9100
920.47,	4.9100
921.08,	10.6800
921.68,	15.8900
922.28,	17.9600
922.89,	19.3100
923.49,	20.2800
924.10,	21.0300
924.70,	21.6400
925.30,	22.1400
925.91,	22.5800
926.51,	22.9600
927.11,	23.3100
927.72,	23.6200
928.32,	23.9200
928.92,	24.2000
929.53,	24.4600
930.13,	24.7100
930.74,	26.2400
931.34,	35.5000
931.94,	35.5000
932.54,	35.5000
933.15,	35.5000
933.75,	35.5000
934.35,	35.5000
934.96,	35.5000
935.56,	35.5000
936.16,	35.5000
936.77,	35.5000
937.37,	35.5000
937.97,	35.5000
938.57,	35.5000
939.18,	35.5000
939.78,	35.5000
940.38,	35.5000
940.98,	35.5000
941.59,	35.5000
942.19,	35.5000
942.79,	35.5000
943.39,	35.5000
944.00,	35.5000
944.60,	35.5000
945.20,	35.5000
945.80,	35.5000
946.40,	35.5000
947.01,	35.5000
947.61,	35.5000
948.21,	35.5000
948.81,	35.5000
949.41,	35.5000
950.02,	35.5000
950.62,	35.5000
951.22,	35.5000
951.82,	35.5000
952.42,	35.5000
953.02,	35.5000
953.63,	35.5000
954.23,	35.5000
954.83,	35.5000
955.43,	35.5000
956.03,	35.5000
956.63,	35.5000
957.24,	35.5000
957.84,	35.5000
958.44,	35.5000
959.04,	35.5000
959.64,	35.5000
960.24,	35.5000
960.84,	35.5000
961.44,	35.5000
962.04,	35.5000
962.64,	35.5000
963.25,	35.5000
963.85,	35.5000
964.45,	35.5000
965.05,	35.5000
965.65,	35.5000
966.25,	35.5000
966.85,	35.5000
967.45,	35.5000
968.05,	35.5000
968.65,	35.5000
969.25,	35.5000
969.85,	35.5000
970.45,	35.5000
971.05,	35.5000
971.65,	35.5000
972.25,	35.5000
972.85,	35.5000
973.45,	35.5000
974.05,	35.5000
974.65,	35.5000
975.25,	35.5000
975.85,	35.5000
976.45,	35.5000
977.05,	35.5000
977.65,	35.5000
978.25,	35.5000
978.85,	35.5000
979.45,	35.5000
980.05,	35.5000
980.65,	35.5000
981.25,	35.5000
981.85,	35.5000
982.45,	35.5000
983.05,	35.5000
983.65,	35.5000
984.25,	35.5000
984.85,	35.5000
985.45,	35.5000
986.04,	35.5000
986.64,	35.5000
987.24,	35.5000
987.84,	35.5000
988.44,	35.5000
989.04,	35.5000
989.64,	35.5000
990.24,	35.5000
990.84,	35.5000
991.44,	35.5000
992.03,	35.5000
992.63,	35.5000
993.23,	35.5000
993.83,	35.5000
994.43,	35.5000
995.03,	35.5000
995.63,	35.5000
996.22,	35.5000
996.82,	35.5000
997.42,	35.5000
998.02,	35.5000
998.62,	35.5000
999.21,	35.5000
999.81,	35.5000
1000.41,	35.5000
