Call Sign = ZSDA,	Ship Name = SA Agulhas,	Lloyds Num = 0
Date = 12/02/2016,	Time = 11:03,	
Latitude = 38 59.56  S,	Longitude = 011 29.83  E
Instr = Sippican Deep Blue,	Card Type = Sippican MK-21,	
Wind Instr = ,	Measur Method = 
Probe Serial Num = -1,	Ship Dir = -1,	Ship Speed = -1.00
Wind Dir = 350,	Wind Speed = 12.80
Dry Bulb Temp = 16.20,	Total Water Depth = -1.00

Full Resolution Values
Depth,	 Temp
0.67,	16.3900
1.34,	16.3400
2.01,	16.3400
2.68,	16.3400
3.34,	16.3400
4.01,	16.3300
4.68,	16.3300
5.35,	16.3400
6.02,	16.3400
6.69,	16.3400
7.36,	16.3400
8.03,	16.3400
8.69,	16.3400
9.36,	16.3300
10.03,	16.3300
10.70,	16.3300
11.37,	16.3300
12.04,	16.3400
12.70,	16.3300
13.37,	16.3200
14.04,	16.3100
14.71,	16.3100
15.38,	16.3100
16.05,	16.3000
16.71,	16.3000
17.38,	16.3000
18.05,	16.3000
18.72,	16.2900
19.38,	16.2900
20.05,	16.2900
20.72,	16.2900
21.39,	16.2900
22.06,	16.2800
22.72,	16.2600
23.39,	16.2500
24.06,	16.2500
24.73,	16.2400
25.39,	16.2400
26.06,	16.2300
26.73,	16.2200
27.40,	16.2000
28.06,	16.2000
28.73,	16.2000
29.40,	16.2000
30.06,	16.2000
30.73,	16.1900
31.40,	16.1900
32.06,	16.2000
32.73,	16.1900
33.40,	16.1800
34.07,	16.1800
34.73,	16.1800
35.40,	16.1700
36.07,	16.1700
36.73,	16.1700
37.40,	16.1600
38.07,	16.1500
38.73,	16.1500
39.40,	16.1500
40.06,	16.1500
40.73,	16.1500
41.40,	16.1500
42.06,	16.1500
42.73,	16.1400
43.40,	16.1300
44.06,	16.1200
44.73,	16.1100
45.39,	16.1100
46.06,	16.1100
46.73,	16.0900
47.39,	16.0800
48.06,	16.0800
48.72,	16.0800
49.39,	16.0800
50.06,	16.0800
50.72,	16.0700
51.39,	16.0600
52.05,	16.0600
52.72,	16.0200
53.38,	16.0000
54.05,	15.9800
54.71,	15.9400
55.38,	15.8600
56.05,	15.7100
56.71,	15.5100
57.38,	15.3600
58.04,	15.2600
58.71,	15.2000
59.37,	15.1300
60.04,	15.0300
60.70,	14.9500
61.37,	14.8900
62.03,	14.8300
62.70,	14.7600
63.36,	14.6800
64.03,	14.6300
64.69,	14.6000
65.36,	14.5800
66.02,	14.5800
66.69,	14.5700
67.35,	14.5600
68.01,	14.5300
68.68,	14.5100
69.34,	14.5000
70.01,	14.4900
70.67,	14.4900
71.34,	14.5000
72.00,	14.4900
72.66,	14.4900
73.33,	14.4800
73.99,	14.4700
74.66,	14.4400
75.32,	14.4300
75.98,	14.3800
76.65,	14.3100
77.31,	14.2500
77.98,	14.2000
78.64,	14.1500
79.30,	14.1000
79.97,	14.0800
80.63,	14.0500
81.30,	14.0100
81.96,	13.9700
82.62,	13.9100
83.29,	13.8000
83.95,	13.6700
84.61,	13.5500
85.28,	13.5000
85.94,	13.4800
86.60,	13.4800
87.27,	13.5100
87.93,	13.6000
88.59,	13.6600
89.26,	13.6300
89.92,	13.5600
90.58,	13.4800
91.24,	13.4100
91.91,	13.3600
92.57,	13.3400
93.23,	13.3200
93.90,	13.3000
94.56,	13.2800
95.22,	13.2700
95.88,	13.2700
96.55,	13.2700
97.21,	13.2700
97.87,	13.2700
98.53,	13.2600
99.20,	13.2700
99.86,	13.2700
100.52,	13.2800
101.18,	13.3000
101.85,	13.3300
102.51,	13.3600
103.17,	13.3600
103.83,	13.3500
104.49,	13.3300
105.16,	13.2800
105.82,	13.2500
106.48,	13.2300
107.14,	13.1600
107.80,	13.0500
108.47,	13.0000
109.13,	12.9800
109.79,	12.9700
110.45,	12.9400
111.11,	12.9100
111.77,	12.9000
112.44,	12.8900
113.10,	12.8900
113.76,	12.8900
114.42,	12.8800
115.08,	12.8600
115.74,	12.8500
116.40,	12.8400
117.06,	12.8200
117.73,	12.7900
118.39,	12.7500
119.05,	12.7200
119.71,	12.7100
120.37,	12.7000
121.03,	12.6800
121.69,	12.6700
122.35,	12.6600
123.01,	12.6400
123.67,	12.6200
124.33,	12.5900
125.00,	12.5600
125.66,	12.5500
126.32,	12.5400
126.98,	12.5500
127.64,	12.5400
128.30,	12.5400
128.96,	12.5300
129.62,	12.5300
130.28,	12.5200
130.94,	12.5200
131.60,	12.5100
132.26,	12.4800
132.92,	12.4500
133.58,	12.4200
134.24,	12.3800
134.90,	12.3500
135.56,	12.3100
136.22,	12.2900
136.88,	12.2800
137.54,	12.2800
138.20,	12.2800
138.86,	12.2600
139.52,	12.2500
140.18,	12.2500
140.84,	12.2400
141.50,	12.2300
142.16,	12.2300
142.82,	12.2200
143.48,	12.2200
144.14,	12.2000
144.79,	12.1900
145.45,	12.1800
146.11,	12.1600
146.77,	12.1500
147.43,	12.1300
148.09,	12.0800
148.75,	12.0600
149.41,	12.0600
150.07,	12.0600
150.73,	12.0500
151.39,	12.0400
152.04,	12.0300
152.70,	12.0200
153.36,	12.0100
154.02,	11.9900
154.68,	11.9800
155.34,	11.9800
156.00,	11.9800
156.65,	11.9800
157.31,	11.9800
157.97,	11.9700
158.63,	11.9700
159.29,	11.9700
159.95,	11.9600
160.60,	11.9600
161.26,	11.9500
161.92,	11.9200
162.58,	11.8900
163.24,	11.8700
163.90,	11.8700
164.55,	11.8600
165.21,	11.8400
165.87,	11.8200
166.53,	11.7800
167.18,	11.7500
167.84,	11.7500
168.50,	11.7700
169.16,	11.8100
169.82,	11.8500
170.47,	11.8300
171.13,	11.8000
171.79,	11.8000
172.44,	11.8000
173.10,	11.8000
173.76,	11.8000
174.42,	11.7900
175.07,	11.7800
175.73,	11.7700
176.39,	11.7700
177.05,	11.7600
177.70,	11.7400
178.36,	11.7200
179.02,	11.7100
179.67,	11.7100
180.33,	11.7000
180.99,	11.7000
181.64,	11.7000
182.30,	11.7000
182.96,	11.7100
183.61,	11.7100
184.27,	11.7200
184.93,	11.7200
185.58,	11.7200
186.24,	11.7200
186.90,	11.7200
187.55,	11.7100
188.21,	11.7000
188.87,	11.6900
189.52,	11.6800
190.18,	11.6700
190.83,	11.6700
191.49,	11.6500
192.15,	11.6400
192.80,	11.6400
193.46,	11.6400
194.11,	11.6200
194.77,	11.6000
195.43,	11.5800
196.08,	11.5600
196.74,	11.5400
197.39,	11.5300
198.05,	11.5000
198.70,	11.4800
199.36,	11.4600
200.02,	11.4500
200.67,	11.4300
201.33,	11.4300
201.98,	11.4300
202.64,	11.4200
203.29,	11.4200
203.95,	11.4200
204.60,	11.4200
205.26,	11.4000
205.91,	11.3900
206.57,	11.3800
207.22,	11.3700
207.88,	11.3600
208.53,	11.3500
209.19,	11.3400
209.84,	11.3300
210.50,	11.3200
211.15,	11.3200
211.81,	11.3100
212.46,	11.3000
213.12,	11.2900
213.77,	11.2700
214.43,	11.2600
215.08,	11.2500
215.74,	11.2400
216.39,	11.2300
217.04,	11.2200
217.70,	11.2000
218.35,	11.1900
219.01,	11.1800
219.66,	11.1600
220.32,	11.1600
220.97,	11.1600
221.62,	11.1500
222.28,	11.1500
222.93,	11.1400
223.59,	11.1300
224.24,	11.1200
224.89,	11.1000
225.55,	11.0600
226.20,	11.0500
226.85,	11.0500
227.51,	11.0500
228.16,	11.0400
228.81,	11.0400
229.47,	11.0400
230.12,	11.0200
230.78,	11.0000
231.43,	10.9900
232.08,	10.9900
232.74,	10.9800
233.39,	10.9600
234.04,	10.9400
234.69,	10.9400
235.35,	10.9400
236.00,	10.9400
236.65,	10.9400
237.31,	10.9400
237.96,	10.9500
238.61,	10.9600
239.27,	10.9700
239.92,	10.9900
240.57,	11.0100
241.22,	11.0200
241.88,	11.0200
242.53,	11.0100
243.18,	10.9900
243.83,	10.9900
244.49,	10.9900
245.14,	10.9700
245.79,	10.9600
246.44,	10.9600
247.10,	10.9500
247.75,	10.9300
248.40,	10.9200
249.05,	10.9200
249.70,	10.9100
250.36,	10.8900
251.01,	10.8800
251.66,	10.8600
252.31,	10.8300
252.96,	10.8200
253.62,	10.8100
254.27,	10.8000
254.92,	10.7800
255.57,	10.7700
256.22,	10.7600
256.88,	10.7600
257.53,	10.7600
258.18,	10.7600
258.83,	10.7500
259.48,	10.7500
260.13,	10.7500
260.78,	10.7400
261.44,	10.7300
262.09,	10.7200
262.74,	10.7100
263.39,	10.7000
264.04,	10.7000
264.69,	10.7000
265.34,	10.7000
265.99,	10.7000
266.64,	10.7000
267.29,	10.7000
267.95,	10.7000
268.60,	10.6900
269.25,	10.6900
269.90,	10.6900
270.55,	10.6900
271.20,	10.6800
271.85,	10.6700
272.50,	10.6500
273.15,	10.6300
273.80,	10.6200
274.45,	10.6000
275.10,	10.5800
275.75,	10.5800
276.40,	10.5700
277.05,	10.5600
277.70,	10.5400
278.35,	10.5200
279.00,	10.5200
279.65,	10.5200
280.30,	10.5100
280.95,	10.5100
281.60,	10.5000
282.25,	10.5000
282.90,	10.5000
283.55,	10.4900
284.20,	10.4800
284.85,	10.4700
285.50,	10.4600
286.15,	10.4500
286.80,	10.4300
287.45,	10.4200
288.10,	10.4100
288.75,	10.4000
289.40,	10.3900
290.05,	10.3800
290.70,	10.3800
291.35,	10.3800
292.00,	10.3800
292.64,	10.3800
293.29,	10.3800
293.94,	10.3700
294.59,	10.3600
295.24,	10.3500
295.89,	10.3400
296.54,	10.3400
297.19,	10.3300
297.84,	10.3100
298.49,	10.2800
299.13,	10.2600
299.78,	10.2500
300.43,	10.2600
301.08,	10.2500
301.73,	10.2600
302.38,	10.2500
303.02,	10.2500
303.67,	10.2600
304.32,	10.2500
304.97,	10.2500
305.62,	10.2600
306.27,	10.2500
306.91,	10.2500
307.56,	10.2400
308.21,	10.2400
308.86,	10.2300
309.51,	10.2400
310.15,	10.2400
310.80,	10.2400
311.45,	10.2300
312.10,	10.2200
312.75,	10.2200
313.39,	10.2200
314.04,	10.2100
314.69,	10.2000
315.34,	10.1900
315.98,	10.1900
316.63,	10.1800
317.28,	10.1800
317.93,	10.1800
318.57,	10.1800
319.22,	10.1700
319.87,	10.1600
320.52,	10.1500
321.16,	10.1300
321.81,	10.1200
322.46,	10.1000
323.10,	10.0900
323.75,	10.0900
324.40,	10.1000
325.04,	10.1000
325.69,	10.1000
326.34,	10.0900
326.99,	10.0800
327.63,	10.0400
328.28,	10.0100
328.93,	9.9900
329.57,	9.9700
330.22,	9.9700
330.86,	9.9700
331.51,	9.9800
332.16,	9.9700
332.80,	9.9600
333.45,	9.9500
334.10,	9.9500
334.74,	9.9500
335.39,	9.9500
336.03,	9.9400
336.68,	9.9400
337.33,	9.9300
337.97,	9.9300
338.62,	9.9200
339.26,	9.9300
339.91,	9.9300
340.56,	9.9200
341.20,	9.9100
341.85,	9.9000
342.49,	9.8900
343.14,	9.8800
343.78,	9.8700
344.43,	9.8600
345.08,	9.8500
345.72,	9.8400
346.37,	9.8400
347.01,	9.8400
347.66,	9.8400
348.30,	9.8200
348.95,	9.8100
349.59,	9.7900
350.24,	9.7800
350.88,	9.7700
351.53,	9.7600
352.17,	9.7400
352.82,	9.7300
353.46,	9.7200
354.11,	9.6900
354.75,	9.6700
355.40,	9.6500
356.04,	9.6400
356.69,	9.6300
357.33,	9.6200
357.98,	9.6200
358.62,	9.6100
359.27,	9.6100
359.91,	9.6100
360.55,	9.6000
361.20,	9.6000
361.84,	9.6000
362.49,	9.5900
363.13,	9.5900
363.78,	9.5900
364.42,	9.5800
365.06,	9.5700
365.71,	9.5700
366.35,	9.5700
367.00,	9.5700
367.64,	9.5700
368.28,	9.5500
368.93,	9.5400
369.57,	9.5200
370.22,	9.5000
370.86,	9.4800
371.50,	9.4700
372.15,	9.4700
372.79,	9.4700
373.43,	9.4700
374.08,	9.4700
374.72,	9.4600
375.36,	9.4500
376.01,	9.4300
376.65,	9.4200
377.29,	9.4100
377.94,	9.4100
378.58,	9.4000
379.22,	9.3800
379.87,	9.3700
380.51,	9.3600
381.15,	9.3500
381.79,	9.3400
382.44,	9.3400
383.08,	9.3400
383.72,	9.3300
384.37,	9.3100
385.01,	9.2700
385.65,	9.2400
386.29,	9.2200
386.94,	9.2000
387.58,	9.1800
388.22,	9.1700
388.86,	9.1500
389.51,	9.1400
390.15,	9.1300
390.79,	9.1200
391.43,	9.1100
392.08,	9.1000
392.72,	9.0900
393.36,	9.0900
394.00,	9.0700
394.64,	9.0400
395.29,	9.0200
395.93,	9.0100
396.57,	8.9900
397.21,	8.9800
397.85,	8.9800
398.50,	8.9700
399.14,	8.9700
399.78,	8.9600
400.42,	8.9500
401.06,	8.9300
401.70,	8.9100
402.34,	8.8800
402.99,	8.8600
403.63,	8.8500
404.27,	8.8500
404.91,	8.8400
405.55,	8.8400
406.19,	8.8400
406.83,	8.8300
407.48,	8.8300
408.12,	8.8100
408.76,	8.7900
409.40,	8.7900
410.04,	8.7800
410.68,	8.7800
411.32,	8.7700
411.96,	8.7600
412.60,	8.7500
413.24,	8.7400
413.88,	8.7200
414.52,	8.7000
415.17,	8.6800
415.81,	8.6700
416.45,	8.6700
417.09,	8.6600
417.73,	8.6600
418.37,	8.6400
419.01,	8.6400
419.65,	8.6300
420.29,	8.6300
420.93,	8.6300
421.57,	8.6300
422.21,	8.6200
422.85,	8.6100
423.49,	8.5900
424.13,	8.5600
424.77,	8.5500
425.41,	8.5400
426.05,	8.5400
426.69,	8.5400
427.33,	8.5400
427.97,	8.5400
428.61,	8.5400
429.25,	8.5400
429.89,	8.5200
430.53,	8.5100
431.17,	8.5000
431.80,	8.5000
432.44,	8.4900
433.08,	8.4900
433.72,	8.4900
434.36,	8.4900
435.00,	8.4800
435.64,	8.4700
436.28,	8.4600
436.92,	8.4500
437.56,	8.4400
438.20,	8.4400
438.84,	8.4300
439.47,	8.4200
440.11,	8.4100
440.75,	8.4000
441.39,	8.4000
442.03,	8.4000
442.67,	8.4000
443.31,	8.4000
443.95,	8.3900
444.58,	8.3900
445.22,	8.3900
445.86,	8.3900
446.50,	8.3900
447.14,	8.3800
447.78,	8.3700
448.41,	8.3600
449.05,	8.3600
449.69,	8.3300
450.33,	8.3100
450.97,	8.3000
451.60,	8.2900
452.24,	8.2900
452.88,	8.2800
453.52,	8.2800
454.16,	8.2700
454.79,	8.2600
455.43,	8.2600
456.07,	8.2500
456.71,	8.2500
457.35,	8.2600
457.98,	8.2700
458.62,	8.2700
459.26,	8.2800
459.90,	8.2700
460.53,	8.2600
461.17,	8.2500
461.81,	8.2500
462.44,	8.2500
463.08,	8.2500
463.72,	8.2500
464.36,	8.2400
464.99,	8.2200
465.63,	8.2000
466.27,	8.1800
466.90,	8.1500
467.54,	8.1200
468.18,	8.0900
468.81,	8.0700
469.45,	8.0600
470.09,	8.0500
470.72,	8.0400
471.36,	8.0300
472.00,	8.0200
472.63,	8.0200
473.27,	8.0100
473.91,	8.0100
474.54,	7.9900
475.18,	7.9600
475.82,	7.9500
476.45,	7.9400
477.09,	7.9400
477.73,	7.9300
478.36,	7.9300
479.00,	7.9300
479.63,	7.9200
480.27,	7.9100
480.91,	7.9000
481.54,	7.8900
482.18,	7.8700
482.81,	7.8500
483.45,	7.8400
484.08,	7.8300
484.72,	7.8200
485.36,	7.8200
485.99,	7.8100
486.63,	7.8000
487.26,	7.7900
487.90,	7.7900
488.53,	7.7800
489.17,	7.7900
489.80,	7.7900
490.44,	7.7900
491.07,	7.7800
491.71,	7.7800
492.34,	7.7800
492.98,	7.7700
493.62,	7.7700
494.25,	7.7500
494.89,	7.7400
495.52,	7.7300
496.15,	7.7100
496.79,	7.7000
497.42,	7.6900
498.06,	7.6900
498.69,	7.6800
499.33,	7.6800
499.96,	7.6800
500.60,	7.6700
501.23,	7.6800
501.87,	7.6900
502.50,	7.7000
503.14,	7.6800
503.77,	7.6500
504.40,	7.6400
505.04,	7.6300
505.67,	7.6200
506.31,	7.6000
506.94,	7.5900
507.57,	7.5800
508.21,	7.5800
508.84,	7.5800
509.48,	7.5800
510.11,	7.5700
510.74,	7.5700
511.38,	7.5600
512.01,	7.5400
512.65,	7.5200
513.28,	7.5200
513.91,	7.5100
514.55,	7.5100
515.18,	7.5000
515.81,	7.5000
516.45,	7.5000
517.08,	7.4900
517.71,	7.4900
518.35,	7.4800
518.98,	7.4700
519.61,	7.4600
520.25,	7.4500
520.88,	7.4500
521.51,	7.4400
522.15,	7.4300
522.78,	7.4300
523.41,	7.4300
524.04,	7.4300
524.68,	7.4400
525.31,	7.4400
525.94,	7.4300
526.58,	7.4200
527.21,	7.4200
527.84,	7.4200
528.47,	7.4100
529.11,	7.3900
529.74,	7.3800
530.37,	7.3600
531.00,	7.3500
531.64,	7.3500
532.27,	7.3600
532.90,	7.3700
533.53,	7.3800
534.17,	7.3800
534.80,	7.3800
535.43,	7.3800
536.06,	7.3800
536.69,	7.3800
537.33,	7.3800
537.96,	7.3800
538.59,	7.3800
539.22,	7.3400
539.85,	7.2700
540.48,	7.2100
541.12,	7.1600
541.75,	7.1400
542.38,	7.1200
543.01,	7.0900
543.64,	7.0600
544.27,	7.0400
544.91,	7.0400
545.54,	7.0500
546.17,	7.0500
546.80,	7.0600
547.43,	7.0600
548.06,	7.0700
548.69,	7.0600
549.32,	7.0600
549.95,	7.0700
550.59,	7.0600
551.22,	7.0600
551.85,	7.0500
552.48,	7.0400
553.11,	7.0300
553.74,	7.0100
554.37,	6.9900
555.00,	6.9900
555.63,	6.9900
556.26,	6.9800
556.89,	6.9700
557.52,	6.9600
558.15,	6.9400
558.78,	6.9200
559.42,	6.9100
560.05,	6.8800
560.68,	6.8200
561.31,	6.7700
561.94,	6.7400
562.57,	6.7100
563.20,	6.6800
563.83,	6.6600
564.46,	6.6300
565.09,	6.5900
565.72,	6.5700
566.35,	6.5600
566.98,	6.5600
567.61,	6.5600
568.24,	6.5500
568.87,	6.5400
569.50,	6.5300
570.12,	6.5200
570.75,	6.5200
571.38,	6.5100
572.01,	6.5000
572.64,	6.5000
573.27,	6.5100
573.90,	6.5100
574.53,	6.4900
575.16,	6.4600
575.79,	6.4400
576.42,	6.4400
577.05,	6.4300
577.68,	6.4100
578.31,	6.3800
578.93,	6.3600
579.56,	6.3700
580.19,	6.4000
580.82,	6.4300
581.45,	6.4500
582.08,	6.4600
582.71,	6.4800
583.34,	6.4900
583.97,	6.4800
584.59,	6.4500
585.22,	6.4300
585.85,	6.4100
586.48,	6.4000
587.11,	6.4000
587.74,	6.3900
588.36,	6.3800
588.99,	6.3700
589.62,	6.3500
590.25,	6.3500
590.88,	6.3200
591.50,	6.2900
592.13,	6.2700
592.76,	6.2500
593.39,	6.2200
594.02,	6.1800
594.64,	6.1700
595.27,	6.1700
595.90,	6.1500
596.53,	6.1400
597.16,	6.1300
597.78,	6.1400
598.41,	6.1500
599.04,	6.1600
599.67,	6.1600
600.29,	6.1800
600.92,	6.1900
601.55,	6.1700
602.18,	6.1500
602.80,	6.1400
603.43,	6.1400
604.06,	6.1500
604.68,	6.1700
605.31,	6.1800
605.94,	6.1900
606.57,	6.1900
607.19,	6.1500
607.82,	6.1200
608.45,	6.1000
609.07,	6.0800
609.70,	6.0400
610.33,	5.9900
610.95,	5.9300
611.58,	5.8900
612.21,	5.8700
612.83,	5.8600
613.46,	5.8400
614.09,	5.8400
614.71,	5.8300
615.34,	5.8400
615.97,	5.8500
616.59,	5.8600
617.22,	5.8600
617.84,	5.8600
618.47,	5.8500
619.10,	5.8400
619.72,	5.8200
620.35,	5.7900
620.97,	5.7700
621.60,	5.7700
622.23,	5.7500
622.85,	5.7400
623.48,	5.7300
624.10,	5.7200
624.73,	5.7100
625.35,	5.7100
625.98,	5.7000
626.61,	5.7000
627.23,	5.7000
627.86,	5.7000
628.48,	5.7000
629.11,	5.7000
629.73,	5.7100
630.36,	5.7100
630.98,	5.7100
631.61,	5.7100
632.23,	5.7100
632.86,	5.7000
633.48,	5.7100
634.11,	5.7100
634.73,	5.7100
635.36,	5.7000
635.98,	5.6800
636.61,	5.6700
637.23,	5.6600
637.86,	5.6300
638.48,	5.6100
639.11,	5.6000
639.73,	5.5900
640.36,	5.5800
640.98,	5.5700
641.61,	5.5600
642.23,	5.5500
642.85,	5.5400
643.48,	5.5400
644.10,	5.5400
644.73,	5.5300
645.35,	5.5200
645.98,	5.5100
646.60,	5.5100
647.22,	5.5100
647.85,	5.5100
648.47,	5.5000
649.10,	5.4800
649.72,	5.4700
650.34,	5.4500
650.97,	5.4200
651.59,	5.4100
652.22,	5.4100
652.84,	5.4000
653.46,	5.4000
654.09,	5.4000
654.71,	5.4000
655.33,	5.3900
655.96,	5.3900
656.58,	5.3900
657.20,	5.3900
657.83,	5.3900
658.45,	5.3900
659.07,	5.3800
659.70,	5.3800
660.32,	5.3800
660.94,	5.3700
661.57,	5.3800
662.19,	5.3700
662.81,	5.3600
663.43,	5.3600
664.06,	5.3600
664.68,	5.3600
665.30,	5.3600
665.93,	5.3500
666.55,	5.3500
667.17,	5.3400
667.79,	5.3400
668.42,	5.3400
669.04,	5.3500
669.66,	5.3500
670.28,	5.3400
670.91,	5.3400
671.53,	5.3400
672.15,	5.3400
672.77,	5.3400
673.39,	5.3400
674.02,	5.3400
674.64,	5.3300
675.26,	5.3300
675.88,	5.3300
676.50,	5.3200
677.13,	5.3200
677.75,	5.3200
678.37,	5.3100
678.99,	5.3100
679.61,	5.3200
680.24,	5.3200
680.86,	5.3200
681.48,	5.3100
682.10,	5.3100
682.72,	5.3100
683.34,	5.3100
683.96,	5.3100
684.59,	5.3100
685.21,	5.3100
685.83,	5.3000
686.45,	5.2900
687.07,	5.2900
687.69,	5.2900
688.31,	5.2900
688.93,	5.2900
689.56,	5.2900
690.18,	5.2800
690.80,	5.2800
691.42,	5.2800
692.04,	5.2800
692.66,	5.2700
693.28,	5.2700
693.90,	5.2700
694.52,	5.2700
695.14,	5.2700
695.76,	5.2700
696.38,	5.2700
697.00,	5.2600
697.62,	5.2600
698.25,	5.2500
698.87,	5.2500
699.49,	5.2500
700.11,	5.2400
700.73,	5.2400
701.35,	5.2400
701.97,	5.2400
702.59,	5.2400
703.21,	5.2500
703.83,	5.2500
704.45,	5.2500
705.07,	5.2600
705.69,	5.2600
706.31,	5.2600
706.93,	5.2600
707.55,	5.2500
708.17,	5.2400
708.79,	5.2300
709.40,	5.2200
710.02,	5.2200
710.64,	5.2100
711.26,	5.2100
711.88,	5.2000
712.50,	5.2000
713.12,	5.2000
713.74,	5.1900
714.36,	5.1800
714.98,	5.1700
715.60,	5.1700
716.22,	5.1700
716.84,	5.1600
717.45,	5.1500
718.07,	5.1400
718.69,	5.1300
719.31,	5.1300
719.93,	5.1200
720.55,	5.1000
721.17,	5.0900
721.79,	5.0800
722.41,	5.0800
723.02,	5.0900
723.64,	5.0800
724.26,	5.0800
724.88,	5.0800
725.50,	5.0800
726.12,	5.0800
726.73,	5.0800
727.35,	5.0800
727.97,	5.0800
728.59,	5.0800
729.21,	5.0700
729.83,	5.0600
730.44,	5.0600
731.06,	5.0600
731.68,	5.0500
732.30,	5.0500
732.92,	5.0500
733.53,	5.0400
734.15,	5.0300
734.77,	5.0300
735.39,	5.0200
736.00,	5.0100
736.62,	5.0100
737.24,	5.0000
737.86,	5.0000
738.47,	4.9900
739.09,	4.9800
739.71,	4.9800
740.33,	4.9800
740.94,	4.9800
741.56,	4.9800
742.18,	4.9800
742.79,	4.9800
743.41,	4.9800
744.03,	4.9700
744.65,	4.9700
745.26,	4.9700
745.88,	4.9700
746.50,	4.9700
747.11,	4.9600
747.73,	4.9700
748.35,	4.9700
748.96,	4.9700
749.58,	4.9600
750.20,	4.9600
750.81,	4.9600
751.43,	4.9700
752.05,	4.9700
752.66,	4.9700
753.28,	4.9700
753.90,	4.9700
754.51,	4.9700
755.13,	4.9700
755.74,	4.9700
756.36,	4.9600
756.98,	4.9700
757.59,	4.9600
758.21,	4.9600
758.82,	4.9500
759.44,	4.9500
760.06,	4.9500
760.67,	4.9500
761.29,	4.9400
761.90,	4.9400
762.52,	4.9400
763.14,	4.9400
763.75,	4.9400
764.37,	4.9500
764.98,	4.9500
765.60,	4.9500
766.21,	4.9500
766.83,	4.9400
767.44,	4.9400
768.06,	4.9400
768.67,	4.9400
769.29,	4.9400
769.90,	4.9300
770.52,	4.9400
771.14,	4.9400
771.75,	4.9400
772.37,	4.9400
772.98,	4.9400
773.59,	4.9400
774.21,	4.9400
774.82,	4.9300
775.44,	4.9400
776.05,	4.9300
776.67,	4.9300
777.28,	4.9300
777.90,	4.9300
778.51,	4.9300
779.13,	4.9300
779.74,	4.9300
780.36,	4.9200
780.97,	4.9300
781.58,	4.9200
782.20,	4.9200
782.81,	4.9100
783.43,	4.9000
784.04,	4.9000
784.66,	4.8800
785.27,	4.8700
785.88,	4.8600
786.50,	4.8600
787.11,	4.8600
787.73,	4.8500
788.34,	4.8500
788.95,	4.8600
789.57,	4.8600
790.18,	4.8600
790.79,	4.8600
791.41,	4.8600
792.02,	4.8500
792.63,	4.8400
793.25,	4.8300
793.86,	4.8300
794.47,	4.8300
795.09,	4.8300
795.70,	4.8300
796.31,	4.8300
796.93,	4.8200
797.54,	4.8100
798.15,	4.8100
798.77,	4.7900
799.38,	4.7800
799.99,	4.7700
800.61,	4.7600
801.22,	4.7600
801.83,	4.7500
802.44,	4.7500
803.06,	4.7300
803.67,	4.7200
804.28,	4.7200
804.90,	4.7200
805.51,	4.7200
806.12,	4.7200
806.73,	4.7200
807.34,	4.7300
807.96,	4.7500
808.57,	4.7700
809.18,	4.7800
809.79,	4.7800
810.41,	4.7900
811.02,	4.7900
811.63,	4.7800
812.24,	4.7800
812.85,	4.7800
813.47,	4.7800
814.08,	4.7700
814.69,	4.7700
815.30,	4.7700
815.91,	4.7700
816.53,	4.7700
817.14,	4.7800
817.75,	4.7800
818.36,	4.7700
818.97,	4.7600
819.58,	4.7600
820.20,	4.7600
820.81,	4.7500
821.42,	4.7400
822.03,	4.7300
822.64,	4.7100
823.25,	4.7000
823.86,	4.6900
824.47,	4.6900
825.09,	4.6900
825.70,	4.6900
826.31,	4.6800
826.92,	4.6700
827.53,	4.6500
828.14,	4.6300
828.75,	4.6300
829.36,	4.6300
829.97,	4.6300
830.58,	4.6200
831.19,	4.6000
831.80,	4.5800
832.42,	4.5600
833.03,	4.5400
833.64,	4.5200
834.25,	4.5100
834.86,	4.5000
835.47,	4.5000
836.08,	4.4900
836.69,	4.4800
837.30,	4.4800
837.91,	4.4800
838.52,	4.4700
839.13,	4.4700
839.74,	4.4600
840.35,	4.4600
840.96,	4.4500
841.57,	4.4400
842.18,	4.4400
842.79,	4.4400
843.40,	4.4300
844.01,	4.4200
844.62,	4.4200
845.23,	4.4100
845.84,	4.4100
846.45,	4.4000
847.06,	4.4000
847.67,	4.3900
848.27,	4.3900
848.88,	4.3900
849.49,	4.3800
850.10,	4.3800
850.71,	4.3700
851.32,	4.3700
851.93,	4.3700
852.54,	4.3600
853.15,	4.3500
853.76,	4.3300
854.37,	4.3200
854.98,	4.3200
855.58,	4.3200
856.19,	4.3200
856.80,	4.3200
857.41,	4.3200
858.02,	4.3100
858.63,	4.3000
859.24,	4.3000
859.85,	4.3000
860.45,	4.2900
861.06,	4.2900
861.67,	4.2900
862.28,	4.2900
862.89,	4.2900
863.50,	4.2800
864.10,	4.2700
864.71,	4.2600
865.32,	4.2600
865.93,	4.2600
866.54,	4.2600
867.14,	4.2600
867.75,	4.2600
868.36,	4.2600
868.97,	4.2700
869.58,	4.2700
870.18,	4.2700
870.79,	4.2700
871.40,	4.2700
872.01,	4.2600
872.61,	4.2600
873.22,	4.2600
873.83,	4.2500
874.44,	4.2400
875.04,	4.2400
875.65,	4.2300
876.26,	4.2300
876.87,	4.2200
877.47,	4.2300
878.08,	4.2200
878.69,	4.2200
879.29,	4.2200
879.90,	4.2100
880.51,	4.2000
881.12,	4.2000
881.72,	4.2000
882.33,	4.2000
882.94,	4.2000
883.54,	4.2000
884.15,	4.2000
884.76,	4.2100
885.36,	4.2200
885.97,	4.2200
886.58,	4.2200
887.18,	4.2100
887.79,	4.2100
888.40,	4.2100
889.00,	4.2000
889.61,	4.2100
890.22,	4.2000
890.82,	4.2000
891.43,	4.2000
892.03,	4.2000
892.64,	4.2000
893.25,	4.2000
893.85,	4.2000
894.46,	4.2000
895.06,	4.2100
895.67,	4.2100
896.28,	4.2100
896.88,	4.2000
897.49,	4.2000
898.09,	4.2000
898.70,	4.2100
899.30,	4.2000
899.91,	4.2000
900.52,	4.2000
901.12,	4.2000
901.73,	4.2000
902.33,	4.2000
902.94,	4.2000
903.54,	4.2000
904.15,	4.2000
904.75,	4.2000
905.36,	4.1900
905.96,	4.1900
906.57,	4.1800
907.17,	4.1600
907.78,	4.1600
908.38,	4.1600
908.99,	4.1500
909.59,	4.1500
910.20,	4.1500
910.80,	4.1400
911.41,	4.1400
912.01,	4.1500
912.62,	4.1900
913.22,	4.9800
913.83,	8.2600
914.43,	12.6900
915.03,	15.0000
915.64,	15.9900
916.24,	16.6400
916.85,	17.1500
917.45,	17.6000
918.06,	17.9900
918.66,	23.2000
919.26,	35.5000
919.87,	35.5000
920.47,	35.5000
921.08,	35.5000
921.68,	35.5000
922.28,	35.5000
922.89,	35.5000
923.49,	35.5000
924.10,	35.5000
924.70,	35.5000
925.30,	35.5000
925.91,	35.5000
926.51,	35.5000
927.11,	35.5000
927.72,	35.5000
928.32,	35.5000
928.92,	35.5000
929.53,	35.5000
930.13,	35.5000
930.74,	35.5000
931.34,	35.5000
931.94,	35.5000
932.54,	35.5000
933.15,	35.5000
933.75,	35.5000
934.35,	35.5000
934.96,	35.5000
935.56,	35.5000
936.16,	35.5000
936.77,	35.5000
937.37,	35.5000
937.97,	35.5000
938.57,	35.5000
939.18,	35.5000
939.78,	35.5000
940.38,	35.5000
940.98,	35.5000
941.59,	35.5000
942.19,	35.5000
942.79,	35.5000
943.39,	35.5000
944.00,	35.5000
944.60,	35.5000
945.20,	35.5000
945.80,	35.5000
946.40,	35.5000
947.01,	35.5000
947.61,	35.5000
948.21,	35.5000
948.81,	35.5000
949.41,	35.5000
950.02,	35.5000
950.62,	35.5000
951.22,	35.5000
951.82,	35.5000
952.42,	35.5000
953.02,	35.5000
953.63,	35.5000
954.23,	35.5000
954.83,	35.5000
955.43,	35.5000
956.03,	35.5000
956.63,	35.5000
957.24,	35.5000
957.84,	35.5000
958.44,	35.5000
959.04,	35.5000
959.64,	35.5000
960.24,	35.5000
960.84,	35.5000
961.44,	35.5000
962.04,	35.5000
962.64,	35.5000
963.25,	35.5000
963.85,	35.5000
964.45,	35.5000
965.05,	35.5000
965.65,	35.5000
966.25,	35.5000
966.85,	35.5000
967.45,	35.5000
968.05,	35.5000
968.65,	35.5000
969.25,	35.5000
969.85,	35.5000
970.45,	35.5000
971.05,	35.5000
971.65,	35.5000
972.25,	35.5000
972.85,	35.5000
973.45,	35.5000
974.05,	35.5000
974.65,	35.5000
975.25,	35.5000
975.85,	35.5000
976.45,	35.5000
977.05,	35.5000
977.65,	35.5000
978.25,	35.5000
978.85,	35.5000
979.45,	35.5000
980.05,	35.5000
980.65,	35.5000
981.25,	35.5000
981.85,	35.5000
982.45,	35.5000
983.05,	35.5000
983.65,	35.5000
984.25,	35.5000
984.85,	35.5000
985.45,	35.5000
986.04,	35.5000
986.64,	35.5000
987.24,	35.5000
987.84,	35.5000
988.44,	35.5000
989.04,	35.5000
989.64,	35.5000
990.24,	35.5000
990.84,	35.5000
991.44,	35.5000
992.03,	35.5000
992.63,	35.5000
993.23,	0.3000
993.83,	-2.5200
994.43,	-2.5200
995.03,	-2.5200
995.63,	-2.5200
996.22,	26.4400
996.82,	35.5000
997.42,	35.5000
998.02,	33.6000
998.62,	25.0000
999.21,	20.0700
999.81,	35.4300
1000.41,	35.5000
