Call Sign = ZSDA,	Ship Name = SA Agulhas,	Lloyds Num = 0
Date = 12/06/2016,	Time = 15:03,	
Latitude = 54 34.81  S,	Longitude = 000 00.21  W
Instr = Sippican Deep Blue,	Card Type = Sippican MK-21,	
Wind Instr = ,	Measur Method = 
Probe Serial Num = -1,	Ship Dir = -1,	Ship Speed = -1.00
Wind Dir = 124,	Wind Speed = 16.10
Dry Bulb Temp = -0.50,	Total Water Depth = -1.00

Full Resolution Values
Depth,	 Temp
0.67,	0.2100
1.34,	-0.3400
2.01,	-0.5000
2.68,	-0.5200
3.34,	-0.5300
4.01,	-0.5500
4.68,	-0.5800
5.35,	-0.5900
6.02,	-0.6000
6.69,	-0.6200
7.36,	-0.6400
8.03,	-0.6500
8.69,	-0.6600
9.36,	-0.6700
10.03,	-0.7000
10.70,	-0.7100
11.37,	-0.7200
12.04,	-0.7200
12.70,	-0.7300
13.37,	-0.7300
14.04,	-0.7400
14.71,	-0.7300
15.38,	-0.7400
16.05,	-0.7400
16.71,	-0.7400
17.38,	-0.7400
18.05,	-0.7400
18.72,	-0.7400
19.38,	-0.7500
20.05,	-0.7400
20.72,	-0.7400
21.39,	-0.7400
22.06,	-0.7400
22.72,	-0.7500
23.39,	-0.7500
24.06,	-0.7400
24.73,	-0.7400
25.39,	-0.7400
26.06,	-0.7400
26.73,	-0.7500
27.40,	-0.7500
28.06,	-0.7600
28.73,	-0.7600
29.40,	-0.7700
30.06,	-0.7700
30.73,	-0.7700
31.40,	-0.7700
32.06,	-0.7700
32.73,	-0.7700
33.40,	-0.7800
34.07,	-0.7900
34.73,	-0.7800
35.40,	-0.7800
36.07,	-0.8000
36.73,	-0.8100
37.40,	-0.8200
38.07,	-0.8300
38.73,	-0.8400
39.40,	-0.8600
40.06,	-0.8700
40.73,	-0.8800
41.40,	-0.8900
42.06,	-0.8900
42.73,	-0.8900
43.40,	-0.9000
44.06,	-0.9100
44.73,	-0.9100
45.39,	-0.9200
46.06,	-0.9200
46.73,	-0.9200
47.39,	-0.9200
48.06,	-0.9300
48.72,	-0.9400
49.39,	-0.9500
50.06,	-0.9500
50.72,	-0.9600
51.39,	-0.9700
52.05,	-0.9700
52.72,	-0.9700
53.38,	-0.9700
54.05,	-0.9700
54.71,	-0.9800
55.38,	-0.9800
56.05,	-0.9800
56.71,	-0.9900
57.38,	-0.9900
58.04,	-0.9900
58.71,	-1.0000
59.37,	-1.0000
60.04,	-1.0100
60.70,	-1.0100
61.37,	-1.0200
62.03,	-1.0200
62.70,	-1.0200
63.36,	-1.0300
64.03,	-1.0300
64.69,	-1.0400
65.36,	-1.0600
66.02,	-1.0700
66.69,	-1.0800
67.35,	-1.0900
68.01,	-1.1100
68.68,	-1.1300
69.34,	-1.1400
70.01,	-1.1400
70.67,	-1.1400
71.34,	-1.1400
72.00,	-1.1500
72.66,	-1.1500
73.33,	-1.1500
73.99,	-1.1600
74.66,	-1.1700
75.32,	-1.1900
75.98,	-1.2000
76.65,	-1.2100
77.31,	-1.2300
77.98,	-1.2500
78.64,	-1.2600
79.30,	-1.2700
79.97,	-1.2700
80.63,	-1.2800
81.30,	-1.2800
81.96,	-1.2900
82.62,	-1.2900
83.29,	-1.3000
83.95,	-1.3000
84.61,	-1.3000
85.28,	-1.3100
85.94,	-1.3400
86.60,	-1.3600
87.27,	-1.3700
87.93,	-1.3800
88.59,	-1.3800
89.26,	-1.3800
89.92,	-1.3800
90.58,	-1.3800
91.24,	-1.3700
91.91,	-1.3600
92.57,	-1.3400
93.23,	-1.3400
93.90,	-1.3400
94.56,	-1.3400
95.22,	-1.3400
95.88,	-1.3400
96.55,	-1.3400
97.21,	-1.3400
97.87,	-1.3400
98.53,	-1.3400
99.20,	-1.3400
99.86,	-1.3500
100.52,	-1.3500
101.18,	-1.3500
101.85,	-1.3500
102.51,	-1.3500
103.17,	-1.3500
103.83,	-1.3300
104.49,	-1.3200
105.16,	-1.3100
105.82,	-1.3000
106.48,	-1.2900
107.14,	-1.2900
107.80,	-1.2900
108.47,	-1.2800
109.13,	-1.2800
109.79,	-1.2700
110.45,	-1.2700
111.11,	-1.2600
111.77,	-1.2500
112.44,	-1.2400
113.10,	-1.2300
113.76,	-1.2400
114.42,	-1.2400
115.08,	-1.2400
115.74,	-1.2400
116.40,	-1.2400
117.06,	-1.2400
117.73,	-1.2400
118.39,	-1.2400
119.05,	-1.2500
119.71,	-1.2500
120.37,	-1.2600
121.03,	-1.2600
121.69,	-1.2600
122.35,	-1.2800
123.01,	-1.2800
123.67,	-1.2900
124.33,	-1.2900
125.00,	-1.3000
125.66,	-1.3000
126.32,	-1.3000
126.98,	-1.3000
127.64,	-1.3100
128.30,	-1.3100
128.96,	-1.3000
129.62,	-1.2800
130.28,	-1.2600
130.94,	-1.2500
131.60,	-1.2300
132.26,	-1.2300
132.92,	-1.2200
133.58,	-1.2200
134.24,	-1.2000
134.90,	-1.1800
135.56,	-1.1600
136.22,	-1.1300
136.88,	-1.1000
137.54,	-1.0800
138.20,	-1.0800
138.86,	-1.0700
139.52,	-1.0700
140.18,	-1.0600
140.84,	-1.0400
141.50,	-1.0300
142.16,	-1.0100
142.82,	-1.0000
143.48,	-0.9900
144.14,	-0.9800
144.79,	-0.9800
145.45,	-0.9800
146.11,	-0.9700
146.77,	-0.9600
147.43,	-0.9600
148.09,	-0.9500
148.75,	-0.9200
149.41,	-0.8900
150.07,	-0.8500
150.73,	-0.7900
151.39,	-0.7300
152.04,	-0.6900
152.70,	-0.6700
153.36,	-0.6500
154.02,	-0.6400
154.68,	-0.6200
155.34,	-0.6000
156.00,	-0.5800
156.65,	-0.5300
157.31,	-0.4100
157.97,	-0.3000
158.63,	-0.2400
159.29,	-0.2000
159.95,	-0.1800
160.60,	-0.1500
161.26,	-0.1200
161.92,	-0.0900
162.58,	-0.0700
163.24,	-0.0600
163.90,	-0.0300
164.55,	0.0000
165.21,	0.0300
165.87,	0.0500
166.53,	0.0800
167.18,	0.1100
167.84,	0.1400
168.50,	0.1600
169.16,	0.1800
169.82,	0.2200
170.47,	0.2500
171.13,	0.2700
171.79,	0.2900
172.44,	0.3000
173.10,	0.3100
173.76,	0.3100
174.42,	0.3400
175.07,	0.4200
175.73,	0.4900
176.39,	0.5400
177.05,	0.6200
177.70,	0.7500
178.36,	0.8600
179.02,	0.9300
179.67,	0.9500
180.33,	0.9500
180.99,	0.9600
181.64,	0.9600
182.30,	0.9600
182.96,	0.9700
183.61,	0.9700
184.27,	0.9700
184.93,	1.0000
185.58,	1.0300
186.24,	1.0800
186.90,	1.1300
187.55,	1.1600
188.21,	1.1700
188.87,	1.1900
189.52,	1.2000
190.18,	1.2100
190.83,	1.2300
191.49,	1.2700
192.15,	1.3100
192.80,	1.3300
193.46,	1.3400
194.11,	1.3400
194.77,	1.3400
195.43,	1.3500
196.08,	1.3500
196.74,	1.3500
197.39,	1.3500
198.05,	1.3500
198.70,	1.3500
199.36,	1.3500
200.02,	1.3500
200.67,	1.3500
201.33,	1.3500
201.98,	1.3500
202.64,	1.3500
203.29,	1.3500
203.95,	1.3600
204.60,	1.3600
205.26,	1.3600
205.91,	1.3600
206.57,	1.3700
207.22,	1.3700
207.88,	1.3700
208.53,	1.3800
209.19,	1.3800
209.84,	1.3900
210.50,	1.3900
211.15,	1.4000
211.81,	1.4100
212.46,	1.4100
213.12,	1.4200
213.77,	1.4200
214.43,	1.4400
215.08,	1.4700
215.74,	1.4900
216.39,	1.5000
217.04,	1.5100
217.70,	1.5100
218.35,	1.5200
219.01,	1.5200
219.66,	1.5200
220.32,	1.5300
220.97,	1.5300
221.62,	1.5300
222.28,	1.5300
222.93,	1.5300
223.59,	1.5300
224.24,	1.5300
224.89,	1.5300
225.55,	1.5300
226.20,	1.5300
226.85,	1.5300
227.51,	1.5300
228.16,	1.5300
228.81,	1.5300
229.47,	1.5400
230.12,	1.5400
230.78,	1.5500
231.43,	1.5600
232.08,	1.5700
232.74,	1.5700
233.39,	1.5700
234.04,	1.5700
234.69,	1.5700
235.35,	1.5700
236.00,	1.5700
236.65,	1.5800
237.31,	1.5800
237.96,	1.5800
238.61,	1.5800
239.27,	1.5800
239.92,	1.5900
240.57,	1.5900
241.22,	1.5900
241.88,	1.5900
242.53,	1.6000
243.18,	1.6000
243.83,	1.6000
244.49,	1.6000
245.14,	1.6000
245.79,	1.6000
246.44,	1.6000
247.10,	1.6000
247.75,	1.6000
248.40,	1.6000
249.05,	1.6000
249.70,	1.6100
250.36,	1.6100
251.01,	1.6100
251.66,	1.6100
252.31,	1.6100
252.96,	1.6100
253.62,	1.6200
254.27,	1.6100
254.92,	1.6200
255.57,	1.6100
256.22,	1.6100
256.88,	1.6200
257.53,	1.6200
258.18,	1.6200
258.83,	1.6200
259.48,	1.6200
260.13,	1.6200
260.78,	1.6300
261.44,	1.6300
262.09,	1.6300
262.74,	1.6200
263.39,	1.6200
264.04,	1.6200
264.69,	1.6200
265.34,	1.6200
265.99,	1.6200
266.64,	1.6200
267.29,	1.6200
267.95,	1.6300
268.60,	1.6200
269.25,	1.6300
269.90,	1.6300
270.55,	1.6300
271.20,	1.6300
271.85,	1.6300
272.50,	1.6300
273.15,	1.6300
273.80,	1.6300
274.45,	1.6300
275.10,	1.6300
275.75,	1.6300
276.40,	1.6300
277.05,	1.6300
277.70,	1.6300
278.35,	1.6300
279.00,	1.6400
279.65,	1.6300
280.30,	1.6400
280.95,	1.6400
281.60,	1.6400
282.25,	1.6400
282.90,	1.6400
283.55,	1.6400
284.20,	1.6400
284.85,	1.6300
285.50,	1.6400
286.15,	1.6400
286.80,	1.6400
287.45,	1.6400
288.10,	1.6400
288.75,	1.6400
289.40,	1.6400
290.05,	1.6400
290.70,	1.6400
291.35,	1.6500
292.00,	1.6500
292.64,	1.6500
293.29,	1.6500
293.94,	1.6500
294.59,	1.6500
295.24,	1.6500
295.89,	1.6600
296.54,	1.6700
297.19,	1.6700
297.84,	1.6800
298.49,	1.6800
299.13,	1.6800
299.78,	1.6800
300.43,	1.6800
301.08,	1.6900
301.73,	1.6900
302.38,	1.6900
303.02,	1.6900
303.67,	1.6900
304.32,	1.6900
304.97,	1.6900
305.62,	1.6900
306.27,	1.6900
306.91,	1.6900
307.56,	1.6900
308.21,	1.6900
308.86,	1.6900
309.51,	1.6900
310.15,	1.6900
310.80,	1.7000
311.45,	1.7000
312.10,	1.6900
312.75,	1.7000
313.39,	1.7000
314.04,	1.7000
314.69,	1.7000
315.34,	1.7000
315.98,	1.7000
316.63,	1.7000
317.28,	1.7000
317.93,	1.7000
318.57,	1.7000
319.22,	1.7000
319.87,	1.7000
320.52,	1.7000
321.16,	1.7000
321.81,	1.7000
322.46,	1.7000
323.10,	1.7000
323.75,	1.7000
324.40,	1.7000
325.04,	1.7000
325.69,	1.7000
326.34,	1.7000
326.99,	1.7000
327.63,	1.7000
328.28,	1.7000
328.93,	1.7000
329.57,	1.7000
330.22,	1.7000
330.86,	1.7000
331.51,	1.7000
332.16,	1.7000
332.80,	1.7000
333.45,	1.7000
334.10,	1.7000
334.74,	1.7000
335.39,	1.7000
336.03,	1.7000
336.68,	1.7000
337.33,	1.7000
337.97,	1.7000
338.62,	1.7000
339.26,	1.7000
339.91,	1.7000
340.56,	1.7000
341.20,	1.7000
341.85,	1.7000
342.49,	1.7100
343.14,	1.7100
343.78,	1.7100
344.43,	1.7100
345.08,	1.7100
345.72,	1.7100
346.37,	1.7100
347.01,	1.7100
347.66,	1.7200
348.30,	1.7100
348.95,	1.7100
349.59,	1.7100
350.24,	1.7100
350.88,	1.7100
351.53,	1.7100
352.17,	1.7100
352.82,	1.7100
353.46,	1.7100
354.11,	1.7100
354.75,	1.7100
355.40,	1.7100
356.04,	1.7100
356.69,	1.7100
357.33,	1.7100
357.98,	1.7100
358.62,	1.7100
359.27,	1.7100
359.91,	1.7100
360.55,	1.7100
361.20,	1.7100
361.84,	1.7100
362.49,	1.7100
363.13,	1.7100
363.78,	1.7100
364.42,	1.7000
365.06,	1.7000
365.71,	1.7000
366.35,	1.7000
367.00,	1.7100
367.64,	1.7100
368.28,	1.7000
368.93,	1.7000
369.57,	1.7000
370.22,	1.7100
370.86,	1.7100
371.50,	1.7100
372.15,	1.7000
372.79,	1.7000
373.43,	1.7000
374.08,	1.7000
374.72,	1.7000
375.36,	1.7000
376.01,	1.7000
376.65,	1.7000
377.29,	1.7000
377.94,	1.7000
378.58,	1.7000
379.22,	1.7000
379.87,	1.7000
380.51,	1.7000
381.15,	1.7000
381.79,	1.7000
382.44,	1.7000
383.08,	1.7000
383.72,	1.7000
384.37,	1.7000
385.01,	1.7000
385.65,	1.7000
386.29,	1.6900
386.94,	1.7000
387.58,	1.7000
388.22,	1.7000
388.86,	1.7000
389.51,	1.7000
390.15,	1.7000
390.79,	1.7000
391.43,	1.7000
392.08,	1.6900
392.72,	1.6900
393.36,	1.7000
394.00,	1.6900
394.64,	1.6900
395.29,	1.6900
395.93,	1.6800
396.57,	1.6800
397.21,	1.6800
397.85,	1.6800
398.50,	1.6800
399.14,	1.6800
399.78,	1.6800
400.42,	1.6800
401.06,	1.6800
401.70,	1.6800
402.34,	1.6900
402.99,	1.6800
403.63,	1.6800
404.27,	1.6800
404.91,	1.6800
405.55,	1.6800
406.19,	1.6700
406.83,	1.6700
407.48,	1.6700
408.12,	1.6700
408.76,	1.6700
409.40,	1.6700
410.04,	1.6700
410.68,	1.6700
411.32,	1.6700
411.96,	1.6700
412.60,	1.6700
413.24,	1.6700
413.88,	1.6700
414.52,	1.6700
415.17,	1.6700
415.81,	1.6700
416.45,	1.6700
417.09,	1.6700
417.73,	1.6700
418.37,	1.6700
419.01,	1.6700
419.65,	1.6700
420.29,	1.6700
420.93,	1.6700
421.57,	1.6700
422.21,	1.6700
422.85,	1.6700
423.49,	1.6700
424.13,	1.6700
424.77,	1.6700
425.41,	1.6700
426.05,	1.6700
426.69,	1.6700
427.33,	1.6700
427.97,	1.6700
428.61,	1.6700
429.25,	1.6700
429.89,	1.6700
430.53,	1.6700
431.17,	1.6700
431.80,	1.6600
432.44,	1.6700
433.08,	1.6700
433.72,	1.6700
434.36,	1.6600
435.00,	1.6600
435.64,	1.6600
436.28,	1.6700
436.92,	1.6600
437.56,	1.6600
438.20,	1.6700
438.84,	1.6600
439.47,	1.6700
440.11,	1.6600
440.75,	1.6600
441.39,	1.6600
442.03,	1.6600
442.67,	1.6600
443.31,	1.6600
443.95,	1.6600
444.58,	1.6600
445.22,	1.6600
445.86,	1.6600
446.50,	1.6600
447.14,	1.6600
447.78,	1.6600
448.41,	1.6600
449.05,	1.6600
449.69,	1.6600
450.33,	1.6600
450.97,	1.6600
451.60,	1.6600
452.24,	1.6600
452.88,	1.6600
453.52,	1.6500
454.16,	1.6500
454.79,	1.6500
455.43,	1.6500
456.07,	1.6500
456.71,	1.6600
457.35,	1.6600
457.98,	1.6500
458.62,	1.6500
459.26,	1.6500
459.90,	1.6500
460.53,	1.6500
461.17,	1.6500
461.81,	1.6500
462.44,	1.6500
463.08,	1.6500
463.72,	1.6500
464.36,	1.6500
464.99,	1.6500
465.63,	1.6500
466.27,	1.6500
466.90,	1.6500
467.54,	1.6500
468.18,	1.6500
468.81,	1.6500
469.45,	1.6500
470.09,	1.6500
470.72,	1.6500
471.36,	1.6500
472.00,	1.6500
472.63,	1.6500
473.27,	1.6500
473.91,	1.6500
474.54,	1.6500
475.18,	1.6500
475.82,	1.6500
476.45,	1.6500
477.09,	1.6500
477.73,	1.6500
478.36,	1.6500
479.00,	1.6500
479.63,	1.6500
480.27,	1.6500
480.91,	1.6500
481.54,	1.6500
482.18,	1.6500
482.81,	1.6500
483.45,	1.6500
484.08,	1.6400
484.72,	1.6500
485.36,	1.6500
485.99,	1.6500
486.63,	1.6500
487.26,	1.6500
487.90,	1.6500
488.53,	1.6500
489.17,	1.6500
489.80,	1.6500
490.44,	1.6500
491.07,	1.6500
491.71,	1.6500
492.34,	1.6500
492.98,	1.6500
493.62,	1.6500
494.25,	1.6500
494.89,	1.6500
495.52,	1.6500
496.15,	1.6500
496.79,	1.6500
497.42,	1.6500
498.06,	1.6500
498.69,	1.6500
499.33,	1.6500
499.96,	1.6500
500.60,	1.6500
501.23,	1.6500
501.87,	1.6400
502.50,	1.6400
503.14,	1.6400
503.77,	1.6400
504.40,	1.6400
505.04,	1.6400
505.67,	1.6400
506.31,	1.6400
506.94,	1.6300
507.57,	1.6400
508.21,	1.6400
508.84,	1.6400
509.48,	1.6400
510.11,	1.6400
510.74,	1.6400
511.38,	1.6300
512.01,	1.6300
512.65,	1.6400
513.28,	1.6300
513.91,	1.6300
514.55,	1.6300
515.18,	1.6300
515.81,	1.6300
516.45,	1.6200
517.08,	1.6200
517.71,	1.6200
518.35,	1.6200
518.98,	1.6200
519.61,	1.6200
520.25,	1.6200
520.88,	1.6200
521.51,	1.6200
522.15,	1.6200
522.78,	1.6200
523.41,	1.6200
524.04,	1.6200
524.68,	1.6200
525.31,	1.6200
525.94,	1.6100
526.58,	1.6200
527.21,	1.6200
527.84,	1.6200
528.47,	1.6200
529.11,	1.6200
529.74,	1.6200
530.37,	1.6200
531.00,	1.6200
531.64,	1.6200
532.27,	1.6200
532.90,	1.6100
533.53,	1.6100
534.17,	1.6100
534.80,	1.6100
535.43,	1.6100
536.06,	1.6100
536.69,	1.6100
537.33,	1.6100
537.96,	1.6100
538.59,	1.6100
539.22,	1.6100
539.85,	1.6100
540.48,	1.6100
541.12,	1.6100
541.75,	1.6100
542.38,	1.6100
543.01,	1.6100
543.64,	1.6100
544.27,	1.6100
544.91,	1.6100
545.54,	1.6100
546.17,	1.6100
546.80,	1.6100
547.43,	1.6100
548.06,	1.6100
548.69,	1.6100
549.32,	1.6100
549.95,	1.6100
550.59,	1.6100
551.22,	1.6100
551.85,	1.6000
552.48,	1.6100
553.11,	1.6100
553.74,	1.6000
554.37,	1.6100
555.00,	1.6100
555.63,	1.6100
556.26,	1.6100
556.89,	1.6100
557.52,	1.6100
558.15,	1.6100
558.78,	1.6100
559.42,	1.6100
560.05,	1.6100
560.68,	1.6100
561.31,	1.6100
561.94,	1.6100
562.57,	1.6100
563.20,	1.6100
563.83,	1.6100
564.46,	1.6100
565.09,	1.6100
565.72,	1.6100
566.35,	1.6100
566.98,	1.6100
567.61,	1.6100
568.24,	1.6100
568.87,	1.6100
569.50,	1.6100
570.12,	1.6000
570.75,	1.6000
571.38,	1.6000
572.01,	1.6000
572.64,	1.6000
573.27,	1.6000
573.90,	1.6000
574.53,	1.6000
575.16,	1.6000
575.79,	1.6000
576.42,	1.6000
577.05,	1.6000
577.68,	1.6000
578.31,	1.6000
578.93,	1.6000
579.56,	1.6000
580.19,	1.6000
580.82,	1.6000
581.45,	1.6000
582.08,	1.6000
582.71,	1.5900
583.34,	1.5900
583.97,	1.5900
584.59,	1.5900
585.22,	1.5900
585.85,	1.6000
586.48,	1.6000
587.11,	1.6000
587.74,	1.5900
588.36,	1.5900
588.99,	1.5900
589.62,	1.5900
590.25,	1.5900
590.88,	1.5800
591.50,	1.5800
592.13,	1.5800
592.76,	1.5800
593.39,	1.5900
594.02,	1.5900
594.64,	1.5900
595.27,	1.5900
595.90,	1.5900
596.53,	1.5900
597.16,	1.5900
597.78,	1.5900
598.41,	1.5900
599.04,	1.5900
599.67,	1.5900
600.29,	1.5900
600.92,	1.5900
601.55,	1.5800
602.18,	1.5800
602.80,	1.5900
603.43,	1.5900
604.06,	1.5900
604.68,	1.5900
605.31,	1.5800
605.94,	1.5800
606.57,	1.5900
607.19,	1.5900
607.82,	1.5900
608.45,	1.5900
609.07,	1.5900
609.70,	1.5800
610.33,	1.5800
610.95,	1.5800
611.58,	1.5800
612.21,	1.5800
612.83,	1.5800
613.46,	1.5800
614.09,	1.5800
614.71,	1.5800
615.34,	1.5800
615.97,	1.5800
616.59,	1.5800
617.22,	1.5800
617.84,	1.5800
618.47,	1.5700
619.10,	1.5800
619.72,	1.5800
620.35,	1.5800
620.97,	1.5800
621.60,	1.5700
622.23,	1.5700
622.85,	1.5800
623.48,	1.5700
624.10,	1.5700
624.73,	1.5700
625.35,	1.5700
625.98,	1.5700
626.61,	1.5700
627.23,	1.5700
627.86,	1.5700
628.48,	1.5700
629.11,	1.5700
629.73,	1.5700
630.36,	1.5700
630.98,	1.5700
631.61,	1.5700
632.23,	1.5700
632.86,	1.5700
633.48,	1.5700
634.11,	1.5700
634.73,	1.5600
635.36,	1.5600
635.98,	1.5600
636.61,	1.5600
637.23,	1.5600
637.86,	1.5600
638.48,	1.5600
639.11,	1.5600
639.73,	1.5600
640.36,	1.5600
640.98,	1.5600
641.61,	1.5600
642.23,	1.5600
642.85,	1.5600
643.48,	1.5500
644.10,	1.5500
644.73,	1.5600
645.35,	1.5500
645.98,	1.5500
646.60,	1.5500
647.22,	1.5500
647.85,	1.5400
648.47,	1.5400
649.10,	1.5400
649.72,	1.5400
650.34,	1.5400
650.97,	1.5400
651.59,	1.5400
652.22,	1.5400
652.84,	1.5400
653.46,	1.5400
654.09,	1.5400
654.71,	1.5400
655.33,	1.5400
655.96,	1.5400
656.58,	1.5400
657.20,	1.5400
657.83,	1.5400
658.45,	1.5400
659.07,	1.5400
659.70,	1.5400
660.32,	1.5400
660.94,	1.5300
661.57,	1.5400
662.19,	1.5400
662.81,	1.5400
663.43,	1.5400
664.06,	1.5400
664.68,	1.5400
665.30,	1.5400
665.93,	1.5400
666.55,	1.5400
667.17,	1.5300
667.79,	1.5400
668.42,	1.5400
669.04,	1.5300
669.66,	1.5300
670.28,	1.5300
670.91,	1.5300
671.53,	1.5300
672.15,	1.5300
672.77,	1.5300
673.39,	1.5300
674.02,	1.5300
674.64,	1.5300
675.26,	1.5300
675.88,	1.5300
676.50,	1.5300
677.13,	1.5200
677.75,	1.5200
678.37,	1.5200
678.99,	1.5200
679.61,	1.5200
680.24,	1.5200
680.86,	1.5200
681.48,	1.5200
682.10,	1.5200
682.72,	1.5200
683.34,	1.5200
683.96,	1.5200
684.59,	1.5200
685.21,	1.5200
685.83,	1.5100
686.45,	1.5200
687.07,	1.5200
687.69,	1.5100
688.31,	1.5100
688.93,	1.5100
689.56,	1.5100
690.18,	1.5200
690.80,	1.5100
691.42,	1.5100
692.04,	1.5100
692.66,	1.5100
693.28,	1.5100
693.90,	1.5100
694.52,	1.5100
695.14,	1.5100
695.76,	1.5100
696.38,	1.5100
697.00,	1.5100
697.62,	1.5100
698.25,	1.5100
698.87,	1.5100
699.49,	1.5100
700.11,	1.5000
700.73,	1.5000
701.35,	1.5000
701.97,	1.5000
702.59,	1.5000
703.21,	1.5000
703.83,	1.5000
704.45,	1.5000
705.07,	1.5000
705.69,	1.5000
706.31,	1.5000
706.93,	1.5000
707.55,	1.5000
708.17,	1.5000
708.79,	1.4900
709.40,	1.4900
710.02,	1.5000
710.64,	1.4900
711.26,	1.5000
711.88,	1.5000
712.50,	1.5000
713.12,	1.4900
713.74,	1.4900
714.36,	1.5000
714.98,	1.4900
715.60,	1.5000
716.22,	1.4900
716.84,	1.4900
717.45,	1.4900
718.07,	1.4900
718.69,	1.4900
719.31,	1.4900
719.93,	1.4900
720.55,	1.4900
721.17,	1.4900
721.79,	1.4900
722.41,	1.4900
723.02,	1.4900
723.64,	1.4900
724.26,	1.4900
724.88,	1.4900
725.50,	1.4900
726.12,	1.4900
726.73,	1.4900
727.35,	1.4900
727.97,	1.4900
728.59,	1.4900
729.21,	1.4900
729.83,	1.4900
730.44,	1.4900
731.06,	1.4900
731.68,	1.4900
732.30,	1.4900
732.92,	1.4900
733.53,	1.4900
734.15,	1.4900
734.77,	1.4900
735.39,	1.4900
736.00,	1.4800
736.62,	1.4800
737.24,	1.4900
737.86,	1.4900
738.47,	1.4800
739.09,	1.4900
739.71,	1.4800
740.33,	1.4800
740.94,	1.4800
741.56,	1.4800
742.18,	1.4800
742.79,	1.4800
743.41,	1.4800
744.03,	1.4800
744.65,	1.4800
745.26,	1.4800
745.88,	1.4800
746.50,	1.4800
747.11,	1.4800
747.73,	1.4700
748.35,	1.4800
748.96,	1.4800
749.58,	1.4800
750.20,	1.4800
750.81,	1.4700
751.43,	1.4700
752.05,	1.4700
752.66,	1.4700
753.28,	1.4800
753.90,	1.4800
754.51,	1.4800
755.13,	1.4800
755.74,	1.4700
756.36,	1.4700
756.98,	1.4700
757.59,	1.4800
758.21,	1.4700
758.82,	1.4800
759.44,	1.4800
760.06,	1.4800
760.67,	1.4800
761.29,	1.4800
761.90,	1.4700
762.52,	1.4700
763.14,	1.4700
763.75,	1.4700
764.37,	1.4700
764.98,	1.4700
765.60,	1.4700
766.21,	1.4700
766.83,	1.4700
767.44,	1.4700
768.06,	1.4700
768.67,	1.4700
769.29,	1.4700
769.90,	1.4700
770.52,	1.4700
771.14,	1.4700
771.75,	1.4700
772.37,	1.4700
772.98,	1.4700
773.59,	1.4700
774.21,	1.4700
774.82,	1.4700
775.44,	1.4700
776.05,	1.4700
776.67,	1.4700
777.28,	1.4700
777.90,	1.4600
778.51,	1.4600
779.13,	1.4600
779.74,	1.4600
780.36,	1.4600
780.97,	1.4600
781.58,	1.4600
782.20,	1.4600
782.81,	1.4500
783.43,	1.4500
784.04,	1.4500
784.66,	1.4500
785.27,	1.4500
785.88,	1.4400
786.50,	1.4400
787.11,	1.4400
787.73,	1.4400
788.34,	1.4400
788.95,	1.4400
789.57,	1.4400
790.18,	1.4400
790.79,	1.4400
791.41,	1.4400
792.02,	1.4400
792.63,	1.4400
793.25,	1.4300
793.86,	1.4300
794.47,	1.4300
795.09,	1.4300
795.70,	1.4300
796.31,	1.4300
796.93,	1.4300
797.54,	1.4300
798.15,	1.4300
798.77,	1.4300
799.38,	1.4300
799.99,	1.4200
800.61,	1.4200
801.22,	1.4200
801.83,	1.4200
802.44,	1.4100
803.06,	1.4100
803.67,	1.4100
804.28,	1.4000
804.90,	1.4000
805.51,	1.4000
806.12,	1.4000
806.73,	1.3900
807.34,	1.4000
807.96,	1.4000
808.57,	1.4000
809.18,	1.3900
809.79,	1.3900
810.41,	1.3900
811.02,	1.3900
811.63,	1.3900
812.24,	1.3900
812.85,	1.3800
813.47,	1.3800
814.08,	1.3900
814.69,	1.3900
815.30,	1.3800
815.91,	1.3800
816.53,	1.3800
817.14,	1.3800
817.75,	1.3800
818.36,	1.3800
818.97,	1.3800
819.58,	1.3800
820.20,	1.3700
820.81,	1.3800
821.42,	1.3700
822.03,	1.3700
822.64,	1.3700
823.25,	1.3700
823.86,	1.3700
824.47,	1.3700
825.09,	1.3700
825.70,	1.3700
826.31,	1.3700
826.92,	1.3700
827.53,	1.3700
828.14,	1.3700
828.75,	1.3700
829.36,	1.3700
829.97,	1.3700
830.58,	1.3700
831.19,	1.3700
831.80,	1.3700
832.42,	1.3600
833.03,	1.3600
833.64,	1.3600
834.25,	1.3600
834.86,	1.3600
835.47,	1.3600
836.08,	1.3600
836.69,	1.3600
837.30,	1.3600
837.91,	1.3600
838.52,	1.3600
839.13,	1.3600
839.74,	1.3500
840.35,	1.3500
840.96,	1.3500
841.57,	1.3600
842.18,	1.3600
842.79,	1.3500
843.40,	1.3600
844.01,	1.3500
844.62,	1.3500
845.23,	1.3500
845.84,	1.3500
846.45,	1.3500
847.06,	1.3600
847.67,	1.3500
848.27,	1.3500
848.88,	1.3500
849.49,	1.3500
850.10,	1.3500
850.71,	1.3500
851.32,	1.3500
851.93,	1.3400
852.54,	1.3400
853.15,	1.3400
853.76,	1.3400
854.37,	1.3400
854.98,	1.3300
855.58,	1.3400
856.19,	1.3300
856.80,	1.3300
857.41,	1.3300
858.02,	1.3300
858.63,	1.3300
859.24,	1.3300
859.85,	1.3300
860.45,	1.3400
861.06,	1.3400
861.67,	1.3300
862.28,	1.3300
862.89,	1.3300
863.50,	1.3300
864.10,	1.3300
864.71,	1.3300
865.32,	1.3300
865.93,	1.3300
866.54,	1.3300
867.14,	1.3300
867.75,	1.3300
868.36,	1.3300
868.97,	1.3300
869.58,	1.3300
870.18,	1.3300
870.79,	1.3300
871.40,	1.3300
872.01,	1.3300
872.61,	1.3300
873.22,	1.3300
873.83,	1.3300
874.44,	1.3300
875.04,	1.3300
875.65,	1.3300
876.26,	1.3300
876.87,	1.3300
877.47,	1.3300
878.08,	1.3300
878.69,	1.3300
879.29,	1.3200
879.90,	1.3200
880.51,	1.3200
881.12,	1.3200
881.72,	1.3200
882.33,	1.3200
882.94,	1.3200
883.54,	1.3100
884.15,	1.3100
884.76,	1.3100
885.36,	1.3100
885.97,	1.3100
886.58,	1.3000
887.18,	1.2900
887.79,	1.2900
888.40,	1.2900
889.00,	1.2800
889.61,	1.2800
890.22,	1.2700
890.82,	1.2700
891.43,	1.2700
892.03,	1.2700
892.64,	1.2700
893.25,	1.2700
893.85,	1.2700
894.46,	1.3000
895.06,	1.3000
895.67,	1.3000
896.28,	1.3000
896.88,	1.2900
897.49,	1.2900
898.09,	1.2900
898.70,	1.3000
899.30,	1.2900
899.91,	1.2900
900.52,	1.2900
901.12,	1.2900
901.73,	1.2900
902.33,	1.2900
902.94,	1.2900
903.54,	1.2900
904.15,	1.2900
904.75,	1.2900
905.36,	1.2800
905.96,	1.2800
906.57,	1.2800
907.17,	1.2800
907.78,	1.2700
908.38,	1.2700
908.99,	1.2700
909.59,	1.2700
910.20,	1.2700
910.80,	1.2600
911.41,	1.2600
912.01,	1.2600
912.62,	1.2600
913.22,	1.2600
913.83,	1.2600
914.43,	1.2600
915.03,	1.2600
915.64,	1.2600
916.24,	1.2600
916.85,	1.2600
917.45,	1.2600
918.06,	1.2600
918.66,	1.2600
919.26,	1.2600
919.87,	1.2600
920.47,	1.2600
921.08,	1.2600
921.68,	1.2600
922.28,	1.2600
922.89,	1.3100
923.49,	1.7600
924.10,	3.5100
924.70,	7.0400
925.30,	11.1600
925.91,	13.7200
926.51,	14.9700
927.11,	15.8300
927.72,	16.5400
928.32,	17.1800
928.92,	17.7700
929.53,	18.3200
930.13,	18.8300
930.74,	19.3100
931.34,	19.7600
931.94,	20.1900
932.54,	20.5900
933.15,	20.9700
933.75,	21.3200
934.35,	21.6600
934.96,	22.0000
935.56,	22.3100
936.16,	22.6100
936.77,	22.9500
937.37,	27.6100
937.97,	35.5000
938.57,	35.5000
939.18,	35.5000
939.78,	35.5000
940.38,	35.5000
940.98,	35.5000
941.59,	35.5000
942.19,	35.5000
942.79,	35.5000
943.39,	35.5000
944.00,	35.5000
944.60,	35.5000
945.20,	35.5000
945.80,	35.5000
946.40,	35.5000
947.01,	35.5000
947.61,	35.5000
948.21,	35.5000
948.81,	35.5000
949.41,	35.5000
950.02,	35.5000
950.62,	35.5000
951.22,	35.5000
951.82,	35.5000
952.42,	35.5000
953.02,	35.5000
953.63,	35.5000
954.23,	35.5000
954.83,	35.5000
955.43,	-2.5200
956.03,	-2.5200
956.63,	-2.5200
957.24,	-2.5200
957.84,	-2.5200
958.44,	-2.5200
959.04,	-2.5200
959.64,	-2.5200
960.24,	-2.5200
960.84,	-2.5200
961.44,	-2.5200
962.04,	-2.5200
962.64,	-2.5200
963.25,	-2.5200
963.85,	-2.5200
964.45,	-2.5200
965.05,	-2.5200
965.65,	-2.5200
966.25,	-2.5200
966.85,	-2.5200
967.45,	-2.5200
968.05,	-2.5200
968.65,	-2.5200
969.25,	-2.5200
969.85,	-2.5200
970.45,	-2.5200
971.05,	-2.5200
971.65,	-2.5200
972.25,	-2.5200
972.85,	-2.5200
973.45,	-2.5200
974.05,	-2.5200
974.65,	-2.5200
975.25,	-2.5200
975.85,	-2.5200
976.45,	-2.5200
977.05,	-2.5200
977.65,	-2.5200
978.25,	-2.5200
978.85,	-2.5200
979.45,	-2.5200
980.05,	-2.5200
980.65,	-2.5200
981.25,	-2.5200
981.85,	-2.5200
982.45,	-2.5200
983.05,	-2.5200
983.65,	-2.5200
984.25,	-2.5200
984.85,	-2.5200
985.45,	-2.5200
986.04,	-2.5200
986.64,	-2.5200
987.24,	-2.5200
987.84,	-2.5200
988.44,	-2.5200
989.04,	-2.5200
989.64,	-2.5200
990.24,	-2.5200
990.84,	-2.5200
991.44,	-2.5200
992.03,	-2.5200
992.63,	-2.5200
993.23,	-2.5200
993.83,	-2.5200
994.43,	-2.5200
995.03,	-2.5200
995.63,	-2.5200
996.22,	-2.5200
996.82,	-2.5200
997.42,	-2.5200
998.02,	-2.5200
998.62,	-2.5200
999.21,	-2.5200
999.81,	-2.5200
1000.41,	-2.5200
