Call Sign = ZSDA,	Ship Name = SA Agulhas,	Lloyds Num = 0
Date = 12/03/2016,	Time = 18:01,	
Latitude = 43 26.99  S,	Longitude = 008 21.09  E
Instr = Sippican Deep Blue,	Card Type = Sippican MK-21,	
Wind Instr = ,	Measur Method = 
Probe Serial Num = -1,	Ship Dir = -1,	Ship Speed = -1.00
Wind Dir = 271,	Wind Speed = 36.90
Dry Bulb Temp = 6.80,	Total Water Depth = -1.00

Full Resolution Values
Depth,	 Temp
0.67,	8.9900
1.34,	8.7400
2.01,	8.7000
2.68,	8.7400
3.34,	8.7500
4.01,	8.7500
4.68,	8.7500
5.35,	8.7400
6.02,	8.7400
6.69,	8.7400
7.36,	8.7400
8.03,	8.7300
8.69,	8.7300
9.36,	8.7200
10.03,	8.7200
10.70,	8.7300
11.37,	8.7200
12.04,	8.7200
12.70,	8.7300
13.37,	8.7200
14.04,	8.7200
14.71,	8.7300
15.38,	8.7200
16.05,	8.7300
16.71,	8.7300
17.38,	8.7300
18.05,	8.7200
18.72,	8.7300
19.38,	8.7300
20.05,	8.7200
20.72,	8.7200
21.39,	8.7300
22.06,	8.7300
22.72,	8.7300
23.39,	8.7200
24.06,	8.7200
24.73,	8.7100
25.39,	8.7200
26.06,	8.7200
26.73,	8.7200
27.40,	8.7200
28.06,	8.7200
28.73,	8.7100
29.40,	8.7200
30.06,	8.7300
30.73,	8.7200
31.40,	8.7100
32.06,	8.7100
32.73,	8.7100
33.40,	8.7100
34.07,	8.7100
34.73,	8.7200
35.40,	8.7100
36.07,	8.7100
36.73,	8.7100
37.40,	8.7100
38.07,	8.7100
38.73,	8.7100
39.40,	8.7100
40.06,	8.7100
40.73,	8.7100
41.40,	8.7100
42.06,	8.7100
42.73,	8.7100
43.40,	8.7200
44.06,	8.7200
44.73,	8.7200
45.39,	8.7200
46.06,	8.7200
46.73,	8.7200
47.39,	8.7300
48.06,	8.7300
48.72,	8.7400
49.39,	8.7300
50.06,	8.7200
50.72,	8.7000
51.39,	8.6700
52.05,	8.6600
52.72,	8.6400
53.38,	8.6200
54.05,	8.6100
54.71,	8.5900
55.38,	8.5700
56.05,	8.5700
56.71,	8.5600
57.38,	8.5400
58.04,	8.5200
58.71,	8.4900
59.37,	8.4600
60.04,	8.4500
60.70,	8.4100
61.37,	8.3500
62.03,	8.3300
62.70,	8.3100
63.36,	8.2900
64.03,	8.2600
64.69,	8.2500
65.36,	8.2200
66.02,	8.2100
66.69,	8.1900
67.35,	8.1700
68.01,	8.1500
68.68,	8.1300
69.34,	8.1000
70.01,	8.0700
70.67,	8.0600
71.34,	8.0500
72.00,	8.0400
72.66,	8.0300
73.33,	8.0200
73.99,	8.0200
74.66,	8.0100
75.32,	8.0100
75.98,	8.0000
76.65,	7.9900
77.31,	7.9900
77.98,	7.9900
78.64,	7.9900
79.30,	7.9900
79.97,	7.9900
80.63,	7.9900
81.30,	7.9700
81.96,	7.9700
82.62,	7.9600
83.29,	7.9500
83.95,	7.9200
84.61,	7.9100
85.28,	7.8900
85.94,	7.8800
86.60,	7.8800
87.27,	7.8700
87.93,	7.8600
88.59,	7.8600
89.26,	7.8400
89.92,	7.8200
90.58,	7.8200
91.24,	7.8100
91.91,	7.8000
92.57,	7.7900
93.23,	7.7700
93.90,	7.7700
94.56,	7.7700
95.22,	7.7700
95.88,	7.7600
96.55,	7.7500
97.21,	7.7500
97.87,	7.7500
98.53,	7.7500
99.20,	7.7500
99.86,	7.7500
100.52,	7.7500
101.18,	7.7500
101.85,	7.7500
102.51,	7.7400
103.17,	7.7200
103.83,	7.7200
104.49,	7.7100
105.16,	7.7000
105.82,	7.6900
106.48,	7.6900
107.14,	7.7000
107.80,	7.6900
108.47,	7.6900
109.13,	7.6800
109.79,	7.6800
110.45,	7.6900
111.11,	7.6800
111.77,	7.6700
112.44,	7.6600
113.10,	7.6600
113.76,	7.6500
114.42,	7.6400
115.08,	7.6400
115.74,	7.6300
116.40,	7.6200
117.06,	7.6200
117.73,	7.6200
118.39,	7.6100
119.05,	7.5800
119.71,	7.5800
120.37,	7.5900
121.03,	7.5800
121.69,	7.5900
122.35,	7.5800
123.01,	7.5800
123.67,	7.5700
124.33,	7.5700
125.00,	7.5600
125.66,	7.5600
126.32,	7.5600
126.98,	7.5400
127.64,	7.5200
128.30,	7.4900
128.96,	7.4800
129.62,	7.4700
130.28,	7.4800
130.94,	7.4800
131.60,	7.4800
132.26,	7.4700
132.92,	7.4600
133.58,	7.4400
134.24,	7.4300
134.90,	7.4300
135.56,	7.4200
136.22,	7.4100
136.88,	7.4100
137.54,	7.4100
138.20,	7.4100
138.86,	7.4100
139.52,	7.4100
140.18,	7.4100
140.84,	7.4100
141.50,	7.4100
142.16,	7.4100
142.82,	7.4100
143.48,	7.4100
144.14,	7.4000
144.79,	7.4000
145.45,	7.4000
146.11,	7.3900
146.77,	7.3900
147.43,	7.3900
148.09,	7.3900
148.75,	7.3900
149.41,	7.3800
150.07,	7.3800
150.73,	7.3700
151.39,	7.3700
152.04,	7.3700
152.70,	7.3700
153.36,	7.3700
154.02,	7.3500
154.68,	7.3400
155.34,	7.3200
156.00,	7.3100
156.65,	7.3100
157.31,	7.3000
157.97,	7.3000
158.63,	7.2900
159.29,	7.2800
159.95,	7.2800
160.60,	7.2800
161.26,	7.2700
161.92,	7.2800
162.58,	7.2700
163.24,	7.2600
163.90,	7.2500
164.55,	7.2500
165.21,	7.2500
165.87,	7.2400
166.53,	7.2400
167.18,	7.2300
167.84,	7.2400
168.50,	7.2400
169.16,	7.2300
169.82,	7.2100
170.47,	7.2000
171.13,	7.2000
171.79,	7.1800
172.44,	7.1800
173.10,	7.1600
173.76,	7.1500
174.42,	7.1300
175.07,	7.1100
175.73,	7.1000
176.39,	7.1000
177.05,	7.0800
177.70,	7.0600
178.36,	7.0500
179.02,	7.0400
179.67,	7.0400
180.33,	7.0400
180.99,	7.0200
181.64,	7.0000
182.30,	6.9800
182.96,	6.9700
183.61,	6.9500
184.27,	6.9000
184.93,	6.8800
185.58,	6.8800
186.24,	6.8700
186.90,	6.8600
187.55,	6.8700
188.21,	6.8700
188.87,	6.9000
189.52,	6.9300
190.18,	6.9500
190.83,	6.9700
191.49,	6.9700
192.15,	6.9700
192.80,	6.9500
193.46,	6.9400
194.11,	6.9200
194.77,	6.9200
195.43,	6.9000
196.08,	6.9000
196.74,	6.8800
197.39,	6.8700
198.05,	6.8700
198.70,	6.8700
199.36,	6.8400
200.02,	6.8100
200.67,	6.7600
201.33,	6.6900
201.98,	6.6400
202.64,	6.6200
203.29,	6.6100
203.95,	6.6000
204.60,	6.5800
205.26,	6.5800
205.91,	6.5600
206.57,	6.5500
207.22,	6.5300
207.88,	6.5200
208.53,	6.5200
209.19,	6.5100
209.84,	6.5000
210.50,	6.4900
211.15,	6.4900
211.81,	6.4700
212.46,	6.4600
213.12,	6.4400
213.77,	6.4100
214.43,	6.4100
215.08,	6.4000
215.74,	6.3900
216.39,	6.3700
217.04,	6.3500
217.70,	6.3500
218.35,	6.3300
219.01,	6.3100
219.66,	6.3100
220.32,	6.2900
220.97,	6.2900
221.62,	6.2800
222.28,	6.2900
222.93,	6.3000
223.59,	6.3500
224.24,	6.3900
224.89,	6.4000
225.55,	6.4200
226.20,	6.4300
226.85,	6.4300
227.51,	6.4200
228.16,	6.4200
228.81,	6.4200
229.47,	6.4200
230.12,	6.4200
230.78,	6.4300
231.43,	6.4300
232.08,	6.4400
232.74,	6.4400
233.39,	6.4400
234.04,	6.4400
234.69,	6.4400
235.35,	6.4400
236.00,	6.4400
236.65,	6.4400
237.31,	6.4500
237.96,	6.4500
238.61,	6.4500
239.27,	6.4500
239.92,	6.4500
240.57,	6.4500
241.22,	6.4400
241.88,	6.4300
242.53,	6.4300
243.18,	6.4200
243.83,	6.4000
244.49,	6.4000
245.14,	6.3800
245.79,	6.3600
246.44,	6.3500
247.10,	6.3400
247.75,	6.3200
248.40,	6.2900
249.05,	6.2900
249.70,	6.2900
250.36,	6.2800
251.01,	6.2700
251.66,	6.2800
252.31,	6.2800
252.96,	6.2700
253.62,	6.2600
254.27,	6.2500
254.92,	6.2400
255.57,	6.2300
256.22,	6.2300
256.88,	6.2400
257.53,	6.2300
258.18,	6.2200
258.83,	6.2200
259.48,	6.2000
260.13,	6.2100
260.78,	6.2000
261.44,	6.1800
262.09,	6.1800
262.74,	6.1800
263.39,	6.1800
264.04,	6.1700
264.69,	6.1700
265.34,	6.1700
265.99,	6.1600
266.64,	6.1600
267.29,	6.1600
267.95,	6.1700
268.60,	6.1800
269.25,	6.1900
269.90,	6.1900
270.55,	6.1900
271.20,	6.1900
271.85,	6.2000
272.50,	6.2100
273.15,	6.2200
273.80,	6.2200
274.45,	6.2200
275.10,	6.2200
275.75,	6.2200
276.40,	6.2100
277.05,	6.2100
277.70,	6.2200
278.35,	6.2100
279.00,	6.2000
279.65,	6.1900
280.30,	6.1900
280.95,	6.1900
281.60,	6.1800
282.25,	6.1800
282.90,	6.1800
283.55,	6.1800
284.20,	6.1800
284.85,	6.1700
285.50,	6.1700
286.15,	6.1600
286.80,	6.1400
287.45,	6.1400
288.10,	6.1400
288.75,	6.1300
289.40,	6.1200
290.05,	6.1000
290.70,	6.1000
291.35,	6.0900
292.00,	6.0800
292.64,	6.0800
293.29,	6.0800
293.94,	6.0800
294.59,	6.0700
295.24,	6.0600
295.89,	6.0600
296.54,	6.0500
297.19,	6.0400
297.84,	6.0400
298.49,	6.0300
299.13,	6.0300
299.78,	6.0200
300.43,	6.0200
301.08,	6.0200
301.73,	6.0100
302.38,	6.0100
303.02,	5.9900
303.67,	5.9700
304.32,	5.9600
304.97,	5.9600
305.62,	5.9600
306.27,	5.9500
306.91,	5.9500
307.56,	5.9500
308.21,	5.9700
308.86,	5.9700
309.51,	5.9700
310.15,	5.9600
310.80,	5.9600
311.45,	5.9600
312.10,	5.9500
312.75,	5.9500
313.39,	5.9500
314.04,	5.9300
314.69,	5.9300
315.34,	5.9300
315.98,	5.9300
316.63,	5.9200
317.28,	5.9100
317.93,	5.9000
318.57,	5.8900
319.22,	5.8700
319.87,	5.8600
320.52,	5.8500
321.16,	5.8400
321.81,	5.8400
322.46,	5.8200
323.10,	5.8000
323.75,	5.8000
324.40,	5.7800
325.04,	5.7600
325.69,	5.7500
326.34,	5.7300
326.99,	5.7300
327.63,	5.7200
328.28,	5.7000
328.93,	5.6800
329.57,	5.6700
330.22,	5.6600
330.86,	5.6600
331.51,	5.6500
332.16,	5.6500
332.80,	5.6300
333.45,	5.6300
334.10,	5.6200
334.74,	5.6000
335.39,	5.5700
336.03,	5.5500
336.68,	5.5600
337.33,	5.5500
337.97,	5.5500
338.62,	5.5500
339.26,	5.5500
339.91,	5.5500
340.56,	5.5400
341.20,	5.5500
341.85,	5.5400
342.49,	5.5400
343.14,	5.5400
343.78,	5.5300
344.43,	5.5200
345.08,	5.5000
345.72,	5.4900
346.37,	5.4700
347.01,	5.4600
347.66,	5.4600
348.30,	5.4500
348.95,	5.4400
349.59,	5.4300
350.24,	5.4000
350.88,	5.3800
351.53,	5.3700
352.17,	5.3600
352.82,	5.3600
353.46,	5.3600
354.11,	5.3500
354.75,	5.3400
355.40,	5.3400
356.04,	5.3400
356.69,	5.3400
357.33,	5.3400
357.98,	5.3400
358.62,	5.3300
359.27,	5.3300
359.91,	5.3400
360.55,	5.3400
361.20,	5.3700
361.84,	5.3900
362.49,	5.3800
363.13,	5.3800
363.78,	5.3700
364.42,	5.3800
365.06,	5.3700
365.71,	5.3700
366.35,	5.3700
367.00,	5.3700
367.64,	5.3600
368.28,	5.3600
368.93,	5.3500
369.57,	5.3500
370.22,	5.3500
370.86,	5.3400
371.50,	5.3400
372.15,	5.3400
372.79,	5.3300
373.43,	5.3300
374.08,	5.3200
374.72,	5.3100
375.36,	5.3200
376.01,	5.3200
376.65,	5.3200
377.29,	5.3200
377.94,	5.3100
378.58,	5.3000
379.22,	5.3000
379.87,	5.2900
380.51,	5.3000
381.15,	5.3100
381.79,	5.3000
382.44,	5.3000
383.08,	5.3000
383.72,	5.3000
384.37,	5.3000
385.01,	5.3000
385.65,	5.3000
386.29,	5.3000
386.94,	5.3000
387.58,	5.3100
388.22,	5.3100
388.86,	5.3000
389.51,	5.3100
390.15,	5.3200
390.79,	5.3200
391.43,	5.3200
392.08,	5.3100
392.72,	5.3000
393.36,	5.3000
394.00,	5.3000
394.64,	5.2900
395.29,	5.2800
395.93,	5.2700
396.57,	5.2700
397.21,	5.2600
397.85,	5.2600
398.50,	5.2600
399.14,	5.2500
399.78,	5.2400
400.42,	5.2300
401.06,	5.2300
401.70,	5.2400
402.34,	5.2300
402.99,	5.2200
403.63,	5.2300
404.27,	5.2200
404.91,	5.2200
405.55,	5.2100
406.19,	5.2000
406.83,	5.2000
407.48,	5.2000
408.12,	5.1900
408.76,	5.1900
409.40,	5.1800
410.04,	5.1500
410.68,	5.1300
411.32,	5.1200
411.96,	5.1100
412.60,	5.1000
413.24,	5.0900
413.88,	5.0800
414.52,	5.0800
415.17,	5.0800
415.81,	5.0800
416.45,	5.0800
417.09,	5.0800
417.73,	5.0800
418.37,	5.0800
419.01,	5.0900
419.65,	5.0900
420.29,	5.0900
420.93,	5.0900
421.57,	5.0700
422.21,	5.0600
422.85,	5.0600
423.49,	5.0600
424.13,	5.0500
424.77,	5.0600
425.41,	5.0500
426.05,	5.0600
426.69,	5.0600
427.33,	5.0500
427.97,	5.0500
428.61,	5.0600
429.25,	5.0600
429.89,	5.0500
430.53,	5.0500
431.17,	5.0400
431.80,	5.0500
432.44,	5.0400
433.08,	5.0400
433.72,	5.0400
434.36,	5.0400
435.00,	5.0400
435.64,	5.0400
436.28,	5.0400
436.92,	5.0400
437.56,	5.0400
438.20,	5.0300
438.84,	5.0300
439.47,	5.0300
440.11,	5.0300
440.75,	5.0300
441.39,	5.0300
442.03,	5.0200
442.67,	5.0100
443.31,	5.0000
443.95,	5.0000
444.58,	4.9900
445.22,	4.9800
445.86,	4.9700
446.50,	4.9700
447.14,	4.9700
447.78,	4.9600
448.41,	4.9600
449.05,	4.9500
449.69,	4.9400
450.33,	4.9400
450.97,	4.9300
451.60,	4.9300
452.24,	4.9300
452.88,	4.9200
453.52,	4.9200
454.16,	4.9200
454.79,	4.9200
455.43,	4.9200
456.07,	4.9100
456.71,	4.9100
457.35,	4.9100
457.98,	4.9000
458.62,	4.8900
459.26,	4.8900
459.90,	4.8900
460.53,	4.8900
461.17,	4.8900
461.81,	4.8800
462.44,	4.8800
463.08,	4.8800
463.72,	4.8800
464.36,	4.8700
464.99,	4.8700
465.63,	4.8700
466.27,	4.8700
466.90,	4.8700
467.54,	4.8600
468.18,	4.8500
468.81,	4.8400
469.45,	4.8400
470.09,	4.8400
470.72,	4.8400
471.36,	4.8300
472.00,	4.8200
472.63,	4.8100
473.27,	4.8200
473.91,	4.8200
474.54,	4.8200
475.18,	4.8100
475.82,	4.8100
476.45,	4.8000
477.09,	4.8000
477.73,	4.8000
478.36,	4.8000
479.00,	4.7900
479.63,	4.7900
480.27,	4.7900
480.91,	4.7900
481.54,	4.7900
482.18,	4.7900
482.81,	4.7900
483.45,	4.7900
484.08,	4.7800
484.72,	4.7800
485.36,	4.7800
485.99,	4.7700
486.63,	4.7700
487.26,	4.7700
487.90,	4.7600
488.53,	4.7600
489.17,	4.7600
489.80,	4.7600
490.44,	4.7500
491.07,	4.7500
491.71,	4.7400
492.34,	4.7400
492.98,	4.7400
493.62,	4.7200
494.25,	4.7100
494.89,	4.7200
495.52,	4.7100
496.15,	4.7100
496.79,	4.7200
497.42,	4.7100
498.06,	4.7100
498.69,	4.7100
499.33,	4.7100
499.96,	4.7200
500.60,	4.7100
501.23,	4.7100
501.87,	4.7100
502.50,	4.7000
503.14,	4.7000
503.77,	4.6900
504.40,	4.6900
505.04,	4.6900
505.67,	4.6900
506.31,	4.6900
506.94,	4.6900
507.57,	4.6800
508.21,	4.6800
508.84,	4.6800
509.48,	4.6800
510.11,	4.6800
510.74,	4.6800
511.38,	4.6800
512.01,	4.6800
512.65,	4.6800
513.28,	4.6700
513.91,	4.6700
514.55,	4.6600
515.18,	4.6600
515.81,	4.6600
516.45,	4.6500
517.08,	4.6500
517.71,	4.6600
518.35,	4.6500
518.98,	4.6500
519.61,	4.6500
520.25,	4.6500
520.88,	4.6400
521.51,	4.6400
522.15,	4.6300
522.78,	4.6300
523.41,	4.6300
524.04,	4.6400
524.68,	4.6400
525.31,	4.6400
525.94,	4.6300
526.58,	4.6300
527.21,	4.6400
527.84,	4.6300
528.47,	4.6300
529.11,	4.6300
529.74,	4.6300
530.37,	4.6200
531.00,	4.6100
531.64,	4.6000
532.27,	4.5800
532.90,	4.5800
533.53,	4.5800
534.17,	4.5700
534.80,	4.5700
535.43,	4.5700
536.06,	4.5700
536.69,	4.5600
537.33,	4.5500
537.96,	4.5400
538.59,	4.5400
539.22,	4.5300
539.85,	4.5200
540.48,	4.5200
541.12,	4.5100
541.75,	4.5000
542.38,	4.4900
543.01,	4.4800
543.64,	4.4800
544.27,	4.4800
544.91,	4.4800
545.54,	4.4800
546.17,	4.4800
546.80,	4.4800
547.43,	4.4800
548.06,	4.4700
548.69,	4.4500
549.32,	4.4600
549.95,	4.4500
550.59,	4.4300
551.22,	4.4100
551.85,	4.4100
552.48,	4.4000
553.11,	4.4000
553.74,	4.4000
554.37,	4.4000
555.00,	4.3900
555.63,	4.3800
556.26,	4.3700
556.89,	4.3700
557.52,	4.3800
558.15,	4.3700
558.78,	4.3700
559.42,	4.3700
560.05,	4.3600
560.68,	4.3500
561.31,	4.3400
561.94,	4.3400
562.57,	4.3300
563.20,	4.3300
563.83,	4.3300
564.46,	4.3200
565.09,	4.3200
565.72,	4.3200
566.35,	4.3100
566.98,	4.3100
567.61,	4.3000
568.24,	4.3000
568.87,	4.2800
569.50,	4.2800
570.12,	4.2800
570.75,	4.2800
571.38,	4.2800
572.01,	4.2700
572.64,	4.2700
573.27,	4.2600
573.90,	4.2600
574.53,	4.2600
575.16,	4.2600
575.79,	4.2700
576.42,	4.2600
577.05,	4.2600
577.68,	4.2600
578.31,	4.2600
578.93,	4.2600
579.56,	4.2600
580.19,	4.2600
580.82,	4.2600
581.45,	4.2600
582.08,	4.2600
582.71,	4.2500
583.34,	4.2500
583.97,	4.2500
584.59,	4.2500
585.22,	4.2500
585.85,	4.2400
586.48,	4.2400
587.11,	4.2300
587.74,	4.2200
588.36,	4.2200
588.99,	4.2100
589.62,	4.2100
590.25,	4.2000
590.88,	4.2100
591.50,	4.2000
592.13,	4.1900
592.76,	4.1900
593.39,	4.1900
594.02,	4.1900
594.64,	4.1800
595.27,	4.1800
595.90,	4.1800
596.53,	4.1800
597.16,	4.1800
597.78,	4.1800
598.41,	4.1800
599.04,	4.1700
599.67,	4.1600
600.29,	4.1600
600.92,	4.1600
601.55,	4.1600
602.18,	4.1500
602.80,	4.1500
603.43,	4.1500
604.06,	4.1500
604.68,	4.1500
605.31,	4.1500
605.94,	4.1400
606.57,	4.1500
607.19,	4.1500
607.82,	4.1400
608.45,	4.1400
609.07,	4.1400
609.70,	4.1400
610.33,	4.1400
610.95,	4.1400
611.58,	4.1400
612.21,	4.1300
612.83,	4.1300
613.46,	4.1300
614.09,	4.1200
614.71,	4.1200
615.34,	4.1100
615.97,	4.1100
616.59,	4.1100
617.22,	4.1100
617.84,	4.1000
618.47,	4.1000
619.10,	4.1100
619.72,	4.1100
620.35,	4.1000
620.97,	4.0900
621.60,	4.0900
622.23,	4.0900
622.85,	4.0800
623.48,	4.0800
624.10,	4.0700
624.73,	4.0700
625.35,	4.0600
625.98,	4.0700
626.61,	4.0600
627.23,	4.0600
627.86,	4.0500
628.48,	4.0600
629.11,	4.0600
629.73,	4.0500
630.36,	4.0500
630.98,	4.0500
631.61,	4.0400
632.23,	4.0300
632.86,	4.0300
633.48,	4.0400
634.11,	4.0300
634.73,	4.0300
635.36,	4.0200
635.98,	4.0200
636.61,	4.0100
637.23,	4.0100
637.86,	4.0100
638.48,	4.0100
639.11,	4.0200
639.73,	4.0100
640.36,	4.0100
640.98,	4.0000
641.61,	4.0000
642.23,	3.9900
642.85,	3.9900
643.48,	3.9900
644.10,	3.9800
644.73,	3.9800
645.35,	3.9800
645.98,	3.9800
646.60,	3.9800
647.22,	3.9800
647.85,	3.9800
648.47,	3.9700
649.10,	3.9700
649.72,	3.9700
650.34,	3.9700
650.97,	3.9600
651.59,	3.9600
652.22,	3.9600
652.84,	3.9600
653.46,	3.9500
654.09,	3.9600
654.71,	3.9600
655.33,	3.9600
655.96,	3.9700
656.58,	3.9700
657.20,	3.9600
657.83,	3.9600
658.45,	3.9500
659.07,	3.9500
659.70,	3.9500
660.32,	3.9500
660.94,	3.9500
661.57,	3.9500
662.19,	3.9500
662.81,	3.9400
663.43,	3.9400
664.06,	3.9400
664.68,	3.9400
665.30,	3.9300
665.93,	3.9300
666.55,	3.9200
667.17,	3.9200
667.79,	3.9200
668.42,	3.9100
669.04,	3.9100
669.66,	3.9100
670.28,	3.9100
670.91,	3.9000
671.53,	3.9000
672.15,	3.9000
672.77,	3.9000
673.39,	3.8900
674.02,	3.8900
674.64,	3.8900
675.26,	3.8900
675.88,	3.8800
676.50,	3.8800
677.13,	3.8900
677.75,	3.8900
678.37,	3.8900
678.99,	3.8900
679.61,	3.8800
680.24,	3.8900
680.86,	3.8800
681.48,	3.8800
682.10,	3.8900
682.72,	3.8800
683.34,	3.8800
683.96,	3.8800
684.59,	3.8800
685.21,	3.8800
685.83,	3.8700
686.45,	3.8800
687.07,	3.8700
687.69,	3.8700
688.31,	3.8700
688.93,	3.8700
689.56,	3.8700
690.18,	3.8700
690.80,	3.8600
691.42,	3.8600
692.04,	3.8700
692.66,	3.8700
693.28,	3.8700
693.90,	3.8600
694.52,	3.8700
695.14,	3.8600
695.76,	3.8600
696.38,	3.8600
697.00,	3.8500
697.62,	3.8500
698.25,	3.8500
698.87,	3.8500
699.49,	3.8500
700.11,	3.8500
700.73,	3.8500
701.35,	3.8500
701.97,	3.8400
702.59,	3.8300
703.21,	3.8300
703.83,	3.8200
704.45,	3.8200
705.07,	3.8200
705.69,	3.8200
706.31,	3.8100
706.93,	3.8100
707.55,	3.8100
708.17,	3.8100
708.79,	3.8100
709.40,	3.8100
710.02,	3.7900
710.64,	3.7900
711.26,	3.7900
711.88,	3.7900
712.50,	3.7900
713.12,	3.7900
713.74,	3.8000
714.36,	3.8000
714.98,	3.8000
715.60,	3.8000
716.22,	3.7900
716.84,	3.7900
717.45,	3.7900
718.07,	3.7900
718.69,	3.7800
719.31,	3.7800
719.93,	3.7800
720.55,	3.7900
721.17,	3.7800
721.79,	3.7800
722.41,	3.7800
723.02,	3.7800
723.64,	3.7800
724.26,	3.7800
724.88,	3.7800
725.50,	3.7800
726.12,	3.7800
726.73,	3.7700
727.35,	3.7800
727.97,	3.7800
728.59,	3.7800
729.21,	3.7800
729.83,	3.7800
730.44,	3.7700
731.06,	3.7700
731.68,	3.7700
732.30,	3.7700
732.92,	3.7600
733.53,	3.7600
734.15,	3.7700
734.77,	3.7700
735.39,	3.7700
736.00,	3.7700
736.62,	3.7600
737.24,	3.7700
737.86,	3.7700
738.47,	3.7600
739.09,	3.7600
739.71,	3.7600
740.33,	3.7500
740.94,	3.7500
741.56,	3.7500
742.18,	3.7600
742.79,	3.7500
743.41,	3.7500
744.03,	3.7500
744.65,	3.7600
745.26,	3.7500
745.88,	3.7500
746.50,	3.7500
747.11,	3.7500
747.73,	3.7500
748.35,	3.7500
748.96,	3.7500
749.58,	3.7400
750.20,	3.7400
750.81,	3.7400
751.43,	3.7300
752.05,	3.7200
752.66,	3.7100
753.28,	3.7100
753.90,	3.7000
754.51,	3.7000
755.13,	3.6900
755.74,	3.6900
756.36,	3.6900
756.98,	3.6800
757.59,	3.6800
758.21,	3.6800
758.82,	3.6700
759.44,	3.6800
760.06,	3.6800
760.67,	3.6800
761.29,	3.6800
761.90,	3.6800
762.52,	3.6800
763.14,	3.6800
763.75,	3.6700
764.37,	3.6800
764.98,	3.6800
765.60,	3.6800
766.21,	3.6800
766.83,	3.6800
767.44,	3.6700
768.06,	3.6800
768.67,	3.6800
769.29,	3.6800
769.90,	3.6700
770.52,	3.6800
771.14,	3.6700
771.75,	3.6600
772.37,	3.6600
772.98,	3.6600
773.59,	3.6600
774.21,	3.6600
774.82,	3.6600
775.44,	3.6600
776.05,	3.6500
776.67,	3.6500
777.28,	3.6500
777.90,	3.6500
778.51,	3.6500
779.13,	3.6400
779.74,	3.6400
780.36,	3.6500
780.97,	3.6400
781.58,	3.6400
782.20,	3.6500
782.81,	3.6400
783.43,	3.6400
784.04,	3.6400
784.66,	3.6400
785.27,	3.6400
785.88,	3.6400
786.50,	3.6300
787.11,	3.6300
787.73,	3.6300
788.34,	3.6300
788.95,	3.6200
789.57,	3.6200
790.18,	3.6200
790.79,	3.6200
791.41,	3.6100
792.02,	3.6100
792.63,	3.6100
793.25,	3.6100
793.86,	3.6100
794.47,	3.6100
795.09,	3.6100
795.70,	3.6100
796.31,	3.6100
796.93,	3.6100
797.54,	3.6100
798.15,	3.6100
798.77,	3.6100
799.38,	3.6100
799.99,	3.6100
800.61,	3.6200
801.22,	3.6200
801.83,	3.6200
802.44,	3.6200
803.06,	3.6200
803.67,	3.6200
804.28,	3.6200
804.90,	3.6200
805.51,	3.6200
806.12,	3.6100
806.73,	3.6100
807.34,	3.6100
807.96,	3.6100
808.57,	3.6100
809.18,	3.6100
809.79,	3.6000
810.41,	3.6000
811.02,	3.6000
811.63,	3.6000
812.24,	3.6000
812.85,	3.6000
813.47,	3.5900
814.08,	3.5900
814.69,	3.5900
815.30,	3.5900
815.91,	3.6000
816.53,	3.5900
817.14,	3.5800
817.75,	3.5800
818.36,	3.5800
818.97,	3.5800
819.58,	3.5800
820.20,	3.5900
820.81,	3.5900
821.42,	3.5800
822.03,	3.5800
822.64,	3.5900
823.25,	3.5900
823.86,	3.5800
824.47,	3.5800
825.09,	3.5800
825.70,	3.5800
826.31,	3.5800
826.92,	3.5800
827.53,	3.5800
828.14,	3.5800
828.75,	3.5700
829.36,	3.5700
829.97,	3.5700
830.58,	3.5800
831.19,	3.5700
831.80,	3.5700
832.42,	3.5700
833.03,	3.5700
833.64,	3.5600
834.25,	3.5700
834.86,	3.5700
835.47,	3.5700
836.08,	3.5700
836.69,	3.5700
837.30,	3.5700
837.91,	3.5600
838.52,	3.5700
839.13,	3.5600
839.74,	3.5500
840.35,	3.5500
840.96,	3.5600
841.57,	3.5500
842.18,	3.5600
842.79,	3.5600
843.40,	3.5600
844.01,	3.5500
844.62,	3.5500
845.23,	3.5600
845.84,	3.5600
846.45,	3.5600
847.06,	3.5500
847.67,	3.5500
848.27,	3.5500
848.88,	3.5500
849.49,	3.5400
850.10,	3.5400
850.71,	3.5400
851.32,	3.5400
851.93,	3.5400
852.54,	3.5400
853.15,	3.5400
853.76,	3.5400
854.37,	3.5300
854.98,	3.5300
855.58,	3.5300
856.19,	3.5300
856.80,	3.5300
857.41,	3.5300
858.02,	3.5300
858.63,	3.5300
859.24,	3.5200
859.85,	3.5300
860.45,	3.5300
861.06,	3.5200
861.67,	3.5300
862.28,	3.5300
862.89,	3.5200
863.50,	3.5200
864.10,	3.5200
864.71,	3.5100
865.32,	3.5000
865.93,	3.5100
866.54,	3.5200
867.14,	3.5200
867.75,	3.5200
868.36,	3.5200
868.97,	3.5100
869.58,	3.5000
870.18,	3.5000
870.79,	3.5000
871.40,	3.5000
872.01,	3.5000
872.61,	3.4900
873.22,	3.4800
873.83,	3.4800
874.44,	3.4700
875.04,	3.4700
875.65,	3.4600
876.26,	3.4600
876.87,	3.4600
877.47,	3.4600
878.08,	3.4600
878.69,	3.4600
879.29,	3.4600
879.90,	3.4500
880.51,	3.4600
881.12,	3.4500
881.72,	3.4500
882.33,	3.4500
882.94,	3.4500
883.54,	3.4400
884.15,	3.4400
884.76,	3.4400
885.36,	3.4400
885.97,	3.4400
886.58,	3.4300
887.18,	3.4300
887.79,	3.4300
888.40,	3.4300
889.00,	3.4300
889.61,	3.4300
890.22,	3.4200
890.82,	3.4200
891.43,	3.4200
892.03,	3.4200
892.64,	3.4200
893.25,	3.4100
893.85,	3.4100
894.46,	3.4100
895.06,	3.4000
895.67,	3.4000
896.28,	3.3900
896.88,	3.3900
897.49,	3.3900
898.09,	3.3900
898.70,	3.3800
899.30,	3.3800
899.91,	3.3800
900.52,	3.3800
901.12,	3.3700
901.73,	3.3700
902.33,	3.3800
902.94,	3.3700
903.54,	3.3700
904.15,	3.3700
904.75,	3.3900
905.36,	3.4000
905.96,	3.4000
906.57,	3.4000
907.17,	3.4000
907.78,	3.4000
908.38,	3.4000
908.99,	3.4000
909.59,	3.3900
910.20,	3.4000
910.80,	3.4000
911.41,	3.3900
912.01,	3.3900
912.62,	3.3900
913.22,	3.4000
913.83,	3.3900
914.43,	3.3900
915.03,	3.3900
915.64,	3.3900
916.24,	3.3900
916.85,	3.3900
917.45,	3.3900
918.06,	3.3800
918.66,	3.3800
919.26,	3.3900
919.87,	3.3900
920.47,	3.3800
921.08,	3.3800
921.68,	3.3800
922.28,	3.3800
922.89,	3.3900
923.49,	3.3800
924.10,	3.3800
924.70,	3.3900
925.30,	3.3800
925.91,	3.3800
926.51,	3.3900
927.11,	3.3900
927.72,	3.3900
928.32,	3.3900
928.92,	3.3900
929.53,	3.3900
930.13,	3.3800
930.74,	3.3900
931.34,	3.3800
931.94,	3.3900
932.54,	3.3900
933.15,	3.3900
933.75,	3.3900
934.35,	3.3900
934.96,	3.3900
935.56,	3.3800
936.16,	3.3800
936.77,	3.3800
937.37,	3.3800
937.97,	3.3800
938.57,	3.3800
939.18,	3.3900
939.78,	3.3900
940.38,	3.3900
940.98,	3.3900
941.59,	3.3900
942.19,	3.3900
942.79,	3.5400
943.39,	5.4600
944.00,	10.4300
944.60,	13.9300
945.20,	15.1700
945.80,	15.9000
946.40,	16.4700
947.01,	16.9600
947.61,	17.4000
948.21,	17.7900
948.81,	18.1400
949.41,	18.4700
950.02,	18.7600
950.62,	19.0100
951.22,	19.2600
951.82,	19.4800
952.42,	25.4000
953.02,	35.5000
953.63,	35.5000
954.23,	35.5000
954.83,	35.5000
955.43,	35.5000
956.03,	35.5000
956.63,	35.5000
957.24,	35.5000
957.84,	35.5000
958.44,	35.5000
959.04,	35.5000
959.64,	35.5000
960.24,	35.5000
960.84,	35.5000
961.44,	35.5000
962.04,	35.5000
962.64,	35.5000
963.25,	35.5000
963.85,	35.5000
964.45,	35.5000
965.05,	35.5000
965.65,	35.5000
966.25,	35.5000
966.85,	35.5000
967.45,	35.5000
968.05,	35.5000
968.65,	35.5000
969.25,	35.5000
969.85,	35.5000
970.45,	35.5000
971.05,	35.5000
971.65,	35.5000
972.25,	35.5000
972.85,	35.5000
973.45,	35.5000
974.05,	35.5000
974.65,	35.5000
975.25,	35.5000
975.85,	35.5000
976.45,	35.5000
977.05,	35.5000
977.65,	35.5000
978.25,	35.5000
978.85,	35.5000
979.45,	35.5000
980.05,	35.5000
980.65,	35.5000
981.25,	35.5000
981.85,	35.5000
982.45,	35.5000
983.05,	35.5000
983.65,	35.5000
984.25,	35.5000
984.85,	35.5000
985.45,	35.5000
986.04,	35.5000
986.64,	35.5000
987.24,	35.5000
987.84,	35.5000
988.44,	35.5000
989.04,	35.5000
989.64,	35.5000
990.24,	35.5000
990.84,	35.5000
991.44,	35.5000
992.03,	35.5000
992.63,	35.5000
993.23,	35.5000
993.83,	35.5000
994.43,	35.5000
995.03,	35.5000
995.63,	35.5000
996.22,	35.5000
996.82,	35.5000
997.42,	35.5000
998.02,	35.5000
998.62,	35.5000
999.21,	35.5000
999.81,	33.2600
1000.41,	-2.5200
