Call Sign = ZSDA,	Ship Name = SA Agulhas,	Lloyds Num = 0
Date = 12/01/2016,	Time = 11:04,	
Latitude = 34 30.04  S,	Longitude = 014 47.76  E
Instr = Sippican Deep Blue,	Card Type = Sippican MK-21,	
Wind Instr = ,	Measur Method = 
Probe Serial Num = -1,	Ship Dir = -1,	Ship Speed = -1.00
Wind Dir = 144,	Wind Speed = 18.50
Dry Bulb Temp = 16.90,	Total Water Depth = -1.00

Full Resolution Values
Depth,	 Temp
0.67,	18.4100
1.34,	18.2900
2.01,	18.2600
2.68,	18.2400
3.34,	18.2400
4.01,	18.2400
4.68,	18.2300
5.35,	18.2100
6.02,	18.2100
6.69,	18.2100
7.36,	18.2100
8.03,	18.2000
8.69,	18.1900
9.36,	18.1800
10.03,	18.1800
10.70,	18.1700
11.37,	18.1800
12.04,	18.1700
12.70,	18.1600
13.37,	18.1600
14.04,	18.1500
14.71,	18.1500
15.38,	18.1500
16.05,	18.1400
16.71,	18.1400
17.38,	18.1300
18.05,	18.1300
18.72,	18.1200
19.38,	18.1200
20.05,	18.1000
20.72,	18.0900
21.39,	18.0700
22.06,	18.0600
22.72,	18.0300
23.39,	18.0000
24.06,	17.9700
24.73,	17.9400
25.39,	17.9100
26.06,	17.9000
26.73,	17.9000
27.40,	17.8900
28.06,	17.8800
28.73,	17.8800
29.40,	17.8800
30.06,	17.8800
30.73,	17.8800
31.40,	17.8800
32.06,	17.8800
32.73,	17.8800
33.40,	17.8800
34.07,	17.8800
34.73,	17.8800
35.40,	17.8700
36.07,	17.8700
36.73,	17.8700
37.40,	17.8800
38.07,	17.8700
38.73,	17.8700
39.40,	17.8700
40.06,	17.8700
40.73,	17.8700
41.40,	17.8500
42.06,	17.8500
42.73,	17.8300
43.40,	17.8200
44.06,	17.8000
44.73,	17.8000
45.39,	17.8000
46.06,	17.8000
46.73,	17.7900
47.39,	17.7900
48.06,	17.7900
48.72,	17.7900
49.39,	17.7900
50.06,	17.7800
50.72,	17.7800
51.39,	17.7800
52.05,	17.7800
52.72,	17.7700
53.38,	17.7700
54.05,	17.7700
54.71,	17.7700
55.38,	17.7600
56.05,	17.7500
56.71,	17.7500
57.38,	17.7500
58.04,	17.7300
58.71,	17.7300
59.37,	17.6800
60.04,	17.5300
60.70,	17.4200
61.37,	17.3600
62.03,	17.3400
62.70,	17.3200
63.36,	17.3000
64.03,	17.2600
64.69,	17.1500
65.36,	17.0400
66.02,	16.9800
66.69,	16.9500
67.35,	16.9400
68.01,	16.9300
68.68,	16.9300
69.34,	16.9200
70.01,	16.9000
70.67,	16.8900
71.34,	16.8800
72.00,	16.8600
72.66,	16.8400
73.33,	16.7900
73.99,	16.7300
74.66,	16.6800
75.32,	16.6500
75.98,	16.6100
76.65,	16.5600
77.31,	16.5200
77.98,	16.4800
78.64,	16.4600
79.30,	16.4400
79.97,	16.4200
80.63,	16.3900
81.30,	16.3400
81.96,	16.2600
82.62,	16.1600
83.29,	16.0900
83.95,	16.0200
84.61,	15.9500
85.28,	15.9100
85.94,	15.8800
86.60,	15.8500
87.27,	15.8300
87.93,	15.8100
88.59,	15.7900
89.26,	15.7700
89.92,	15.7600
90.58,	15.7500
91.24,	15.7400
91.91,	15.7400
92.57,	15.7300
93.23,	15.7300
93.90,	15.7300
94.56,	15.7200
95.22,	15.7300
95.88,	15.7300
96.55,	15.7200
97.21,	15.7200
97.87,	15.7200
98.53,	15.7100
99.20,	15.7000
99.86,	15.6900
100.52,	15.6800
101.18,	15.6800
101.85,	15.6800
102.51,	15.6800
103.17,	15.6700
103.83,	15.6700
104.49,	15.6600
105.16,	15.6500
105.82,	15.6400
106.48,	15.6200
107.14,	15.6100
107.80,	15.6000
108.47,	15.5900
109.13,	15.5700
109.79,	15.5500
110.45,	15.5400
111.11,	15.5400
111.77,	15.5300
112.44,	15.5300
113.10,	15.5200
113.76,	15.5100
114.42,	15.5100
115.08,	15.4900
115.74,	15.4700
116.40,	15.4600
117.06,	15.4500
117.73,	15.4500
118.39,	15.4300
119.05,	15.4100
119.71,	15.3800
120.37,	15.3700
121.03,	15.3700
121.69,	15.3600
122.35,	15.3600
123.01,	15.3500
123.67,	15.3400
124.33,	15.3200
125.00,	15.2900
125.66,	15.2700
126.32,	15.2500
126.98,	15.2400
127.64,	15.2200
128.30,	15.1900
128.96,	15.1600
129.62,	15.1500
130.28,	15.1300
130.94,	15.0900
131.60,	15.0700
132.26,	15.0700
132.92,	15.0700
133.58,	15.0400
134.24,	15.0100
134.90,	14.9900
135.56,	14.9600
136.22,	14.9500
136.88,	14.9300
137.54,	14.9100
138.20,	14.9100
138.86,	14.9000
139.52,	14.8900
140.18,	14.8500
140.84,	14.8000
141.50,	14.7700
142.16,	14.7500
142.82,	14.7400
143.48,	14.7300
144.14,	14.7200
144.79,	14.7000
145.45,	14.6700
146.11,	14.6300
146.77,	14.5900
147.43,	14.5700
148.09,	14.5500
148.75,	14.5400
149.41,	14.5300
150.07,	14.5100
150.73,	14.4800
151.39,	14.4400
152.04,	14.4100
152.70,	14.3800
153.36,	14.3600
154.02,	14.3600
154.68,	14.3600
155.34,	14.3600
156.00,	14.3600
156.65,	14.3600
157.31,	14.3600
157.97,	14.3500
158.63,	14.2900
159.29,	14.2300
159.95,	14.2000
160.60,	14.1900
161.26,	14.1900
161.92,	14.1900
162.58,	14.1900
163.24,	14.1900
163.90,	14.1800
164.55,	14.1900
165.21,	14.1800
165.87,	14.1700
166.53,	14.1500
167.18,	14.1400
167.84,	14.1300
168.50,	14.1000
169.16,	14.0500
169.82,	14.0200
170.47,	14.0000
171.13,	13.9800
171.79,	13.9800
172.44,	13.9800
173.10,	13.9700
173.76,	13.9500
174.42,	13.9300
175.07,	13.9100
175.73,	13.9000
176.39,	13.8900
177.05,	13.8900
177.70,	13.8900
178.36,	13.8800
179.02,	13.8600
179.67,	13.8600
180.33,	13.8500
180.99,	13.8400
181.64,	13.8300
182.30,	13.8200
182.96,	13.8200
183.61,	13.8100
184.27,	13.8000
184.93,	13.7900
185.58,	13.7800
186.24,	13.7500
186.90,	13.7300
187.55,	13.7200
188.21,	13.7000
188.87,	13.6800
189.52,	13.6700
190.18,	13.6600
190.83,	13.6400
191.49,	13.6300
192.15,	13.6300
192.80,	13.6200
193.46,	13.6000
194.11,	13.5900
194.77,	13.5700
195.43,	13.5500
196.08,	13.5400
196.74,	13.5400
197.39,	13.5400
198.05,	13.5300
198.70,	13.5100
199.36,	13.5000
200.02,	13.5000
200.67,	13.5000
201.33,	13.5200
201.98,	13.4900
202.64,	13.4200
203.29,	13.3800
203.95,	13.3600
204.60,	13.3500
205.26,	13.3600
205.91,	13.3700
206.57,	13.3700
207.22,	13.3600
207.88,	13.3800
208.53,	13.4000
209.19,	13.4200
209.84,	13.4100
210.50,	13.4000
211.15,	13.4000
211.81,	13.3900
212.46,	13.3800
213.12,	13.3600
213.77,	13.3300
214.43,	13.3200
215.08,	13.3100
215.74,	13.3000
216.39,	13.3000
217.04,	13.2900
217.70,	13.2800
218.35,	13.2600
219.01,	13.2200
219.66,	13.1800
220.32,	13.1600
220.97,	13.1500
221.62,	13.1500
222.28,	13.1600
222.93,	13.1800
223.59,	13.2000
224.24,	13.2300
224.89,	13.2500
225.55,	13.2600
226.20,	13.2600
226.85,	13.2600
227.51,	13.2500
228.16,	13.2400
228.81,	13.2300
229.47,	13.2000
230.12,	13.1600
230.78,	13.1400
231.43,	13.1300
232.08,	13.1500
232.74,	13.1600
233.39,	13.1700
234.04,	13.1800
234.69,	13.2000
235.35,	13.2200
236.00,	13.2200
236.65,	13.2400
237.31,	13.2700
237.96,	13.2800
238.61,	13.2800
239.27,	13.2700
239.92,	13.2400
240.57,	13.2200
241.22,	13.2000
241.88,	13.1900
242.53,	13.1700
243.18,	13.1300
243.83,	13.1000
244.49,	13.0800
245.14,	13.0800
245.79,	13.0800
246.44,	13.0800
247.10,	13.0900
247.75,	13.1200
248.40,	13.1400
249.05,	13.1400
249.70,	13.1300
250.36,	13.1100
251.01,	13.0800
251.66,	13.0600
252.31,	13.0500
252.96,	13.0400
253.62,	13.0400
254.27,	13.0200
254.92,	13.0100
255.57,	12.9900
256.22,	12.9600
256.88,	12.9400
257.53,	12.9400
258.18,	12.9600
258.83,	12.9800
259.48,	12.9600
260.13,	12.9400
260.78,	12.9400
261.44,	12.9300
262.09,	12.9300
262.74,	12.9100
263.39,	12.8900
264.04,	12.8800
264.69,	12.8700
265.34,	12.8700
265.99,	12.8600
266.64,	12.8600
267.29,	12.8600
267.95,	12.8600
268.60,	12.8500
269.25,	12.8400
269.90,	12.8100
270.55,	12.7600
271.20,	12.7400
271.85,	12.7300
272.50,	12.7100
273.15,	12.7000
273.80,	12.6900
274.45,	12.6900
275.10,	12.6900
275.75,	12.6900
276.40,	12.6900
277.05,	12.6800
277.70,	12.6700
278.35,	12.6500
279.00,	12.6400
279.65,	12.6400
280.30,	12.6200
280.95,	12.6200
281.60,	12.5900
282.25,	12.5400
282.90,	12.4900
283.55,	12.4500
284.20,	12.4100
284.85,	12.3900
285.50,	12.3800
286.15,	12.3800
286.80,	12.3800
287.45,	12.3800
288.10,	12.3700
288.75,	12.3700
289.40,	12.3600
290.05,	12.3500
290.70,	12.3400
291.35,	12.3300
292.00,	12.3200
292.64,	12.3100
293.29,	12.3100
293.94,	12.3000
294.59,	12.3000
295.24,	12.2900
295.89,	12.2900
296.54,	12.2700
297.19,	12.2500
297.84,	12.2300
298.49,	12.2100
299.13,	12.2000
299.78,	12.1900
300.43,	12.1700
301.08,	12.1700
301.73,	12.1700
302.38,	12.1800
303.02,	12.1900
303.67,	12.1800
304.32,	12.1600
304.97,	12.1400
305.62,	12.1300
306.27,	12.1200
306.91,	12.1200
307.56,	12.1200
308.21,	12.1200
308.86,	12.1300
309.51,	12.1300
310.15,	12.1200
310.80,	12.1300
311.45,	12.1300
312.10,	12.1400
312.75,	12.1600
313.39,	12.1800
314.04,	12.2200
314.69,	12.2400
315.34,	12.2500
315.98,	12.2600
316.63,	12.2700
317.28,	12.2800
317.93,	12.2800
318.57,	12.3000
319.22,	12.3000
319.87,	12.3000
320.52,	12.3000
321.16,	12.3000
321.81,	12.3000
322.46,	12.3000
323.10,	12.2900
323.75,	12.2900
324.40,	12.2900
325.04,	12.2800
325.69,	12.2800
326.34,	12.2800
326.99,	12.2800
327.63,	12.2800
328.28,	12.2800
328.93,	12.2800
329.57,	12.2800
330.22,	12.2800
330.86,	12.2700
331.51,	12.2700
332.16,	12.2600
332.80,	12.2500
333.45,	12.2400
334.10,	12.2300
334.74,	12.2200
335.39,	12.2100
336.03,	12.2100
336.68,	12.2000
337.33,	12.1900
337.97,	12.1800
338.62,	12.1700
339.26,	12.1500
339.91,	12.1300
340.56,	12.1100
341.20,	12.1000
341.85,	12.1000
342.49,	12.0900
343.14,	12.0900
343.78,	12.0900
344.43,	12.0800
345.08,	12.0800
345.72,	12.0800
346.37,	12.0700
347.01,	12.0500
347.66,	12.0300
348.30,	12.0100
348.95,	12.0200
349.59,	12.0100
350.24,	12.0000
350.88,	12.0000
351.53,	11.9900
352.17,	11.9900
352.82,	11.9800
353.46,	11.9800
354.11,	11.9700
354.75,	11.9700
355.40,	11.9700
356.04,	11.9700
356.69,	11.9700
357.33,	11.9700
357.98,	11.9700
358.62,	11.9600
359.27,	11.9500
359.91,	11.9400
360.55,	11.9300
361.20,	11.9100
361.84,	11.9000
362.49,	11.8900
363.13,	11.8900
363.78,	11.8900
364.42,	11.8900
365.06,	11.8700
365.71,	11.8600
366.35,	11.8500
367.00,	11.8400
367.64,	11.8300
368.28,	11.8100
368.93,	11.8200
369.57,	11.8300
370.22,	11.8200
370.86,	11.8100
371.50,	11.8000
372.15,	11.7900
372.79,	11.7700
373.43,	11.7500
374.08,	11.7200
374.72,	11.7000
375.36,	11.7000
376.01,	11.6800
376.65,	11.6500
377.29,	11.6300
377.94,	11.6000
378.58,	11.5800
379.22,	11.5400
379.87,	11.5100
380.51,	11.4800
381.15,	11.4600
381.79,	11.4300
382.44,	11.4200
383.08,	11.4100
383.72,	11.4100
384.37,	11.4100
385.01,	11.3900
385.65,	11.3700
386.29,	11.3600
386.94,	11.3400
387.58,	11.3100
388.22,	11.3100
388.86,	11.3100
389.51,	11.3100
390.15,	11.3100
390.79,	11.3000
391.43,	11.3000
392.08,	11.3000
392.72,	11.3100
393.36,	11.3100
394.00,	11.3000
394.64,	11.2900
395.29,	11.2600
395.93,	11.2400
396.57,	11.2300
397.21,	11.2200
397.85,	11.2100
398.50,	11.2100
399.14,	11.2000
399.78,	11.1900
400.42,	11.1900
401.06,	11.1800
401.70,	11.1600
402.34,	11.1500
402.99,	11.1300
403.63,	11.1300
404.27,	11.1300
404.91,	11.1200
405.55,	11.1200
406.19,	11.1200
406.83,	11.1000
407.48,	11.0700
408.12,	11.0600
408.76,	11.0500
409.40,	11.0400
410.04,	11.0300
410.68,	11.0200
411.32,	11.0100
411.96,	11.0100
412.60,	11.0100
413.24,	11.0000
413.88,	10.9900
414.52,	10.9900
415.17,	10.9900
415.81,	11.0000
416.45,	10.9900
417.09,	10.9800
417.73,	10.9800
418.37,	10.9800
419.01,	10.9800
419.65,	10.9800
420.29,	10.9800
420.93,	10.9700
421.57,	10.9700
422.21,	10.9600
422.85,	10.9400
423.49,	10.9300
424.13,	10.9000
424.77,	10.8800
425.41,	10.8500
426.05,	10.8300
426.69,	10.8200
427.33,	10.8000
427.97,	10.7900
428.61,	10.7800
429.25,	10.7600
429.89,	10.7300
430.53,	10.7100
431.17,	10.7000
431.80,	10.6900
432.44,	10.6800
433.08,	10.6700
433.72,	10.6500
434.36,	10.6300
435.00,	10.6000
435.64,	10.5900
436.28,	10.5800
436.92,	10.5800
437.56,	10.5800
438.20,	10.5700
438.84,	10.5500
439.47,	10.5200
440.11,	10.5000
440.75,	10.4800
441.39,	10.4600
442.03,	10.4600
442.67,	10.4600
443.31,	10.4500
443.95,	10.4500
444.58,	10.4400
445.22,	10.4400
445.86,	10.4300
446.50,	10.4300
447.14,	10.4200
447.78,	10.4100
448.41,	10.4100
449.05,	10.4100
449.69,	10.4100
450.33,	10.4100
450.97,	10.4000
451.60,	10.3900
452.24,	10.3500
452.88,	10.3300
453.52,	10.3100
454.16,	10.3000
454.79,	10.2900
455.43,	10.2800
456.07,	10.2800
456.71,	10.2800
457.35,	10.2700
457.98,	10.2600
458.62,	10.2500
459.26,	10.2500
459.90,	10.2400
460.53,	10.2400
461.17,	10.2400
461.81,	10.2400
462.44,	10.2400
463.08,	10.2400
463.72,	10.2300
464.36,	10.2300
464.99,	10.2200
465.63,	10.2200
466.27,	10.2100
466.90,	10.2000
467.54,	10.2000
468.18,	10.2000
468.81,	10.1900
469.45,	10.1700
470.09,	10.1600
470.72,	10.1500
471.36,	10.1400
472.00,	10.1300
472.63,	10.1200
473.27,	10.1200
473.91,	10.1000
474.54,	10.0900
475.18,	10.0800
475.82,	10.0600
476.45,	10.0500
477.09,	10.0300
477.73,	10.0200
478.36,	10.0100
479.00,	10.0000
479.63,	9.9900
480.27,	9.9800
480.91,	9.9700
481.54,	9.9600
482.18,	9.9600
482.81,	9.9500
483.45,	9.9400
484.08,	9.9500
484.72,	9.9400
485.36,	9.9400
485.99,	9.9200
486.63,	9.9100
487.26,	9.8900
487.90,	9.8800
488.53,	9.8800
489.17,	9.8700
489.80,	9.8700
490.44,	9.8700
491.07,	9.8600
491.71,	9.8300
492.34,	9.8000
492.98,	9.7800
493.62,	9.7800
494.25,	9.7700
494.89,	9.7600
495.52,	9.7400
496.15,	9.7200
496.79,	9.7000
497.42,	9.6900
498.06,	9.6700
498.69,	9.6400
499.33,	9.6200
499.96,	9.6100
500.60,	9.5900
501.23,	9.5700
501.87,	9.5500
502.50,	9.5200
503.14,	9.5100
503.77,	9.4800
504.40,	9.4700
505.04,	9.4600
505.67,	9.4500
506.31,	9.4400
506.94,	9.4300
507.57,	9.4200
508.21,	9.4100
508.84,	9.4100
509.48,	9.4100
510.11,	9.4100
510.74,	9.4100
511.38,	9.3900
512.01,	9.3800
512.65,	9.3700
513.28,	9.3600
513.91,	9.3600
514.55,	9.3400
515.18,	9.3200
515.81,	9.3000
516.45,	9.2800
517.08,	9.2600
517.71,	9.2400
518.35,	9.2300
518.98,	9.2200
519.61,	9.2000
520.25,	9.1900
520.88,	9.1800
521.51,	9.1700
522.15,	9.1600
522.78,	9.1600
523.41,	9.1500
524.04,	9.1400
524.68,	9.1200
525.31,	9.1100
525.94,	9.1000
526.58,	9.1000
527.21,	9.0900
527.84,	9.0800
528.47,	9.0800
529.11,	9.0700
529.74,	9.0600
530.37,	9.0600
531.00,	9.0600
531.64,	9.0600
532.27,	9.0500
532.90,	9.0300
533.53,	9.0100
534.17,	8.9900
534.80,	8.9800
535.43,	8.9800
536.06,	8.9700
536.69,	8.9700
537.33,	8.9700
537.96,	8.9600
538.59,	8.9500
539.22,	8.9300
539.85,	8.9100
540.48,	8.9000
541.12,	8.9000
541.75,	8.8900
542.38,	8.8900
543.01,	8.8800
543.64,	8.8800
544.27,	8.8700
544.91,	8.8700
545.54,	8.8600
546.17,	8.8600
546.80,	8.8500
547.43,	8.8600
548.06,	8.8600
548.69,	8.8700
549.32,	8.8700
549.95,	8.9000
550.59,	8.9300
551.22,	8.9400
551.85,	8.9400
552.48,	8.9300
553.11,	8.9200
553.74,	8.9100
554.37,	8.9100
555.00,	8.8800
555.63,	8.8500
556.26,	8.8200
556.89,	8.7800
557.52,	8.7600
558.15,	8.7400
558.78,	8.7400
559.42,	8.7300
560.05,	8.7300
560.68,	8.7300
561.31,	8.7300
561.94,	8.7300
562.57,	8.7200
563.20,	8.7200
563.83,	8.7200
564.46,	8.7200
565.09,	8.7200
565.72,	8.7200
566.35,	8.7200
566.98,	8.7200
567.61,	8.7100
568.24,	8.7000
568.87,	8.6900
569.50,	8.6900
570.12,	8.6800
570.75,	8.6800
571.38,	8.6800
572.01,	8.6800
572.64,	8.6800
573.27,	8.6700
573.90,	8.6700
574.53,	8.6600
575.16,	8.6600
575.79,	8.6500
576.42,	8.6400
577.05,	8.6200
577.68,	8.5800
578.31,	8.5500
578.93,	8.5300
579.56,	8.5100
580.19,	8.4900
580.82,	8.4500
581.45,	8.4300
582.08,	8.4200
582.71,	8.4100
583.34,	8.4000
583.97,	8.3900
584.59,	8.3900
585.22,	8.3900
585.85,	8.3800
586.48,	8.3800
587.11,	8.3700
587.74,	8.3500
588.36,	8.3300
588.99,	8.3200
589.62,	8.3100
590.25,	8.2900
590.88,	8.2800
591.50,	8.2700
592.13,	8.2600
592.76,	8.2400
593.39,	8.2100
594.02,	8.1700
594.64,	8.1400
595.27,	8.1300
595.90,	8.1300
596.53,	8.1200
597.16,	8.1100
597.78,	8.0700
598.41,	8.0600
599.04,	8.0400
599.67,	8.0400
600.29,	8.0300
600.92,	8.0200
601.55,	8.0200
602.18,	8.0200
602.80,	7.9900
603.43,	7.9600
604.06,	7.9300
604.68,	7.9100
605.31,	7.8800
605.94,	7.8600
606.57,	7.8400
607.19,	7.8200
607.82,	7.8100
608.45,	7.8100
609.07,	7.8000
609.70,	7.7800
610.33,	7.7700
610.95,	7.7700
611.58,	7.7600
612.21,	7.7500
612.83,	7.7400
613.46,	7.7300
614.09,	7.7300
614.71,	7.7200
615.34,	7.7100
615.97,	7.6900
616.59,	7.6800
617.22,	7.6800
617.84,	7.6600
618.47,	7.6600
619.10,	7.6600
619.72,	7.6500
620.35,	7.6400
620.97,	7.6300
621.60,	7.6300
622.23,	7.6200
622.85,	7.6100
623.48,	7.6000
624.10,	7.5700
624.73,	7.5500
625.35,	7.5400
625.98,	7.5400
626.61,	7.5300
627.23,	7.5200
627.86,	7.5000
628.48,	7.5000
629.11,	7.4900
629.73,	7.4900
630.36,	7.4800
630.98,	7.4700
631.61,	7.4500
632.23,	7.4500
632.86,	7.4400
633.48,	7.4400
634.11,	7.4400
634.73,	7.4400
635.36,	7.4400
635.98,	7.4300
636.61,	7.4300
637.23,	7.4200
637.86,	7.4000
638.48,	7.3900
639.11,	7.3800
639.73,	7.3800
640.36,	7.3700
640.98,	7.3700
641.61,	7.3700
642.23,	7.3600
642.85,	7.3500
643.48,	7.3400
644.10,	7.3300
644.73,	7.3100
645.35,	7.2800
645.98,	7.2600
646.60,	7.2400
647.22,	7.2300
647.85,	7.2200
648.47,	7.2100
649.10,	7.2100
649.72,	7.2000
650.34,	7.2000
650.97,	7.1900
651.59,	7.1700
652.22,	7.1500
652.84,	7.1300
653.46,	7.1100
654.09,	7.1000
654.71,	7.0900
655.33,	7.0900
655.96,	7.0800
656.58,	7.0800
657.20,	7.0800
657.83,	7.1000
658.45,	7.1100
659.07,	7.1100
659.70,	7.1000
660.32,	7.0800
660.94,	7.0700
661.57,	7.0700
662.19,	7.0800
662.81,	7.0800
663.43,	7.0800
664.06,	7.0800
664.68,	7.0800
665.30,	7.0800
665.93,	7.0700
666.55,	7.0400
667.17,	7.0000
667.79,	6.9500
668.42,	6.9200
669.04,	6.9100
669.66,	6.8900
670.28,	6.8700
670.91,	6.8600
671.53,	6.8400
672.15,	6.8200
672.77,	6.8100
673.39,	6.7900
674.02,	6.7700
674.64,	6.7500
675.26,	6.7400
675.88,	6.7300
676.50,	6.7200
677.13,	6.6900
677.75,	6.6500
678.37,	6.6000
678.99,	6.5700
679.61,	6.5500
680.24,	6.5300
680.86,	6.5300
681.48,	6.5300
682.10,	6.5300
682.72,	6.5300
683.34,	6.5300
683.96,	6.5200
684.59,	6.5100
685.21,	6.5100
685.83,	6.5000
686.45,	6.4800
687.07,	6.4400
687.69,	6.4000
688.31,	6.3800
688.93,	6.3700
689.56,	6.3600
690.18,	6.3400
690.80,	6.3400
691.42,	6.3300
692.04,	6.3300
692.66,	6.3300
693.28,	6.3300
693.90,	6.3300
694.52,	6.3200
695.14,	6.3100
695.76,	6.3000
696.38,	6.2800
697.00,	6.2800
697.62,	6.2800
698.25,	6.2900
698.87,	6.2900
699.49,	6.2800
700.11,	6.2600
700.73,	6.2400
701.35,	6.2300
701.97,	6.2300
702.59,	6.2300
703.21,	6.2400
703.83,	6.2500
704.45,	6.2400
705.07,	6.2500
705.69,	6.2500
706.31,	6.2500
706.93,	6.2500
707.55,	6.2600
708.17,	6.2900
708.79,	6.3000
709.40,	6.2900
710.02,	6.2700
710.64,	6.2500
711.26,	6.2400
711.88,	6.2200
712.50,	6.2000
713.12,	6.1900
713.74,	6.1900
714.36,	6.1900
714.98,	6.1700
715.60,	6.1400
716.22,	6.1200
716.84,	6.1000
717.45,	6.0900
718.07,	6.0700
718.69,	6.0600
719.31,	6.0600
719.93,	6.0500
720.55,	6.0600
721.17,	6.0500
721.79,	6.0200
722.41,	6.0100
723.02,	6.0000
723.64,	5.9900
724.26,	5.9900
724.88,	5.9800
725.50,	5.9800
726.12,	5.9900
726.73,	5.9900
727.35,	5.9900
727.97,	5.9900
728.59,	5.9900
729.21,	5.9900
729.83,	6.0000
730.44,	6.0100
731.06,	6.0100
731.68,	6.0100
732.30,	6.0100
732.92,	5.9900
733.53,	5.9800
734.15,	5.9800
734.77,	5.9700
735.39,	5.9600
736.00,	5.9600
736.62,	5.9600
737.24,	5.9500
737.86,	5.9400
738.47,	5.9300
739.09,	5.9300
739.71,	5.9300
740.33,	5.9300
740.94,	5.9300
741.56,	5.9300
742.18,	5.9200
742.79,	5.9000
743.41,	5.8800
744.03,	5.8700
744.65,	5.8700
745.26,	5.8600
745.88,	5.8500
746.50,	5.8500
747.11,	5.8400
747.73,	5.8400
748.35,	5.8300
748.96,	5.8300
749.58,	5.8100
750.20,	5.8000
750.81,	5.8000
751.43,	5.8000
752.05,	5.8000
752.66,	5.8000
753.28,	5.8000
753.90,	5.8000
754.51,	5.7900
755.13,	5.7800
755.74,	5.7700
756.36,	5.7600
756.98,	5.7500
757.59,	5.7400
758.21,	5.7300
758.82,	5.7300
759.44,	5.7200
760.06,	5.7100
760.67,	5.6900
761.29,	5.6800
761.90,	5.6700
762.52,	5.6600
763.14,	5.6500
763.75,	5.6400
764.37,	5.6400
764.98,	5.6200
765.60,	5.6100
766.21,	5.5900
766.83,	5.5700
767.44,	5.5500
768.06,	5.5400
768.67,	5.5400
769.29,	5.5300
769.90,	5.5300
770.52,	5.5200
771.14,	5.5200
771.75,	5.5100
772.37,	5.4900
772.98,	5.4700
773.59,	5.4600
774.21,	5.4500
774.82,	5.4400
775.44,	5.4400
776.05,	5.4400
776.67,	5.4500
777.28,	5.4500
777.90,	5.4500
778.51,	5.4500
779.13,	5.4500
779.74,	5.4400
780.36,	5.4300
780.97,	5.4200
781.58,	5.4100
782.20,	5.4000
782.81,	5.3900
783.43,	5.3700
784.04,	5.3600
784.66,	5.3600
785.27,	5.3500
785.88,	5.3400
786.50,	5.3200
787.11,	5.3100
787.73,	5.3000
788.34,	5.2800
788.95,	5.2600
789.57,	5.2500
790.18,	5.2400
790.79,	5.2300
791.41,	5.2200
792.02,	5.2200
792.63,	5.2100
793.25,	5.2100
793.86,	5.2000
794.47,	5.2000
795.09,	5.2000
795.70,	5.2000
796.31,	5.2000
796.93,	5.2100
797.54,	5.2100
798.15,	5.2100
798.77,	5.2100
799.38,	5.2100
799.99,	5.2200
800.61,	5.2100
801.22,	5.2000
801.83,	5.1900
802.44,	5.1900
803.06,	5.1700
803.67,	5.1600
804.28,	5.1500
804.90,	5.1400
805.51,	5.1300
806.12,	5.1300
806.73,	5.1200
807.34,	5.1200
807.96,	5.1200
808.57,	5.1100
809.18,	5.1100
809.79,	5.1000
810.41,	5.1000
811.02,	5.1000
811.63,	5.1100
812.24,	5.1100
812.85,	5.1200
813.47,	5.1200
814.08,	5.1300
814.69,	5.1400
815.30,	5.1500
815.91,	5.1500
816.53,	5.1600
817.14,	5.1600
817.75,	5.1800
818.36,	5.1900
818.97,	5.2100
819.58,	5.2200
820.20,	5.2300
820.81,	5.2400
821.42,	5.2500
822.03,	5.2400
822.64,	5.2300
823.25,	5.2300
823.86,	5.2200
824.47,	5.2200
825.09,	5.2100
825.70,	5.2000
826.31,	5.1800
826.92,	5.1700
827.53,	5.1600
828.14,	5.1600
828.75,	5.1500
829.36,	5.1400
829.97,	5.1300
830.58,	5.1000
831.19,	5.0800
831.80,	5.0800
832.42,	5.0600
833.03,	5.0300
833.64,	5.0200
834.25,	5.0200
834.86,	5.0300
835.47,	5.0300
836.08,	5.0200
836.69,	5.0100
837.30,	5.0000
837.91,	4.9800
838.52,	4.9800
839.13,	4.9800
839.74,	4.9800
840.35,	4.9900
840.96,	4.9900
841.57,	4.9800
842.18,	4.9600
842.79,	4.9400
843.40,	4.9300
844.01,	4.9300
844.62,	4.9200
845.23,	4.9100
845.84,	4.9100
846.45,	4.9100
847.06,	4.9000
847.67,	4.9000
848.27,	4.8900
848.88,	4.8900
849.49,	4.9000
850.10,	4.8900
850.71,	4.8800
851.32,	4.8700
851.93,	4.8600
852.54,	4.8500
853.15,	4.8400
853.76,	4.8300
854.37,	4.8300
854.98,	4.8200
855.58,	4.8000
856.19,	4.7900
856.80,	4.7800
857.41,	4.7900
858.02,	4.8200
858.63,	4.8400
859.24,	4.8400
859.85,	4.8400
860.45,	4.8500
861.06,	4.8500
861.67,	4.8400
862.28,	4.8400
862.89,	4.8300
863.50,	4.8200
864.10,	4.8200
864.71,	4.8100
865.32,	4.8000
865.93,	4.8000
866.54,	4.7800
867.14,	4.7600
867.75,	4.7600
868.36,	4.7600
868.97,	4.7600
869.58,	4.7600
870.18,	4.7600
870.79,	4.7800
871.40,	4.7900
872.01,	4.8000
872.61,	4.8100
873.22,	4.8200
873.83,	4.8200
874.44,	4.8300
875.04,	4.8300
875.65,	4.8300
876.26,	4.8400
876.87,	4.8500
877.47,	4.8500
878.08,	4.8600
878.69,	4.8600
879.29,	4.8700
879.90,	4.8600
880.51,	4.8500
881.12,	4.8400
881.72,	4.8400
882.33,	4.8400
882.94,	4.8300
883.54,	4.8300
884.15,	4.8100
884.76,	4.8000
885.36,	4.8000
885.97,	4.7900
886.58,	4.7900
887.18,	4.7900
887.79,	4.8000
888.40,	4.8000
889.00,	4.8100
889.61,	4.7900
890.22,	4.7800
890.82,	4.7500
891.43,	4.7100
892.03,	4.6600
892.64,	4.6300
893.25,	4.6200
893.85,	4.6100
894.46,	4.6100
895.06,	4.6100
895.67,	4.6300
896.28,	4.6500
896.88,	4.6500
897.49,	4.6600
898.09,	4.6700
898.70,	4.6800
899.30,	4.6800
899.91,	4.6900
900.52,	4.6900
901.12,	4.6900
901.73,	4.6800
902.33,	4.6700
902.94,	4.6500
903.54,	4.6400
904.15,	4.6200
904.75,	4.6100
905.36,	4.5900
905.96,	4.5800
906.57,	4.5800
907.17,	4.5800
907.78,	4.5900
908.38,	4.6100
908.99,	4.6100
909.59,	4.6000
910.20,	4.5900
910.80,	4.5800
911.41,	4.5700
912.01,	4.5700
912.62,	4.5700
913.22,	4.5900
913.83,	4.6400
914.43,	4.6700
915.03,	4.6900
915.64,	4.7100
916.24,	4.7200
916.85,	4.7300
917.45,	4.7300
918.06,	4.7200
918.66,	4.7200
919.26,	4.7200
919.87,	4.7100
920.47,	4.7000
921.08,	4.6900
921.68,	4.6800
922.28,	4.6700
922.89,	4.6600
923.49,	4.6500
924.10,	5.4200
924.70,	10.3400
925.30,	15.4700
925.91,	17.2400
926.51,	21.3900
927.11,	35.5000
927.72,	35.5000
928.32,	35.5000
928.92,	35.5000
929.53,	35.5000
930.13,	35.5000
930.74,	35.5000
931.34,	35.5000
931.94,	35.5000
932.54,	35.5000
933.15,	35.5000
933.75,	35.5000
934.35,	35.5000
934.96,	35.5000
935.56,	35.5000
936.16,	35.5000
936.77,	35.5000
937.37,	35.5000
937.97,	35.5000
938.57,	35.5000
939.18,	35.5000
939.78,	35.5000
940.38,	35.5000
940.98,	35.5000
941.59,	35.5000
942.19,	35.5000
942.79,	35.5000
943.39,	35.5000
944.00,	35.5000
944.60,	35.5000
945.20,	35.5000
945.80,	35.5000
946.40,	35.5000
947.01,	35.5000
947.61,	35.5000
948.21,	35.5000
948.81,	35.5000
949.41,	35.5000
950.02,	35.5000
950.62,	35.5000
951.22,	35.5000
951.82,	35.5000
952.42,	35.5000
953.02,	35.5000
953.63,	35.5000
954.23,	35.5000
954.83,	35.5000
955.43,	35.5000
956.03,	35.5000
956.63,	35.5000
957.24,	35.5000
957.84,	35.5000
958.44,	35.5000
959.04,	35.5000
959.64,	35.5000
960.24,	35.5000
960.84,	35.5000
961.44,	35.5000
962.04,	35.5000
962.64,	35.5000
963.25,	35.5000
963.85,	35.5000
964.45,	35.5000
965.05,	35.5000
965.65,	35.5000
966.25,	35.5000
966.85,	35.5000
967.45,	35.5000
968.05,	35.5000
968.65,	35.5000
969.25,	35.5000
969.85,	35.5000
970.45,	35.5000
971.05,	35.5000
971.65,	35.5000
972.25,	35.5000
972.85,	35.5000
973.45,	35.5000
974.05,	35.5000
974.65,	35.5000
975.25,	35.5000
975.85,	35.5000
976.45,	35.5000
977.05,	35.5000
977.65,	35.5000
978.25,	35.5000
978.85,	35.5000
979.45,	35.5000
980.05,	35.5000
980.65,	35.5000
981.25,	35.5000
981.85,	35.5000
982.45,	35.5000
983.05,	35.5000
983.65,	35.5000
984.25,	35.5000
984.85,	35.5000
985.45,	35.5000
986.04,	35.5000
986.64,	35.5000
987.24,	35.5000
987.84,	35.5000
988.44,	35.5000
989.04,	35.5000
989.64,	35.5000
990.24,	35.5000
990.84,	35.5000
991.44,	35.5000
992.03,	35.5000
992.63,	35.5000
993.23,	35.5000
993.83,	35.5000
994.43,	35.5000
995.03,	35.5000
995.63,	35.5000
996.22,	35.5000
996.82,	35.5000
997.42,	35.5000
998.02,	35.5000
998.62,	35.5000
999.21,	35.5000
999.81,	-2.5200
1000.41,	-2.5200
