Call Sign = ZSDA,	Ship Name = SA Agulhas,	Lloyds Num = 0
Date = 12/01/2016,	Time = 22:01,	
Latitude = 36 22.58  S,	Longitude = 013 11.96  E
Instr = Sippican Deep Blue,	Card Type = Sippican MK-21,	
Wind Instr = ,	Measur Method = 
Probe Serial Num = -1,	Ship Dir = -1,	Ship Speed = -1.00
Wind Dir = 347,	Wind Speed = 5.20
Dry Bulb Temp = 16.00,	Total Water Depth = -1.00

Full Resolution Values
Depth,	 Temp
0.67,	18.0600
1.34,	17.8600
2.01,	17.8100
2.68,	17.7900
3.34,	17.7800
4.01,	17.7800
4.68,	17.7800
5.35,	17.7800
6.02,	17.7800
6.69,	17.7900
7.36,	17.7800
8.03,	17.7800
8.69,	17.7900
9.36,	17.7800
10.03,	17.7700
10.70,	17.7600
11.37,	17.7500
12.04,	17.7300
12.70,	17.7200
13.37,	17.7100
14.04,	17.7000
14.71,	17.7000
15.38,	17.6900
16.05,	17.6600
16.71,	17.6500
17.38,	17.6500
18.05,	17.6500
18.72,	17.6300
19.38,	17.5600
20.05,	17.4700
20.72,	17.4000
21.39,	17.3300
22.06,	17.3000
22.72,	17.2800
23.39,	17.2600
24.06,	17.2300
24.73,	17.2100
25.39,	17.2000
26.06,	17.1800
26.73,	17.1400
27.40,	17.1300
28.06,	17.1000
28.73,	17.0900
29.40,	17.0600
30.06,	17.0400
30.73,	17.0200
31.40,	17.0100
32.06,	16.9900
32.73,	16.9700
33.40,	16.9600
34.07,	16.9500
34.73,	16.9400
35.40,	16.9400
36.07,	16.9500
36.73,	16.9400
37.40,	16.9400
38.07,	16.9200
38.73,	16.9200
39.40,	16.9200
40.06,	16.9100
40.73,	16.9100
41.40,	16.9000
42.06,	16.8900
42.73,	16.8800
43.40,	16.8600
44.06,	16.8200
44.73,	16.7800
45.39,	16.7500
46.06,	16.7200
46.73,	16.6800
47.39,	16.6100
48.06,	16.5700
48.72,	16.5500
49.39,	16.5400
50.06,	16.5200
50.72,	16.5000
51.39,	16.4600
52.05,	16.4300
52.72,	16.4200
53.38,	16.4000
54.05,	16.3700
54.71,	16.3500
55.38,	16.3000
56.05,	16.2600
56.71,	16.2100
57.38,	16.1200
58.04,	16.0300
58.71,	15.9800
59.37,	15.9700
60.04,	15.9700
60.70,	15.9700
61.37,	15.9500
62.03,	15.9400
62.70,	15.9400
63.36,	15.9300
64.03,	15.8900
64.69,	15.8300
65.36,	15.7900
66.02,	15.7400
66.69,	15.7000
67.35,	15.6700
68.01,	15.6500
68.68,	15.6300
69.34,	15.6200
70.01,	15.6000
70.67,	15.5800
71.34,	15.5600
72.00,	15.5500
72.66,	15.5300
73.33,	15.5200
73.99,	15.5100
74.66,	15.4900
75.32,	15.4800
75.98,	15.4700
76.65,	15.4500
77.31,	15.4200
77.98,	15.4000
78.64,	15.4000
79.30,	15.3900
79.97,	15.3800
80.63,	15.3700
81.30,	15.3600
81.96,	15.3400
82.62,	15.3000
83.29,	15.2500
83.95,	15.1900
84.61,	15.1400
85.28,	15.1000
85.94,	15.0600
86.60,	15.0100
87.27,	14.9500
87.93,	14.8800
88.59,	14.8400
89.26,	14.8100
89.92,	14.7800
90.58,	14.7400
91.24,	14.7100
91.91,	14.6700
92.57,	14.6200
93.23,	14.5800
93.90,	14.5300
94.56,	14.5000
95.22,	14.4900
95.88,	14.4700
96.55,	14.4300
97.21,	14.3800
97.87,	14.3500
98.53,	14.3300
99.20,	14.3100
99.86,	14.2700
100.52,	14.2400
101.18,	14.2200
101.85,	14.2000
102.51,	14.2000
103.17,	14.1900
103.83,	14.1700
104.49,	14.1600
105.16,	14.1400
105.82,	14.1200
106.48,	14.1100
107.14,	14.1000
107.80,	14.1000
108.47,	14.0900
109.13,	14.0900
109.79,	14.0900
110.45,	14.0900
111.11,	14.0900
111.77,	14.0900
112.44,	14.0800
113.10,	14.0800
113.76,	14.0800
114.42,	14.0600
115.08,	14.0500
115.74,	14.0400
116.40,	14.0300
117.06,	14.0100
117.73,	14.0000
118.39,	14.0000
119.05,	14.0000
119.71,	14.0000
120.37,	14.0000
121.03,	13.9900
121.69,	13.9900
122.35,	13.9800
123.01,	13.9700
123.67,	13.9600
124.33,	13.9500
125.00,	13.9500
125.66,	13.9600
126.32,	13.9600
126.98,	13.9600
127.64,	13.9500
128.30,	13.9500
128.96,	13.9400
129.62,	13.9300
130.28,	13.9400
130.94,	13.9400
131.60,	13.9300
132.26,	13.9300
132.92,	13.9300
133.58,	13.9100
134.24,	13.9000
134.90,	13.8800
135.56,	13.8600
136.22,	13.8400
136.88,	13.8200
137.54,	13.7800
138.20,	13.7400
138.86,	13.7200
139.52,	13.7200
140.18,	13.7000
140.84,	13.6900
141.50,	13.6800
142.16,	13.6700
142.82,	13.6500
143.48,	13.6500
144.14,	13.6400
144.79,	13.6200
145.45,	13.6100
146.11,	13.5900
146.77,	13.5900
147.43,	13.5800
148.09,	13.5600
148.75,	13.5500
149.41,	13.5400
150.07,	13.5100
150.73,	13.5000
151.39,	13.4900
152.04,	13.4600
152.70,	13.4400
153.36,	13.4100
154.02,	13.3900
154.68,	13.3800
155.34,	13.3600
156.00,	13.3400
156.65,	13.3300
157.31,	13.3300
157.97,	13.3300
158.63,	13.3200
159.29,	13.3100
159.95,	13.3000
160.60,	13.2900
161.26,	13.2800
161.92,	13.2700
162.58,	13.2600
163.24,	13.2500
163.90,	13.2500
164.55,	13.2500
165.21,	13.2600
165.87,	13.2600
166.53,	13.2700
167.18,	13.2700
167.84,	13.2800
168.50,	13.2800
169.16,	13.2800
169.82,	13.2800
170.47,	13.2700
171.13,	13.2700
171.79,	13.2700
172.44,	13.2800
173.10,	13.2700
173.76,	13.2700
174.42,	13.2800
175.07,	13.2800
175.73,	13.2800
176.39,	13.2900
177.05,	13.2900
177.70,	13.2900
178.36,	13.3000
179.02,	13.3000
179.67,	13.3000
180.33,	13.3000
180.99,	13.2900
181.64,	13.2900
182.30,	13.2900
182.96,	13.2800
183.61,	13.2600
184.27,	13.2100
184.93,	13.1700
185.58,	13.1300
186.24,	13.1100
186.90,	13.0800
187.55,	13.0700
188.21,	13.0700
188.87,	13.0600
189.52,	13.0500
190.18,	13.0500
190.83,	13.0400
191.49,	13.0200
192.15,	13.0300
192.80,	13.0300
193.46,	13.0200
194.11,	13.0300
194.77,	13.0400
195.43,	13.0800
196.08,	13.1100
196.74,	13.1300
197.39,	13.1200
198.05,	13.1100
198.70,	13.1100
199.36,	13.1200
200.02,	13.1200
200.67,	13.1400
201.33,	13.1400
201.98,	13.1500
202.64,	13.1600
203.29,	13.1600
203.95,	13.1600
204.60,	13.1600
205.26,	13.1600
205.91,	13.1700
206.57,	13.1600
207.22,	13.1500
207.88,	13.1400
208.53,	13.1100
209.19,	13.0900
209.84,	13.0600
210.50,	13.0500
211.15,	13.0100
211.81,	12.9600
212.46,	12.9300
213.12,	12.9200
213.77,	12.9100
214.43,	12.9100
215.08,	12.9200
215.74,	12.9100
216.39,	12.9100
217.04,	12.8900
217.70,	12.8900
218.35,	12.8900
219.01,	12.8800
219.66,	12.8800
220.32,	12.8700
220.97,	12.8600
221.62,	12.8600
222.28,	12.8600
222.93,	12.8500
223.59,	12.8500
224.24,	12.8500
224.89,	12.8500
225.55,	12.8500
226.20,	12.8500
226.85,	12.8400
227.51,	12.8300
228.16,	12.8100
228.81,	12.7900
229.47,	12.7700
230.12,	12.7600
230.78,	12.7500
231.43,	12.7500
232.08,	12.7200
232.74,	12.7000
233.39,	12.6800
234.04,	12.6600
234.69,	12.6300
235.35,	12.6000
236.00,	12.5700
236.65,	12.5300
237.31,	12.5000
237.96,	12.4700
238.61,	12.4400
239.27,	12.4100
239.92,	12.3700
240.57,	12.3300
241.22,	12.3000
241.88,	12.2900
242.53,	12.2800
243.18,	12.2800
243.83,	12.2700
244.49,	12.2600
245.14,	12.2500
245.79,	12.2400
246.44,	12.2300
247.10,	12.2200
247.75,	12.2100
248.40,	12.2000
249.05,	12.1900
249.70,	12.1800
250.36,	12.1800
251.01,	12.1700
251.66,	12.1500
252.31,	12.1400
252.96,	12.1300
253.62,	12.1200
254.27,	12.1000
254.92,	12.0700
255.57,	12.0600
256.22,	12.0600
256.88,	12.0500
257.53,	12.0500
258.18,	12.0500
258.83,	12.0500
259.48,	12.0500
260.13,	12.0500
260.78,	12.0500
261.44,	12.0500
262.09,	12.0500
262.74,	12.0500
263.39,	12.0600
264.04,	12.0800
264.69,	12.0900
265.34,	12.0900
265.99,	12.0900
266.64,	12.0800
267.29,	12.0700
267.95,	12.0700
268.60,	12.0600
269.25,	12.0700
269.90,	12.0600
270.55,	12.0600
271.20,	12.0500
271.85,	12.0400
272.50,	12.0300
273.15,	12.0300
273.80,	12.0300
274.45,	12.0300
275.10,	12.0300
275.75,	12.0200
276.40,	12.0200
277.05,	12.0100
277.70,	12.0100
278.35,	12.0000
279.00,	12.0000
279.65,	11.9900
280.30,	11.9900
280.95,	11.9800
281.60,	11.9800
282.25,	11.9700
282.90,	11.9700
283.55,	11.9700
284.20,	11.9700
284.85,	11.9700
285.50,	11.9700
286.15,	11.9700
286.80,	11.9600
287.45,	11.9600
288.10,	11.9600
288.75,	11.9600
289.40,	11.9500
290.05,	11.9600
290.70,	11.9600
291.35,	11.9600
292.00,	11.9600
292.64,	11.9500
293.29,	11.9500
293.94,	11.9500
294.59,	11.9400
295.24,	11.9400
295.89,	11.9400
296.54,	11.9500
297.19,	11.9400
297.84,	11.9300
298.49,	11.9300
299.13,	11.9100
299.78,	11.9000
300.43,	11.8900
301.08,	11.8900
301.73,	11.8800
302.38,	11.8800
303.02,	11.8700
303.67,	11.8800
304.32,	11.8700
304.97,	11.8800
305.62,	11.8800
306.27,	11.8900
306.91,	11.8900
307.56,	11.8900
308.21,	11.8700
308.86,	11.8600
309.51,	11.8500
310.15,	11.8500
310.80,	11.8400
311.45,	11.8300
312.10,	11.8100
312.75,	11.7700
313.39,	11.7400
314.04,	11.7300
314.69,	11.7100
315.34,	11.7000
315.98,	11.6900
316.63,	11.6800
317.28,	11.6600
317.93,	11.6500
318.57,	11.6300
319.22,	11.6200
319.87,	11.6100
320.52,	11.6000
321.16,	11.6000
321.81,	11.5900
322.46,	11.5900
323.10,	11.5800
323.75,	11.5600
324.40,	11.5600
325.04,	11.5700
325.69,	11.5600
326.34,	11.5400
326.99,	11.5200
327.63,	11.5000
328.28,	11.4900
328.93,	11.4600
329.57,	11.4200
330.22,	11.3700
330.86,	11.3100
331.51,	11.2600
332.16,	11.2400
332.80,	11.2300
333.45,	11.2200
334.10,	11.2200
334.74,	11.2100
335.39,	11.2000
336.03,	11.1700
336.68,	11.1100
337.33,	11.0700
337.97,	11.0500
338.62,	11.0300
339.26,	11.0100
339.91,	11.0000
340.56,	10.9900
341.20,	10.9800
341.85,	10.9700
342.49,	10.9500
343.14,	10.9400
343.78,	10.9500
344.43,	10.9500
345.08,	10.9500
345.72,	10.9500
346.37,	10.9400
347.01,	10.9200
347.66,	10.9200
348.30,	10.9000
348.95,	10.8800
349.59,	10.8800
350.24,	10.8800
350.88,	10.8700
351.53,	10.8600
352.17,	10.8500
352.82,	10.8400
353.46,	10.8400
354.11,	10.8300
354.75,	10.8000
355.40,	10.7600
356.04,	10.7500
356.69,	10.7400
357.33,	10.7400
357.98,	10.7400
358.62,	10.7300
359.27,	10.7400
359.91,	10.7600
360.55,	10.7600
361.20,	10.7600
361.84,	10.7600
362.49,	10.7600
363.13,	10.7500
363.78,	10.7500
364.42,	10.7400
365.06,	10.7200
365.71,	10.7100
366.35,	10.7000
367.00,	10.6900
367.64,	10.6800
368.28,	10.6700
368.93,	10.6600
369.57,	10.6500
370.22,	10.6400
370.86,	10.6300
371.50,	10.6200
372.15,	10.6000
372.79,	10.6000
373.43,	10.6000
374.08,	10.5900
374.72,	10.5800
375.36,	10.5700
376.01,	10.5700
376.65,	10.5600
377.29,	10.5400
377.94,	10.5200
378.58,	10.5100
379.22,	10.5200
379.87,	10.5600
380.51,	10.6000
381.15,	10.6300
381.79,	10.6900
382.44,	10.7600
383.08,	10.7800
383.72,	10.7900
384.37,	10.7800
385.01,	10.7800
385.65,	10.7600
386.29,	10.7500
386.94,	10.7500
387.58,	10.7400
388.22,	10.7300
388.86,	10.7200
389.51,	10.7200
390.15,	10.7100
390.79,	10.7200
391.43,	10.7100
392.08,	10.7100
392.72,	10.7000
393.36,	10.6900
394.00,	10.6800
394.64,	10.6700
395.29,	10.6600
395.93,	10.6500
396.57,	10.6400
397.21,	10.6400
397.85,	10.6300
398.50,	10.6300
399.14,	10.6300
399.78,	10.6300
400.42,	10.6200
401.06,	10.6200
401.70,	10.6100
402.34,	10.6100
402.99,	10.6000
403.63,	10.5900
404.27,	10.5900
404.91,	10.5900
405.55,	10.5800
406.19,	10.5700
406.83,	10.5700
407.48,	10.5700
408.12,	10.5600
408.76,	10.5600
409.40,	10.5500
410.04,	10.5500
410.68,	10.5500
411.32,	10.5400
411.96,	10.5400
412.60,	10.5300
413.24,	10.5100
413.88,	10.5000
414.52,	10.4900
415.17,	10.4800
415.81,	10.4800
416.45,	10.4800
417.09,	10.4800
417.73,	10.4700
418.37,	10.4600
419.01,	10.4500
419.65,	10.4400
420.29,	10.4400
420.93,	10.4300
421.57,	10.4100
422.21,	10.3900
422.85,	10.3700
423.49,	10.3600
424.13,	10.3400
424.77,	10.3300
425.41,	10.3100
426.05,	10.2900
426.69,	10.2900
427.33,	10.2900
427.97,	10.2900
428.61,	10.2800
429.25,	10.2700
429.89,	10.2400
430.53,	10.2300
431.17,	10.2200
431.80,	10.2000
432.44,	10.1900
433.08,	10.1800
433.72,	10.1800
434.36,	10.1700
435.00,	10.1400
435.64,	10.1300
436.28,	10.1200
436.92,	10.1200
437.56,	10.1000
438.20,	10.0900
438.84,	10.0900
439.47,	10.0800
440.11,	10.0600
440.75,	10.0300
441.39,	10.0100
442.03,	9.9700
442.67,	9.9200
443.31,	9.8700
443.95,	9.8500
444.58,	9.8400
445.22,	9.8400
445.86,	9.8300
446.50,	9.8300
447.14,	9.8100
447.78,	9.7900
448.41,	9.7800
449.05,	9.7700
449.69,	9.7500
450.33,	9.7600
450.97,	9.7500
451.60,	9.7600
452.24,	9.7600
452.88,	9.7600
453.52,	9.7600
454.16,	9.7600
454.79,	9.7600
455.43,	9.7600
456.07,	9.7700
456.71,	9.7700
457.35,	9.7600
457.98,	9.7600
458.62,	9.7700
459.26,	9.7700
459.90,	9.7800
460.53,	9.7900
461.17,	9.7900
461.81,	9.7600
462.44,	9.7300
463.08,	9.7100
463.72,	9.7100
464.36,	9.7100
464.99,	9.7000
465.63,	9.6700
466.27,	9.6300
466.90,	9.6000
467.54,	9.5800
468.18,	9.5700
468.81,	9.5500
469.45,	9.5500
470.09,	9.5500
470.72,	9.5400
471.36,	9.5200
472.00,	9.5100
472.63,	9.4900
473.27,	9.4900
473.91,	9.4700
474.54,	9.4600
475.18,	9.4500
475.82,	9.4400
476.45,	9.4300
477.09,	9.4200
477.73,	9.4100
478.36,	9.3900
479.00,	9.3800
479.63,	9.4000
480.27,	9.4000
480.91,	9.4000
481.54,	9.4000
482.18,	9.3900
482.81,	9.3700
483.45,	9.3400
484.08,	9.3200
484.72,	9.3000
485.36,	9.2600
485.99,	9.2200
486.63,	9.2000
487.26,	9.1900
487.90,	9.1800
488.53,	9.1700
489.17,	9.1400
489.80,	9.1000
490.44,	9.0500
491.07,	9.0300
491.71,	9.0200
492.34,	9.0200
492.98,	9.0200
493.62,	9.0200
494.25,	9.0300
494.89,	9.0300
495.52,	9.0400
496.15,	9.0400
496.79,	9.0400
497.42,	9.0400
498.06,	9.0300
498.69,	9.0300
499.33,	9.0300
499.96,	9.0300
500.60,	9.0300
501.23,	9.0300
501.87,	9.0200
502.50,	9.0100
503.14,	9.0000
503.77,	9.0000
504.40,	9.0000
505.04,	9.0000
505.67,	8.9900
506.31,	8.9900
506.94,	8.9900
507.57,	8.9800
508.21,	8.9700
508.84,	8.9500
509.48,	8.9400
510.11,	8.9300
510.74,	8.9100
511.38,	8.8900
512.01,	8.8800
512.65,	8.8700
513.28,	8.8600
513.91,	8.8500
514.55,	8.8500
515.18,	8.8400
515.81,	8.8300
516.45,	8.8300
517.08,	8.8300
517.71,	8.8300
518.35,	8.8300
518.98,	8.8200
519.61,	8.8200
520.25,	8.8100
520.88,	8.8100
521.51,	8.8000
522.15,	8.8000
522.78,	8.7900
523.41,	8.7900
524.04,	8.7900
524.68,	8.7800
525.31,	8.7800
525.94,	8.7700
526.58,	8.7600
527.21,	8.7600
527.84,	8.7600
528.47,	8.7600
529.11,	8.7500
529.74,	8.7500
530.37,	8.7600
531.00,	8.7600
531.64,	8.7500
532.27,	8.7500
532.90,	8.7400
533.53,	8.7200
534.17,	8.7100
534.80,	8.7000
535.43,	8.7000
536.06,	8.6900
536.69,	8.6900
537.33,	8.6800
537.96,	8.6800
538.59,	8.6700
539.22,	8.6500
539.85,	8.6300
540.48,	8.6000
541.12,	8.5700
541.75,	8.5300
542.38,	8.4900
543.01,	8.4600
543.64,	8.4300
544.27,	8.3900
544.91,	8.3700
545.54,	8.3500
546.17,	8.3300
546.80,	8.3100
547.43,	8.3000
548.06,	8.2900
548.69,	8.2900
549.32,	8.2700
549.95,	8.2600
550.59,	8.2500
551.22,	8.2400
551.85,	8.2300
552.48,	8.2200
553.11,	8.2000
553.74,	8.2000
554.37,	8.2000
555.00,	8.2000
555.63,	8.1900
556.26,	8.1700
556.89,	8.1200
557.52,	8.0800
558.15,	8.0500
558.78,	8.0400
559.42,	8.0300
560.05,	8.0100
560.68,	8.0000
561.31,	7.9800
561.94,	7.9700
562.57,	7.9600
563.20,	7.9400
563.83,	7.9300
564.46,	7.9100
565.09,	7.9000
565.72,	7.8800
566.35,	7.8800
566.98,	7.8700
567.61,	7.8800
568.24,	7.8800
568.87,	7.8800
569.50,	7.8800
570.12,	7.8700
570.75,	7.8600
571.38,	7.8400
572.01,	7.8200
572.64,	7.8100
573.27,	7.8000
573.90,	7.8000
574.53,	7.8000
575.16,	7.8000
575.79,	7.7900
576.42,	7.7700
577.05,	7.7600
577.68,	7.7300
578.31,	7.7000
578.93,	7.6900
579.56,	7.6800
580.19,	7.6600
580.82,	7.6500
581.45,	7.6500
582.08,	7.6400
582.71,	7.6400
583.34,	7.6400
583.97,	7.6400
584.59,	7.6500
585.22,	7.6400
585.85,	7.6100
586.48,	7.5700
587.11,	7.5400
587.74,	7.5300
588.36,	7.5100
588.99,	7.5000
589.62,	7.4900
590.25,	7.4800
590.88,	7.4600
591.50,	7.4600
592.13,	7.4500
592.76,	7.4500
593.39,	7.4400
594.02,	7.4100
594.64,	7.3900
595.27,	7.3700
595.90,	7.3400
596.53,	7.3300
597.16,	7.3200
597.78,	7.3000
598.41,	7.2900
599.04,	7.2800
599.67,	7.2700
600.29,	7.2800
600.92,	7.2900
601.55,	7.2900
602.18,	7.3000
602.80,	7.3200
603.43,	7.3200
604.06,	7.2900
604.68,	7.2600
605.31,	7.2300
605.94,	7.2000
606.57,	7.1800
607.19,	7.1700
607.82,	7.1600
608.45,	7.1500
609.07,	7.1400
609.70,	7.1400
610.33,	7.1300
610.95,	7.1200
611.58,	7.1100
612.21,	7.1000
612.83,	7.0900
613.46,	7.0800
614.09,	7.0700
614.71,	7.0600
615.34,	7.0600
615.97,	7.0500
616.59,	7.0400
617.22,	7.0400
617.84,	7.0300
618.47,	7.0200
619.10,	7.0100
619.72,	7.0000
620.35,	7.0000
620.97,	7.0000
621.60,	6.9900
622.23,	6.9800
622.85,	6.9800
623.48,	6.9700
624.10,	6.9700
624.73,	6.9700
625.35,	6.9600
625.98,	6.9500
626.61,	6.9500
627.23,	6.9400
627.86,	6.9400
628.48,	6.9400
629.11,	6.9400
629.73,	6.9400
630.36,	6.9400
630.98,	6.9400
631.61,	6.9300
632.23,	6.9100
632.86,	6.8900
633.48,	6.8700
634.11,	6.8600
634.73,	6.8500
635.36,	6.8400
635.98,	6.8400
636.61,	6.8400
637.23,	6.8400
637.86,	6.8500
638.48,	6.8600
639.11,	6.8600
639.73,	6.8600
640.36,	6.8600
640.98,	6.8600
641.61,	6.8700
642.23,	6.8700
642.85,	6.8600
643.48,	6.8600
644.10,	6.8500
644.73,	6.8400
645.35,	6.8200
645.98,	6.8100
646.60,	6.8000
647.22,	6.7900
647.85,	6.7800
648.47,	6.7700
649.10,	6.7700
649.72,	6.7700
650.34,	6.7600
650.97,	6.7500
651.59,	6.7400
652.22,	6.7200
652.84,	6.7000
653.46,	6.6800
654.09,	6.6600
654.71,	6.6400
655.33,	6.6100
655.96,	6.5900
656.58,	6.5600
657.20,	6.5300
657.83,	6.5100
658.45,	6.4900
659.07,	6.4700
659.70,	6.4500
660.32,	6.4300
660.94,	6.4000
661.57,	6.3900
662.19,	6.3800
662.81,	6.3700
663.43,	6.3600
664.06,	6.3500
664.68,	6.3400
665.30,	6.3400
665.93,	6.3500
666.55,	6.3500
667.17,	6.3500
667.79,	6.3500
668.42,	6.3500
669.04,	6.3400
669.66,	6.3300
670.28,	6.3200
670.91,	6.3200
671.53,	6.3300
672.15,	6.3200
672.77,	6.2900
673.39,	6.2700
674.02,	6.2600
674.64,	6.2400
675.26,	6.2300
675.88,	6.2200
676.50,	6.2200
677.13,	6.2100
677.75,	6.2000
678.37,	6.1900
678.99,	6.1800
679.61,	6.1800
680.24,	6.1800
680.86,	6.1700
681.48,	6.1700
682.10,	6.1700
682.72,	6.1600
683.34,	6.1600
683.96,	6.1600
684.59,	6.1500
685.21,	6.1400
685.83,	6.1300
686.45,	6.1200
687.07,	6.0900
687.69,	6.0700
688.31,	6.0600
688.93,	6.0400
689.56,	6.0200
690.18,	6.0000
690.80,	6.0000
691.42,	6.0000
692.04,	5.9900
692.66,	5.9800
693.28,	5.9600
693.90,	5.9400
694.52,	5.9200
695.14,	5.9000
695.76,	5.8700
696.38,	5.8400
697.00,	5.8200
697.62,	5.8000
698.25,	5.8000
698.87,	5.8000
699.49,	5.7900
700.11,	5.7800
700.73,	5.7700
701.35,	5.7400
701.97,	5.7300
702.59,	5.7200
703.21,	5.7300
703.83,	5.7300
704.45,	5.7400
705.07,	5.7400
705.69,	5.7400
706.31,	5.7300
706.93,	5.7100
707.55,	5.7000
708.17,	5.6900
708.79,	5.6800
709.40,	5.6800
710.02,	5.6700
710.64,	5.6600
711.26,	5.6500
711.88,	5.6300
712.50,	5.6000
713.12,	5.5700
713.74,	5.5600
714.36,	5.5600
714.98,	5.5600
715.60,	5.5500
716.22,	5.5400
716.84,	5.5300
717.45,	5.5200
718.07,	5.5100
718.69,	5.5100
719.31,	5.5000
719.93,	5.4900
720.55,	5.4700
721.17,	5.4600
721.79,	5.4500
722.41,	5.4400
723.02,	5.4400
723.64,	5.4600
724.26,	5.4700
724.88,	5.4800
725.50,	5.4900
726.12,	5.4800
726.73,	5.4800
727.35,	5.4800
727.97,	5.4700
728.59,	5.4700
729.21,	5.4800
729.83,	5.4900
730.44,	5.5100
731.06,	5.5300
731.68,	5.5400
732.30,	5.5400
732.92,	5.5400
733.53,	5.5300
734.15,	5.5300
734.77,	5.5300
735.39,	5.5300
736.00,	5.5300
736.62,	5.5200
737.24,	5.5100
737.86,	5.5100
738.47,	5.4900
739.09,	5.4800
739.71,	5.4800
740.33,	5.4700
740.94,	5.4600
741.56,	5.4600
742.18,	5.4500
742.79,	5.4400
743.41,	5.4400
744.03,	5.4400
744.65,	5.4400
745.26,	5.4300
745.88,	5.4300
746.50,	5.4400
747.11,	5.4400
747.73,	5.4700
748.35,	5.4900
748.96,	5.4900
749.58,	5.5000
750.20,	5.4900
750.81,	5.4800
751.43,	5.4700
752.05,	5.4600
752.66,	5.4500
753.28,	5.4500
753.90,	5.4500
754.51,	5.4500
755.13,	5.4500
755.74,	5.4500
756.36,	5.4300
756.98,	5.4100
757.59,	5.3700
758.21,	5.3400
758.82,	5.3300
759.44,	5.3300
760.06,	5.3300
760.67,	5.3300
761.29,	5.3300
761.90,	5.3300
762.52,	5.3300
763.14,	5.3200
763.75,	5.3100
764.37,	5.3000
764.98,	5.2900
765.60,	5.2600
766.21,	5.2400
766.83,	5.2200
767.44,	5.2000
768.06,	5.1800
768.67,	5.1400
769.29,	5.1200
769.90,	5.1100
770.52,	5.1100
771.14,	5.1100
771.75,	5.1100
772.37,	5.1100
772.98,	5.1200
773.59,	5.1400
774.21,	5.1700
774.82,	5.1900
775.44,	5.2100
776.05,	5.2000
776.67,	5.1800
777.28,	5.1500
777.90,	5.1400
778.51,	5.1300
779.13,	5.1300
779.74,	5.1200
780.36,	5.1200
780.97,	5.1200
781.58,	5.1200
782.20,	5.1200
782.81,	5.1200
783.43,	5.1300
784.04,	5.1400
784.66,	5.1600
785.27,	5.1700
785.88,	5.1600
786.50,	5.1700
787.11,	5.1700
787.73,	5.1700
788.34,	5.1700
788.95,	5.1700
789.57,	5.1700
790.18,	5.1700
790.79,	5.1700
791.41,	5.1600
792.02,	5.1500
792.63,	5.1500
793.25,	5.1500
793.86,	5.1500
794.47,	5.1400
795.09,	5.1300
795.70,	5.1200
796.31,	5.1200
796.93,	5.1200
797.54,	5.1200
798.15,	5.1100
798.77,	5.1000
799.38,	5.0900
799.99,	5.0900
800.61,	5.0900
801.22,	5.0800
801.83,	5.0600
802.44,	5.0300
803.06,	5.0100
803.67,	4.9900
804.28,	4.9800
804.90,	4.9600
805.51,	4.9600
806.12,	4.9500
806.73,	4.9400
807.34,	4.9400
807.96,	4.9300
808.57,	4.9200
809.18,	4.9100
809.79,	4.9000
810.41,	4.8800
811.02,	4.8600
811.63,	4.8500
812.24,	4.8500
812.85,	4.8500
813.47,	4.8500
814.08,	4.8500
814.69,	4.8500
815.30,	4.8600
815.91,	4.8500
816.53,	4.8600
817.14,	4.8600
817.75,	4.8400
818.36,	4.8100
818.97,	4.7600
819.58,	4.7400
820.20,	4.7300
820.81,	4.7100
821.42,	4.6700
822.03,	4.6300
822.64,	4.5800
823.25,	4.5600
823.86,	4.5500
824.47,	4.5400
825.09,	4.5400
825.70,	4.5300
826.31,	4.5300
826.92,	4.5200
827.53,	4.5100
828.14,	4.4900
828.75,	4.4600
829.36,	4.4400
829.97,	4.4300
830.58,	4.4300
831.19,	4.4400
831.80,	4.4700
832.42,	4.4800
833.03,	4.4800
833.64,	4.4700
834.25,	4.4700
834.86,	4.4700
835.47,	4.4600
836.08,	4.4500
836.69,	4.4500
837.30,	4.4500
837.91,	4.4500
838.52,	4.4500
839.13,	4.4500
839.74,	4.4500
840.35,	4.4300
840.96,	4.4100
841.57,	4.3900
842.18,	4.3900
842.79,	4.4000
843.40,	4.4100
844.01,	4.4100
844.62,	4.4000
845.23,	4.4100
845.84,	4.4000
846.45,	4.3900
847.06,	4.3900
847.67,	4.3800
848.27,	4.3800
848.88,	4.3800
849.49,	4.3800
850.10,	4.3700
850.71,	4.3600
851.32,	4.3400
851.93,	4.3300
852.54,	4.2900
853.15,	4.2600
853.76,	4.2600
854.37,	4.2500
854.98,	4.2300
855.58,	4.2200
856.19,	4.2100
856.80,	4.2000
857.41,	4.2000
858.02,	4.1900
858.63,	4.1900
859.24,	4.1800
859.85,	4.1700
860.45,	4.1700
861.06,	4.1700
861.67,	4.1700
862.28,	4.1700
862.89,	4.1800
863.50,	4.1900
864.10,	4.1900
864.71,	4.1900
865.32,	4.1800
865.93,	4.1700
866.54,	4.1700
867.14,	4.1800
867.75,	4.1800
868.36,	4.1900
868.97,	4.1900
869.58,	4.1900
870.18,	4.2000
870.79,	4.2000
871.40,	4.2100
872.01,	4.2200
872.61,	4.2300
873.22,	4.2300
873.83,	4.2300
874.44,	4.2300
875.04,	4.2300
875.65,	4.2200
876.26,	4.2200
876.87,	4.2100
877.47,	4.2000
878.08,	4.1800
878.69,	4.1700
879.29,	4.1700
879.90,	4.1800
880.51,	4.1900
881.12,	4.2100
881.72,	4.2300
882.33,	4.2500
882.94,	4.2600
883.54,	4.2600
884.15,	4.2700
884.76,	4.2800
885.36,	4.3000
885.97,	4.3100
886.58,	4.3000
887.18,	4.2900
887.79,	4.2800
888.40,	4.2800
889.00,	4.2700
889.61,	4.2700
890.22,	4.2700
890.82,	4.2500
891.43,	4.2100
892.03,	4.1500
892.64,	4.1100
893.25,	4.1000
893.85,	4.0900
894.46,	4.0900
895.06,	4.1000
895.67,	4.1400
896.28,	4.1800
896.88,	4.1900
897.49,	4.1900
898.09,	4.1800
898.70,	4.1500
899.30,	4.1200
899.91,	4.1000
900.52,	4.0900
901.12,	4.0900
901.73,	4.0900
902.33,	4.0800
902.94,	4.0700
903.54,	4.0500
904.15,	4.0400
904.75,	4.0400
905.36,	4.0500
905.96,	4.0700
906.57,	4.0800
907.17,	4.0900
907.78,	4.0900
908.38,	4.1000
908.99,	4.1000
909.59,	4.0900
910.20,	4.0700
910.80,	4.0500
911.41,	4.0700
912.01,	4.7200
912.62,	7.4700
913.22,	11.4200
913.83,	13.8600
914.43,	14.9100
915.03,	15.5500
915.64,	16.0300
916.24,	16.4500
916.85,	16.8300
917.45,	17.1900
918.06,	17.5300
918.66,	17.8400
919.26,	18.1300
919.87,	18.4100
920.47,	18.6900
921.08,	25.8500
921.68,	35.5000
922.28,	35.5000
922.89,	35.5000
923.49,	35.5000
924.10,	35.5000
924.70,	35.5000
925.30,	35.5000
925.91,	35.5000
926.51,	35.5000
927.11,	35.5000
927.72,	35.5000
928.32,	35.5000
928.92,	35.5000
929.53,	35.5000
930.13,	35.5000
930.74,	35.5000
931.34,	35.5000
931.94,	35.5000
932.54,	35.5000
933.15,	35.5000
933.75,	35.5000
934.35,	35.5000
934.96,	35.5000
935.56,	35.5000
936.16,	35.5000
936.77,	-2.5200
937.37,	-2.5200
937.97,	-2.5200
938.57,	-2.5200
939.18,	-2.5200
939.78,	-2.5200
940.38,	-2.5200
940.98,	-2.5200
941.59,	-2.5200
942.19,	-2.5200
942.79,	-2.5200
943.39,	-2.5200
944.00,	-2.5200
944.60,	-2.5200
945.20,	-2.5200
945.80,	-2.5200
946.40,	-2.5200
947.01,	-2.5200
947.61,	-2.5200
948.21,	-2.5200
948.81,	-2.5200
949.41,	-2.5200
950.02,	-2.5200
950.62,	-2.5200
951.22,	-2.5200
951.82,	-2.5200
952.42,	-2.5200
953.02,	-2.5200
953.63,	-2.5200
954.23,	-2.5200
954.83,	-2.5200
955.43,	-2.5200
956.03,	-2.5200
956.63,	-2.5200
957.24,	-2.5200
957.84,	-2.5200
958.44,	-2.5200
959.04,	-2.5200
959.64,	-2.5200
960.24,	-2.5200
960.84,	-2.5200
961.44,	-2.5200
962.04,	-2.5200
962.64,	-2.5200
963.25,	-2.5200
963.85,	-2.5200
964.45,	-2.5200
965.05,	-2.5200
965.65,	-2.5200
966.25,	-2.5200
966.85,	-2.5200
967.45,	-2.5200
968.05,	-2.5200
968.65,	-2.5200
969.25,	-2.5200
969.85,	-2.5200
970.45,	-2.5200
971.05,	-2.5200
971.65,	-2.5200
972.25,	-2.5200
972.85,	-2.5200
973.45,	-2.5200
974.05,	-2.5200
974.65,	-2.5200
975.25,	-2.5200
975.85,	-2.5200
976.45,	-2.5200
977.05,	-2.5200
977.65,	-2.5200
978.25,	-2.5200
978.85,	-2.5200
979.45,	-2.5200
980.05,	-2.5200
980.65,	-2.5200
981.25,	-2.5200
981.85,	-2.5200
982.45,	-2.5200
983.05,	-2.5200
983.65,	-2.5200
984.25,	-2.5200
984.85,	-2.5200
985.45,	-2.5200
986.04,	-2.5200
986.64,	-2.5200
987.24,	-2.5200
987.84,	-2.5200
988.44,	-2.5200
989.04,	-2.5200
989.64,	-2.5200
990.24,	-2.5200
990.84,	-2.5200
991.44,	-2.5200
992.03,	-2.5200
992.63,	-2.5200
993.23,	-2.5200
993.83,	-2.5200
994.43,	-2.5200
995.03,	-2.5200
995.63,	-2.5200
996.22,	-2.5200
996.82,	-2.5200
997.42,	-2.5200
998.02,	-2.5200
998.62,	-2.5200
999.21,	-2.5200
999.81,	-2.5200
1000.41,	-2.5200
