Call Sign = ZSDA,	Ship Name = SA Agulhas,	Lloyds Num = 0
Date = 12/05/2016,	Time = 21:00,	
Latitude = 50 48.34  S,	Longitude = 000 40.57  E
Instr = Sippican Deep Blue,	Card Type = Sippican MK-21,	
Wind Instr = ,	Measur Method = 
Probe Serial Num = -1,	Ship Dir = -1,	Ship Speed = -1.00
Wind Dir = 359,	Wind Speed = 30.90
Dry Bulb Temp = 1.90,	Total Water Depth = -1.00

Full Resolution Values
Depth,	 Temp
0.67,	3.0400
1.34,	2.3500
2.01,	2.2000
2.68,	2.1400
3.34,	2.1000
4.01,	2.1000
4.68,	2.0900
5.35,	2.0900
6.02,	2.0900
6.69,	2.0900
7.36,	2.0700
8.03,	2.0800
8.69,	2.0900
9.36,	2.0900
10.03,	2.1000
10.70,	2.1100
11.37,	2.1000
12.04,	2.1000
12.70,	2.1000
13.37,	2.0900
14.04,	2.0800
14.71,	2.0800
15.38,	2.0900
16.05,	2.0800
16.71,	2.0800
17.38,	2.0900
18.05,	2.0900
18.72,	2.0900
19.38,	2.0900
20.05,	2.0900
20.72,	2.0800
21.39,	2.0900
22.06,	2.0900
22.72,	2.0900
23.39,	2.0900
24.06,	2.0900
24.73,	2.0900
25.39,	2.0800
26.06,	2.0500
26.73,	2.0300
27.40,	2.0100
28.06,	2.0000
28.73,	2.0100
29.40,	2.0100
30.06,	2.0100
30.73,	2.0200
31.40,	2.0200
32.06,	2.0100
32.73,	1.9900
33.40,	1.9800
34.07,	1.9800
34.73,	1.9900
35.40,	1.9900
36.07,	1.9900
36.73,	1.9900
37.40,	1.9800
38.07,	1.9800
38.73,	1.9700
39.40,	1.9600
40.06,	1.9600
40.73,	1.9500
41.40,	1.9500
42.06,	1.9400
42.73,	1.9400
43.40,	1.9400
44.06,	1.9400
44.73,	1.9300
45.39,	1.9400
46.06,	1.9300
46.73,	1.9400
47.39,	1.9300
48.06,	1.9200
48.72,	1.9200
49.39,	1.9300
50.06,	1.9100
50.72,	1.9100
51.39,	1.9100
52.05,	1.9100
52.72,	1.9100
53.38,	1.9100
54.05,	1.9100
54.71,	1.9100
55.38,	1.9100
56.05,	1.9100
56.71,	1.9100
57.38,	1.9000
58.04,	1.9100
58.71,	1.9000
59.37,	1.9000
60.04,	1.9000
60.70,	1.9000
61.37,	1.9000
62.03,	1.9100
62.70,	1.9100
63.36,	1.9100
64.03,	1.9000
64.69,	1.9000
65.36,	1.9000
66.02,	1.9000
66.69,	1.9000
67.35,	1.9000
68.01,	1.8900
68.68,	1.8900
69.34,	1.8800
70.01,	1.8800
70.67,	1.8800
71.34,	1.8800
72.00,	1.8700
72.66,	1.8700
73.33,	1.8600
73.99,	1.8500
74.66,	1.8400
75.32,	1.8400
75.98,	1.8200
76.65,	1.7900
77.31,	1.7500
77.98,	1.6900
78.64,	1.6300
79.30,	1.6000
79.97,	1.5700
80.63,	1.5200
81.30,	1.4800
81.96,	1.4500
82.62,	1.4300
83.29,	1.4100
83.95,	1.4100
84.61,	1.4100
85.28,	1.3900
85.94,	1.3800
86.60,	1.3600
87.27,	1.3500
87.93,	1.3400
88.59,	1.3400
89.26,	1.3200
89.92,	1.3100
90.58,	1.3100
91.24,	1.3000
91.91,	1.2800
92.57,	1.2600
93.23,	1.2400
93.90,	1.2300
94.56,	1.2100
95.22,	1.2100
95.88,	1.1900
96.55,	1.1800
97.21,	1.1600
97.87,	1.1500
98.53,	1.1400
99.20,	1.1300
99.86,	1.1200
100.52,	1.1000
101.18,	1.1000
101.85,	1.0900
102.51,	1.0700
103.17,	1.0700
103.83,	1.0700
104.49,	1.0500
105.16,	1.0400
105.82,	1.0400
106.48,	1.0400
107.14,	1.0200
107.80,	1.0100
108.47,	1.0000
109.13,	0.9900
109.79,	0.9800
110.45,	0.9600
111.11,	0.9300
111.77,	0.9200
112.44,	0.9200
113.10,	0.9200
113.76,	0.9100
114.42,	0.9100
115.08,	0.9100
115.74,	0.9100
116.40,	0.9200
117.06,	0.9300
117.73,	0.9400
118.39,	0.9500
119.05,	0.9600
119.71,	0.9800
120.37,	0.9800
121.03,	0.9800
121.69,	0.9900
122.35,	0.9800
123.01,	0.9800
123.67,	0.9800
124.33,	0.9900
125.00,	1.0000
125.66,	0.9900
126.32,	0.9900
126.98,	1.0000
127.64,	1.0200
128.30,	1.0200
128.96,	1.0200
129.62,	1.0000
130.28,	0.9700
130.94,	0.9700
131.60,	0.9700
132.26,	0.9700
132.92,	0.9900
133.58,	1.0000
134.24,	1.0300
134.90,	1.0600
135.56,	1.0300
136.22,	1.0000
136.88,	0.9900
137.54,	1.0200
138.20,	1.0700
138.86,	1.0900
139.52,	1.0900
140.18,	1.1000
140.84,	1.0900
141.50,	1.0800
142.16,	1.0600
142.82,	1.0300
143.48,	1.0300
144.14,	1.0300
144.79,	1.0200
145.45,	1.0000
146.11,	0.9900
146.77,	0.9900
147.43,	0.9700
148.09,	0.9600
148.75,	0.9400
149.41,	0.9400
150.07,	0.9200
150.73,	0.9300
151.39,	0.9300
152.04,	0.9200
152.70,	0.9200
153.36,	0.9100
154.02,	0.8900
154.68,	0.8900
155.34,	0.8900
156.00,	0.8800
156.65,	0.8700
157.31,	0.8600
157.97,	0.8600
158.63,	0.8700
159.29,	0.8700
159.95,	0.8500
160.60,	0.8300
161.26,	0.8200
161.92,	0.8000
162.58,	0.7700
163.24,	0.7600
163.90,	0.7500
164.55,	0.7600
165.21,	0.7600
165.87,	0.7800
166.53,	0.7900
167.18,	0.8000
167.84,	0.7900
168.50,	0.7900
169.16,	0.7900
169.82,	0.7900
170.47,	0.7900
171.13,	0.7900
171.79,	0.7800
172.44,	0.7700
173.10,	0.7700
173.76,	0.7700
174.42,	0.7600
175.07,	0.7600
175.73,	0.7700
176.39,	0.7700
177.05,	0.7700
177.70,	0.7700
178.36,	0.7600
179.02,	0.7500
179.67,	0.7500
180.33,	0.7500
180.99,	0.7400
181.64,	0.7400
182.30,	0.7400
182.96,	0.7400
183.61,	0.7300
184.27,	0.7300
184.93,	0.7300
185.58,	0.7300
186.24,	0.7300
186.90,	0.7300
187.55,	0.7500
188.21,	0.7600
188.87,	0.7600
189.52,	0.7700
190.18,	0.7800
190.83,	0.7800
191.49,	0.7800
192.15,	0.7900
192.80,	0.8000
193.46,	0.8100
194.11,	0.8200
194.77,	0.8200
195.43,	0.8200
196.08,	0.8200
196.74,	0.8300
197.39,	0.8500
198.05,	0.8500
198.70,	0.8400
199.36,	0.8500
200.02,	0.8500
200.67,	0.8600
201.33,	0.8700
201.98,	0.8700
202.64,	0.8700
203.29,	0.8800
203.95,	0.8800
204.60,	0.8800
205.26,	0.8900
205.91,	0.9100
206.57,	0.9200
207.22,	0.9200
207.88,	0.9300
208.53,	0.9500
209.19,	0.9700
209.84,	0.9900
210.50,	1.0100
211.15,	1.0100
211.81,	1.0200
212.46,	1.0300
213.12,	1.0300
213.77,	1.0300
214.43,	1.0400
215.08,	1.0500
215.74,	1.0600
216.39,	1.0700
217.04,	1.0700
217.70,	1.0800
218.35,	1.0900
219.01,	1.1100
219.66,	1.1200
220.32,	1.1400
220.97,	1.1600
221.62,	1.1600
222.28,	1.1700
222.93,	1.1900
223.59,	1.2000
224.24,	1.2000
224.89,	1.2000
225.55,	1.2000
226.20,	1.2100
226.85,	1.2500
227.51,	1.2700
228.16,	1.2900
228.81,	1.3200
229.47,	1.3500
230.12,	1.3600
230.78,	1.3700
231.43,	1.3900
232.08,	1.4300
232.74,	1.4500
233.39,	1.4600
234.04,	1.4700
234.69,	1.4800
235.35,	1.4900
236.00,	1.5000
236.65,	1.5200
237.31,	1.5400
237.96,	1.5600
238.61,	1.5800
239.27,	1.6000
239.92,	1.6200
240.57,	1.6300
241.22,	1.6400
241.88,	1.6600
242.53,	1.6600
243.18,	1.6900
243.83,	1.7100
244.49,	1.7300
245.14,	1.7400
245.79,	1.7500
246.44,	1.7600
247.10,	1.7700
247.75,	1.7900
248.40,	1.7900
249.05,	1.8000
249.70,	1.8000
250.36,	1.8100
251.01,	1.8000
251.66,	1.8000
252.31,	1.8100
252.96,	1.8200
253.62,	1.8100
254.27,	1.8000
254.92,	1.8100
255.57,	1.8200
256.22,	1.8200
256.88,	1.8100
257.53,	1.8100
258.18,	1.8200
258.83,	1.8200
259.48,	1.8100
260.13,	1.8200
260.78,	1.8300
261.44,	1.8200
262.09,	1.8300
262.74,	1.8300
263.39,	1.8200
264.04,	1.8300
264.69,	1.8400
265.34,	1.8500
265.99,	1.8500
266.64,	1.8600
267.29,	1.8700
267.95,	1.8900
268.60,	1.9100
269.25,	1.9300
269.90,	1.9300
270.55,	1.9300
271.20,	1.9300
271.85,	1.9400
272.50,	1.9400
273.15,	1.9600
273.80,	1.9700
274.45,	1.9800
275.10,	1.9800
275.75,	2.0000
276.40,	2.0000
277.05,	2.0100
277.70,	1.9900
278.35,	1.9700
279.00,	1.9700
279.65,	1.9600
280.30,	1.9500
280.95,	1.9400
281.60,	1.9300
282.25,	1.9300
282.90,	1.9500
283.55,	1.9500
284.20,	1.9500
284.85,	1.9600
285.50,	1.9600
286.15,	1.9500
286.80,	1.9400
287.45,	1.9300
288.10,	1.9400
288.75,	1.9300
289.40,	1.9300
290.05,	1.9200
290.70,	1.9200
291.35,	1.9300
292.00,	1.9400
292.64,	1.9500
293.29,	1.9500
293.94,	1.9500
294.59,	1.9500
295.24,	1.9600
295.89,	1.9700
296.54,	1.9800
297.19,	1.9800
297.84,	1.9800
298.49,	1.9900
299.13,	1.9900
299.78,	2.0000
300.43,	2.0000
301.08,	2.0000
301.73,	2.0100
302.38,	2.0200
303.02,	2.0200
303.67,	2.0300
304.32,	2.0300
304.97,	2.0400
305.62,	2.0400
306.27,	2.0400
306.91,	2.0400
307.56,	2.0400
308.21,	2.0500
308.86,	2.0600
309.51,	2.0600
310.15,	2.0700
310.80,	2.0800
311.45,	2.0800
312.10,	2.0900
312.75,	2.1100
313.39,	2.1300
314.04,	2.1300
314.69,	2.1400
315.34,	2.1400
315.98,	2.1300
316.63,	2.1400
317.28,	2.1400
317.93,	2.1500
318.57,	2.1400
319.22,	2.1400
319.87,	2.1400
320.52,	2.1400
321.16,	2.1400
321.81,	2.1400
322.46,	2.1400
323.10,	2.1400
323.75,	2.1400
324.40,	2.1500
325.04,	2.1600
325.69,	2.1400
326.34,	2.1400
326.99,	2.1300
327.63,	2.1300
328.28,	2.1300
328.93,	2.1300
329.57,	2.1200
330.22,	2.1300
330.86,	2.1400
331.51,	2.1400
332.16,	2.1400
332.80,	2.1400
333.45,	2.1400
334.10,	2.1300
334.74,	2.1300
335.39,	2.1400
336.03,	2.1500
336.68,	2.1400
337.33,	2.1400
337.97,	2.1400
338.62,	2.1400
339.26,	2.1500
339.91,	2.1600
340.56,	2.1600
341.20,	2.1600
341.85,	2.1500
342.49,	2.1600
343.14,	2.1600
343.78,	2.1600
344.43,	2.1600
345.08,	2.1700
345.72,	2.1700
346.37,	2.1700
347.01,	2.1800
347.66,	2.1800
348.30,	2.1800
348.95,	2.1800
349.59,	2.1900
350.24,	2.1900
350.88,	2.1800
351.53,	2.1800
352.17,	2.1900
352.82,	2.1900
353.46,	2.1900
354.11,	2.1900
354.75,	2.1900
355.40,	2.1900
356.04,	2.1900
356.69,	2.1800
357.33,	2.1800
357.98,	2.1800
358.62,	2.1900
359.27,	2.1900
359.91,	2.1900
360.55,	2.2000
361.20,	2.2000
361.84,	2.2000
362.49,	2.2100
363.13,	2.2100
363.78,	2.2200
364.42,	2.2200
365.06,	2.2300
365.71,	2.2300
366.35,	2.2300
367.00,	2.2400
367.64,	2.2400
368.28,	2.2300
368.93,	2.2400
369.57,	2.2400
370.22,	2.2500
370.86,	2.2600
371.50,	2.2600
372.15,	2.2600
372.79,	2.2600
373.43,	2.2600
374.08,	2.2500
374.72,	2.2600
375.36,	2.2500
376.01,	2.2400
376.65,	2.2500
377.29,	2.2600
377.94,	2.2600
378.58,	2.2700
379.22,	2.2700
379.87,	2.2700
380.51,	2.2700
381.15,	2.2600
381.79,	2.2600
382.44,	2.2500
383.08,	2.2600
383.72,	2.2600
384.37,	2.2600
385.01,	2.2600
385.65,	2.2600
386.29,	2.2600
386.94,	2.2500
387.58,	2.2600
388.22,	2.2700
388.86,	2.2700
389.51,	2.2800
390.15,	2.3100
390.79,	2.3200
391.43,	2.3200
392.08,	2.3300
392.72,	2.3200
393.36,	2.3200
394.00,	2.3200
394.64,	2.3200
395.29,	2.3100
395.93,	2.3100
396.57,	2.3100
397.21,	2.3000
397.85,	2.3100
398.50,	2.3100
399.14,	2.3100
399.78,	2.3100
400.42,	2.3100
401.06,	2.3100
401.70,	2.3100
402.34,	2.3100
402.99,	2.3000
403.63,	2.3000
404.27,	2.3000
404.91,	2.3100
405.55,	2.3100
406.19,	2.3000
406.83,	2.3000
407.48,	2.3000
408.12,	2.3000
408.76,	2.3000
409.40,	2.3000
410.04,	2.2900
410.68,	2.2900
411.32,	2.2900
411.96,	2.2900
412.60,	2.2900
413.24,	2.2900
413.88,	2.2800
414.52,	2.2900
415.17,	2.2800
415.81,	2.2800
416.45,	2.2800
417.09,	2.2700
417.73,	2.2700
418.37,	2.2600
419.01,	2.2700
419.65,	2.2800
420.29,	2.2800
420.93,	2.2800
421.57,	2.2800
422.21,	2.2800
422.85,	2.2800
423.49,	2.2700
424.13,	2.2700
424.77,	2.2700
425.41,	2.2700
426.05,	2.2800
426.69,	2.2800
427.33,	2.2800
427.97,	2.2700
428.61,	2.2700
429.25,	2.2800
429.89,	2.2800
430.53,	2.2800
431.17,	2.2800
431.80,	2.2800
432.44,	2.2800
433.08,	2.2800
433.72,	2.2900
434.36,	2.3000
435.00,	2.3000
435.64,	2.2900
436.28,	2.2800
436.92,	2.2900
437.56,	2.2900
438.20,	2.3100
438.84,	2.3100
439.47,	2.3000
440.11,	2.3100
440.75,	2.3100
441.39,	2.3100
442.03,	2.3200
442.67,	2.3200
443.31,	2.3200
443.95,	2.3300
444.58,	2.3300
445.22,	2.3400
445.86,	2.3500
446.50,	2.3500
447.14,	2.3600
447.78,	2.3600
448.41,	2.3500
449.05,	2.3400
449.69,	2.3400
450.33,	2.3300
450.97,	2.3300
451.60,	2.3400
452.24,	2.3400
452.88,	2.3400
453.52,	2.3400
454.16,	2.3300
454.79,	2.3400
455.43,	2.3300
456.07,	2.3300
456.71,	2.3300
457.35,	2.3300
457.98,	2.3300
458.62,	2.3400
459.26,	2.3400
459.90,	2.3400
460.53,	2.3400
461.17,	2.3400
461.81,	2.3300
462.44,	2.3300
463.08,	2.3300
463.72,	2.3400
464.36,	2.3400
464.99,	2.3300
465.63,	2.3300
466.27,	2.3300
466.90,	2.3400
467.54,	2.3300
468.18,	2.3300
468.81,	2.3300
469.45,	2.3300
470.09,	2.3300
470.72,	2.3200
471.36,	2.3200
472.00,	2.3200
472.63,	2.3200
473.27,	2.3200
473.91,	2.3200
474.54,	2.3200
475.18,	2.3200
475.82,	2.3200
476.45,	2.3100
477.09,	2.3200
477.73,	2.3200
478.36,	2.3300
479.00,	2.3300
479.63,	2.3200
480.27,	2.3100
480.91,	2.3200
481.54,	2.3200
482.18,	2.3200
482.81,	2.3300
483.45,	2.3200
484.08,	2.3200
484.72,	2.3200
485.36,	2.3300
485.99,	2.3300
486.63,	2.3300
487.26,	2.3300
487.90,	2.3300
488.53,	2.3300
489.17,	2.3300
489.80,	2.3400
490.44,	2.3500
491.07,	2.3500
491.71,	2.3500
492.34,	2.3500
492.98,	2.3500
493.62,	2.3600
494.25,	2.3600
494.89,	2.3600
495.52,	2.3600
496.15,	2.3600
496.79,	2.3500
497.42,	2.3500
498.06,	2.3500
498.69,	2.3600
499.33,	2.3600
499.96,	2.3700
500.60,	2.3600
501.23,	2.3600
501.87,	2.3600
502.50,	2.3500
503.14,	2.3600
503.77,	2.3700
504.40,	2.3700
505.04,	2.3500
505.67,	2.3500
506.31,	2.3600
506.94,	2.3500
507.57,	2.3600
508.21,	2.3500
508.84,	2.3500
509.48,	2.3600
510.11,	2.3500
510.74,	2.3500
511.38,	2.3600
512.01,	2.3500
512.65,	2.3600
513.28,	2.3600
513.91,	2.3500
514.55,	2.3500
515.18,	2.3500
515.81,	2.3600
516.45,	2.3600
517.08,	2.3600
517.71,	2.3600
518.35,	2.3600
518.98,	2.3600
519.61,	2.3600
520.25,	2.3600
520.88,	2.3600
521.51,	2.3500
522.15,	2.3600
522.78,	2.3600
523.41,	2.3600
524.04,	2.3700
524.68,	2.3700
525.31,	2.3700
525.94,	2.3700
526.58,	2.3700
527.21,	2.3800
527.84,	2.3900
528.47,	2.3800
529.11,	2.3800
529.74,	2.3900
530.37,	2.3900
531.00,	2.3800
531.64,	2.3900
532.27,	2.3900
532.90,	2.3900
533.53,	2.3800
534.17,	2.3800
534.80,	2.3900
535.43,	2.3900
536.06,	2.3900
536.69,	2.4000
537.33,	2.3900
537.96,	2.4000
538.59,	2.4000
539.22,	2.3900
539.85,	2.3900
540.48,	2.4000
541.12,	2.4000
541.75,	2.4000
542.38,	2.4000
543.01,	2.4000
543.64,	2.4000
544.27,	2.4000
544.91,	2.4100
545.54,	2.4100
546.17,	2.4100
546.80,	2.4100
547.43,	2.4200
548.06,	2.4200
548.69,	2.4100
549.32,	2.4100
549.95,	2.4000
550.59,	2.4000
551.22,	2.4000
551.85,	2.4000
552.48,	2.4000
553.11,	2.4000
553.74,	2.4000
554.37,	2.4100
555.00,	2.4100
555.63,	2.4100
556.26,	2.4100
556.89,	2.4100
557.52,	2.4100
558.15,	2.4100
558.78,	2.4100
559.42,	2.4000
560.05,	2.4100
560.68,	2.4100
561.31,	2.4100
561.94,	2.4100
562.57,	2.4100
563.20,	2.4100
563.83,	2.4100
564.46,	2.4100
565.09,	2.4100
565.72,	2.4100
566.35,	2.4100
566.98,	2.4200
567.61,	2.4200
568.24,	2.4100
568.87,	2.4200
569.50,	2.4200
570.12,	2.4200
570.75,	2.4200
571.38,	2.4200
572.01,	2.4200
572.64,	2.4100
573.27,	2.4100
573.90,	2.4100
574.53,	2.4000
575.16,	2.4000
575.79,	2.4000
576.42,	2.4000
577.05,	2.4000
577.68,	2.4000
578.31,	2.4000
578.93,	2.4000
579.56,	2.4000
580.19,	2.4000
580.82,	2.4000
581.45,	2.4000
582.08,	2.4000
582.71,	2.4000
583.34,	2.4000
583.97,	2.4000
584.59,	2.4000
585.22,	2.3900
585.85,	2.3900
586.48,	2.3900
587.11,	2.3900
587.74,	2.3900
588.36,	2.3900
588.99,	2.3800
589.62,	2.3900
590.25,	2.3900
590.88,	2.3900
591.50,	2.3900
592.13,	2.3800
592.76,	2.3900
593.39,	2.3800
594.02,	2.3900
594.64,	2.3900
595.27,	2.3800
595.90,	2.3800
596.53,	2.3800
597.16,	2.3800
597.78,	2.3800
598.41,	2.3800
599.04,	2.3800
599.67,	2.3800
600.29,	2.3900
600.92,	2.3900
601.55,	2.3900
602.18,	2.3800
602.80,	2.3800
603.43,	2.3800
604.06,	2.3800
604.68,	2.3800
605.31,	2.3800
605.94,	2.3800
606.57,	2.3800
607.19,	2.3800
607.82,	2.3800
608.45,	2.3800
609.07,	2.3800
609.70,	2.3900
610.33,	2.3800
610.95,	2.3800
611.58,	2.3900
612.21,	2.3900
612.83,	2.3800
613.46,	2.3800
614.09,	2.3900
614.71,	2.3800
615.34,	2.3900
615.97,	2.3800
616.59,	2.3800
617.22,	2.3800
617.84,	2.3800
618.47,	2.3900
619.10,	2.3800
619.72,	2.3700
620.35,	2.3700
620.97,	2.3700
621.60,	2.3800
622.23,	2.3800
622.85,	2.3700
623.48,	2.3700
624.10,	2.3600
624.73,	2.3700
625.35,	2.3700
625.98,	2.3800
626.61,	2.3800
627.23,	2.3700
627.86,	2.3700
628.48,	2.3800
629.11,	2.3800
629.73,	2.3800
630.36,	2.3800
630.98,	2.3700
631.61,	2.3700
632.23,	2.3800
632.86,	2.3800
633.48,	2.3900
634.11,	2.3800
634.73,	2.3800
635.36,	2.3800
635.98,	2.3800
636.61,	2.3800
637.23,	2.3800
637.86,	2.3800
638.48,	2.3700
639.11,	2.3800
639.73,	2.3800
640.36,	2.3800
640.98,	2.3800
641.61,	2.3800
642.23,	2.3700
642.85,	2.3800
643.48,	2.3800
644.10,	2.3800
644.73,	2.3700
645.35,	2.3800
645.98,	2.3800
646.60,	2.3800
647.22,	2.3800
647.85,	2.3700
648.47,	2.3800
649.10,	2.3900
649.72,	2.3800
650.34,	2.3800
650.97,	2.3900
651.59,	2.3800
652.22,	2.3800
652.84,	2.3900
653.46,	2.3800
654.09,	2.3900
654.71,	2.3900
655.33,	2.3900
655.96,	2.3900
656.58,	2.3800
657.20,	2.3800
657.83,	2.3900
658.45,	2.3900
659.07,	2.3900
659.70,	2.3800
660.32,	2.3800
660.94,	2.3800
661.57,	2.3800
662.19,	2.3800
662.81,	2.3800
663.43,	2.3700
664.06,	2.3800
664.68,	2.3800
665.30,	2.3800
665.93,	2.3800
666.55,	2.3800
667.17,	2.3800
667.79,	2.3700
668.42,	2.3700
669.04,	2.3700
669.66,	2.3700
670.28,	2.3700
670.91,	2.3700
671.53,	2.3800
672.15,	2.3800
672.77,	2.3800
673.39,	2.3800
674.02,	2.3600
674.64,	2.3600
675.26,	2.3600
675.88,	2.3600
676.50,	2.3600
677.13,	2.3700
677.75,	2.3700
678.37,	2.3700
678.99,	2.3700
679.61,	2.3700
680.24,	2.3700
680.86,	2.3800
681.48,	2.3700
682.10,	2.3700
682.72,	2.3700
683.34,	2.3700
683.96,	2.3700
684.59,	2.3700
685.21,	2.3600
685.83,	2.3700
686.45,	2.3700
687.07,	2.3700
687.69,	2.3700
688.31,	2.3700
688.93,	2.3700
689.56,	2.3700
690.18,	2.3700
690.80,	2.3700
691.42,	2.3800
692.04,	2.3700
692.66,	2.3700
693.28,	2.3700
693.90,	2.3700
694.52,	2.3800
695.14,	2.3700
695.76,	2.3800
696.38,	2.3800
697.00,	2.3700
697.62,	2.3700
698.25,	2.3700
698.87,	2.3700
699.49,	2.3800
700.11,	2.3700
700.73,	2.3700
701.35,	2.3700
701.97,	2.3700
702.59,	2.3800
703.21,	2.3800
703.83,	2.3800
704.45,	2.3700
705.07,	2.3700
705.69,	2.3700
706.31,	2.3700
706.93,	2.3700
707.55,	2.3600
708.17,	2.3600
708.79,	2.3700
709.40,	2.3700
710.02,	2.3700
710.64,	2.3700
711.26,	2.3600
711.88,	2.3700
712.50,	2.3600
713.12,	2.3600
713.74,	2.3700
714.36,	2.3700
714.98,	2.3700
715.60,	2.3700
716.22,	2.3800
716.84,	2.3800
717.45,	2.3700
718.07,	2.3700
718.69,	2.3600
719.31,	2.3700
719.93,	2.3700
720.55,	2.3700
721.17,	2.3600
721.79,	2.3600
722.41,	2.3700
723.02,	2.3700
723.64,	2.3700
724.26,	2.3700
724.88,	2.3600
725.50,	2.3600
726.12,	2.3600
726.73,	2.3700
727.35,	2.3600
727.97,	2.3600
728.59,	2.3600
729.21,	2.3600
729.83,	2.3700
730.44,	2.3600
731.06,	2.3500
731.68,	2.3500
732.30,	2.3600
732.92,	2.3600
733.53,	2.3600
734.15,	2.3600
734.77,	2.3600
735.39,	2.3600
736.00,	2.3500
736.62,	2.3500
737.24,	2.3500
737.86,	2.3600
738.47,	2.3600
739.09,	2.3600
739.71,	2.3600
740.33,	2.3500
740.94,	2.3500
741.56,	2.3500
742.18,	2.3500
742.79,	2.3500
743.41,	2.3400
744.03,	2.3400
744.65,	2.3400
745.26,	2.3500
745.88,	2.3500
746.50,	2.3500
747.11,	2.3500
747.73,	2.3500
748.35,	2.3400
748.96,	2.3400
749.58,	2.3500
750.20,	2.3500
750.81,	2.3500
751.43,	2.3500
752.05,	2.3500
752.66,	2.3500
753.28,	2.3500
753.90,	2.3500
754.51,	2.3500
755.13,	2.3400
755.74,	2.3400
756.36,	2.3400
756.98,	2.3500
757.59,	2.3500
758.21,	2.3500
758.82,	2.3500
759.44,	2.3500
760.06,	2.3500
760.67,	2.3600
761.29,	2.3600
761.90,	2.3700
762.52,	2.3600
763.14,	2.3500
763.75,	2.3400
764.37,	2.3400
764.98,	2.3400
765.60,	2.3400
766.21,	2.3400
766.83,	2.3300
767.44,	2.3200
768.06,	2.3300
768.67,	2.3400
769.29,	2.3400
769.90,	2.3400
770.52,	2.3400
771.14,	2.3400
771.75,	2.3300
772.37,	2.3400
772.98,	2.3300
773.59,	2.3300
774.21,	2.3300
774.82,	2.3300
775.44,	2.3400
776.05,	2.3300
776.67,	2.3300
777.28,	2.3300
777.90,	2.3400
778.51,	2.3300
779.13,	2.3300
779.74,	2.3300
780.36,	2.3300
780.97,	2.3300
781.58,	2.3400
782.20,	2.3400
782.81,	2.3400
783.43,	2.3400
784.04,	2.3400
784.66,	2.3400
785.27,	2.3300
785.88,	2.3300
786.50,	2.3400
787.11,	2.3400
787.73,	2.3300
788.34,	2.3400
788.95,	2.3400
789.57,	2.3300
790.18,	2.3300
790.79,	2.3300
791.41,	2.3400
792.02,	2.3300
792.63,	2.3400
793.25,	2.3300
793.86,	2.3300
794.47,	2.3300
795.09,	2.3300
795.70,	2.3300
796.31,	2.3300
796.93,	2.3300
797.54,	2.3400
798.15,	2.3400
798.77,	2.3400
799.38,	2.3400
799.99,	2.3400
800.61,	2.3400
801.22,	2.3300
801.83,	2.3200
802.44,	2.3300
803.06,	2.3300
803.67,	2.3300
804.28,	2.3200
804.90,	2.3100
805.51,	2.3100
806.12,	2.3100
806.73,	2.3200
807.34,	2.3100
807.96,	2.3100
808.57,	2.3100
809.18,	2.3100
809.79,	2.3100
810.41,	2.3100
811.02,	2.3200
811.63,	2.3100
812.24,	2.3100
812.85,	2.3100
813.47,	2.3100
814.08,	2.3100
814.69,	2.3100
815.30,	2.3100
815.91,	2.3100
816.53,	2.3100
817.14,	2.3100
817.75,	2.3100
818.36,	2.3100
818.97,	2.3100
819.58,	2.3100
820.20,	2.3100
820.81,	2.3100
821.42,	2.3000
822.03,	2.3000
822.64,	2.3000
823.25,	2.3100
823.86,	2.3100
824.47,	2.3000
825.09,	2.3000
825.70,	2.3000
826.31,	2.3100
826.92,	2.3000
827.53,	2.3000
828.14,	2.3000
828.75,	2.3000
829.36,	2.3000
829.97,	2.3000
830.58,	2.3000
831.19,	2.3000
831.80,	2.3000
832.42,	2.3000
833.03,	2.2900
833.64,	2.3100
834.25,	2.3100
834.86,	2.3100
835.47,	2.3000
836.08,	2.3100
836.69,	2.3000
837.30,	2.3000
837.91,	2.3000
838.52,	2.3000
839.13,	2.3100
839.74,	2.3000
840.35,	2.3000
840.96,	2.3000
841.57,	2.3100
842.18,	2.3000
842.79,	2.2900
843.40,	2.3000
844.01,	2.3000
844.62,	2.3000
845.23,	2.3000
845.84,	2.2900
846.45,	2.2900
847.06,	2.2900
847.67,	2.3000
848.27,	2.3000
848.88,	2.3000
849.49,	2.2900
850.10,	2.2900
850.71,	2.2900
851.32,	2.2900
851.93,	2.2900
852.54,	2.2900
853.15,	2.2900
853.76,	2.2900
854.37,	2.2900
854.98,	2.2900
855.58,	2.2900
856.19,	2.2800
856.80,	2.2900
857.41,	2.2900
858.02,	2.2900
858.63,	2.2800
859.24,	2.2900
859.85,	2.2900
860.45,	2.2900
861.06,	2.2900
861.67,	2.3000
862.28,	2.2900
862.89,	2.2800
863.50,	2.2800
864.10,	2.2900
864.71,	2.2900
865.32,	2.2800
865.93,	2.2800
866.54,	2.2800
867.14,	2.2800
867.75,	2.2900
868.36,	2.2900
868.97,	2.2900
869.58,	2.2900
870.18,	2.2900
870.79,	2.2900
871.40,	2.2800
872.01,	2.2900
872.61,	2.2800
873.22,	2.2800
873.83,	2.2800
874.44,	2.2900
875.04,	2.2900
875.65,	2.2900
876.26,	2.2900
876.87,	2.2900
877.47,	2.2800
878.08,	2.2800
878.69,	2.2800
879.29,	2.2800
879.90,	2.2800
880.51,	2.2800
881.12,	2.2800
881.72,	2.2800
882.33,	2.2800
882.94,	2.2900
883.54,	2.2900
884.15,	2.2900
884.76,	2.2800
885.36,	2.2800
885.97,	2.2800
886.58,	2.2800
887.18,	2.2900
887.79,	2.2800
888.40,	2.2700
889.00,	2.2700
889.61,	2.2800
890.22,	2.2800
890.82,	2.2800
891.43,	2.2800
892.03,	2.2800
892.64,	2.2800
893.25,	2.2800
893.85,	2.2900
894.46,	2.2800
895.06,	2.2900
895.67,	2.2800
896.28,	2.2800
896.88,	2.2800
897.49,	2.2800
898.09,	2.2800
898.70,	2.2800
899.30,	2.2800
899.91,	2.2900
900.52,	2.2800
901.12,	2.2900
901.73,	2.2900
902.33,	2.2900
902.94,	2.2900
903.54,	2.2800
904.15,	2.2800
904.75,	2.2800
905.36,	2.2700
905.96,	2.2700
906.57,	2.2700
907.17,	2.2700
907.78,	2.2800
908.38,	2.2800
908.99,	2.2800
909.59,	2.2900
910.20,	2.2800
910.80,	2.2700
911.41,	2.2700
912.01,	2.2800
912.62,	2.2800
913.22,	2.2800
913.83,	2.2700
914.43,	2.2800
915.03,	2.2800
915.64,	2.2800
916.24,	2.2800
916.85,	2.2900
917.45,	2.2800
918.06,	2.2900
918.66,	2.2900
919.26,	2.2900
919.87,	2.2800
920.47,	2.2800
921.08,	2.2800
921.68,	2.2800
922.28,	2.2800
922.89,	2.2700
923.49,	2.2700
924.10,	2.2700
924.70,	2.2700
925.30,	2.2700
925.91,	2.2700
926.51,	2.2700
927.11,	2.2700
927.72,	2.2700
928.32,	2.2700
928.92,	2.2600
929.53,	2.2600
930.13,	3.4900
930.74,	13.5900
931.34,	25.8600
931.94,	32.9000
932.54,	35.5000
933.15,	35.5000
933.75,	35.5000
934.35,	35.5000
934.96,	35.5000
935.56,	35.5000
936.16,	35.5000
936.77,	35.5000
937.37,	35.5000
937.97,	35.5000
938.57,	35.5000
939.18,	35.5000
939.78,	35.5000
940.38,	35.5000
940.98,	35.5000
941.59,	35.5000
942.19,	35.5000
942.79,	35.5000
943.39,	35.5000
944.00,	35.5000
944.60,	35.5000
945.20,	35.5000
945.80,	35.5000
946.40,	35.5000
947.01,	35.5000
947.61,	35.5000
948.21,	35.5000
948.81,	35.5000
949.41,	35.5000
950.02,	35.5000
950.62,	35.5000
951.22,	35.5000
951.82,	35.5000
952.42,	35.5000
953.02,	35.5000
953.63,	35.5000
954.23,	35.5000
954.83,	35.5000
955.43,	35.5000
956.03,	35.5000
956.63,	35.5000
957.24,	35.5000
957.84,	35.5000
958.44,	35.5000
959.04,	35.5000
959.64,	35.5000
960.24,	35.5000
960.84,	35.5000
961.44,	35.5000
962.04,	35.5000
962.64,	35.5000
963.25,	35.5000
963.85,	35.5000
964.45,	35.5000
965.05,	35.5000
965.65,	35.5000
966.25,	35.5000
966.85,	35.5000
967.45,	35.5000
968.05,	35.5000
968.65,	35.5000
969.25,	35.5000
969.85,	35.5000
970.45,	35.5000
971.05,	35.5000
971.65,	35.5000
972.25,	35.5000
972.85,	35.5000
973.45,	35.5000
974.05,	35.5000
974.65,	35.5000
975.25,	35.5000
975.85,	35.5000
976.45,	35.5000
977.05,	35.5000
977.65,	35.5000
978.25,	35.5000
978.85,	35.5000
979.45,	35.5000
980.05,	35.5000
980.65,	35.5000
981.25,	35.5000
981.85,	35.5000
982.45,	35.5000
983.05,	35.5000
983.65,	35.5000
984.25,	35.5000
984.85,	35.5000
985.45,	35.5000
986.04,	35.5000
986.64,	35.5000
987.24,	35.5000
987.84,	35.5000
988.44,	35.5000
989.04,	35.5000
989.64,	35.5000
990.24,	35.5000
990.84,	35.5000
991.44,	35.5000
992.03,	35.5000
992.63,	35.5000
993.23,	35.5000
993.83,	35.5000
994.43,	35.5000
995.03,	35.5000
995.63,	35.5000
996.22,	35.5000
996.82,	35.5000
997.42,	35.5000
998.02,	35.5000
998.62,	35.5000
999.21,	35.5000
999.81,	35.5000
1000.41,	35.5000
